origElemNum,globCoord-x,globCoord-y,acouPotentialD1-,locCoord-xi,locCoord-eta
5825,2,-2.20442e-18,0.00544348247302355,0.919253778304535,0.999999999870795
5825,1.9997,0.0349048,0.00486081577999875,0.909485669430051,-0.11110208537854
5824,1.99878,0.069799,0.00427814140323552,0.915346582363134,0.7777525037628
5824,1.99726,0.104672,0.00369396855137268,0.910462498171695,-0.333308963393583
5823,1.99513,0.139513,0.00310911991324524,0.912416143749585,0.555523964001403
5823,1.99239,0.174311,0.00252350844424217,0.912416143752112,-0.555523964232293
5822,1.98904,0.209057,0.00193737833913228,0.910462498170195,0.33330896316169
5822,1.98509,0.243739,0.00135039408834328,0.915346582366752,-0.777752503996411
5821,1.98054,0.278346,0.000763877359062337,0.909485669429537,0.111102085145532
5820,1.97538,0.312869,0.000175591593241035,0.91925377830504,0.999999999897275
5820,1.96962,0.347296,-0.000410408551675447,0.909485669429959,-0.111102085350008
5819,1.96325,0.381618,-0.000998450909972227,0.915346582363608,0.777752503792493
5819,1.9563,0.415823,-0.00158447270096954,0.910462498171543,-0.333308963366333
5818,1.94874,0.449902,-0.0021713328824751,0.912416143749872,0.555523964026318
5818,1.94059,0.483844,-0.00275726001620309,0.912416143751876,-0.555523964209557
5817,1.93185,0.517638,-0.00334197471521333,0.910462498170338,0.333308963182653
5817,1.92252,0.551275,-0.00392767386874828,0.915346582366455,-0.777752503976955
5816,1.91261,0.584743,-0.00450925337510653,0.909485669429567,0.111102085165898
5815,1.90211,0.618034,-0.00509456633960784,0.919253778305533,0.999999999919169
5815,1.89104,0.651136,-0.00567199782294318,0.909485669429933,-0.111102085328256
5814,1.87939,0.68404,-0.00625339464130679,0.915346582363941,0.777752503814277
5814,1.86716,0.716736,-0.00682901353830096,0.910462498171402,-0.333308963343933
5813,1.85437,0.749213,-0.00740546544953395,0.912416143750119,0.555523964050056
5813,1.84101,0.781462,-0.00797907979974261,0.912416143751575,-0.555523964183394
5812,1.82709,0.813473,-0.00854953372840729,0.910462498170486,0.333308963212263
5812,1.81262,0.845237,-0.00912092849542182,0.915346582365915,-0.777752503943209
5811,1.79759,0.876742,-0.0096843132542387,0.909485669429635,0.111102085200681
5810,1.78201,0.907981,-0.0102532659630088,0.919253778306195,0.999999999954235
5810,1.7659,0.938943,-0.0108085119375338,0.909485669429844,-0.111102085292603
5809,1.74924,0.969619,-0.0113695313825954,0.915346582364538,0.777752503850291
5809,1.73205,1,-0.011920833887943,0.910462498171199,-0.333308963308445
5808,1.71433,1.03008,-0.0124728422339005,0.912416143750526,0.555523964084446
5808,1.6961,1.05984,-0.0130199720112155,0.912416143751246,-0.555523964150953
5807,1.67734,1.08928,-0.0135618985393639,0.910462498170725,0.333308963242434
5807,1.65808,1.11839,-0.0141046406919368,0.915346582365508,-0.777752503915519
5806,1.6383,1.14715,-0.0146354288813572,0.909485669429676,0.11110208522853
5805,1.61803,1.17557,-0.015173571714052,0.919253778306765,0.999999999982884
5805,1.59727,1.20363,-0.0156921439588643,0.909485669429817,-0.111102085265541
5804,1.57602,1.23132,-0.0162182696063641,0.9153465823649,0.777752503876539
5804,1.55429,1.25864,-0.0167307102332559,0.910462498170939,-0.333308963279996
5803,1.53209,1.28558,-0.0172437085516819,0.912416143750815,0.555523964114853
5803,1.50942,1.31212,-0.0177497615623079,0.91241614375085,-0.555523964118972
5802,1.48629,1.33826,-0.0182484900557387,0.910462498170897,0.333308963276791
5802,1.46271,1.364,-0.0187478786208467,0.915346582364929,-0.77775250387822
5801,1.43868,1.38932,-0.0192311520513666,0.909485669429954,0.111102085257182
5801,1.41421,1.41421,-0.0197235820951285,0.919253778307104,-0.999999999999994
850,1.38932,1.43868,-0.0201901860242064,0.909485669429991,-0.111102085260227
849,1.364,1.46271,-0.0206661272174163,0.915346582364834,0.777752503871359
849,1.33826,1.48629,-0.0211240598378966,0.910462498171096,-0.333308963290402
848,1.31212,1.50942,-0.0215822664211553,0.912416143750729,0.555523964099008
848,1.28558,1.53209,-0.0220311859473996,0.912416143751184,-0.555523964140596
847,1.25864,1.55429,-0.0224703659952461,0.910462498170846,0.333308963247574
847,1.23132,1.57602,-0.022909913095633,0.915346582365554,-0.777752503916259
846,1.20363,1.59727,-0.0233287776816745,0.90948566942978,0.111102085221654
845,1.17557,1.61803,-0.0237586068320205,0.919253778306528,0.999999999969813
845,1.14715,1.6383,-0.0241559412700662,0.909485669429915,-0.111102085282135
844,1.11839,1.65808,-0.0245644342534907,0.915346582364625,0.777752503855763
844,1.08928,1.67734,-0.024950487829698,0.910462498171253,-0.333308963307521
843,1.05984,1.6961,-0.0253366384314791,0.912416143750542,0.555523964080906
843,1.03008,1.71433,-0.0257113220154799,0.912416143751377,-0.555523964158847
842,1,1.73205,-0.0260743382151254,0.910462498170698,0.333308963230309
842,0.969619,1.74924,-0.0264376596399772,0.915346582365766,-0.777752503931825
841,0.938943,1.7659,-0.0267769695519683,0.909485669429764,0.111102085205048
840,0.907981,1.78201,-0.0271290086323924,0.919253778306164,0.99999999995148
840,0.876742,1.79759,-0.0274442339477843,0.909485669429979,-0.11110208530158
839,0.845237,1.81262,-0.0277724743644393,0.91534658236432,0.777752503835068
839,0.813473,1.82709,-0.0280760392353492,0.91046249817139,-0.33330896333004
838,0.781462,1.84101,-0.0283802761167856,0.912416143750255,0.555523964056983
838,0.749213,1.85437,-0.0286724396412506,0.912416143751674,-0.555523964183563
837,0.716736,1.86716,-0.0289525778745954,0.910462498170584,0.333308963203304
837,0.68404,1.87939,-0.0292335844026014,0.915346582366261,-0.777752503962098
836,0.651136,1.89104,-0.0294895893230314,0.909485669429719,0.111102085173086
835,0.618034,1.90211,-0.0297596316226687,0.919253778305509,0.999999999918205
835,0.584743,1.91261,-0.0299914582746019,0.909485669430073,-0.111102085335132
834,0.551275,1.92252,-0.0302374680047074,0.915346582363819,0.777752503801204
834,0.517638,1.93185,-0.0304582107869789,0.910462498171637,-0.333308963364254
833,0.483844,1.94059,-0.0306800559290062,0.912416143749877,0.55552396402192
833,0.449902,1.94874,-0.0308897490277487,0.91241614375206,-0.555523964220202
832,0.415823,1.9563,-0.0310872634535601,0.910462498170279,0.333308963168166
832,0.381618,1.96325,-0.0312858885393881,0.915346582366717,-0.777752503993703
831,0.347296,1.96962,-0.0314589026249126,0.909485669429573,0.111102085145737
830,0.312869,1.97538,-0.0316464130120974,0.919253778305012,0.99999999989529
830,0.278346,1.98054,-0.0317947477431948,0.909485669430091,-0.111102085358547
829,0.243739,1.98509,-0.0319575848802182,0.915346582363415,0.77775250377766
829,0.209057,1.98904,-0.0320945350179922,0.910462498171767,-0.333308963386422
828,0.174311,1.99239,-0.0322325148720953,0.912416143749651,0.55552396400147
828,0.139513,1.99513,-0.0323580032666675,0.912416143752224,-0.555523964238419
827,0.104672,1.99726,-0.0324709725558696,0.910462498170184,0.33330896314881
827,0.069799,1.99878,-0.0325849295351947,0.915346582367074,-0.777752504016452
826,0.0349048,1.9997,-0.0326727921634892,0.909485669429527,0.111102085121841
825,1.27747e-16,2,-0.0327751713406153,0.919253778304535,0.999999999870799
825,-0.0349048,1.9997,-0.0328378944938586,0.909485669430051,-0.111102085378537
824,-0.069799,1.99878,-0.0329151305136759,0.915346582363134,0.777752503762801
824,-0.104672,1.99726,-0.0329662573055212,0.910462498171695,-0.333308963393583
823,-0.139513,1.99513,-0.0330183526606537,0.912416143749585,0.555523964001401
823,-0.174311,1.99239,-0.0330578771731125,0.912416143752112,-0.555523964232297
822,-0.209057,1.98904,-0.0330848413437985,0.910462498170195,0.333308963161685
822,-0.243739,1.98509,-0.0331127333763861,0.915346582366744,-0.777752503996403
821,-0.278346,1.98054,-0.0331145478825102,0.909485669429538,0.111102085145537
820,-0.312869,1.97538,-0.0331307291689518,0.919253778305041,0.999999999897278
820,-0.347296,1.96962,-0.0331073128143596,0.90948566942996,-0.111102085350006
819,-0.381618,1.96325,-0.0330981686722372,0.915346582363608,0.777752503792493
819,-0.415823,1.9563,-0.0330628390498003,0.910462498171543,-0.333308963366333
818,-0.449902,1.94874,-0.0330281696423811,0.912416143749872,0.555523964026316
818,-0.483844,1.94059,-0.0329806688636839,0.912416143751875,-0.555523964209561
817,-0.517638,1.93185,-0.032920194580268,0.910462498170336,0.333308963182646
817,-0.551275,1.92252,-0.0328602145399813,0.915346582366457,-0.777752503976948
816,-0.584743,1.91261,-0.0327736154931689,0.909485669429562,0.111102085165907
815,-0.618034,1.90211,-0.0327008077637206,0.919253778305526,0.999999999919175
815,-0.651136,1.89104,-0.0325877497530965,0.909485669429935,-0.111102085328253
814,-0.68404,1.87939,-0.0324882762511412,0.915346582363941,0.777752503814277
814,-0.716736,1.86716,-0.0323619183924056,0.910462498171402,-0.333308963343933
813,-0.749213,1.85437,-0.0322354776529543,0.912416143750117,0.555523964050053
813,-0.781462,1.84101,-0.032095492845971,0.912416143751584,-0.555523964183396
812,-0.813473,1.82709,-0.0319418419381988,0.910462498170484,0.33330896321226
812,-0.845237,1.81262,-0.0317879236922289,0.91534658236591,-0.7777525039432
811,-0.876742,1.79759,-0.0316069027275147,0.909485669429639,0.111102085200672
810,-0.907981,1.78201,-0.0314387784295461,0.919253778306197,0.999999999954239
810,-0.938943,1.7659,-0.0312303256292716,0.909485669429848,-0.111102085292613
809,-0.969619,1.74924,-0.0310345879854338,0.915346582364533,0.777752503850298
809,-1,1.73205,-0.0308119353288158,0.910462498171205,-0.333308963308436
808,-1.03008,1.71433,-0.0305886823206534,0.912416143750522,0.55552396408444
808,-1.05984,1.6961,-0.0303517532674392,0.912416143751243,-0.555523964150944
807,-1.08928,1.67734,-0.0301012259325461,0.910462498170733,0.33330896324243
807,-1.11839,1.65808,-0.0298500055814052,0.915346582365511,-0.777752503915504
806,-1.14715,1.6383,-0.0295725838660175,0.909485669429678,0.11110208522852
805,-1.17557,1.61803,-0.0293071151526445,0.91925377830677,0.999999999982889
805,-1.20363,1.59727,-0.0290033049656725,0.909485669429819,-0.111102085265551
804,-1.23132,1.57602,-0.0287113490912014,0.915346582364893,0.777752503876544
804,-1.25864,1.55429,-0.0283940973306345,0.910462498170937,-0.333308963279986
803,-1.28558,1.53209,-0.028076290146148,0.912416143750809,0.555523964114847
803,-1.31212,1.50942,-0.0277457919127266,0.912416143750849,-0.555523964118962
802,-1.33826,1.48629,-0.0274028440719877,0.910462498170897,0.333308963276791
802,-1.364,1.46271,-0.027059309169448,0.915346582364928,-0.77775250387821
801,-1.38932,1.43868,-0.0266919923014357,0.909485669429954,0.111102085257172
801,-1.41421,1.41421,-0.026335635621982,0.919253778307104,-0.999999999999994
15850,-1.43868,1.38932,-0.025944764616614,0.909485669429991,-0.111102085260237
15849,-1.46271,1.364,-0.0255647483194693,0.915346582364828,0.777752503871364
15849,-1.48629,1.33826,-0.0251622290472315,0.910462498171103,-0.333308963290387
15848,-1.50942,1.31212,-0.024759409701515,0.912416143750729,0.555523964099008
15848,-1.53209,1.28558,-0.0243454882009151,0.912416143751185,-0.555523964140586
15847,-1.55429,1.25864,-0.0239207597283414,0.910462498170851,0.333308963247569
15847,-1.57602,1.23132,-0.0234956823392051,0.915346582365555,-0.777752503916249
15846,-1.59727,1.20363,-0.0230499849147724,0.909485669429784,0.111102085221639
15845,-1.61803,1.17557,-0.022614000830549,0.919253778306531,0.999999999969823
15845,-1.6383,1.14715,-0.0221483205213911,0.909485669429917,-0.111102085282151
15844,-1.65808,1.11839,-0.0216922187730819,0.915346582364627,0.777752503855772
15844,-1.67734,1.08928,-0.0212170443345366,0.910462498171251,-0.333308963307506
15843,-1.6961,1.05984,-0.0207418479678209,0.912416143750542,0.555523964080906
15843,-1.71433,1.03008,-0.0202574576383859,0.912416143751375,-0.555523964158831
15842,-1.73205,1,-0.0197642086418651,0.910462498170697,0.333308963230296
15842,-1.74924,0.969619,-0.0192708656769752,0.915346582365764,-0.777752503931822
15841,-1.7659,0.938943,-0.0187606148730038,0.909485669429762,0.111102085205035
15840,-1.78201,0.907981,-0.0182585627874826,0.919253778306162,0.999999999951483
15840,-1.79759,0.876742,-0.0177323618820198,0.909485669429984,-0.111102085301589
15839,-1.81262,0.845237,-0.0172141715977611,0.915346582364318,0.777752503835071
15839,-1.82709,0.813473,-0.0166807313132327,0.910462498171391,-0.333308963330024
15838,-1.84101,0.781462,-0.0161474566622322,0.912416143750253,0.555523964056986
15838,-1.85437,0.749213,-0.0156070076517969,0.912416143751674,-0.555523964183544
15837,-1.86716,0.716736,-0.0150597206153418,0.910462498170589,0.333308963203294
15837,-1.87939,0.68404,-0.0145124884963744,0.915346582366259,-0.777752503962095
15836,-1.89104,0.651136,-0.013952279327176,0.909485669429715,0.111102085173074
15835,-1.90211,0.618034,-0.0133984830918259,0.919253778305508,0.999999999918209
15835,-1.91261,0.584743,-0.0128264529792535,0.909485669430068,-0.111102085335144
15834,-1.92252,0.551275,-0.0122606125337246,0.915346582363818,0.777752503801208
15834,-1.93185,0.517638,-0.011683557201483,0.910462498171639,-0.333308963364235
15833,-1.94059,0.483844,-0.0111067726418589,0.912416143749876,0.555523964021923
15833,-1.94874,0.449902,-0.0105248995429742,0.912416143752063,-0.555523964220183
15832,-1.9563,0.415823,-0.00993827485426237,0.910462498170272,0.333308963168156
15832,-1.96325,0.381618,-0.00935178180128882,0.915346582366716,-0.7777525039937
15831,-1.96962,0.347296,-0.00875642766241196,0.909485669429575,0.111102085145728
15830,-1.97538,0.312869,-0.00816550570843149,0.91925377830502,0.999999999895294
15830,-1.98054,0.278346,-0.00756253872863547,0.909485669430092,-0.111102085358556
15829,-1.98509,0.243739,-0.00696374900252703,0.915346582363415,0.777752503777664
15829,-1.98904,0.209057,-0.00635790846127708,0.910462498171765,-0.333308963386404
15828,-1.99239,0.174311,-0.00575236439098863,0.912416143749651,0.555523964001473
15828,-1.99513,0.139513,-0.00514383467380126,0.912416143752222,-0.5555239642384
15827,-1.99726,0.104672,-0.00453266633102774,0.910462498170184,0.3333089631488
15827,-1.99878,0.069799,-0.00392164285449836,0.915346582367074,-0.777752504016448
15826,-1.9997,0.0349048,-0.00330601876299058,0.909485669429527,0.111102085121831
15825,-2,2.46315e-16,-0.00269272062118667,0.919253778304535,0.999999999870803
15825,-1.9997,-0.0349048,-0.00207384936282204,0.909485669430051,-0.111102085378547
15824,-1.99878,-0.069799,-0.00145706246245516,0.915346582363134,0.777752503762804
15824,-1.99726,-0.104672,-0.000837632637251454,0.910462498171696,-0.333308963393566
15823,-1.99513,-0.139513,-0.000218596869084558,0.912416143749586,0.555523964001405
15823,-1.99239,-0.174311,0.00040113486717678,0.912416143752114,-0.555523964232279
15822,-1.98904,-0.209057,0.00102117974449392,0.910462498170195,0.333308963161688
15822,-1.98509,-0.243739,0.001640964013906,0.915346582366744,-0.7777525039964
15821,-1.98054,-0.278346,0.00226078045910156,0.909485669429545,0.111102085145526
15820,-1.97538,-0.312869,0.00288036344568327,0.919253778305042,0.999999999897283
15820,-1.96962,-0.347296,0.00349870166244555,0.909485669429957,-0.111102085350017
15819,-1.96325,-0.381618,0.00411703864965811,0.915346582363609,0.777752503792499
15819,-1.9563,-0.415823,0.00473341106261988,0.910462498171549,-0.333308963366345
15818,-1.94874,-0.449902,0.00534922350153384,0.912416143749872,0.555523964026319
15818,-1.94059,-0.483844,0.00596332947814517,0.91241614375188,-0.555523964209544
15817,-1.93185,-0.517638,0.00657531364005018,0.910462498170337,0.33330896318265
15817,-1.92252,-0.551275,0.00718684362595191,0.915346582366458,-0.777752503976945
15816,-1.91261,-0.584743,0.00779368791324063,0.909485669429567,0.111102085165898
15815,-1.90211,-0.618034,0.00840232157203525,0.919253778305528,0.999999999919178
15815,-1.89104,-0.651136,0.00900271099587272,0.90948566942994,-0.111102085328262
15814,-1.87939,-0.68404,0.00960509420855503,0.915346582363942,0.77775250381428
15814,-1.86716,-0.716736,0.0102007533610788,0.910462498171397,-0.333308963343943
15813,-1.85437,-0.749213,0.0107955864833993,0.912416143750119,0.555523964050056
15813,-1.84101,-0.781462,0.0113862067571558,0.912416143751582,-0.555523964183381
15812,-1.82709,-0.813473,0.0119722156539755,0.910462498170486,0.333308963212263
15812,-1.81262,-0.845237,0.0125575037566104,0.915346582365912,-0.777752503943197
15811,-1.79759,-0.876742,0.0131334610097075,0.909485669429641,0.111102085200675
15810,-1.78201,-0.907981,0.0137131490250703,0.919253778306197,0.999999999954239
15810,-1.7659,-0.938943,0.0142778771061573,0.90948566942985,-0.11110208529261
15809,-1.74924,-0.969619,0.0148465608230181,0.915346582364535,0.777752503850301
15809,-1.73205,-1,0.01540408388898,0.9104624981712,-0.333308963308458
15808,-1.71433,-1.03008,0.0159606435414967,0.912416143750526,0.555523964084446
15808,-1.6961,-1.05984,0.016510764166492,0.912416143751243,-0.555523964150944
15807,-1.67734,-1.08928,0.0170541249517374,0.910462498170725,0.333308963242434
15807,-1.65808,-1.11839,0.0175966621032132,0.915346582365503,-0.7777525039155
15806,-1.6383,-1.14715,0.0181258038234347,0.90948566942967,0.111102085228524
15805,-1.61803,-1.17557,0.0186606028705042,0.919253778306763,0.999999999982893
15805,-1.59727,-1.20363,0.0191745711277693,0.909485669429812,-0.111102085265547
15804,-1.57602,-1.23132,0.0196944550559475,0.915346582364898,0.777752503876549
15804,-1.55429,-1.25864,0.0201994296346831,0.910462498170935,-0.333308963280012
15803,-1.53209,-1.28558,0.020703549897682,0.912416143750815,0.555523964114853
15803,-1.50942,-1.31212,0.0211995007250512,0.912416143750855,-0.555523964118957
15802,-1.48629,-1.33826,0.0216870874155263,0.910462498170897,0.333308963276791
15802,-1.46271,-1.364,0.0221740212841138,0.915346582364928,-0.77775250387821
15801,-1.43868,-1.38932,0.0226443836782361,0.909485669429954,0.111102085257172
15801,-1.41421,-1.41421,0.0231223383455374,0.919253778307098,-0.999999999999989
10084,-1.38932,-1.43868,0.0235748376915292,-0.909485669429983,0.111102085260242
10184,-1.364,-1.46271,0.0240352260343065,-0.915346582364814,-0.777752503871363
10184,-1.33826,-1.48629,0.0244779049884354,-0.910462498171062,0.333308963290425
10284,-1.31212,-1.50942,0.0249201352127131,-0.912416143750702,-0.555523964098991
10284,-1.28558,-1.53209,0.0253530664919845,-0.912416143751175,0.55552396414059
10384,-1.25864,-1.55429,0.0257765512021527,-0.910462498170858,-0.333308963247603
10384,-1.23132,-1.57602,0.0261997944359942,-0.915346582365569,0.777752503916277
10484,-1.20363,-1.59727,0.0266039430919633,-0.909485669429755,-0.111102085221656
10584,-1.17557,-1.61803,0.0270175314357431,-0.919253778306467,-0.999999999969833
10584,-1.14715,-1.6383,0.0274017235717059,-0.909485669429891,0.111102085282108
10684,-1.11839,-1.65808,0.0277955899915947,-0.915346582364624,-0.777752503855743
10684,-1.08928,-1.67734,0.0281692327856323,-0.910462498171255,0.333308963307532
10784,-1.05984,-1.6961,0.0285427039741005,-0.912416143750544,-0.555523964080908
10784,-1.03008,-1.71433,0.0289057343451704,-0.912416143751393,0.555523964158839
10884,-1,-1.73205,0.0292580966038271,-0.910462498170715,-0.333308963230315
10884,-0.969619,-1.74924,0.0296104056115286,-0.915346582365772,0.777752503931858
10984,-0.938943,-1.7659,0.0299409082947303,-0.909485669429763,-0.111102085205032
11084,-0.907981,-1.78201,0.0302823371966604,-0.919253778306154,-0.99999999995149
11084,-0.876742,-1.79759,0.0305901993749667,-0.909485669429981,0.111102085301552
11184,-0.845237,-1.81262,0.0309091056860924,-0.915346582364332,-0.777752503835052
11184,-0.813473,-1.82709,0.0312049628081256,-0.910462498171421,0.333308963330044
11284,-0.781462,-1.84101,0.0315005196122953,-0.912416143750289,-0.555523964056998
11284,-0.749213,-1.85437,0.0317841283951529,-0.912416143751684,0.555523964183542
11384,-0.716736,-1.86716,0.0320555075787229,-0.910462498170579,-0.333308963203316
11384,-0.68404,-1.87939,0.0323266087675427,-0.915346582366256,0.777752503962127
11484,-0.651136,-1.89104,0.032573021548366,-0.9094856694297,-0.111102085173069
11584,-0.618034,-1.90211,0.0328313527927436,-0.919253778305473,-0.9999999999182
11584,-0.584743,-1.91261,0.0330520856835692,-0.909485669430035,0.111102085335111
11684,-0.551275,-1.92252,0.0332848061320727,-0.915346582363772,-0.777752503801188
11684,-0.517638,-1.93185,0.0334918760635416,-0.910462498171642,0.333308963364261
11784,-0.483844,-1.94059,0.0336984420601745,-0.912416143749915,-0.555523964021929
11784,-0.449902,-1.94874,0.033891780710761,-0.912416143752077,0.555523964220183
11884,-0.415823,-1.9563,0.0340718157298645,-0.910462498170266,-0.33330896316818
11884,-0.381618,-1.96325,0.0342514359872415,-0.915346582366712,0.777752503993725
11984,-0.347296,-1.96962,0.0344047563517467,-0.909485669429565,-0.111102085145729
12084,-0.312869,-1.97538,0.0345707675671065,-0.919253778305011,-0.999999999895287
12084,-0.278346,-1.98054,0.0346973564130887,-0.909485669430107,0.111102085358526
12184,-0.243739,-1.98509,0.0348368217148098,-0.915346582363447,-0.777752503777644
12184,-0.209057,-1.98904,0.0349499371506374,-0.910462498171781,0.333308963386432
12284,-0.174311,-1.99239,0.0350630477692939,-0.912416143749663,-0.555523964001473
12284,-0.139513,-1.99513,0.0351630492756752,-0.912416143752267,0.555523964238395
12384,-0.104672,-1.99726,0.0352501317236007,-0.910462498170238,-0.333308963148834
12384,-0.069799,-1.99878,0.0353374319437085,-0.915346582367131,0.777752504016471
12484,-0.0349048,-1.9997,0.0353989285139937,-0.909485669429557,-0.111102085121833
12584,-4.35203e-16,-2,0.0354739877818807,-0.919253778304537,-0.999999999870803
12584,0.0349048,-1.9997,0.0355104188630877,-0.909485669430058,0.111102085378513
12684,0.069799,-1.99878,0.0355606578723893,-0.915346582363139,-0.777752503762792
12684,0.104672,-1.99726,0.0355856024236824,-0.9104624981717,0.333308963393593
12784,0.139513,-1.99513,0.0356115146540159,-0.912416143749591,-0.555523964001403
12784,0.174311,-1.99239,0.0356253914246348,-0.912416143752134,0.555523964232273
12884,0.209057,-1.98904,0.0356273898906909,-0.91046249817019,-0.333308963161724
12884,0.243739,-1.98509,0.035630524599482,-0.915346582366752,0.777752503996427
12984,0.278346,-1.98054,0.0356088911735677,-0.909485669429543,-0.111102085145531
13084,0.312869,-1.97538,0.0356014883633492,-0.919253778305079,-0.999999999897294
13084,0.347296,-1.96962,0.035556350047854,-0.909485669429971,0.111102085349981
13184,0.381618,-1.96325,0.0355254692588517,-0.915346582363621,-0.777752503792476
13184,0.415823,-1.9563,0.0354698194870792,-0.910462498171561,0.33330896336634
13284,0.449902,-1.94874,0.0354153600512875,-0.912416143749886,-0.555523964026324
13284,0.483844,-1.94059,0.035349059783816,-0.912416143751904,0.555523964209538
13384,0.517638,-1.93185,0.0352707754421739,-0.910462498170363,-0.333308963182687
13384,0.551275,-1.92252,0.0351935817381913,-0.915346582366464,0.777752503976962
13484,0.584743,-1.91261,0.0350911276103775,-0.909485669429569,-0.111102085165906
13584,0.618034,-1.90211,0.0350026975504236,-0.919253778305519,-0.999999999919186
13584,0.651136,-1.89104,0.0348756442049074,-0.909485669429928,0.111102085328226
13684,0.68404,-1.87939,0.0347623826671592,-0.915346582363942,-0.777752503814258
13684,0.716736,-1.86716,0.0346233920210417,-0.910462498171394,0.333308963343945
13784,0.749213,-1.85437,0.0344847588796844,-0.912416143750121,-0.555523964050058
13784,0.781462,-1.84101,0.0343332938356253,-0.91241614375158,0.555523964183364
13884,0.813473,-1.82709,0.0341687140360291,-0.91046249817049,-0.333308963212306
13884,0.845237,-1.81262,0.0340041784810096,-0.915346582365913,0.777752503943214
13984,0.876742,-1.79759,0.033813118755659,-0.909485669429626,-0.1111020852007
14084,0.907981,-1.78201,0.0336349058002072,-0.919253778306215,-0.999999999954254
14084,0.938943,-1.7659,0.0334169456382862,-0.909485669429858,0.111102085292581
14184,0.969619,-1.74924,0.0332114724053264,-0.915346582364524,-0.777752503850263
14184,1,-1.73205,0.0329793375302459,-0.910462498171194,0.333308963308465
14284,1.03008,-1.71433,0.0327463728248168,-0.91241614375052,-0.55552396408445
14284,1.05984,-1.6961,0.0324996604693114,-0.912416143751235,0.55552396415093
14384,1.08928,-1.67734,0.0322391851443692,-0.910462498170724,-0.333308963242461
14384,1.11839,-1.65808,0.031977581641676,-0.915346582365498,0.777752503915531
14484,1.14715,-1.6383,0.0316898628386447,-0.909485669429676,-0.111102085228531
14584,1.17557,-1.61803,0.0314131983619035,-0.919253778306762,-0.999999999982903
14584,1.20363,-1.59727,0.0310988347072026,-0.909485669429825,0.1111020852655
14684,1.23132,-1.57602,0.0307953158207505,-0.91534658236492,-0.777752503876537
14684,1.25864,-1.55429,0.0304669946729413,-0.910462498170955,0.333308963280004
14784,1.28558,-1.53209,0.0301375934366176,-0.912416143750819,-0.555523964114867
14784,1.31212,-1.50942,0.0297956093922087,-0.912416143750872,0.555523964118932
14884,1.33826,-1.48629,0.029441501825809,-0.910462498170903,-0.333308963276861
14884,1.364,-1.46271,0.0290862322253436,-0.915346582364901,0.777752503878194
14984,1.38932,-1.43868,0.028708748423823,-0.909485669429939,-0.111102085257194
14984,1.41421,-1.41421,0.0283406333721012,-0.919253778307102,0.999999999999985
5850,1.43868,-1.38932,0.0279411962691779,0.909485669429985,-0.111102085260202
5849,1.46271,-1.364,0.0275510401224991,0.915346582364833,0.777752503871339
5849,1.48629,-1.33826,0.0271408140270497,0.910462498171102,-0.333308963290407
5848,1.50942,-1.31212,0.026730116527678,0.91241614375073,0.555523964099018
5848,1.53209,-1.28558,0.0263096291937562,0.912416143751186,-0.555523964140576
5847,1.55429,-1.25864,0.0258798816561285,0.91046249817085,0.333308963247604
5847,1.57602,-1.23132,0.0254496381488602,0.91534658236556,-0.777752503916265
5846,1.59727,-1.20363,0.0250022780537406,0.909485669429786,0.111102085221649
5845,1.61803,-1.17557,0.0245627468307233,0.919253778306525,0.999999999969829
5845,1.6383,-1.14715,0.0240991399061783,0.909485669429914,-0.11110208528211
5844,1.65808,-1.11839,0.0236432338638795,0.915346582364627,0.777752503855747
5844,1.67734,-1.08928,0.0231721634506188,0.910462498171258,-0.333308963307527
5843,1.6961,-1.05984,0.0227011052324334,0.912416143750537,0.555523964080912
5843,1.71433,-1.03008,0.0222228527540334,0.912416143751378,-0.555523964158821
5842,1.73205,-1,0.0217377505221476,0.910462498170701,0.333308963230334
5842,1.74924,-0.969619,0.0212525515502945,0.915346582365767,-0.777752503931841
5841,1.7659,-0.938943,0.0207544521841888,0.909485669429766,0.111102085205045
5840,1.78201,-0.907981,0.020262516902774,0.919253778306158,0.99999999995149
5840,1.79759,-0.876742,0.0197524122953888,0.909485669429983,-0.111102085301555
5839,1.81262,-0.845237,0.0192482489837854,0.915346582364319,0.777752503835052
5839,1.82709,-0.813473,0.0187327282700145,0.910462498171384,-0.333308963330046
5838,1.84101,-0.781462,0.0182172429826824,0.912416143750258,0.555523964056995
5838,1.85437,-0.749213,0.0176964097523653,0.91241614375167,-0.555523964183538
5837,1.86716,-0.716736,0.0171704756703917,0.91046249817059,0.333308963203332
5837,1.87939,-0.68404,0.0166444181576955,0.915346582366259,-0.777752503962114
5836,1.89104,-0.651136,0.016108880758586,0.909485669429712,0.11110208517308
5835,1.90211,-0.618034,0.01557766035179,0.919253778305505,0.999999999918216
5835,1.91261,-0.584743,0.0150333306816054,0.909485669430072,-0.111102085335106
5834,1.92252,-0.551275,0.014493042387886,0.915346582363824,0.777752503801191
5834,1.93185,-0.517638,0.0139446624465523,0.910462498171638,-0.333308963364257
5833,1.94059,-0.483844,0.0133961057802819,0.912416143749874,0.555523964021932
5833,1.94874,-0.449902,0.012843708995539,0.91241614375206,-0.555523964220175
5832,1.9563,-0.415823,0.0122876877315499,0.910462498170272,0.333308963168192
5832,1.96325,-0.381618,0.0117313045404205,0.915346582366721,-0.777752503993719
5831,1.96962,-0.347296,0.0111686338303229,0.909485669429573,0.111102085145735
5830,1.97538,-0.312869,0.010608298071266,0.919253778305019,0.999999999895301
5830,1.98054,-0.278346,0.0100397965238951,0.909485669430095,-0.11110208535852
5829,1.98509,-0.243739,0.00947333869091388,0.915346582363408,0.777752503777643
5829,1.98904,-0.209057,0.00890201567808661,0.910462498171767,-0.333308963386425
5828,1.99239,-0.174311,0.0083302488706572,0.91241614374965,0.555523964001481
5828,1.99513,-0.139513,0.00775612873887904,0.912416143752221,-0.555523964238393
5827,1.99726,-0.104672,0.00717987671931176,0.910462498170182,0.333308963148836
5827,1.99878,-0.069799,0.00660298915572439,0.915346582367075,-0.777752504016468
5826,1.9997,-0.0349048,0.00602309646059874,0.909485669429527,0.111102085121839
