origElemNum,globCoord-x,globCoord-y,acouPotentialD1-,locCoord-xi,locCoord-eta
5825,2,-2.20442e-18,0.00456888944758506,0.919253778304535,0.999999999870795
5825,1.9997,0.0349048,0.00429050488713381,0.909485669430051,-0.11110208537854
5824,1.99878,0.069799,0.00401848524382838,0.915346582363134,0.7777525037628
5824,1.99726,0.104672,0.00374185910390056,0.910462498171695,-0.333308963393583
5823,1.99513,0.139513,0.00346751241412103,0.912416143749585,0.555523964001403
5823,1.99239,0.174311,0.00319226190756082,0.912416143752112,-0.555523964232293
5822,1.98904,0.209057,0.00291637571856363,0.910462498170195,0.33330896316169
5822,1.98509,0.243739,0.00264212248888335,0.915346582366752,-0.777752503996411
5821,1.98054,0.278346,0.00236550330402193,0.909485669429537,0.111102085145532
5820,1.97538,0.312869,0.00209187239965066,0.91925377830504,0.999999999897275
5820,1.96962,0.347296,0.00181533719923321,0.909485669429959,-0.111102085350008
5819,1.96325,0.381618,0.00154115410086933,0.915346582363608,0.777752503792493
5819,1.9563,0.415823,0.00126631002337006,0.910462498171543,-0.333308963366333
5818,1.94874,0.449902,0.000992369959775661,0.912416143749872,0.555523964026318
5818,1.94059,0.483844,0.000718809033742656,0.912416143751876,-0.555523964209557
5817,1.93185,0.517638,0.000445870523182726,0.910462498170338,0.333308963182653
5817,1.92252,0.551275,0.000173160870734125,0.915346582366455,-0.777752503976955
5816,1.91261,0.584743,-9.80428474848115e-05,0.909485669429567,0.111102085165898
5815,1.90211,0.618034,-0.000370339724343487,0.919253778305533,0.999999999919169
5815,1.89104,0.651136,-0.000639067885603713,0.909485669429933,-0.111102085328256
5814,1.87939,0.68404,-0.00090953788299296,0.915346582363941,0.777752503814277
5814,1.86716,0.716736,-0.00117685284186544,0.910462498171402,-0.333308963343933
5813,1.85437,0.749213,-0.00144470816840648,0.912416143750119,0.555523964050056
5813,1.84101,0.781462,-0.00171099051387768,0.912416143751575,-0.555523964183394
5812,1.82709,0.813473,-0.0019754319015475,0.910462498170486,0.333308963212263
5812,1.81262,0.845237,-0.00224106385920173,0.915346582365915,-0.777752503943209
5811,1.79759,0.876742,-0.00250131914917225,0.909485669429635,0.111102085200681
5810,1.78201,0.907981,-0.00276670178433708,0.919253778306195,0.999999999954235
5810,1.7659,0.938943,-0.00302204243216523,0.909485669429844,-0.111102085292603
5809,1.74924,0.969619,-0.00328315409921073,0.915346582364538,0.777752503850291
5809,1.73205,1,-0.0035373126912566,0.910462498171199,-0.333308963308445
5808,1.71433,1.03008,-0.00379343018082028,0.912416143750526,0.555523964084446
5808,1.6961,1.05984,-0.00404680175977207,0.912416143751246,-0.555523964150953
5807,1.67734,1.08928,-0.00429714202446875,0.910462498170725,0.333308963242434
5807,1.65808,1.11839,-0.00455005816130403,0.915346582365508,-0.777752503915519
5806,1.6383,1.14715,-0.00479374433641248,0.909485669429676,0.11110208522853
5805,1.61803,1.17557,-0.00504646466945967,0.919253778306765,0.999999999982884
5805,1.59727,1.20363,-0.00528253167522957,0.909485669429817,-0.111102085265541
5804,1.57602,1.23132,-0.00552816852696293,0.9153465823649,0.777752503876539
5804,1.55429,1.25864,-0.00576269432400538,0.910462498170939,-0.333308963279996
5803,1.53209,1.28558,-0.00600023362287386,0.912416143750815,0.555523964114853
5803,1.50942,1.31212,-0.00623340614891782,0.91241614375085,-0.555523964118972
5802,1.48629,1.33826,-0.00646187002948072,0.910462498170897,0.333308963276791
5802,1.46271,1.364,-0.00669390471289873,0.915346582364929,-0.77775250387822
5801,1.43868,1.38932,-0.00691238911561469,0.909485669429954,0.111102085257182
5801,1.41421,1.41421,-0.00714354083027022,0.919253778307104,-0.999999999999994
850,1.38932,1.43868,-0.00735122654199188,0.909485669429991,-0.111102085260227
849,1.364,1.46271,-0.0075721438443578,0.915346582364834,0.777752503871359
849,1.33826,1.48629,-0.00777792364703494,0.910462498171096,-0.333308963290402
848,1.31212,1.50942,-0.00798786492422354,0.912416143750729,0.555523964099008
848,1.28558,1.53209,-0.00819208472203367,0.912416143751184,-0.555523964140596
847,1.25864,1.55429,-0.00839033638045462,0.910462498170846,0.333308963247574
847,1.23132,1.57602,-0.00859332845909404,0.915346582365554,-0.777752503916259
846,1.20363,1.59727,-0.00877917857886371,0.90948566942978,0.111102085221654
845,1.17557,1.61803,-0.00898124697131718,0.919253778306528,0.999999999969813
845,1.14715,1.6383,-0.00915397308627406,0.909485669429915,-0.111102085282135
844,1.11839,1.65808,-0.00934343056741095,0.915346582364625,0.777752503855763
844,1.08928,1.67734,-0.00951426045906352,0.910462498171253,-0.333308963307521
843,1.05984,1.6961,-0.00969036408294368,0.912416143750542,0.555523964080906
843,1.03008,1.71433,-0.00985955615505101,0.912416143751377,-0.555523964158847
842,1,1.73205,-0.0100215808579817,0.910462498170698,0.333308963230309
842,0.969619,1.74924,-0.0101893833618185,0.915346582365766,-0.777752503931825
841,0.938943,1.7659,-0.010336648608713,0.909485669429764,0.111102085205048
840,0.907981,1.78201,-0.0105033100052876,0.919253778306164,0.99999999995148
840,0.876742,1.79759,-0.010635200897242,0.909485669429979,-0.11110208530158
839,0.845237,1.81262,-0.0107869548397032,0.91534658236432,0.777752503835068
839,0.813473,1.82709,-0.0109169580338,0.91046249817139,-0.33330896333004
838,0.781462,1.84101,-0.0110532800713346,0.912416143750255,0.555523964056983
838,0.749213,1.85437,-0.0111817321930692,0.912416143751674,-0.555523964183563
837,0.716736,1.86716,-0.0113021761609593,0.910462498170584,0.333308963203304
837,0.68404,1.87939,-0.0114294156826763,0.915346582366261,-0.777752503962098
836,0.651136,1.89104,-0.0115336054121634,0.909485669429719,0.111102085173086
835,0.618034,1.90211,-0.011659964318916,0.919253778305509,0.999999999918205
835,0.584743,1.91261,-0.0117475793067981,0.909485669430073,-0.111102085335132
834,0.551275,1.92252,-0.0118577764180512,0.915346582363819,0.777752503801204
834,0.517638,1.93185,-0.0119441293185259,0.910462498171637,-0.333308963364254
833,0.483844,1.94059,-0.0120378675749334,0.912416143749877,0.55552396402192
833,0.449902,1.94874,-0.0121232831361769,0.91241614375206,-0.555523964220202
832,0.415823,1.9563,-0.0122002865236291,0.910462498170279,0.333308963168166
832,0.381618,1.96325,-0.0122850467895278,0.915346582366717,-0.777752503993703
831,0.347296,1.96962,-0.0123450545036616,0.909485669429573,0.111102085145737
830,0.312869,1.97538,-0.0124293967328887,0.919253778305012,0.99999999989529
830,0.278346,1.98054,-0.0124721629987865,0.909485669430091,-0.111102085358547
829,0.243739,1.98509,-0.0125395427752968,0.915346582363415,0.77775250377766
829,0.209057,1.98904,-0.0125815746451454,0.910462498171767,-0.333308963386422
828,0.174311,1.99239,-0.0126317420720542,0.912416143749651,0.55552396400147
828,0.139513,1.99513,-0.0126732293796393,0.912416143752224,-0.555523964238419
827,0.104672,1.99726,-0.0127059598664409,0.910462498170184,0.33330896314881
827,0.069799,1.99878,-0.0127470550059359,0.915346582367074,-0.777752504016452
826,0.0349048,1.9997,-0.0127621562691759,0.909485669429527,0.111102085121841
825,1.27747e-16,2,-0.0128029776298712,0.919253778304535,0.999999999870799
825,-0.0349048,1.9997,-0.0128002957963741,0.909485669430051,-0.111102085378537
824,-0.069799,1.99878,-0.0128234863606017,0.915346582363134,0.777752503762801
824,-0.104672,1.99726,-0.0128203536177901,0.910462498171695,-0.333308963393583
823,-0.139513,1.99513,-0.0128257896070118,0.912416143749585,0.555523964001401
823,-0.174311,1.99239,-0.0128223207592139,0.912416143752112,-0.555523964232297
822,-0.209057,1.98904,-0.0128099246940466,0.910462498170195,0.333308963161685
822,-0.243739,1.98509,-0.0128062065504799,0.915346582366744,-0.777752503996403
821,-0.278346,1.98054,-0.0127759458216748,0.909485669429538,0.111102085145537
820,-0.312869,1.97538,-0.0127720356846958,0.919253778305041,0.999999999897278
820,-0.347296,1.96962,-0.0127239198157832,0.90948566942996,-0.111102085350006
819,-0.381618,1.96325,-0.0127021927000509,0.915346582363608,0.777752503792493
819,-0.415823,1.9563,-0.0126539209516688,0.910462498171543,-0.333308963366333
818,-0.449902,1.94874,-0.0126144092329,0.912416143749872,0.555523964026316
818,-0.483844,1.94059,-0.0125660265425284,0.912416143751875,-0.555523964209561
817,-0.517638,1.93185,-0.0125087968172677,0.910462498170336,0.333308963182646
817,-0.551275,1.92252,-0.0124603129920225,0.915346582366457,-0.777752503976948
816,-0.584743,1.91261,-0.0123854614343647,0.909485669429562,0.111102085165907
815,-0.618034,1.90211,-0.0123368495487148,0.919253778305526,0.999999999919175
815,-0.651136,1.89104,-0.0122444981694564,0.909485669429935,-0.111102085328253
814,-0.68404,1.87939,-0.0121783005271682,0.915346582363941,0.777752503814277
814,-0.716736,1.86716,-0.0120859879640573,0.910462498171402,-0.333308963343933
813,-0.749213,1.85437,-0.0120023308985659,0.912416143750117,0.555523964050053
813,-0.781462,1.84101,-0.0119099957349368,0.912416143751584,-0.555523964183396
812,-0.813473,1.82709,-0.0118090276554445,0.910462498170484,0.33330896321226
812,-0.845237,1.81262,-0.0117165730636129,0.91534658236591,-0.7777525039432
811,-0.876742,1.79759,-0.0115984632326879,0.909485669429639,0.111102085200672
810,-0.907981,1.78201,-0.0115057558272696,0.919253778306197,0.999999999954239
810,-0.938943,1.7659,-0.0113706924602815,0.909485669429848,-0.111102085292613
809,-0.969619,1.74924,-0.0112608263380666,0.915346582364533,0.777752503850298
809,-1,1.73205,-0.0111257589726699,0.910462498171205,-0.333308963308436
808,-1.03008,1.71433,-0.0109989313392105,0.912416143750522,0.55552396408444
808,-1.05984,1.6961,-0.0108637010896706,0.912416143751243,-0.555523964150944
807,-1.08928,1.67734,-0.0107201353049275,0.910462498170733,0.33330896324243
807,-1.11839,1.65808,-0.0105845575048826,0.915346582365511,-0.777752503915504
806,-1.14715,1.6383,-0.0104245064517161,0.909485669429678,0.11110208522852
805,-1.17557,1.61803,-0.010288372847469,0.91925377830677,0.999999999982889
805,-1.20363,1.59727,-0.0101121191933947,0.909485669429819,-0.111102085265551
804,-1.23132,1.57602,-0.00995948504776584,0.915346582364893,0.777752503876544
804,-1.25864,1.55429,-0.00978305857055401,0.910462498170937,-0.333308963279986
803,-1.28558,1.53209,-0.00961423277276715,0.912416143750809,0.555523964114847
803,-1.31212,1.50942,-0.00943742922596704,0.912416143750849,-0.555523964118962
802,-1.33826,1.48629,-0.00925275932597663,0.910462498170897,0.333308963276791
802,-1.364,1.46271,-0.00907535953258163,0.915346582364928,-0.77775250387821
801,-1.38932,1.43868,-0.00887523271330727,0.909485669429954,0.111102085257172
801,-1.41421,1.41421,-0.00869700508967619,0.919253778307104,-0.999999999999994
15850,-1.43868,1.38932,-0.00848185039967293,0.909485669429991,-0.111102085260237
15849,-1.46271,1.364,-0.00828823227293651,0.915346582364828,0.777752503871364
15849,-1.48629,1.33826,-0.00807284254080376,0.910462498171103,-0.333308963290387
15848,-1.50942,1.31212,-0.00786430380496232,0.912416143750729,0.555523964099008
15848,-1.53209,1.28558,-0.00764847511654056,0.912416143751185,-0.555523964140586
15847,-1.55429,1.25864,-0.00742553082305867,0.910462498170851,0.333308963247569
15847,-1.57602,1.23132,-0.00720905199484866,0.915346582365555,-0.777752503916249
15846,-1.59727,1.20363,-0.00697226144926802,0.909485669429784,0.111102085221639
15845,-1.61803,1.17557,-0.00675491408194065,0.919253778306531,0.999999999969823
15845,-1.6383,1.14715,-0.00650488088857277,0.909485669429917,-0.111102085282151
15844,-1.65808,1.11839,-0.00627387979333741,0.915346582364627,0.777752503855772
15844,-1.67734,1.08928,-0.00602381241694229,0.910462498171251,-0.333308963307506
15843,-1.6961,1.05984,-0.00577980320765206,0.912416143750542,0.555523964080906
15843,-1.71433,1.03008,-0.00552951412072335,0.912416143751375,-0.555523964158831
15842,-1.73205,1,-0.00527318205330403,0.910462498170697,0.333308963230296
15842,-1.74924,0.969619,-0.00502247593707305,0.915346582365764,-0.777752503931822
15841,-1.7659,0.938943,-0.00475454450769334,0.909485669429762,0.111102085205035
15840,-1.78201,0.907981,-0.00450321872191538,0.919253778306162,0.999999999951483
15840,-1.79759,0.876742,-0.00422444798713632,0.909485669429984,-0.111102085301589
15839,-1.81262,0.845237,-0.00396182618103449,0.915346582364318,0.777752503835071
15839,-1.82709,0.813473,-0.00368347735385689,0.910462498171391,-0.333308963330024
15838,-1.84101,0.781462,-0.00341035123204996,0.912416143750253,0.555523964056986
15838,-1.85437,0.749213,-0.00313224077491014,0.912416143751674,-0.555523964183544
15837,-1.86716,0.716736,-0.00284943104019814,0.910462498170589,0.333308963203294
15837,-1.87939,0.68404,-0.00257136460836722,0.915346582366259,-0.777752503962095
15836,-1.89104,0.651136,-0.00227971934282105,0.909485669429715,0.111102085173074
15835,-1.90211,0.618034,-0.00200149340620028,0.919253778305508,0.999999999918209
15835,-1.91261,0.584743,-0.00170188729002139,0.909485669430068,-0.111102085335144
15834,-1.92252,0.551275,-0.00141519824815871,0.915346582363818,0.777752503801208
15834,-1.93185,0.517638,-0.00111662099123104,0.910462498171639,-0.333308963364235
15833,-1.94059,0.483844,-0.000822362589133937,0.912416143749876,0.555523964021923
15833,-1.94874,0.449902,-0.00052461736622559,0.912416143752063,-0.555523964220183
15832,-1.9563,0.415823,-0.000223702662274707,0.910462498170272,0.333308963168156
15832,-1.96325,0.381618,7.34181894323279e-05,0.915346582366716,-0.7777525039937
15831,-1.96962,0.347296,0.000380057978331542,0.909485669429575,0.111102085145728
15830,-1.97538,0.312869,0.000676771361969505,0.91925377830502,0.999999999895294
15830,-1.98054,0.278346,0.000988187562469534,0.909485669430092,-0.111102085358556
15829,-1.98509,0.243739,0.00129021986654551,0.915346582363415,0.777752503777664
15829,-1.98904,0.209057,0.00159994666454349,0.910462498171765,-0.333308963386404
15828,-1.99239,0.174311,0.00190633736487032,0.912416143749651,0.555523964001473
15828,-1.99513,0.139513,0.00221458991813462,0.912416143752222,-0.5555239642384
15827,-1.99726,0.104672,0.00252436519968118,0.910462498170184,0.3333089631488
15827,-1.99878,0.069799,0.00283136610294805,0.915346582367074,-0.777752504016448
15826,-1.9997,0.0349048,0.00314353958050427,0.909485669429527,0.111102085121831
15825,-2,2.46315e-16,0.00344951723083389,0.919253778304535,0.999999999870803
15825,-1.9997,-0.0349048,0.0037630919341594,0.909485669430051,-0.111102085378547
15824,-1.99878,-0.069799,0.00407104128459737,0.915346582363134,0.777752503762804
15824,-1.99726,-0.104672,0.0043822517734514,0.910462498171696,-0.333308963393566
15823,-1.99513,-0.139513,0.00469117176474075,0.912416143749586,0.555523964001405
15823,-1.99239,-0.174311,0.00500024940219142,0.912416143752114,-0.555523964232279
15822,-1.98904,-0.209057,0.00530913455875466,0.910462498170195,0.333308963161688
15822,-1.98509,-0.243739,0.00561631626488983,0.915346582366744,-0.7777525039964
15821,-1.98054,-0.278346,0.00592415840905227,0.909485669429545,0.111102085145526
15820,-1.97538,-0.312869,0.00622968604412106,0.919253778305042,0.999999999897283
15820,-1.96962,-0.347296,0.0065354779452809,0.909485669429957,-0.111102085350017
15819,-1.96325,-0.381618,0.00683954391323844,0.915346582363609,0.777752503792499
15819,-1.9563,-0.415823,0.00714233703694691,0.910462498171549,-0.333308963366345
15818,-1.94874,-0.449902,0.00744394156484138,0.912416143749872,0.555523964026319
15818,-1.94059,-0.483844,0.00774399105347841,0.91241614375188,-0.555523964209544
15817,-1.93185,-0.517638,0.00804214177952507,0.910462498170337,0.33330896318265
15817,-1.92252,-0.551275,0.00833970849861146,0.915346582366458,-0.777752503976945
15816,-1.91261,-0.584743,0.0086334228529541,0.909485669429567,0.111102085165898
15815,-1.90211,-0.618034,0.00892877298931957,0.919253778305528,0.999999999919178
15815,-1.89104,-0.651136,0.0092170822166206,0.90948566942994,-0.111102085328262
15814,-1.87939,-0.68404,0.00950762671035479,0.915346582363942,0.77775250381428
15814,-1.86716,-0.716736,0.00979243946083063,0.910462498171397,-0.333308963343943
15813,-1.85437,-0.749213,0.0100772294238662,0.912416143750119,0.555523964050056
15813,-1.84101,-0.781462,0.0103588363105176,0.912416143751582,-0.555523964183381
15812,-1.82709,-0.813473,0.0106369417084583,0.910462498170486,0.333308963212263
15812,-1.81262,-0.845237,0.0109156403376513,0.915346582365912,-0.777752503943197
15811,-1.79759,-0.876742,0.0111861533231472,0.909485669429641,0.111102085200675
15810,-1.78201,-0.907981,0.0114622468707439,0.919253778306197,0.999999999954239
15810,-1.7659,-0.938943,0.0117242843887921,0.90948566942985,-0.11110208529261
15809,-1.74924,-0.969619,0.0119925066404845,0.915346582364535,0.777752503850301
15809,-1.73205,-1,0.0122507898982383,0.9104624981712,-0.333308963308458
15808,-1.71433,-1.03008,0.0125102909036725,0.912416143750526,0.555523964084446
15808,-1.6961,-1.05984,0.0127651585879796,0.912416143751243,-0.555523964150944
15807,-1.67734,-1.08928,0.0130151169273011,0.910462498170725,0.333308963242434
15807,-1.65808,-1.11839,0.0132669149740645,0.915346582365503,-0.7777525039155
15806,-1.6383,-1.14715,0.0135065433169574,0.90948566942967,0.111102085228524
15805,-1.61803,-1.17557,0.0137556256143303,0.919253778306763,0.999999999982893
15805,-1.59727,-1.20363,0.0139841717825052,0.909485669429812,-0.111102085265547
15804,-1.57602,-1.23132,0.0142227754733409,0.915346582364898,0.777752503876549
15804,-1.55429,-1.25864,0.0144476459356629,0.910462498170935,-0.333308963280012
15803,-1.53209,-1.28558,0.0146750602590517,0.912416143750815,0.555523964114853
15803,-1.50942,-1.31212,0.0148966531006981,0.912416143750855,-0.555523964118957
15802,-1.48629,-1.33826,0.0151122045797107,0.910462498170897,0.333308963276791
15802,-1.46271,-1.364,0.015330922128883,0.915346582364928,-0.77775250387821
15801,-1.43868,-1.38932,0.0155339749693254,0.909485669429954,0.111102085257172
15801,-1.41421,-1.41421,0.0157502243704257,0.919253778307098,-0.999999999999989
10084,-1.38932,-1.43868,0.0159401818855451,-0.909485669429983,0.111102085260242
10184,-1.364,-1.46271,0.0161439295879197,-0.915346582364814,-0.777752503871363
10184,-1.33826,-1.48629,0.0163306754879005,-0.910462498171062,0.333308963290425
10284,-1.31212,-1.50942,0.0165213636636416,-0.912416143750702,-0.555523964098991
10284,-1.28558,-1.53209,0.0167053435843203,-0.912416143751175,0.55552396414059
10384,-1.25864,-1.55429,0.0168824522043791,-0.910462498170858,-0.333308963247603
10384,-1.23132,-1.57602,0.0170641117904916,-0.915346582365569,0.777752503916277
10484,-1.20363,-1.59727,0.0172271566752905,-0.909485669429755,-0.111102085221656
10584,-1.17557,-1.61803,0.0174069377534334,-0.919253778306467,-0.999999999969833
10584,-1.14715,-1.6383,0.0175554696558576,-0.909485669429891,0.111102085282108
10684,-1.11839,-1.65808,0.0177213031258449,-0.915346582364624,-0.777752503855743
10684,-1.08928,-1.67734,0.0178674114436518,-0.910462498171255,0.333308963307532
10784,-1.05984,-1.6961,0.0180188764878925,-0.912416143750544,-0.555523964080908
10784,-1.03008,-1.71433,0.0181630209664718,-0.912416143751393,0.555523964158839
10884,-1,-1.73205,0.0182997239787584,-0.910462498170715,-0.333308963230315
10884,-0.969619,-1.74924,0.0184423520952438,-0.915346582365772,0.777752503931858
10984,-0.938943,-1.7659,0.0185639255451432,-0.909485669429763,-0.111102085205032
11084,-0.907981,-1.78201,0.0187054677668077,-0.919253778306154,-0.99999999995149
11084,-0.876742,-1.79759,0.018811563164996,-0.909485669429981,0.111102085301552
11184,-0.845237,-1.81262,0.0189381301470893,-0.915346582364332,-0.777752503835052
11184,-0.813473,-1.82709,0.0190427127265345,-0.910462498171421,0.333308963330044
11284,-0.781462,-1.84101,0.019153961215694,-0.912416143750289,-0.555523964056998
11284,-0.749213,-1.85437,0.0192574389923756,-0.912416143751684,0.555523964183542
11384,-0.716736,-1.86716,0.019353036760074,-0.910462498170579,-0.333308963203316
11384,-0.68404,-1.87939,0.0194557847910371,-0.915346582366256,0.777752503962127
11484,-0.651136,-1.89104,0.0195354092196107,-0.9094856694297,-0.111102085173069
11584,-0.618034,-1.90211,0.0196377681324466,-0.919253778305473,-0.9999999999182
11584,-0.584743,-1.91261,0.0197011051424545,-0.909485669430035,0.111102085335111
11684,-0.551275,-1.92252,0.0197875743243618,-0.915346582363772,-0.777752503801188
11684,-0.517638,-1.93185,0.0198501203649315,-0.910462498171642,0.333308963364261
11784,-0.483844,-1.94059,0.0199203748036507,-0.912416143749915,-0.555523964021929
11784,-0.449902,-1.94874,0.019982420822136,-0.912416143752077,0.555523964220183
11884,-0.415823,-1.9563,0.020036146523116,-0.910462498170266,-0.33330896316818
11884,-0.381618,-1.96325,0.0200979428716434,-0.915346582366712,0.777752503993725
11984,-0.347296,-1.96962,0.0201348404615688,-0.909485669429565,-0.111102085145729
12084,-0.312869,-1.97538,0.0201965980317215,-0.919253778305011,-0.999999999895287
12084,-0.278346,-1.98054,0.020216389004262,-0.909485669430107,0.111102085358526
12184,-0.243739,-1.98509,0.0202613116762714,-0.915346582363447,-0.777752503777644
12184,-0.209057,-1.98904,0.0202807112893329,-0.910462498171781,0.333308963386432
12284,-0.174311,-1.99239,0.0203085295325777,-0.912416143749663,-0.555523964001473
12284,-0.139513,-1.99513,0.0203277201612002,-0.912416143752267,0.555523964238395
12384,-0.104672,-1.99726,0.020338198473854,-0.910462498170238,-0.333308963148834
12384,-0.069799,-1.99878,0.0203573300789428,-0.915346582367131,0.777752504016471
12484,-0.0349048,-1.9997,0.020350271596089,-0.909485669429557,-0.111102085121833
12584,-4.35203e-16,-2,0.0203694630544375,-0.919253778304537,-0.999999999870803
12584,0.0349048,-1.9997,0.0203447146788326,-0.909485669430058,0.111102085378513
12684,0.069799,-1.99878,0.0203463703442479,-0.915346582363139,-0.777752503762792
12684,0.104672,-1.99726,0.0203215119328113,-0.9104624981717,0.333308963393593
12784,0.139513,-1.99513,0.0203055148986844,-0.912416143749591,-0.555523964001403
12784,0.174311,-1.99239,0.0202806688342074,-0.912416143752134,0.555523964232273
12884,0.209057,-1.98904,0.0202469509159505,-0.91046249817019,-0.333308963161724
12884,0.243739,-1.98509,0.0202222114114496,-0.915346582366752,0.777752503996427
12984,0.278346,-1.98054,0.0201707509516238,-0.909485669429543,-0.111102085145531
13084,0.312869,-1.97538,0.0201461826187662,-0.919253778305079,-0.999999999897294
13084,0.347296,-1.96962,0.0200770017001758,-0.909485669429971,0.111102085349981
13184,0.381618,-1.96325,0.0200347522621095,-0.915346582363621,-0.777752503792476
13184,0.415823,-1.9563,0.0199657985035144,-0.910462498171561,0.33330896336634
13284,0.449902,-1.94874,0.0199059149622297,-0.912416143749886,-0.555523964026324
13284,0.483844,-1.94059,0.0198372428326582,-0.912416143751904,0.555523964209538
13384,0.517638,-1.93185,0.0197598117023839,-0.910462498170363,-0.333308963182687
13384,0.551275,-1.92252,0.0196914439200412,-0.915346582366464,0.777752503976962
13484,0.584743,-1.91261,0.0195965919273969,-0.909485669429569,-0.111102085165906
13584,0.618034,-1.90211,0.0195285212877224,-0.919253778305519,-0.999999999919186
13584,0.651136,-1.89104,0.019416419489044,-0.909485669429928,0.111102085328226
13684,0.68404,-1.87939,0.0193310255424788,-0.915346582363942,-0.777752503814258
13684,0.716736,-1.86716,0.0192194843176315,-0.910462498171394,0.333308963343945
13784,0.749213,-1.85437,0.0191169835248131,-0.912416143750121,-0.555523964050058
13784,0.781462,-1.84101,0.0190060156896522,-0.91241614375158,0.555523964183364
13884,0.813473,-1.82709,0.0188866878340995,-0.91046249817049,-0.333308963212306
13884,0.845237,-1.81262,0.0187762985957124,-0.915346582365913,0.777752503943214
13984,0.876742,-1.79759,0.0186404926862915,-0.909485669429626,-0.1111020852007
14084,0.907981,-1.78201,0.0185306827142511,-0.919253778306215,-0.999999999954254
14084,0.938943,-1.7659,0.0183788170160788,-0.909485669429858,0.111102085292581
14184,0.969619,-1.74924,0.0182528090432153,-0.915346582364524,-0.777752503850263
14184,1,-1.73205,0.018102143235193,-0.910462498171194,0.333308963308465
14284,1.03008,-1.71433,0.017960418789101,-0.91241614375052,-0.55552396408445
14284,1.05984,-1.6961,0.0178110013757527,-0.912416143751235,0.55552396415093
14384,1.08928,-1.67734,0.0176540844053514,-0.910462498170724,-0.333308963242461
14384,1.11839,-1.65808,0.0175059429866798,-0.915346582365498,0.777752503915531
14484,1.14715,-1.6383,0.0173343795162023,-0.909485669429676,-0.111102085228531
14584,1.17557,-1.61803,0.0171875103171939,-0.919253778306762,-0.999999999982903
14584,1.20363,-1.59727,0.017001844784346,-0.909485669429825,0.1111020852655
14684,1.23132,-1.57602,0.0168406423257736,-0.91534658236492,-0.777752503876537
14684,1.25864,-1.55429,0.0166569591734825,-0.910462498170955,0.333308963280004
14784,1.28558,-1.53209,0.0164819216558338,-0.912416143750819,-0.555523964114867
14784,1.31212,-1.50942,0.0163001279684353,-0.912416143750872,0.555523964118932
14884,1.33826,-1.48629,0.0161117307211983,-0.910462498170903,-0.333308963276861
14884,1.364,-1.46271,0.0159316859861494,-0.915346582364901,0.777752503878194
14984,1.38932,-1.43868,0.0157303932910807,-0.909485669429939,-0.111102085257194
14984,1.41421,-1.41421,0.0155519215930928,-0.919253778307102,0.999999999999985
5850,1.43868,-1.38932,0.0153382109614865,0.909485669429985,-0.111102085260202
5849,1.46271,-1.364,0.0151469843893798,0.915346582364833,0.777752503871339
5849,1.48629,-1.33826,0.0149355069511189,0.910462498171102,-0.333308963290407
5848,1.50942,-1.31212,0.0147320500204195,0.91241614375073,0.555523964099018
5848,1.53209,-1.28558,0.0145226671476579,0.912416143751186,-0.555523964140576
5847,1.55429,-1.25864,0.0143075748785763,0.91046249817085,0.333308963247604
5847,1.57602,-1.23132,0.0141001627025058,0.91534658236556,-0.777752503916265
5846,1.59727,-1.20363,0.0138740966927026,0.909485669429786,0.111102085221649
5845,1.61803,-1.17557,0.013668537903661,0.919253778306525,0.999999999969829
5845,1.6383,-1.14715,0.0134321997689432,0.909485669429914,-0.11110208528211
5844,1.65808,-1.11839,0.0132160014413066,0.915346582364627,0.777752503855747
5844,1.67734,-1.08928,0.0129824531167462,0.910462498171258,-0.333308963307527
5843,1.6961,-1.05984,0.0127562832180216,0.912416143750537,0.555523964080912
5843,1.71433,-1.03008,0.0125253390797069,0.912416143751378,-0.555523964158821
5842,1.73205,-1,0.0122898056264014,0.910462498170701,0.333308963230334
5842,1.74924,-0.969619,0.0120612054527532,0.915346582365767,-0.777752503931841
5841,1.7659,-0.938943,0.0118168493022328,0.909485669429766,0.111102085205045
5840,1.78201,-0.907981,0.0115902627514781,0.919253778306158,0.99999999995149
5840,1.79759,-0.876742,0.011337581310419,0.909485669429983,-0.111102085301555
5839,1.81262,-0.845237,0.0111021566363213,0.915346582364319,0.777752503835052
5839,1.82709,-0.813473,0.0108521172814453,0.910462498171384,-0.333308963330046
5838,1.84101,-0.781462,0.0106083461280298,0.912416143750258,0.555523964056995
5838,1.85437,-0.749213,0.0103605815044779,0.91241614375167,-0.555523964183538
5837,1.86716,-0.716736,0.0101089937242071,0.91046249817059,0.333308963203332
5837,1.87939,-0.68404,0.00986313132208253,0.915346582366259,-0.777752503962114
5836,1.89104,-0.651136,0.00960429040719994,0.909485669429712,0.11110208517308
5835,1.90211,-0.618034,0.00935994534713236,0.919253778305505,0.999999999918216
5835,1.91261,-0.584743,0.0090944310919403,0.909485669430072,-0.111102085335106
5834,1.92252,-0.551275,0.00884284263775754,0.915346582363824,0.777752503801191
5834,1.93185,-0.517638,0.00857959650485579,0.910462498171638,-0.333308963364257
5833,1.94059,-0.483844,0.00832134363571054,0.912416143749874,0.555523964021932
5833,1.94874,-0.449902,0.00805996213932576,0.91241614375206,-0.555523964220175
5832,1.9563,-0.415823,0.00779564856164476,0.910462498170272,0.333308963168192
5832,1.96325,-0.381618,0.00753572490927077,0.915346582366721,-0.777752503993719
5831,1.96962,-0.347296,0.00726599292177636,0.909485669429573,0.111102085145735
5830,1.97538,-0.312869,0.00700712427409706,0.919253778305019,0.999999999895301
5830,1.98054,-0.278346,0.00673265641039867,0.909485669430095,-0.11110208535852
5829,1.98509,-0.243739,0.00646844964356539,0.915346582363408,0.777752503777643
5829,1.98904,-0.209057,0.00619595284217677,0.910462498171767,-0.333308963386425
5828,1.99239,-0.174311,0.00592711776679177,0.91241614374965,0.555523964001481
5828,1.99513,-0.139513,0.00565621007020513,0.912416143752221,-0.555523964238393
5827,1.99726,-0.104672,0.00538346633061205,0.910462498170182,0.333308963148836
5827,1.99878,-0.069799,0.00511375128458233,0.915346582367075,-0.777752504016468
5826,1.9997,-0.0349048,0.00483782130868473,0.909485669429527,0.111102085121839
