origElemNum,globCoord-x,globCoord-y,acouPotentialD1-,locCoord-xi,locCoord-eta
5825,2,-2.20442e-18,0.00487753759892103,0.919253778304535,0.999999999870795
5825,1.9997,0.0349048,0.00426008579666581,0.909485669430051,-0.11110208537854
5824,1.99878,0.069799,0.00363941981605146,0.915346582363134,0.7777525037628
5824,1.99726,0.104672,0.0030201400136215,0.910462498171695,-0.333308963393583
5823,1.99513,0.139513,0.00239916713822306,0.912416143749585,0.555523964001403
5823,1.99239,0.174311,0.00177836830526346,0.912416143752112,-0.555523964232293
5822,1.98904,0.209057,0.00115798886600937,0.910462498170195,0.33330896316169
5822,1.98509,0.243739,0.000535990157778917,0.915346582366752,-0.777752503996411
5821,1.98054,0.278346,-8.28881954575936e-05,0.909485669429537,0.111102085145532
5820,1.97538,0.312869,-0.000705759021439288,0.91925377830504,0.999999999897275
5820,1.96962,0.347296,-0.00132223160855237,0.909485669429959,-0.111102085350008
5819,1.96325,0.381618,-0.00194275448807641,0.915346582363608,0.777752503792493
5819,1.9563,0.415823,-0.00255881763919987,0.910462498171543,-0.333308963366333
5818,1.94874,0.449902,-0.00317609813339504,0.912416143749872,0.555523964026318
5818,1.94059,0.483844,-0.00379143343185014,0.912416143751876,-0.555523964209557
5817,1.93185,0.517638,-0.00440458254207821,0.910462498170338,0.333308963182653
5817,1.92252,0.551275,-0.00501886140656261,0.915346582366455,-0.777752503976955
5816,1.91261,0.584743,-0.00562698041206079,0.909485669429567,0.111102085165898
5815,1.90211,0.618034,-0.00623985572438383,0.919253778305533,0.999999999919169
5815,1.89104,0.651136,-0.00684205464464183,0.909485669429933,-0.111102085328256
5814,1.87939,0.68404,-0.00744905223019663,0.915346582363941,0.777752503814277
5814,1.86716,0.716736,-0.00804860806424223,0.910462498171402,-0.333308963343933
5813,1.85437,0.749213,-0.00864887315012066,0.912416143750119,0.555523964050056
5813,1.84101,0.781462,-0.00924545929297795,0.912416143751575,-0.555523964183394
5812,1.82709,0.813473,-0.00983813784508029,0.910462498170486,0.333308963212263
5812,1.81262,0.845237,-0.0104314141997343,0.915346582365915,-0.777752503943209
5811,1.79759,0.876742,-0.0110157011784464,0.909485669429635,0.111102085200681
5810,1.78201,0.907981,-0.011605364949739,0.919253778306195,0.999999999954235
5810,1.7659,0.938943,-0.0121805643105632,0.909485669429844,-0.111102085292603
5809,1.74924,0.969619,-0.0127611927120635,0.915346582364538,0.777752503850291
5809,1.73205,1,-0.0133318514490238,0.910462498171199,-0.333308963308445
5808,1.71433,1.03008,-0.013902823309517,0.912416143750526,0.555523964084446
5808,1.6961,1.05984,-0.0144687306427231,0.912416143751246,-0.555523964150953
5807,1.67734,1.08928,-0.015029468069228,0.910462498170725,0.333308963242434
5807,1.65808,1.11839,-0.0155904261712528,0.915346582365508,-0.777752503915519
5806,1.6383,1.14715,-0.0161404131581579,0.909485669429676,0.11110208522853
5805,1.61803,1.17557,-0.0166962328314937,0.919253778306765,0.999999999982884
5805,1.59727,1.20363,-0.0172349876999299,0.909485669429817,-0.111102085265541
5804,1.57602,1.23132,-0.0177795953337123,0.9153465823649,0.777752503876539
5804,1.55429,1.25864,-0.0183125031037011,0.910462498170939,-0.333308963279996
5803,1.53209,1.28558,-0.0188453941001999,0.912416143750815,0.555523964114853
5803,1.50942,1.31212,-0.0193722194546191,0.91241614375085,-0.555523964118972
5802,1.48629,1.33826,-0.0198928672852921,0.910462498170897,0.333308963276791
5802,1.46271,1.364,-0.0204133394611476,0.915346582364929,-0.77775250387822
5801,1.43868,1.38932,-0.0209211986151587,0.909485669429954,0.111102085257182
5801,1.41421,1.41421,-0.0214350205914799,0.919253778307104,-0.999999999999994
850,1.38932,1.43868,-0.0219295314625247,0.909485669429991,-0.111102085260227
849,1.364,1.46271,-0.022429944118482,0.915346582364834,0.777752503871359
849,1.33826,1.48629,-0.022916955759625,0.910462498171096,-0.333308963290402
848,1.31212,1.50942,-0.0234033279865726,0.912416143750729,0.555523964099008
848,1.28558,1.53209,-0.0238824258987894,0.912416143751184,-0.555523964140596
847,1.25864,1.55429,-0.0243539959764075,0.910462498170846,0.333308963247574
847,1.23132,1.57602,-0.0248246614600821,0.915346582365554,-0.777752503916259
846,1.20363,1.59727,-0.0252805097496758,0.90948566942978,0.111102085221654
845,1.17557,1.61803,-0.0257421303202694,0.919253778306528,0.999999999969813
845,1.14715,1.6383,-0.0261812181316538,0.909485669429915,-0.111102085282135
844,1.11839,1.65808,-0.0266258729451513,0.915346582364625,0.777752503855763
844,1.08928,1.67734,-0.0270543632031492,0.910462498171253,-0.333308963307521
843,1.05984,1.6961,-0.0274809555038348,0.912416143750542,0.555523964080906
843,1.03008,1.71433,-0.0278981529997706,0.912416143751377,-0.555523964158847
842,1,1.73205,-0.0283055601185239,0.910462498170698,0.333308963230309
842,0.969619,1.74924,-0.0287107547027518,0.915346582365766,-0.777752503931825
841,0.938943,1.7659,-0.029097810117635,0.909485669429764,0.111102085205048
840,0.907981,1.78201,-0.0294902733835088,0.919253778306164,0.99999999995148
840,0.876742,1.79759,-0.02985577340714,0.909485669429979,-0.11110208530158
839,0.845237,1.81262,-0.0302264689914246,0.91534658236432,0.777752503835068
839,0.813473,1.82709,-0.0305775190200064,0.91046249817139,-0.33330896333004
838,0.781462,1.84101,-0.0309252755209543,0.912416143750255,0.555523964056983
838,0.749213,1.85437,-0.0312612014264736,0.912416143751674,-0.555523964183563
837,0.716736,1.86716,-0.0315849203833773,0.910462498170584,0.333308963203304
837,0.68404,1.87939,-0.0319051079746211,0.915346582366261,-0.777752503962098
836,0.651136,1.89104,-0.0322037679584755,0.909485669429719,0.111102085173086
835,0.618034,1.90211,-0.0325076517776978,0.919253778305509,0.999999999918205
835,0.584743,1.91261,-0.0327803008897876,0.909485669430073,-0.111102085335132
834,0.551275,1.92252,-0.0330580621461262,0.915346582363819,0.777752503801204
834,0.517638,1.93185,-0.0333131264955633,0.910462498171637,-0.333308963364254
833,0.483844,1.94059,-0.0335639293246454,0.912416143749877,0.55552396402192
833,0.449902,1.94874,-0.0338010059467467,0.91241614375206,-0.555523964220202
832,0.415823,1.9563,-0.0340241317661059,0.910462498170279,0.333308963168166
832,0.381618,1.96325,-0.0342428918558077,0.915346582366717,-0.777752503993703
831,0.347296,1.96962,-0.0344377637480694,0.909485669429573,0.111102085145737
830,0.312869,1.97538,-0.0346379545431476,0.919253778305012,0.99999999989529
830,0.278346,1.98054,-0.0348041457640845,0.909485669430091,-0.111102085358547
829,0.243739,1.98509,-0.0349756665547927,0.915346582363415,0.77775250377766
829,0.209057,1.98904,-0.0351228214749921,0.910462498171767,-0.333308963386422
828,0.174311,1.99239,-0.0352654385361485,0.912416143749651,0.55552396400147
828,0.139513,1.99513,-0.0353935483111116,0.912416143752224,-0.555523964238419
827,0.104672,1.99726,-0.0355071738570968,0.910462498170184,0.33330896314881
827,0.069799,1.99878,-0.0356162884204309,0.915346582367074,-0.777752504016452
826,0.0349048,1.9997,-0.0357009724929895,0.909485669429527,0.111102085121841
825,1.27747e-16,2,-0.0357911858840514,0.919253778304535,0.999999999870799
825,-0.0349048,1.9997,-0.0358471060679602,0.909485669430051,-0.111102085378537
824,-0.069799,1.99878,-0.0359086318322136,0.915346582363134,0.777752503762801
824,-0.104672,1.99726,-0.0359459983304976,0.910462498171695,-0.333308963393583
823,-0.139513,1.99513,-0.0359791371350823,0.912416143749585,0.555523964001401
823,-0.174311,1.99239,-0.0359981801614339,0.912416143752112,-0.555523964232297
822,-0.209057,1.98904,-0.0360032918399335,0.910462498170195,0.333308963161685
822,-0.243739,1.98509,-0.0360042227096179,0.915346582366744,-0.777752503996403
821,-0.278346,1.98054,-0.0359816891850218,0.909485669429538,0.111102085145537
820,-0.312869,1.97538,-0.0359646906957019,0.919253778305041,0.999999999897278
820,-0.347296,1.96962,-0.0359148893042672,0.90948566942996,-0.111102085350006
819,-0.381618,1.96325,-0.0358706226143304,0.915346582363608,0.777752503792493
819,-0.415823,1.9563,-0.035803383151875,0.910462498171543,-0.333308963366333
818,-0.449902,1.94874,-0.0357321678095039,0.912416143749872,0.555523964026316
818,-0.483844,1.94059,-0.0356475726864598,0.912416143751875,-0.555523964209561
817,-0.517638,1.93185,-0.0355496909327505,0.910462498170336,0.333308963182646
817,-0.551275,1.92252,-0.0354477739592648,0.915346582366457,-0.777752503976948
816,-0.584743,1.91261,-0.0353234812074248,0.909485669429562,0.111102085165907
815,-0.618034,1.90211,-0.0352042370795831,0.919253778305526,0.999999999919175
815,-0.651136,1.89104,-0.035053776025604,0.909485669429935,-0.111102085328253
814,-0.68404,1.87939,-0.034908252847371,0.915346582363941,0.777752503814277
814,-0.716736,1.86716,-0.0347407938590132,0.910462498171402,-0.333308963343933
813,-0.749213,1.85437,-0.0345692388035059,0.912416143750117,0.555523964050053
813,-0.781462,1.84101,-0.0343847650489304,0.912416143751584,-0.555523964183396
812,-0.813473,1.82709,-0.0341874537179002,0.910462498170484,0.33330896321226
812,-0.845237,1.81262,-0.0339859492859461,0.91534658236591,-0.7777525039432
811,-0.876742,1.79759,-0.0337631950206809,0.909485669429639,0.111102085200672
810,-0.907981,1.78201,-0.033544652958018,0.919253778306197,0.999999999954239
810,-0.938943,1.7659,-0.0332968086930781,0.909485669429848,-0.111102085292613
809,-0.969619,1.74924,-0.0330530485198857,0.915346582364533,0.777752503850298
809,-1,1.73205,-0.0327886815177781,0.910462498171205,-0.333308963308436
808,-1.03008,1.71433,-0.0325200895280371,0.912416143750522,0.55552396408444
808,-1.05984,1.6961,-0.0322392290232682,0.912416143751243,-0.555523964150944
807,-1.08928,1.67734,-0.0319462164736219,0.910462498170733,0.33330896324243
807,-1.11839,1.65808,-0.031648897359919,0.915346582365511,-0.777752503915504
806,-1.14715,1.6383,-0.0313319041515043,0.909485669429678,0.11110208522852
805,-1.17557,1.61803,-0.0310181676072677,0.91925377830677,0.999999999982889
805,-1.20363,1.59727,-0.0306776662744563,0.909485669429819,-0.111102085265551
804,-1.23132,1.57602,-0.0303402919218582,0.915346582364893,0.777752503876544
804,-1.25864,1.55429,-0.0299840609606786,0.910462498170937,-0.333308963279986
803,-1.28558,1.53209,-0.029623558835075,0.912416143750809,0.555523964114847
803,-1.31212,1.50942,-0.0292516873833942,0.912416143750849,-0.555523964118962
802,-1.33826,1.48629,-0.0288685998642012,0.910462498170897,0.333308963276791
802,-1.364,1.46271,-0.0284811903965156,0.915346582364928,-0.77775250387821
801,-1.38932,1.43868,-0.0280760938220464,0.909485669429954,0.111102085257172
801,-1.41421,1.41421,-0.0276732615607801,0.919253778307104,-0.999999999999994
15850,-1.43868,1.38932,-0.0272467615130277,0.909485669429991,-0.111102085260237
15849,-1.46271,1.364,-0.026822408853694,0.915346582364828,0.777752503871364
15849,-1.48629,1.33826,-0.0263813648997215,0.910462498171103,-0.333308963290387
15848,-1.50942,1.31212,-0.0259361355552244,0.912416143750729,0.555523964099008
15848,-1.53209,1.28558,-0.0254807098572928,0.912416143751185,-0.555523964140586
15847,-1.55429,1.25864,-0.025015279884897,0.910462498170851,0.333308963247569
15847,-1.57602,1.23132,-0.0245456511965463,0.915346582365555,-0.777752503916249
15846,-1.59727,1.20363,-0.0240607366756368,0.909485669429784,0.111102085221639
15845,-1.61803,1.17557,-0.0235771049175538,0.919253778306531,0.999999999969823
15845,-1.6383,1.14715,-0.023073467600013,0.909485669429917,-0.111102085282151
15844,-1.65808,1.11839,-0.0225710253801853,0.915346582364627,0.777752503855772
15844,-1.67734,1.08928,-0.0220545080480716,0.910462498171251,-0.333308963307506
15843,-1.6961,1.05984,-0.0215340819659846,0.912416143750542,0.555523964080906
15843,-1.71433,1.03008,-0.0210049701869566,0.912416143751375,-0.555523964158831
15842,-1.73205,1,-0.0204674356164667,0.910462498170697,0.333308963230296
15842,-1.74924,0.969619,-0.0199260384041106,0.915346582365764,-0.777752503931822
15841,-1.7659,0.938943,-0.0193723157681632,0.909485669429762,0.111102085205035
15840,-1.78201,0.907981,-0.0188189645354538,0.919253778306162,0.999999999951483
15840,-1.79759,0.876742,-0.0182500101638727,0.909485669429984,-0.111102085301589
15839,-1.81262,0.845237,-0.0176813755004724,0.915346582364318,0.777752503835071
15839,-1.82709,0.813473,-0.0171018528441123,0.910462498171391,-0.333308963330024
15838,-1.84101,0.781462,-0.0165189318252706,0.912416143750253,0.555523964056986
15838,-1.85437,0.749213,-0.0159292263248468,0.912416143751674,-0.555523964183544
15837,-1.86716,0.716736,-0.0153330482674495,0.910462498170589,0.333308963203294
15837,-1.87939,0.68404,-0.0147335602597765,0.915346582366259,-0.777752503962095
15836,-1.89104,0.651136,-0.0141251818626744,0.909485669429715,0.111102085173074
15835,-1.90211,0.618034,-0.0135163232378851,0.919253778305508,0.999999999918209
15835,-1.91261,0.584743,-0.0128968213151313,0.909485669430068,-0.111102085335144
15834,-1.92252,0.551275,-0.0122768068140679,0.915346582363818,0.777752503801208
15834,-1.93185,0.517638,-0.0116494785983234,0.910462498171639,-0.333308963364235
15833,-1.94059,0.483844,-0.0110194022334663,0.912416143749876,0.555523964021923
15833,-1.94874,0.449902,-0.0103846821238956,0.912416143752063,-0.555523964220183
15832,-1.9563,0.415823,-0.00974564686504794,0.910462498170272,0.333308963168156
15832,-1.96325,0.381618,-0.00910397244022811,0.915346582366716,-0.7777525039937
15831,-1.96962,0.347296,-0.00845709171696332,0.909485669429575,0.111102085145728
15830,-1.97538,0.312869,-0.00780890713865986,0.91925377830502,0.999999999895294
15830,-1.98054,0.278346,-0.0071553119517981,0.909485669430092,-0.111102085358556
15829,-1.98509,0.243739,-0.00650039230480659,0.915346582363415,0.777752503777664
15829,-1.98904,0.209057,-0.00584191900375703,0.910462498171765,-0.333308963386404
15828,-1.99239,0.174311,-0.00518142993263973,0.912416143749651,0.555523964001473
15828,-1.99513,0.139513,-0.00451857094966042,0.912416143752222,-0.5555239642384
15827,-1.99726,0.104672,-0.00385370693314542,0.910462498170184,0.3333089631488
15827,-1.99878,0.069799,-0.0031869698308804,0.915346582367074,-0.777752504016448
15826,-1.9997,0.0349048,-0.00251894662467919,0.909485669429527,0.111102085121831
15825,-2,2.46315e-16,-0.00184885165384141,0.919253778304535,0.999999999870803
15825,-1.9997,-0.0349048,-0.00117889756276659,0.909485669430051,-0.111102085378547
15824,-1.99878,-0.069799,-0.000506876275409936,0.915346582363134,0.777752503762804
15824,-1.99726,-0.104672,0.000164682934344053,0.910462498171696,-0.333308963393566
15823,-1.99513,-0.139513,0.00083740142415588,0.912416143749586,0.555523964001405
15823,-1.99239,-0.174311,0.00151004129288554,0.912416143752114,-0.555523964232279
15822,-1.98904,-0.209057,0.00218223462549098,0.910462498170195,0.333308963161688
15822,-1.98509,-0.243739,0.00285543305363644,0.915346582366744,-0.7777525039964
15821,-1.98054,-0.278346,0.00352589441996235,0.909485669429545,0.111102085145526
15820,-1.97538,-0.312869,0.00419914034277039,0.919253778305042,0.999999999897283
15820,-1.96962,-0.347296,0.00486668282551804,0.909485669429957,-0.111102085350017
15819,-1.96325,-0.381618,0.00553701294283569,0.915346582363609,0.777752503792499
15819,-1.9563,-0.415823,0.00620292968308519,0.910462498171549,-0.333308963366345
15818,-1.94874,-0.449902,0.00686918244401167,0.912416143749872,0.555523964026319
15818,-1.94059,-0.483844,0.00753299171865227,0.91241614375188,-0.555523964209544
15817,-1.93185,-0.517638,0.00819402083833735,0.910462498170337,0.33330896318265
15817,-1.92252,-0.551275,0.00885524317141725,0.915346582366458,-0.777752503976945
15816,-1.91261,-0.584743,0.0095099128556326,0.909485669429567,0.111102085165898
15815,-1.90211,-0.618034,0.0101680688092272,0.919253778305528,0.999999999919178
15815,-1.89104,-0.651136,0.0108152536707219,0.90948566942994,-0.111102085328262
15814,-1.87939,-0.68404,0.0114659280553505,0.915346582363942,0.77775250381428
15814,-1.86716,-0.716736,0.0121084513715873,0.910462498171397,-0.333308963343943
15813,-1.85437,-0.749213,0.0127505318994253,0.912416143750119,0.555523964050056
15813,-1.84101,-0.781462,0.0133879267590889,0.912416143751582,-0.555523964183381
15812,-1.82709,-0.813473,0.0140203135611657,0.910462498170486,0.333308963212263
15812,-1.81262,-0.845237,0.0146521143214839,0.915346582365912,-0.777752503943197
15811,-1.79759,-0.876742,0.0152737249026017,0.909485669429641,0.111102085200675
15810,-1.78201,-0.907981,0.015899470451946,0.919253778306197,0.999999999954239
15810,-1.7659,-0.938943,0.0165092449025238,0.90948566942985,-0.11110208529261
15809,-1.74924,-0.969619,0.0171231551322909,0.915346582364535,0.777752503850301
15809,-1.73205,-1,0.0177253813166021,0.9104624981712,-0.333308963308458
15808,-1.71433,-1.03008,0.0183264227247324,0.912416143750526,0.555523964084446
15808,-1.6961,-1.05984,0.0189206707599489,0.912416143751243,-0.555523964150944
15807,-1.67734,-1.08928,0.0195078408897043,0.910462498170725,0.333308963242434
15807,-1.65808,-1.11839,0.0200936979172037,0.915346582365503,-0.7777525039155
15806,-1.6383,-1.14715,0.0206660380233829,0.90948566942967,0.111102085228524
15805,-1.61803,-1.17557,0.0212431093776228,0.919253778306763,0.999999999982893
15805,-1.59727,-1.20363,0.0217997087620069,0.909485669429812,-0.111102085265547
15804,-1.57602,-1.23132,0.0223610598991129,0.915346582364898,0.777752503876549
15804,-1.55429,-1.25864,0.0229076206785067,0.910462498170935,-0.333308963280012
15803,-1.53209,-1.28558,0.0234524040027304,0.912416143750815,0.555523964114853
15803,-1.50942,-1.31212,0.0239886075102072,0.912416143750855,-0.555523964118957
15802,-1.48629,-1.33826,0.0245160164779789,0.910462498170897,0.333308963276791
15802,-1.46271,-1.364,0.0250415569441286,0.915346582364928,-0.77775250387821
15801,-1.43868,-1.38932,0.0255508216211985,0.909485669429954,0.111102085257172
15801,-1.41421,-1.41421,0.0260654028612111,0.919253778307098,-0.999999999999989
10084,-1.38932,-1.43868,0.0265557800131736,-0.909485669429983,0.111102085260242
10184,-1.364,-1.46271,0.0270515018806715,-0.915346582364814,-0.777752503871363
10184,-1.33826,-1.48629,0.0275298760955895,-0.910462498171062,0.333308963290425
10284,-1.31212,-1.50942,0.0280060170374377,-0.912416143750702,-0.555523964098991
10284,-1.28558,-1.53209,0.0284721106257703,-0.912416143751175,0.55552396414059
10384,-1.25864,-1.55429,0.028927965247632,-0.910462498170858,-0.333308963247603
10384,-1.23132,-1.57602,0.0293814978796419,-0.915346582365569,0.777752503916277
10484,-1.20363,-1.59727,0.029816378491831,-0.909485669429755,-0.111102085221656
10584,-1.17557,-1.61803,0.0302570637257425,-0.919253778306467,-0.999999999969833
10584,-1.14715,-1.6383,0.0306702950676269,-0.909485669429891,0.111102085282108
10684,-1.11839,-1.65808,0.0310893311092047,-0.915346582364624,-0.777752503855743
10684,-1.08928,-1.67734,0.0314887564377296,-0.910462498171255,0.333308963307532
10784,-1.05984,-1.6961,0.0318854777494469,-0.912416143750544,-0.555523964080908
10784,-1.03008,-1.71433,0.0322708104217724,-0.912416143751393,0.555523964158839
10884,-1,-1.73205,0.0326445652853046,-0.910462498170715,-0.333308963230315
10884,-0.969619,-1.74924,0.033015504182594,-0.915346582365772,0.777752503931858
10984,-0.938943,-1.7659,0.0333656537674611,-0.909485669429763,-0.111102085205032
11084,-0.907981,-1.78201,0.0337218833198775,-0.919253778306154,-0.99999999995149
11084,-0.876742,-1.79759,0.0340477985221839,-0.909485669429981,0.111102085301552
11184,-0.845237,-1.81262,0.0343797413995408,-0.915346582364332,-0.777752503835052
11184,-0.813473,-1.82709,0.0346900511907285,-0.910462498171421,0.333308963330044
11284,-0.781462,-1.84101,0.0349970954250433,-0.912416143750289,-0.555523964056998
11284,-0.749213,-1.85437,0.0352914899985642,-0.912416143751684,0.555523964183542
11384,-0.716736,-1.86716,0.0355730736832436,-0.910462498170579,-0.333308963203316
11384,-0.68404,-1.87939,0.035851251189161,-0.915346582366256,0.777752503962127
11484,-0.651136,-1.89104,0.0361068767666125,-0.9094856694297,-0.111102085173069
11584,-0.618034,-1.90211,0.0363685461120622,-0.919253778305473,-0.9999999999182
11584,-0.584743,-1.91261,0.0365977893221531,-0.909485669430035,0.111102085335111
11684,-0.551275,-1.92252,0.0368330067735445,-0.915346582363772,-0.777752503801188
11684,-0.517638,-1.93185,0.0370451939292937,-0.910462498171642,0.333308963364261
11784,-0.483844,-1.94059,0.0372536290611213,-0.912416143749915,-0.555523964021929
11784,-0.449902,-1.94874,0.0374485705906632,-0.912416143752077,0.555523964220183
11884,-0.415823,-1.9563,0.0376299652189167,-0.910462498170266,-0.33330896316818
11884,-0.381618,-1.96325,0.0378074830669737,-0.915346582366712,0.777752503993725
11984,-0.347296,-1.96962,0.0379616412784411,-0.909485669429565,-0.111102085145729
12084,-0.312869,-1.97538,0.0381215658710317,-0.919253778305011,-0.999999999895287
12084,-0.278346,-1.98054,0.0382483462362882,-0.909485669430107,0.111102085358526
12184,-0.243739,-1.98509,0.0383808161298774,-0.915346582363447,-0.777752503777644
12184,-0.209057,-1.98904,0.0384898292664941,-0.910462498171781,0.333308963386432
12284,-0.174311,-1.99239,0.0385947587193221,-0.912416143749663,-0.555523964001473
12284,-0.139513,-1.99513,0.0386858911587751,-0.912416143752267,0.555523964238395
12384,-0.104672,-1.99726,0.0387632367386106,-0.910462498170238,-0.333308963148834
12384,-0.069799,-1.99878,0.0388363817345464,-0.915346582367131,0.777752504016471
12484,-0.0349048,-1.9997,0.0388861325470146,-0.909485669429557,-0.111102085121833
12584,-4.35203e-16,-2,0.0389411750257604,-0.919253778304537,-0.999999999870803
12584,0.0349048,-1.9997,0.0389633484741713,-0.909485669430058,0.111102085378513
12684,0.069799,-1.99878,0.0389907170790195,-0.915346582363139,-0.777752503762792
12684,0.104672,-1.99726,0.0389948278916769,-0.9104624981717,0.333308963393593
12784,0.139513,-1.99513,0.0389945849738632,-0.912416143749591,-0.555523964001403
12784,0.174311,-1.99239,0.0389805646737925,-0.912416143752134,0.555523964232273
12884,0.209057,-1.98904,0.0389528136290159,-0.91046249817019,-0.333308963161724
12884,0.243739,-1.98509,0.0389205945999309,-0.915346582366752,0.777752503996427
12984,0.278346,-1.98054,0.0388654805529837,-0.909485669429543,-0.111102085145531
13084,0.312869,-1.97538,0.0388150033829158,-0.919253778305079,-0.999999999897294
13084,0.347296,-1.96962,0.0387327063653699,-0.909485669429971,0.111102085349981
13184,0.381618,-1.96325,0.0386549298147448,-0.915346582363621,-0.777752503792476
13184,0.415823,-1.9563,0.0385546296728376,-0.910462498171561,0.33330896336634
13284,0.449902,-1.94874,0.0384497517245906,-0.912416143749886,-0.555523964026324
13284,0.483844,-1.94059,0.0383313972883119,-0.912416143751904,0.555523964209538
13384,0.517638,-1.93185,0.0381996397685621,-0.910462498170363,-0.333308963182687
13384,0.551275,-1.92252,0.0380631779054783,-0.915346582366464,0.777752503976962
13484,0.584743,-1.91261,0.0379048134396354,-0.909485669429569,-0.111102085165906
13584,0.618034,-1.90211,0.0377502086634984,-0.919253778305519,-0.999999999919186
13584,0.651136,-1.89104,0.0375655901801699,-0.909485669429928,0.111102085328226
13684,0.68404,-1.87939,0.0373846109321781,-0.915346582363942,-0.777752503814258
13684,0.716736,-1.86716,0.0371824207780657,-0.910462498171394,0.333308963343945
13784,0.749213,-1.85437,0.0369755439259576,-0.912416143750121,-0.555523964050058
13784,0.781462,-1.84101,0.036755897841505,-0.91241614375158,0.555523964183364
13884,0.813473,-1.82709,0.0365236941912803,-0.91046249817049,-0.333308963212306
13884,0.845237,-1.81262,0.0362867514330742,-0.915346582365913,0.777752503943214
13984,0.876742,-1.79759,0.0360298922935288,-0.909485669429626,-0.1111020852007
14084,0.907981,-1.78201,0.0357758714641472,-0.919253778306215,-0.999999999954254
14084,0.938943,-1.7659,0.0354951414335737,-0.909485669429858,0.111102085292581
14184,0.969619,-1.74924,0.0352172205771509,-0.915346582364524,-0.777752503850263
14184,1,-1.73205,0.0349206109918229,-0.910462498171194,0.333308963308465
14284,1.03008,-1.71433,0.0346196909439445,-0.91241614375052,-0.55552396408445
14284,1.05984,-1.6961,0.0343075720955695,-0.912416143751235,0.55552396415093
14384,1.08928,-1.67734,0.0339845744936868,-0.910462498170724,-0.333308963242461
14384,1.11839,-1.65808,0.0336573140447474,-0.915346582365498,0.777752503915531
14484,1.14715,-1.6383,0.0333131464222158,-0.909485669429676,-0.111102085228531
14584,1.17557,-1.61803,0.0329711027324226,-0.919253778306762,-0.999999999982903
14584,1.20363,-1.59727,0.032606676807794,-0.909485669429825,0.1111020852655
14684,1.23132,-1.57602,0.0322443728029941,-0.91534658236492,-0.777752503876537
14684,1.25864,-1.55429,0.0318664816405744,-0.910462498170955,0.333308963280004
14784,1.28558,-1.53209,0.0314848602235391,-0.912416143750819,-0.555523964114867
14784,1.31212,-1.50942,0.0310938919892505,-0.912416143750872,0.555523964118932
14884,1.33826,-1.48629,0.030693854871166,-0.910462498170903,-0.333308963276861
14884,1.364,-1.46271,0.0302901473904166,-0.915346582364901,0.777752503878194
14984,1.38932,-1.43868,0.0298725027905632,-0.909485669429939,-0.111102085257194
14984,1.41421,-1.41421,0.0294563284025888,-0.919253778307102,0.999999999999985
5850,1.43868,-1.38932,0.0290218132976599,0.909485669429985,-0.111102085260202
5849,1.46271,-1.364,0.0285887078534316,0.915346582364833,0.777752503871339
5849,1.48629,-1.33826,0.0281427595885987,0.910462498171102,-0.333308963290407
5848,1.50942,-1.31212,0.0276934623586502,0.91241614375073,0.555523964099018
5848,1.53209,-1.28558,0.0272363359432087,0.912416143751186,-0.555523964140576
5847,1.55429,-1.25864,0.0267715928804552,0.91046249817085,0.333308963247604
5847,1.57602,-1.23132,0.0263035320671189,0.91534658236556,-0.777752503916265
5846,1.59727,-1.20363,0.0258240820838908,0.909485669429786,0.111102085221649
5845,1.61803,-1.17557,0.0253453187579061,0.919253778306525,0.999999999969829
5845,1.6383,-1.14715,0.0248518989074289,0.909485669429914,-0.11110208528211
5844,1.65808,-1.11839,0.0243590820845126,0.915346582364627,0.777752503855747
5844,1.67734,-1.08928,0.0238559855740436,0.910462498171258,-0.333308963307527
5843,1.6961,-1.05984,0.023349814095181,0.912416143750537,0.555523964080912
5843,1.71433,-1.03008,0.0228372159373813,0.912416143751378,-0.555523964158821
5842,1.73205,-1,0.0223183594886064,0.910462498170701,0.333308963230334
5842,1.74924,-0.969619,0.0217964221607033,0.915346582365767,-0.777752503931841
5841,1.7659,-0.938943,0.0212655723848257,0.909485669429766,0.111102085205045
5840,1.78201,-0.907981,0.0207344758571306,0.919253778306158,0.99999999995149
5840,1.79759,-0.876742,0.0201923544564222,0.909485669429983,-0.111102085301555
5839,1.81262,-0.845237,0.0196498728774294,0.915346582364319,0.777752503835052
5839,1.82709,-0.813473,0.0190996258728075,0.910462498171384,-0.333308963330046
5838,1.84101,-0.781462,0.0185465076136364,0.912416143750258,0.555523964056995
5838,1.85437,-0.749213,0.0179883597353458,0.91241614375167,-0.555523964183538
5837,1.86716,-0.716736,0.0174254161508623,0.91046249817059,0.333308963203332
5837,1.87939,-0.68404,0.0168596280379995,0.915346582366259,-0.777752503962114
5836,1.89104,-0.651136,0.0162877189320642,0.909485669429712,0.11110208517308
5835,1.90211,-0.618034,0.0157145632778995,0.919253778305505,0.999999999918216
5835,1.91261,-0.584743,0.0151345606373793,0.909485669430072,-0.111102085335106
5834,1.92252,-0.551275,0.014553221423982,0.915346582363824,0.777752503801191
5834,1.93185,-0.517638,0.013967093381266,0.910462498171638,-0.333308963364257
5833,1.94059,-0.483844,0.013378452554588,0.912416143749874,0.555523964021932
5833,1.94874,-0.449902,0.0127864825202503,0.91241614375206,-0.555523964220175
5832,1.9563,-0.415823,0.0121914244362254,0.910462498170272,0.333308963168192
5832,1.96325,-0.381618,0.0115938915095792,0.915346582366721,-0.777752503993719
5831,1.96962,-0.347296,0.0109932932908014,0.909485669429573,0.111102085145735
5830,1.97538,-0.312869,0.0103904733687904,0.919253778305019,0.999999999895301
5830,1.98054,-0.278346,0.0097852190033709,0.909485669430095,-0.11110208535852
5829,1.98509,-0.243739,0.00917765971113439,0.915346582363408,0.777752503777643
5829,1.98904,-0.209057,0.00856839057140664,0.910462498171767,-0.333308963386425
5828,1.99239,-0.174311,0.00795699849497107,0.91241614374965,0.555523964001481
5828,1.99513,-0.139513,0.00734402107026531,0.912416143752221,-0.555523964238393
5827,1.99726,-0.104672,0.00672970856789141,0.910462498170182,0.333308963148836
5827,1.99878,-0.069799,0.00611333348650933,0.915346582367075,-0.777752504016468
5826,1.9997,-0.0349048,0.00549700532113133,0.909485669429527,0.111102085121839
