origElemNum,globCoord-x,globCoord-y,acouPotentialD1-,locCoord-xi,locCoord-eta
5825,2,-2.20442e-18,-0.00350166583212471,0.919253778304535,0.999999999870795
5825,1.9997,0.0349048,-0.00360857426772622,0.909485669430051,-0.11110208537854
5824,1.99878,0.069799,-0.00371095289299196,0.915346582363134,0.7777525037628
5824,1.99726,0.104672,-0.0038155447031708,0.910462498171695,-0.333308963393583
5823,1.99513,0.139513,-0.00391734104977558,0.912416143749585,0.555523964001403
5823,1.99239,0.174311,-0.00401882976986519,0.912416143752112,-0.555523964232293
5822,1.98904,0.209057,-0.00412001232785101,0.910462498170195,0.33330896316169
5822,1.98509,0.243739,-0.00421762775869821,0.915346582366752,-0.777752503996411
5821,1.98054,0.278346,-0.00431816733585867,0.909485669429537,0.111102085145532
5820,1.97538,0.312869,-0.00441114416806969,0.91925377830504,0.999999999897275
5820,1.96962,0.347296,-0.00451099705405782,0.909485669429959,-0.111102085350008
5819,1.96325,0.381618,-0.0046026240569286,0.915346582363608,0.777752503792493
5819,1.9563,0.415823,-0.00469769953713367,0.910462498171543,-0.333308963366333
5818,1.94874,0.449902,-0.00478796618456611,0.912416143749872,0.555523964026318
5818,1.94059,0.483844,-0.00487755696567185,0.912416143751876,-0.555523964209557
5817,1.93185,0.517638,-0.00496652569070498,0.910462498170338,0.333308963182653
5817,1.92252,0.551275,-0.00504998288289393,0.915346582366455,-0.777752503976955
5816,1.91261,0.584743,-0.00513777530643761,0.909485669429567,0.111102085165898
5815,1.90211,0.618034,-0.00521448337548293,0.919253778305533,0.999999999919169
5815,1.89104,0.651136,-0.00530124120013943,0.909485669429933,-0.111102085328256
5814,1.87939,0.68404,-0.00537632610197788,0.915346582363941,0.777752503814277
5814,1.86716,0.716736,-0.00545644820017009,0.910462498171402,-0.333308963343933
5813,1.85437,0.749213,-0.00553002755155024,0.912416143750119,0.555523964050056
5813,1.84101,0.781462,-0.00560287702101295,0.912416143751575,-0.555523964183394
5812,1.82709,0.813473,-0.00567504587474117,0.910462498170486,0.333308963212263
5812,1.81262,0.845237,-0.00573999992317819,0.915346582365915,-0.777752503943209
5811,1.79759,0.876742,-0.00581090495176623,0.909485669429635,0.111102085200681
5810,1.78201,0.907981,-0.00586740900698181,0.919253778306195,0.999999999954235
5810,1.7659,0.938943,-0.00593732161018398,0.909485669429844,-0.111102085292603
5809,1.74924,0.969619,-0.00599233152919856,0.915346582364538,0.777752503850291
5809,1.73205,1,-0.0060542267976082,0.910462498171199,-0.333308963308445
5808,1.71433,1.03008,-0.0061081568462455,0.912416143750526,0.555523964084446
5808,1.6961,1.05984,-0.0061616697968932,0.912416143751246,-0.555523964150953
5807,1.67734,1.08928,-0.0062149448183098,0.910462498170725,0.333308963242434
5807,1.65808,1.11839,-0.00625970213378724,0.915346582365508,-0.777752503915519
5806,1.6383,1.14715,-0.00631271619116937,0.909485669429676,0.11110208522853
5805,1.61803,1.17557,-0.00634833316501179,0.919253778306765,0.999999999982884
5805,1.59727,1.20363,-0.00640146108403215,0.909485669429817,-0.111102085265541
5804,1.57602,1.23132,-0.006436726458185,0.9153465823649,0.777752503876539
5804,1.55429,1.25864,-0.00648120188989413,0.910462498170939,-0.333308963279996
5803,1.53209,1.28558,-0.0065165432530392,0.912416143750815,0.555523964114853
5803,1.50942,1.31212,-0.00655205587985392,0.91241614375085,-0.555523964118972
5802,1.48629,1.33826,-0.00658795029816174,0.910462498170897,0.333308963276791
5802,1.46271,1.364,-0.0066142234314069,0.915346582364929,-0.77775250387822
5801,1.43868,1.38932,-0.00665115771934617,0.909485669429954,0.111102085257182
5801,1.41421,1.41421,-0.00666792452533721,0.919253778307104,-0.999999999999994
850,1.38932,1.43868,-0.00670636850055526,0.909485669429991,-0.111102085260227
849,1.364,1.46271,-0.00672424781815219,0.915346582364834,0.777752503871359
849,1.33826,1.48629,-0.0067537988493103,0.910462498171096,-0.333308963290402
848,1.31212,1.50942,-0.00677329366672851,0.912416143750729,0.555523964099008
848,1.28558,1.53209,-0.00679375241952412,0.912416143751184,-0.555523964140596
847,1.25864,1.55429,-0.0068154270010889,0.910462498170846,0.333308963247574
847,1.23132,1.57602,-0.00682665913664502,0.915346582365554,-0.777752503916259
846,1.20363,1.59727,-0.00685110569295665,0.90948566942978,0.111102085221654
845,1.17557,1.61803,-0.00685300581419015,0.919253778306528,0.999999999969813
845,1.14715,1.6383,-0.00688075179514983,0.909485669429915,-0.111102085282135
844,1.11839,1.65808,-0.00688562675572284,0.915346582364625,0.777752503855763
844,1.08928,1.67734,-0.00690460655080059,0.910462498171253,-0.333308963307521
843,1.05984,1.6961,-0.00691277766685086,0.912416143750542,0.555523964080906
843,1.03008,1.71433,-0.00692265601427145,0.912416143751377,-0.555523964158847
842,1,1.73205,-0.00693427095538346,0.910462498170698,0.333308963230309
842,0.969619,1.74924,-0.00693467594105081,0.915346582365766,-0.777752503931825
841,0.938943,1.7659,-0.0069497627277189,0.909485669429764,0.111102085205048
840,0.907981,1.78201,-0.00694031891422363,0.919253778306164,0.99999999995148
840,0.876742,1.79759,-0.00695882610665699,0.909485669429979,-0.11110208530158
839,0.845237,1.81262,-0.00695248114387615,0.91534658236432,0.777752503835068
839,0.813473,1.82709,-0.00696098255672682,0.91046249817139,-0.33330896333004
838,0.781462,1.84101,-0.00695761365702527,0.912416143750255,0.555523964056983
838,0.749213,1.85437,-0.00695568286314966,0.912416143751674,-0.555523964183563
837,0.716736,1.86716,-0.00695507105963407,0.910462498170584,0.333308963203304
837,0.68404,1.87939,-0.00694228441191441,0.915346582366261,-0.777752503962098
836,0.651136,1.89104,-0.00694412416252221,0.909485669429719,0.111102085173086
835,0.618034,1.90211,-0.00692008075028741,0.919253778305509,0.999999999918205
835,0.584743,1.91261,-0.00692402087178178,0.909485669430073,-0.111102085335132
834,0.551275,1.92252,-0.00690187152122602,0.915346582363819,0.777752503801204
834,0.517638,1.93185,-0.00689406882554326,0.910462498171637,-0.333308963364254
833,0.483844,1.94059,-0.00687352599398484,0.912416143749877,0.55552396402192
833,0.449902,1.94874,-0.00685371863593654,0.91241614375206,-0.555523964220202
832,0.415823,1.9563,-0.00683456251580798,0.910462498170279,0.333308963168166
832,0.381618,1.96325,-0.00680259364602199,0.915346582366717,-0.777752503993703
831,0.347296,1.96962,-0.00678466928754544,0.909485669429573,0.111102085145737
830,0.312869,1.97538,-0.00674047787141475,0.919253778305012,0.99999999989529
830,0.278346,1.98054,-0.00672367721705347,0.909485669430091,-0.111102085358547
829,0.243739,1.98509,-0.00668064347541557,0.915346582363415,0.77775250377766
829,0.209057,1.98904,-0.00665152149806205,0.910462498171767,-0.333308963386422
828,0.174311,1.99239,-0.00660959468048814,0.912416143749651,0.55552396400147
828,0.139513,1.99513,-0.00656821195187941,0.912416143752224,-0.555523964238419
827,0.104672,1.99726,-0.00652735082032767,0.910462498170184,0.33330896314881
827,0.069799,1.99878,-0.00647382145129252,0.915346582367074,-0.777752504016452
826,0.0349048,1.9997,-0.00643400238521584,0.909485669429527,0.111102085121841
825,1.27747e-16,2,-0.00636849752366961,0.919253778304535,0.999999999870799
825,-0.0349048,1.9997,-0.00632973172026032,0.909485669430051,-0.111102085378537
824,-0.069799,1.99878,-0.00626547437944495,0.915346582363134,0.777752503762801
824,-0.104672,1.99726,-0.00621483251143,0.910462498171695,-0.333308963393583
823,-0.139513,1.99513,-0.00615191854876314,0.912416143749585,0.555523964001401
823,-0.174311,1.99239,-0.00608971862028922,0.912416143752112,-0.555523964232297
822,-0.209057,1.98904,-0.00602829548103223,0.910462498170195,0.333308963161685
822,-0.243739,1.98509,-0.00595491737240546,0.915346582366744,-0.777752503996403
821,-0.278346,1.98054,-0.00589517218882814,0.909485669429538,0.111102085145537
820,-0.312869,1.97538,-0.00581104666622241,0.919253778305041,0.999999999897278
820,-0.347296,1.96962,-0.00575319039596018,0.90948566942996,-0.111102085350006
819,-0.381618,1.96325,-0.00567128681957485,0.915346582363608,0.777752503792493
819,-0.415823,1.9563,-0.00560304519630682,0.910462498171543,-0.333308963366333
818,-0.449902,1.94874,-0.0055236030136805,0.912416143749872,0.555523964026316
818,-0.483844,1.94059,-0.0054454659161992,0.912416143751875,-0.555523964209561
817,-0.517638,1.93185,-0.0053687196084911,0.910462498170336,0.333308963182646
817,-0.551275,1.92252,-0.00528119655328013,0.915346582366457,-0.777752503976948
816,-0.584743,1.91261,-0.00520736596999541,0.909485669429562,0.111102085165907
815,-0.618034,1.90211,-0.00511097959223611,0.919253778305526,0.999999999919175
815,-0.651136,1.89104,-0.00504026790978907,0.909485669429935,-0.111102085328253
814,-0.68404,1.87939,-0.00494739540780828,0.915346582363941,0.777752503814277
814,-0.716736,1.86716,-0.00486814213102711,0.910462498171402,-0.333308963343933
813,-0.749213,1.85437,-0.00477896124516404,0.912416143750117,0.555523964050053
813,-0.781462,1.84101,-0.00469167705192306,0.912416143751584,-0.555523964183396
812,-0.813473,1.82709,-0.00460632790288616,0.910462498170484,0.33330896321226
812,-0.845237,1.81262,-0.0045115271061847,0.91534658236591,-0.7777525039432
811,-0.876742,1.79759,-0.00443010590403214,0.909485669429639,0.111102085200672
810,-0.907981,1.78201,-0.00432830013970659,0.919253778306197,0.999999999954239
810,-0.938943,1.7659,-0.00425085037012127,0.909485669429848,-0.111102085292613
809,-0.969619,1.74924,-0.00415343814821563,0.915346582364533,0.777752503850298
809,-1,1.73205,-0.00406905896564398,0.910462498171205,-0.333308963308436
808,-1.03008,1.71433,-0.00397602473667725,0.912416143750522,0.55552396408444
808,-1.05984,1.6961,-0.00388517163044948,0.912416143751243,-0.555523964150944
807,-1.08928,1.67734,-0.00379644481308432,0.910462498170733,0.33330896324243
807,-1.11839,1.65808,-0.0036995723943681,0.915346582365511,-0.777752503915504
806,-1.14715,1.6383,-0.00361503499768777,0.909485669429678,0.11110208522852
805,-1.17557,1.61803,-0.0035126056968376,0.91925377830677,0.999999999982889
805,-1.20363,1.59727,-0.00343209641592622,0.909485669429819,-0.111102085265551
804,-1.23132,1.57602,-0.00333415512544536,0.915346582364893,0.777752503876544
804,-1.25864,1.55429,-0.00324790275963203,0.910462498170937,-0.333308963279986
803,-1.28558,1.53209,-0.00315426131796459,0.912416143750809,0.555523964114847
803,-1.31212,1.50942,-0.00306271748480795,0.912416143750849,-0.555523964118962
802,-1.33826,1.48629,-0.00297316354113554,0.910462498170897,0.333308963276791
802,-1.364,1.46271,-0.00287679977419274,0.915346582364928,-0.77775250387821
801,-1.38932,1.43868,-0.00279110107300808,0.909485669429954,0.111102085257172
801,-1.41421,1.41421,-0.00269041179916738,0.919253778307104,-0.999999999999994
15850,-1.43868,1.38932,-0.00260832039925239,0.909485669429991,-0.111102085260237
15849,-1.46271,1.364,-0.00251177199402622,0.915346582364828,0.777752503871364
15849,-1.48629,1.33826,-0.00242507601854089,0.910462498171103,-0.333308963290387
15848,-1.50942,1.31212,-0.00233241659205469,0.912416143750729,0.555523964099008
15848,-1.53209,1.28558,-0.00224163287935099,0.912416143751185,-0.555523964140586
15847,-1.55429,1.25864,-0.00215259945093532,0.910462498170851,0.333308963247569
15847,-1.57602,1.23132,-0.0020582678146919,0.915346582365555,-0.777752503916249
15846,-1.59727,1.20363,-0.00197258669387967,0.909485669429784,0.111102085221639
15845,-1.61803,1.17557,-0.00187526888164732,0.919253778306531,0.999999999969823
15845,-1.6383,1.14715,-0.00179265817432221,0.909485669429917,-0.111102085282151
15844,-1.65808,1.11839,-0.00169901740447562,0.915346582364627,0.777752503855772
15844,-1.67734,1.08928,-0.00161310834544785,0.910462498171251,-0.333308963307506
15843,-1.6961,1.05984,-0.00152286512848427,0.912416143750542,0.555523964080906
15843,-1.71433,1.03008,-0.00143424374755746,0.912416143751375,-0.555523964158831
15842,-1.73205,1,-0.00134711145432983,0.910462498170697,0.333308963230296
15842,-1.74924,0.969619,-0.0012563830852068,0.915346582365764,-0.777752503931822
15841,-1.7659,0.938943,-0.00117206667895011,0.909485669429762,0.111102085205035
15840,-1.78201,0.907981,-0.00107984993251629,0.919253778306162,0.999999999951483
15840,-1.79759,0.876742,-0.000998043894116657,0.909485669429984,-0.111102085301589
15839,-1.81262,0.845237,-0.000908996495705337,0.915346582364318,0.777752503835071
15839,-1.82709,0.813473,-0.000825356706281019,0.910462498171391,-0.333308963330024
15838,-1.84101,0.781462,-0.000739165031596352,0.912416143750253,0.555523964056986
15838,-1.85437,0.749213,-0.000654312413045847,0.912416143751674,-0.555523964183544
15837,-1.86716,0.716736,-0.000570646609501743,0.910462498170589,0.333308963203294
15837,-1.87939,0.68404,-0.000485205096083714,0.915346582366259,-0.777752503962095
15836,-1.89104,0.651136,-0.000403718720340702,0.909485669429715,0.111102085173074
15835,-1.90211,0.618034,-0.000318313668766878,0.919253778305508,0.999999999918209
15835,-1.91261,0.584743,-0.000238645745110158,0.909485669430068,-0.111102085335144
15834,-1.92252,0.551275,-0.000155737316406035,0.915346582363818,0.777752503801208
15834,-1.93185,0.517638,-7.56830920899139e-05,0.910462498171639,-0.333308963364235
15833,-1.94059,0.483844,5.09718535981065e-06,0.912416143749876,0.555523964021923
15833,-1.94874,0.449902,8.49166406252489e-05,0.912416143752063,-0.555523964220183
15832,-1.9563,0.415823,0.000163940385420343,0.910462498170272,0.333308963168156
15832,-1.96325,0.381618,0.000242899252887279,0.915346582366716,-0.7777525039937
15831,-1.96962,0.347296,0.000320536065264508,0.909485669429575,0.111102085145728
15830,-1.97538,0.312869,0.000398002645450325,0.91925377830502,0.999999999895294
15830,-1.98054,0.278346,0.000474617483702195,0.909485669430092,-0.111102085358556
15829,-1.98509,0.243739,0.000550371695510712,0.915346582363415,0.777752503777664
15829,-1.98904,0.209057,0.000625912632443777,0.910462498171765,-0.333308963386404
15828,-1.99239,0.174311,0.000700317963459142,0.912416143749651,0.555523964001473
15828,-1.99513,0.139513,0.000774150674117143,0.912416143752222,-0.5555239642384
15827,-1.99726,0.104672,0.000847572501588435,0.910462498170184,0.3333089631488
15827,-1.99878,0.069799,0.000919067731180053,0.915346582367074,-0.777752504016448
15826,-1.9997,0.0349048,0.000991876492357438,0.909485669429527,0.111102085121831
15825,-2,2.46315e-16,0.00106041400937854,0.919253778304535,0.999999999870803
15825,-1.9997,-0.0349048,0.00113298481925238,0.909485669430051,-0.111102085378547
15824,-1.99878,-0.069799,0.00120060880438225,0.915346582363134,0.777752503762804
15824,-1.99726,-0.104672,0.00127066237960106,0.910462498171696,-0.333308963393566
15823,-1.99513,-0.139513,0.00133775192455322,0.912416143749586,0.555523964001405
15823,-1.99239,-0.174311,0.00140468056771585,0.912416143752114,-0.555523964232279
15822,-1.98904,-0.209057,0.0014716111612774,0.910462498170195,0.333308963161688
15822,-1.98509,-0.243739,0.00153481416035401,0.915346582366744,-0.7777525039964
15821,-1.98054,-0.278346,0.00160195620104884,0.909485669429545,0.111102085145526
15820,-1.97538,-0.312869,0.00166084287989843,0.919253778305042,0.999999999897283
15820,-1.96962,-0.347296,0.00172856367821858,0.909485669429957,-0.111102085350017
15819,-1.96325,-0.381618,0.00178738461906726,0.915346582363609,0.777752503792499
15819,-1.9563,-0.415823,0.00185122612663243,0.910462498171549,-0.333308963366345
15818,-1.94874,-0.449902,0.00191036073256412,0.912416143749872,0.555523964026319
15818,-1.94059,-0.483844,0.00196976047809362,0.91241614375188,-0.555523964209544
15817,-1.93185,-0.517638,0.00202959394973211,0.910462498170337,0.33330896318265
15817,-1.92252,-0.551275,0.00208401187142105,0.915346582366458,-0.777752503976945
15816,-1.91261,-0.584743,0.00214493150096618,0.909485669429567,0.111102085165898
15815,-1.90211,-0.618034,0.00219384695527057,0.919253778305528,0.999999999919178
15815,-1.89104,-0.651136,0.00225624168805019,0.90948566942994,-0.111102085328262
15814,-1.87939,-0.68404,0.00230604847919982,0.915346582363942,0.77775250381428
15814,-1.86716,-0.716736,0.00236341424823384,0.910462498171397,-0.333308963343943
15813,-1.85437,-0.749213,0.00241450488180626,0.912416143750119,0.555523964050056
15813,-1.84101,-0.781462,0.00246634630646831,0.912416143751582,-0.555523964183381
15812,-1.82709,-0.813473,0.00251910026525895,0.910462498170486,0.333308963212263
15812,-1.81262,-0.845237,0.00256494159621912,0.915346582365912,-0.777752503943197
15811,-1.79759,-0.876742,0.00261972405386928,0.909485669429641,0.111102085200675
15810,-1.78201,-0.907981,0.00265910739358613,0.919253778306197,0.999999999954239
15810,-1.7659,-0.938943,0.00271626814854406,0.90948566942985,-0.11110208529261
15809,-1.74924,-0.969619,0.00275751127951085,0.915346582364535,0.777752503850301
15809,-1.73205,-1,0.00280863646809995,0.9104624981712,-0.333308963308458
15808,-1.71433,-1.03008,0.00285209147612407,0.912416143750526,0.555523964084446
15808,-1.6961,-1.05984,0.00289675076015797,0.912416143751243,-0.555523964150944
15807,-1.67734,-1.08928,0.00294275770545911,0.910462498170725,0.333308963242434
15807,-1.65808,-1.11839,0.00298054424511156,0.915346582365503,-0.7777525039155
15806,-1.6383,-1.14715,0.00302943269834844,0.90948566942967,0.111102085228524
15805,-1.61803,-1.17557,0.00305997255020576,0.919253778306763,0.999999999982893
15805,-1.59727,-1.20363,0.00311205467774278,0.909485669429812,-0.111102085265547
15804,-1.57602,-1.23132,0.00314535392759034,0.915346582364898,0.777752503876549
15804,-1.55429,-1.25864,0.00319055958847757,0.910462498170935,-0.333308963280012
15803,-1.53209,-1.28558,0.00322691759079616,0.912416143750815,0.555523964114853
15803,-1.50942,-1.31212,0.00326488621294391,0.912416143750855,-0.555523964118957
15802,-1.48629,-1.33826,0.00330457873323871,0.910462498170897,0.333308963276791
15802,-1.46271,-1.364,0.00333496985594391,0.915346582364928,-0.77775250387821
15801,-1.43868,-1.38932,0.00337824263226709,0.909485669429954,0.111102085257172
15801,-1.41421,-1.41421,0.00340073512436732,0.919253778307098,-0.999999999999989
10084,-1.38932,-1.43868,0.0034478045742202,-0.909485669429983,0.111102085260242
10184,-1.364,-1.46271,0.00347373783166988,-0.915346582364814,-0.777752503871363
10184,-1.33826,-1.48629,0.00351314676521087,-0.910462498171062,0.333308963290425
10284,-1.31212,-1.50942,0.00354270937732675,-0.912416143750702,-0.555523964098991
10284,-1.28558,-1.53209,0.00357413388245916,-0.912416143751175,0.55552396414059
10384,-1.25864,-1.55429,0.00360748009619187,-0.910462498170858,-0.333308963247603
10384,-1.23132,-1.57602,0.00363061141913616,-0.915346582365569,0.777752503916277
10484,-1.20363,-1.59727,0.00366785776653229,-0.909485669429755,-0.111102085221656
10584,-1.17557,-1.61803,0.00368239958239362,-0.919253778306467,-0.999999999969833
10584,-1.14715,-1.6383,0.00372362524776631,-0.909485669429891,0.111102085282108
10684,-1.11839,-1.65808,0.0037418537170585,-0.915346582364624,-0.777752503855743
10684,-1.08928,-1.67734,0.00377453579200941,-0.910462498171255,0.333308963307532
10784,-1.05984,-1.6961,0.00379648532168293,-0.912416143750544,-0.555523964080908
10784,-1.03008,-1.71433,0.00382029453672913,-0.912416143751393,0.555523964158839
10884,-1,-1.73205,0.00384595207708832,-0.910462498170715,-0.333308963230315
10884,-0.969619,-1.74924,0.00386057142887276,-0.915346582365772,0.777752503931858
10984,-0.938943,-1.7659,0.0038898826324989,-0.909485669429763,-0.111102085205032
11084,-0.907981,-1.78201,0.00389499543203532,-0.919253778306154,-0.99999999995149
11084,-0.876742,-1.79759,0.00392786355428072,-0.909485669429981,0.111102085301552
11184,-0.845237,-1.81262,0.00393628211358664,-0.915346582364332,-0.777752503835052
11184,-0.813473,-1.82709,0.00395945837877547,-0.910462498171421,0.333308963330044
11284,-0.781462,-1.84101,0.00397106291909949,-0.912416143750289,-0.555523964056998
11284,-0.749213,-1.85437,0.00398422247135984,-0.912416143751684,0.555523964183542
11384,-0.716736,-1.86716,0.00399887618823999,-0.910462498170579,-0.333308963203316
11384,-0.68404,-1.87939,0.00400171670670265,-0.915346582366256,0.777752503962127
11484,-0.651136,-1.89104,0.00401928316996593,-0.9094856694297,-0.111102085173069
11584,-0.618034,-1.90211,0.00401154026537868,-0.919253778305473,-0.9999999999182
11584,-0.584743,-1.91261,0.00403189541350792,-0.909485669430035,0.111102085335111
11684,-0.551275,-1.92252,0.00402677664468571,-0.915346582363772,-0.777752503801188
11684,-0.517638,-1.93185,0.00403638372617293,-0.910462498171642,0.333308963364261
11784,-0.483844,-1.94059,0.00403381211568091,-0.912416143749915,-0.555523964021929
11784,-0.449902,-1.94874,0.00403249903698853,-0.912416143752077,0.555523964220183
11884,-0.415823,-1.9563,0.00403242476181925,-0.910462498170266,-0.33330896316818
11884,-0.381618,-1.96325,0.00402006487989498,-0.915346582366712,0.777752503993725
11984,-0.347296,-1.96962,0.00402245156809273,-0.909485669429565,-0.111102085145729
12084,-0.312869,-1.97538,0.00399896457361708,-0.919253778305011,-0.999999999895287
12084,-0.278346,-1.98054,0.00400377893030348,-0.909485669430107,0.111102085358526
12184,-0.243739,-1.98509,0.00398268156628686,-0.915346582363447,-0.777752503777644
12184,-0.209057,-1.98904,0.00397632703618333,-0.910462498171781,0.333308963386432
12284,-0.174311,-1.99239,0.00395759328801286,-0.912416143749663,-0.555523964001473
12284,-0.139513,-1.99513,0.00394003107032051,-0.912416143752267,0.555523964238395
12384,-0.104672,-1.99726,0.00392360792163274,-0.910462498170238,-0.333308963148834
12384,-0.069799,-1.99878,0.00389482484707268,-0.915346582367131,0.777752504016471
12484,-0.0349048,-1.9997,0.00388062902707256,-0.909485669429557,-0.111102085121833
12584,-4.35203e-16,-2,0.00384063685208542,-0.919253778304537,-0.999999999870803
12584,0.0349048,-1.9997,0.00382855518599415,-0.909485669430058,0.111102085378513
12684,0.069799,-1.99878,0.003790733661396,-0.915346582363139,-0.777752503762792
12684,0.104672,-1.99726,0.00376727710427829,-0.9104624981717,0.333308963393593
12784,0.139513,-1.99513,0.00373148733488054,-0.912416143749591,-0.555523964001403
12784,0.174311,-1.99239,0.00369666989143401,-0.912416143752134,0.555523964232273
12884,0.209057,-1.98904,0.00366273291223545,-0.91046249817019,-0.333308963161724
12884,0.243739,-1.98509,0.00361658130678585,-0.915346582366752,0.777752503996427
12984,0.278346,-1.98054,0.00358427003419128,-0.909485669429543,-0.111102085145531
13084,0.312869,-1.97538,0.00352681834638634,-0.919253778305079,-0.999999999897294
13084,0.347296,-1.96962,0.00349585832712554,-0.909485669429971,0.111102085349981
13184,0.381618,-1.96325,0.00343988168518783,-0.915346582363621,-0.777752503792476
13184,0.415823,-1.9563,0.00339724601877535,-0.910462498171561,0.33330896336634
13284,0.449902,-1.94874,0.00334247237374284,-0.912416143749886,-0.555523964026324
13284,0.483844,-1.94059,0.00328823107347287,-0.912416143751904,0.555523964209538
13384,0.517638,-1.93185,0.00323443413295873,-0.910462498170363,-0.333308963182687
13384,0.551275,-1.92252,0.00316874509299327,-0.915346582366464,0.777752503976962
13484,0.584743,-1.91261,0.00311580140843103,-0.909485669429569,-0.111102085165906
13584,0.618034,-1.90211,0.00303894189607302,-0.919253778305519,-0.999999999919186
13584,0.651136,-1.89104,0.00298687925825958,-0.909485669429928,0.111102085328226
13684,0.68404,-1.87939,0.00291125904558559,-0.915346582363942,-0.777752503814258
13684,0.716736,-1.86716,0.00284827760167266,-0.910462498171394,0.333308963343945
13784,0.749213,-1.85437,0.00277415075047477,-0.912416143750121,-0.555523964050058
13784,0.781462,-1.84101,0.00270086853066019,-0.91241614375158,0.555523964183364
13884,0.813473,-1.82709,0.00262858396024412,-0.91046249817049,-0.333308963212306
13884,0.845237,-1.81262,0.00254571283434731,-0.915346582365913,0.777752503943214
13984,0.876742,-1.79759,0.00247565430234226,-0.909485669429626,-0.1111020852007
14084,0.907981,-1.78201,0.00238396671983845,-0.919253778306215,-0.999999999954254
14084,0.938943,-1.7659,0.00231650566667331,-0.909485669429858,0.111102085292581
14184,0.969619,-1.74924,0.00222799064865742,-0.915346582364524,-0.777752503850263
14184,1,-1.73205,0.00215229881365903,-0.910462498171194,0.333308963308465
14284,1.03008,-1.71433,0.00206731306288032,-0.91241614375052,-0.55552396408445
14284,1.05984,-1.6961,0.00198419031718626,-0.912416143751235,0.55552396415093
14384,1.08928,-1.67734,0.00190302815536481,-0.910462498170724,-0.333308963242461
14384,1.11839,-1.65808,0.00181328033020512,-0.915346582365498,0.777752503915531
14484,1.14715,-1.6383,0.00173612592677772,-0.909485669429676,-0.111102085228531
14584,1.17557,-1.61803,0.00164053220821254,-0.919253778306762,-0.999999999982903
14584,1.20363,-1.59727,0.00156739031798,-0.909485669429825,0.1111020852655
14684,1.23132,-1.57602,0.00147640336949825,-0.91534658236492,-0.777752503876537
14684,1.25864,-1.55429,0.0013973117957854,-0.910462498170955,0.333308963280004
14784,1.28558,-1.53209,0.0013106721598434,-0.912416143750819,-0.555523964114867
14784,1.31212,-1.50942,0.00122610402895757,-0.912416143750872,0.555523964118932
14884,1.33826,-1.48629,0.00114339621384846,-0.910462498170903,-0.333308963276861
14884,1.364,-1.46271,0.00105378866483931,-0.915346582364901,0.777752503878194
14984,1.38932,-1.43868,0.000974513645584452,-0.909485669429939,-0.111102085257194
14984,1.41421,-1.41421,0.000880299511666716,-0.919253778307102,0.999999999999985
5850,1.43868,-1.38932,0.000803926704724288,0.909485669429985,-0.111102085260202
5849,1.46271,-1.364,0.000713183205589832,0.915346582364833,0.777752503871339
5849,1.48629,-1.33826,0.000631526904649183,0.910462498171102,-0.333308963290407
5848,1.50942,-1.31212,0.000543706592997862,0.91241614375073,0.555523964099018
5848,1.53209,-1.28558,0.000457192379353018,0.912416143751186,-0.555523964140576
5847,1.55429,-1.25864,0.000371730400207513,0.91046249817085,0.333308963247604
5847,1.57602,-1.23132,0.000280783394716165,0.91534658236556,-0.777752503916265
5846,1.59727,-1.20363,0.000197097277543494,0.909485669429786,0.111102085221649
5845,1.61803,-1.17557,0.000102137246670983,0.919253778306525,0.999999999969829
5845,1.6383,-1.14715,1.96323292868848e-05,0.909485669429914,-0.11110208528211
5844,1.65808,-1.11839,-7.35697860812455e-05,0.915346582364627,0.777752503855747
5844,1.67734,-1.08928,-0.000160837344899309,0.910462498171258,-0.333308963307527
5843,1.6961,-1.05984,-0.000252856353709961,0.912416143750537,0.555523964080912
5843,1.71433,-1.03008,-0.000344434925315736,0.912416143751378,-0.555523964158821
5842,1.73205,-1,-0.000435791709461744,0.910462498170701,0.333308963230334
5842,1.74924,-0.969619,-0.00053119254091505,0.915346582365767,-0.777752503931841
5841,1.7659,-0.938943,-0.000622373513815916,0.909485669429766,0.111102085205045
5840,1.78201,-0.907981,-0.000721108441990777,0.919253778306158,0.99999999995149
5840,1.79759,-0.876742,-0.000812616402340558,0.909485669429983,-0.111102085301555
5839,1.81262,-0.845237,-0.000911084481674952,0.915346582364319,0.777752503835052
5839,1.82709,-0.813473,-0.00100654476298011,0.910462498171384,-0.333308963330046
5838,1.84101,-0.781462,-0.0011052001435447,0.912416143750258,0.555523964056995
5838,1.85437,-0.749213,-0.00120404922839235,0.91241614375167,-0.555523964183538
5837,1.86716,-0.716736,-0.00130320165801145,0.91046249817059,0.333308963203332
5837,1.87939,-0.68404,-0.00140478333209006,0.915346582366259,-0.777752503962114
5836,1.89104,-0.651136,-0.00150463185077904,0.909485669429712,0.11110208517308
5835,1.90211,-0.618034,-0.00160825641201412,0.919253778305505,0.999999999918216
5835,1.91261,-0.584743,-0.00170900282481854,0.909485669430072,-0.111102085335106
5834,1.92252,-0.551275,-0.00181287351004589,0.915346582363824,0.777752503801191
5834,1.93185,-0.517638,-0.00191590525694744,0.910462498171638,-0.333308963364257
5833,1.94059,-0.483844,-0.00202027524176856,0.912416143749874,0.555523964021932
5833,1.94874,-0.449902,-0.00212495802417277,0.91241614375206,-0.555523964220175
5832,1.9563,-0.415823,-0.00223004222139941,0.910462498170272,0.333308963168192
5832,1.96325,-0.381618,-0.00233570262756444,0.915346582366721,-0.777752503993719
5831,1.96962,-0.347296,-0.00244163243660812,0.909485669429573,0.111102085145735
5830,1.97538,-0.312869,-0.00254754625157187,0.919253778305019,0.999999999895301
5830,1.98054,-0.278346,-0.00265437880968205,0.909485669430095,-0.11110208535852
5829,1.98509,-0.243739,-0.0027605046565926,0.915346582363408,0.777752503777643
5829,1.98904,-0.209057,-0.00286754087700218,0.910462498171767,-0.333308963386425
5828,1.99239,-0.174311,-0.00297388960824509,0.91241614374965,0.555523964001481
5828,1.99513,-0.139513,-0.00308034273765652,0.912416143752221,-0.555523964238393
5827,1.99726,-0.104672,-0.00318690760888611,0.910462498170182,0.333308963148836
5827,1.99878,-0.069799,-0.00329198966246324,0.915346582367075,-0.777752504016468
5826,1.9997,-0.0349048,-0.00339874727453807,0.909485669429527,0.111102085121839
