origElemNum,globCoord-x,globCoord-y,acouIntensity-x,acouIntensity-y,locCoord-xi,locCoord-eta
5825,2,-2.20442e-18,6.94349236413323e-08,-1.38352214736241e-07,0.919253778304535,0.999999999870795
5825,1.9997,0.0349048,7.9746727589325e-08,-1.45372214742463e-07,0.909485669430051,-0.11110208537854
5824,1.99878,0.069799,9.05032997315169e-08,-1.49195271906987e-07,0.915346582363134,0.7777525037628
5824,1.99726,0.104672,1.02008591425874e-07,-1.55734140520849e-07,0.910462498171695,-0.333308963393583
5823,1.99513,0.139513,1.13822892026257e-07,-1.58339374264461e-07,0.912416143749585,0.555523964001403
5823,1.99239,0.174311,1.26445028525124e-07,-1.64304005678806e-07,0.912416143752112,-0.555523964232293
5822,1.98904,0.209057,1.39214767573419e-07,-1.65556488612743e-07,0.910462498170195,0.33330896316169
5822,1.98509,0.243739,1.52864652166376e-07,-1.70861697908062e-07,0.915346582366752,-0.777752503996411
5821,1.98054,0.278346,1.66476158782262e-07,-1.7063704624926e-07,0.909485669429537,0.111102085145532
5820,1.97538,0.312869,1.80109168715987e-07,-1.69246695270749e-07,0.91925377830504,0.999999999897275
5820,1.96962,0.347296,1.95382366815877e-07,-1.73393185139618e-07,0.909485669429959,-0.111102085350008
5819,1.96325,0.381618,2.09601206225276e-07,-1.70343907877586e-07,0.915346582363608,0.777752503792493
5819,1.9563,0.415823,2.25689109490174e-07,-1.73660911003024e-07,0.910462498171543,-0.333308963366333
5818,1.94874,0.449902,2.40352200598541e-07,-1.68865943983457e-07,0.912416143749872,0.555523964026318
5818,1.94059,0.483844,2.57134519073301e-07,-1.71301466751645e-07,0.912416143751876,-0.555523964209557
5817,1.93185,0.517638,2.72092201964936e-07,-1.64687883293075e-07,0.910462498170338,0.333308963182653
5817,1.92252,0.551275,2.89439978050504e-07,-1.66202044940684e-07,0.915346582366455,-0.777752503976955
5816,1.91261,0.584743,3.04534924223103e-07,-1.57711196372504e-07,0.909485669429567,0.111102085165898
5815,1.90211,0.618034,3.18930422713947e-07,-1.47870130294154e-07,0.919253778305533,0.999999999919169
5815,1.89104,0.651136,3.37379937060739e-07,-1.47865671396148e-07,0.909485669429933,-0.111102085328256
5814,1.87939,0.68404,3.51586014119664e-07,-1.36099847230981e-07,0.915346582363941,0.777752503814277
5814,1.86716,0.716736,3.70313406721869e-07,-1.35110916720699e-07,0.910462498171402,-0.333308963343933
5813,1.85437,0.749213,3.84154004230021e-07,-1.21407014079243e-07,0.912416143750119,0.555523964050056
5813,1.84101,0.781462,4.03007521980544e-07,-1.19438120524892e-07,0.912416143751575,-0.555523964183394
5812,1.82709,0.813473,4.16299964085473e-07,-1.03800874449691e-07,0.910462498170486,0.333308963212263
5812,1.81262,0.845237,4.35123498508492e-07,-1.00872378200826e-07,0.915346582365915,-0.777752503943209
5811,1.79759,0.876742,4.47681226507594e-07,-8.33255535898546e-08,0.909485669429635,0.111102085200681
5810,1.78201,0.907981,4.5874013056911e-07,-6.4604205581038e-08,0.919253778306195,0.999999999954235
5810,1.7659,0.938943,4.77949859705017e-07,-6.0061876518927e-08,0.909485669429844,-0.111102085292603
5809,1.74924,0.969619,4.8792057634367e-07,-3.95495251029849e-08,0.915346582364538,0.777752503850291
5809,1.73205,1,5.06752884970876e-07,-3.41297451248695e-08,0.910462498171199,-0.333308963308445
5808,1.71433,1.03008,5.15446125498847e-07,-1.191005498439e-08,0.912416143750526,0.555523964084446
5808,1.6961,1.05984,5.33738841973072e-07,-5.68953267785171e-09,0.912416143751246,-0.555523964150953
5807,1.67734,1.08928,5.40970549904479e-07,1.81307984442516e-08,0.910462498170725,0.333308963242434
5807,1.65808,1.11839,5.58566668788996e-07,2.50581682260814e-08,0.915346582365508,-0.777752503915519
5806,1.6383,1.14715,5.64161312168146e-07,5.03487885681882e-08,0.909485669429676,0.11110208522853
5805,1.61803,1.17557,5.67565709299969e-07,7.62396194382904e-08,0.919253778306765,0.999999999982884
5805,1.59727,1.20363,5.84704801458832e-07,8.44803466308641e-08,0.909485669429817,-0.111102085265541
5804,1.57602,1.23132,5.86192413123465e-07,1.11534500599466e-07,0.9153465823649,0.777752503876539
5804,1.55429,1.25864,6.02317104781355e-07,1.20228006292522e-07,0.910462498170939,-0.333308963279996
5803,1.53209,1.28558,6.01760261239653e-07,1.48261778689386e-07,0.912416143750815,0.555523964114853
5803,1.50942,1.31212,6.16752181286423e-07,1.57266276986996e-07,0.91241614375085,-0.555523964118972
5802,1.48629,1.33826,6.14047134816229e-07,1.86080965229528e-07,0.910462498170897,0.333308963276791
5802,1.46271,1.364,6.27803467147538e-07,1.9524482196267e-07,0.915346582364929,-0.77775250387822
5801,1.43868,1.38932,6.22872082920671e-07,2.24629230795237e-07,0.909485669429954,0.111102085257182
5801,1.41421,1.41421,6.353080153173e-07,2.33793643904984e-07,0.919253778307104,-0.999999999999994
850,1.38932,1.43868,6.28102258110683e-07,2.63530481776824e-07,0.909485669429991,-0.111102085260227
849,1.364,1.46271,6.18315207495316e-07,2.9277398797745e-07,0.915346582364834,0.777752503871359
849,1.33826,1.48629,6.29659203820205e-07,3.02406370735619e-07,0.910462498171096,-0.333308963290402
848,1.31212,1.50942,6.17574335217351e-07,3.31593326995843e-07,0.912416143750729,0.555523964099008
848,1.28558,1.53209,6.27519462665562e-07,3.4088517721325e-07,0.912416143751184,-0.555523964140596
847,1.25864,1.55429,6.13171339193408e-07,3.69809011161998e-07,0.910462498170846,0.333308963247574
847,1.23132,1.57602,6.21711009934473e-07,3.78607486824773e-07,0.915346582365554,-0.777752503916259
846,1.20363,1.59727,6.05160202974563e-07,4.07071837187292e-07,0.90948566942978,0.111102085221654
845,1.17557,1.61803,5.86133931696738e-07,4.34244907586349e-07,0.919253778306528,0.999999999969813
845,1.14715,1.6383,5.9363622292821e-07,4.43048498983801e-07,0.909485669429915,-0.111102085282135
844,1.11839,1.65808,5.72549562963855e-07,4.69398718520289e-07,0.915346582364625,0.777752503855763
844,1.08928,1.67734,5.78732636186016e-07,4.77424029279859e-07,0.910462498171253,-0.333308963307521
843,1.05984,1.6961,5.55704455886389e-07,5.02786873759676e-07,0.912416143750542,0.555523964080906
843,1.03008,1.71433,5.60619895860005e-07,5.09908190783327e-07,0.912416143751377,-0.555523964158847
842,1,1.73205,5.35787663050324e-07,5.34139446606271e-07,0.910462498170698,0.333308963230309
842,0.969619,1.74924,5.39504039146139e-07,5.40243938611728e-07,0.915346582365766,-0.777752503931825
841,0.938943,1.7659,5.13019736160975e-07,5.63223191159539e-07,0.909485669429764,0.111102085205048
840,0.907981,1.78201,4.8452900620548e-07,5.84053766103591e-07,0.919253778306164,0.99999999995148
840,0.876742,1.79759,4.87645411097355e-07,5.89841945907081e-07,0.909485669429979,-0.11110208530158
839,0.845237,1.81262,4.57779589821569e-07,6.09201443768891e-07,0.91534658236432,0.777752503835068
839,0.813473,1.82709,4.59926757059667e-07,6.13834510071009e-07,0.91046249817139,-0.33330896333004
838,0.781462,1.84101,4.28857540880028e-07,6.31660165729975e-07,0.912416143750255,0.555523964056983
838,0.749213,1.85437,4.30137688190055e-07,6.35073796136318e-07,0.912416143751674,-0.555523964183563
837,0.716736,1.86716,3.98036137795101e-07,6.51322531888812e-07,0.910462498170584,0.333308963203304
837,0.68404,1.87939,3.9855741320216e-07,6.53464728111935e-07,0.915346582366261,-0.777752503962098
836,0.651136,1.89104,3.65589623367609e-07,6.68108259580785e-07,0.909485669429719,0.111102085173086
835,0.618034,1.90211,3.31312903380064e-07,6.80033098961389e-07,0.919253778305509,0.999999999918205
835,0.584743,1.91261,3.31788678107986e-07,6.81953283407071e-07,0.909485669430073,-0.111102085335132
834,0.551275,1.92252,2.96942671043134e-07,6.92184877044899e-07,0.915346582363819,0.777752503801204
834,0.517638,1.93185,2.96898607509616e-07,6.92798353305163e-07,0.910462498171637,-0.333308963364254
833,0.483844,1.94059,2.61639609369723e-07,7.01318681708143e-07,0.912416143749877,0.55552396402192
833,0.449902,1.94874,2.61180883329641e-07,7.00585309028486e-07,0.91241614375206,-0.555523964220202
832,0.415823,1.9563,2.25661607441437e-07,7.07375238938697e-07,0.910462498170279,0.333308963168166
832,0.381618,1.96325,2.24895846167895e-07,7.05261249447825e-07,0.915346582366717,-0.777752503993703
831,0.347296,1.96962,1.89266851833606e-07,7.10304187965758e-07,0.909485669429573,0.111102085145737
830,0.312869,1.97538,1.53183927178423e-07,7.12347756142104e-07,0.919253778305012,0.99999999989529
830,0.278346,1.98054,1.52716057702646e-07,7.10071454762528e-07,0.909485669430091,-0.111102085358547
829,0.243739,1.98509,1.16830655758993e-07,7.10346398675404e-07,0.915346582363415,0.77775250377766
829,0.209057,1.98904,1.16272955560924e-07,7.06663953758682e-07,0.910462498171767,-0.333308963386422
828,0.174311,1.99239,8.07363195217027e-08,7.0518049598575e-07,0.912416143749651,0.55552396400147
828,0.139513,1.99513,8.020313727944e-08,7.00089091124851e-07,0.912416143752224,-0.555523964238419
827,0.104672,1.99726,4.51668702229195e-08,6.968651014727e-07,0.910462498170184,0.33330896314881
827,0.069799,1.99878,4.47736602855205e-08,6.90374920103906e-07,0.915346582367074,-0.777752504016452
826,0.0349048,1.9997,1.03904990581067e-08,6.85436642141016e-07,0.909485669429527,0.111102085121841
825,1.27747e-16,2,-2.35167296393404e-08,6.7757136946476e-07,0.919253778304535,0.999999999870799
825,-0.0349048,1.9997,-2.33234272485517e-08,6.70955684569115e-07,0.909485669430051,-0.111102085378537
824,-0.069799,1.99878,-5.62629135319338e-08,6.61471420384137e-07,0.915346582363134,0.777752503762801
824,-0.104672,1.99726,-5.57072708902196e-08,6.53512962972728e-07,0.910462498171695,-0.333308963393583
823,-0.139513,1.99513,-8.75283826400819e-08,6.42476861040814e-07,0.912416143749585,0.555523964001401
823,-0.174311,1.99239,-8.6499389948554e-08,6.33233712261416e-07,0.912416143752112,-0.555523964232297
822,-0.209057,1.98904,-1.17056075021825e-07,6.20730572860646e-07,0.910462498170195,0.333308963161685
822,-0.243739,1.98509,-1.15448554141337e-07,6.10279293607843e-07,0.915346582366744,-0.777752503996403
821,-0.278346,1.98054,-1.44601520396638e-07,5.96413200955333e-07,0.909485669429538,0.111102085145537
820,-0.312869,1.97538,-1.72402386608909e-07,5.80084195891438e-07,0.919253778305041,0.999999999897278
820,-0.347296,1.96962,-1.69938552332132e-07,5.6974324594893e-07,0.90948566942996,-0.111102085350006
819,-0.381618,1.96325,-1.96079410122138e-07,5.52309233735258e-07,0.915346582363608,0.777752503792493
819,-0.415823,1.9563,-1.92865182545244e-07,5.40973391337993e-07,0.910462498171543,-0.333308963366333
818,-0.449902,1.94874,-2.17243405737085e-07,5.22586932855289e-07,0.912416143749872,0.555523964026316
818,-0.483844,1.94059,-2.13209115705145e-07,5.1038617708538e-07,0.912416143751875,-0.555523964209561
817,-0.517638,1.93185,-2.35740558856556e-07,4.91212452662385e-07,0.910462498170336,0.333308963182646
817,-0.551275,1.92252,-2.30831148242878e-07,4.78287963327391e-07,0.915346582366457,-0.777752503976948
816,-0.584743,1.91261,-2.51451372816196e-07,4.58501505236233e-07,0.909485669429562,0.111102085165907
815,-0.618034,1.90211,-2.70109999305126e-07,4.37048889589129e-07,0.919253778305526,0.999999999919175
815,-0.651136,1.89104,-2.64293838580271e-07,4.24785624999512e-07,0.909485669429935,-0.111102085328253
814,-0.68404,1.87939,-2.80949818267854e-07,4.03078890461066e-07,0.915346582363941,0.777752503814277
814,-0.716736,1.86716,-2.74225190345954e-07,3.90404940867487e-07,0.910462498171402,-0.333308963343933
813,-0.749213,1.85437,-2.88876156356941e-07,3.68628125961823e-07,0.912416143750117,0.555523964050053
813,-0.781462,1.84101,-2.81241023352271e-07,3.5570040317256e-07,0.912416143751584,-0.555523964183396
812,-0.813473,1.82709,-2.93904975056153e-07,3.34033590828747e-07,0.910462498170484,0.33330896321226
812,-0.845237,1.81262,-2.8537304929362e-07,3.21008407533111e-07,0.91534658236591,-0.7777525039432
811,-0.876742,1.79759,-2.96086826308606e-07,2.99625663523454e-07,0.909485669429639,0.111102085200672
810,-0.907981,1.78201,-3.04656948702674e-07,2.77500729840236e-07,0.919253778306197,0.999999999954239
810,-0.938943,1.7659,-2.95506302033834e-07,2.65724232475462e-07,0.909485669429848,-0.111102085292613
809,-0.969619,1.74924,-3.02218691571379e-07,2.44219744135408e-07,0.915346582364533,0.777752503850298
809,-1,1.73205,-2.92280730522707e-07,2.32634412780721e-07,0.910462498171205,-0.333308963308436
808,-1.03008,1.71433,-2.97223207186326e-07,2.11898467496047e-07,0.912416143750522,0.55552396408444
808,-1.05984,1.6961,-2.86556578724431e-07,2.00642476895324e-07,0.912416143751243,-0.555523964150944
807,-1.08928,1.67734,-2.89830255645197e-07,1.80809993357497e-07,0.910462498170733,0.33330896324243
807,-1.11839,1.65808,-2.78505273464672e-07,1.70013148760131e-07,0.915346582365511,-0.777752503915504
806,-1.14715,1.6383,-2.80222309660714e-07,1.51205096259291e-07,0.909485669429678,0.11110208522852
805,-1.17557,1.61803,-2.80022649687643e-07,1.32485105992849e-07,0.91925377830677,0.999999999982889
805,-1.20363,1.59727,-2.68601671524131e-07,1.23310273494445e-07,0.909485669429819,-0.111102085265551
804,-1.23132,1.57602,-2.67066294421479e-07,1.0584893290266e-07,0.915346582364893,0.777752503876544
804,-1.25864,1.55429,-2.55186870427519e-07,9.73259153020603e-08,0.910462498170937,-0.333308963279986
803,-1.28558,1.53209,-2.52451478893401e-07,8.12029552855454e-08,0.912416143750809,0.555523964114847
803,-1.31212,1.50942,-2.40209285684366e-07,7.34257200219337e-08,0.912416143750849,-0.555523964118962
802,-1.33826,1.48629,-2.36413538708937e-07,5.87061082295333e-08,0.910462498170897,0.333308963276791
802,-1.364,1.46271,-2.23910742866534e-07,5.17569572318904e-08,0.915346582364928,-0.77775250387821
801,-1.38932,1.43868,-2.1919756545633e-07,3.84913410799324e-08,0.909485669429954,0.111102085257172
801,-1.41421,1.41421,-2.06541915657039e-07,3.24404562320496e-08,0.919253778307104,-0.999999999999994
15850,-1.43868,1.38932,-2.01057101772872e-07,2.06651209101587e-08,0.909485669429991,-0.111102085260237
15849,-1.46271,1.364,-1.94292019821571e-07,9.64480184421396e-09,0.915346582364828,0.777752503871364
15849,-1.48629,1.33826,-1.82251968119701e-07,5.30686089569371e-09,0.910462498171103,-0.333308963290387
15848,-1.50942,1.31212,-1.74996481976571e-07,-4.1425624707078e-09,0.912416143750729,0.555523964099008
15848,-1.53209,1.28558,-1.63045913636533e-07,-7.53154130289212e-09,0.912416143751185,-0.555523964140586
15847,-1.55429,1.25864,-1.55449486778048e-07,-1.5414910423493e-08,0.910462498170851,0.333308963247569
15847,-1.57602,1.23132,-1.43703854474839e-07,-1.78259786941103e-08,0.915346582365555,-0.777752503916249
15846,-1.59727,1.20363,-1.35914095758438e-07,-2.41624386553147e-08,0.909485669429784,0.111102085221639
15845,-1.61803,1.17557,-1.27353597340996e-07,-2.95233747436505e-08,0.919253778306531,0.999999999969823
15845,-1.6383,1.14715,-1.16650053308972e-07,-3.04028928810547e-08,0.909485669429917,-0.111102085282151
15844,-1.65808,1.11839,-1.08177240933869e-07,-3.42432918389484e-08,0.915346582364627,0.777752503855772
15844,-1.67734,1.08928,-9.7910979353476e-08,-3.41807854218223e-08,0.910462498171251,-0.333308963307506
15843,-1.6961,1.05984,-8.9662202450001e-08,-3.65588303758892e-08,0.912416143750542,0.555523964080906
15843,-1.71433,1.03008,-7.99419069620496e-08,-3.55663619933355e-08,0.912416143751375,-0.555523964158831
15842,-1.73205,1,-7.20472664193227e-08,-3.65524395864854e-08,0.910462498170697,0.333308963230296
15842,-1.74924,0.969619,-6.29773464189003e-08,-3.46547832885219e-08,0.915346582365764,-0.777752503931822
15841,-1.7659,0.938943,-5.55598961246557e-08,-3.43309998469763e-08,0.909485669429762,0.111102085205035
15840,-1.78201,0.907981,-4.80036932162032e-08,-3.30659372340274e-08,0.919253778306162,0.999999999951483
15840,-1.79759,0.876742,-4.04136879200034e-08,-3.0024607014174e-08,0.909485669429984,-0.111102085301589
15839,-1.81262,0.845237,-3.35635769610709e-08,-2.75959954539756e-08,0.915346582364318,0.777752503835071
15839,-1.82709,0.813473,-2.6806026138638e-08,-2.37849124200308e-08,0.910462498171391,-0.333308963330024
15838,-1.84101,0.781462,-2.07597022238749e-08,-2.03055532346917e-08,0.912416143750253,0.555523964056986
15838,-1.85437,0.749213,-1.49162107913304e-08,-1.57833921163745e-08,0.912416143751674,-0.555523964183544
15837,-1.86716,0.716736,-9.76087935983657e-09,-1.13744758155988e-08,0.910462498170589,0.333308963203294
15837,-1.87939,0.68404,-4.90362898515904e-09,-6.20950245778035e-09,0.915346582366259,-0.777752503962095
15836,-1.89104,0.651136,-7.15230030707693e-10,-9.99458358723769e-10,0.909485669429715,0.111102085173074
15835,-1.90211,0.618034,3.12578764231249e-09,4.82926451052121e-09,0.919253778305508,0.999999999918209
15835,-1.91261,0.584743,6.25138175424565e-09,1.06083555514723e-08,0.909485669430068,-0.111102085335144
15834,-1.92252,0.551275,8.99321238681709e-09,1.70057024424698e-08,0.915346582363818,0.777752503801208
15834,-1.93185,0.517638,1.10364434392699e-08,2.32258082026456e-08,0.910462498171639,-0.333308963364235
15833,-1.94059,0.483844,1.26385339356727e-08,3.00471783884589e-08,0.912416143749876,0.555523964021923
15833,-1.94874,0.449902,1.35616287456073e-08,3.66201681075595e-08,0.912416143752063,-0.555523964220183
15832,-1.9563,0.415823,1.3996078646645e-08,4.3718484889751e-08,0.910462498170272,0.333308963168156
15832,-1.96325,0.381618,1.37734368345519e-08,5.05517600754952e-08,0.915346582366716,-0.7777525039937
15831,-1.96962,0.347296,1.3024999193718e-08,5.77788467687624e-08,0.909485669429575,0.111102085145728
15830,-1.97538,0.312869,1.16964190952388e-08,6.51109542968227e-08,0.91925377830502,0.999999999895294
15830,-1.98054,0.278346,9.70938738141145e-09,7.19847136511911e-08,0.909485669430092,-0.111102085358556
15829,-1.98509,0.243739,7.18679182669201e-09,7.91806111161665e-08,0.915346582363415,0.777752503777664
15829,-1.98904,0.209057,4.0580631626573e-09,8.60923981583899e-08,0.910462498171765,-0.333308963386404
15828,-1.99239,0.174311,3.63215623612519e-10,9.30062592378739e-08,0.912416143749651,0.555523964001473
15828,-1.99513,0.139513,-3.89577846065969e-09,9.98604449629365e-08,0.912416143752222,-0.5555239642384
15827,-1.99726,0.104672,-8.72943440225608e-09,1.06350220165021e-07,0.910462498170184,0.3333089631488
15827,-1.99878,0.069799,-1.40949621442433e-08,1.13051803848757e-07,0.915346582367074,-0.777752504016448
15826,-1.9997,0.0349048,-2.00226284153787e-08,1.18979933732331e-07,0.909485669429527,0.111102085121831
15825,-2,2.46315e-16,-2.64586767911141e-08,1.24457818904629e-07,0.919253778304535,0.999999999870803
15825,-1.9997,-0.0349048,-3.34244929597609e-08,1.3067020109461e-07,0.909485669430051,-0.111102085378547
15824,-1.99878,-0.069799,-4.08465606178143e-08,1.35349281173201e-07,0.915346582363134,0.777752503762804
15824,-1.99726,-0.104672,-4.88206707179869e-08,1.41206417552659e-07,0.910462498171696,-0.333308963393566
15823,-1.99513,-0.139513,-5.71517029506579e-08,1.4496752526824e-07,0.912416143749586,0.555523964001405
15823,-1.99239,-0.174311,-6.60758366607816e-08,1.50387568559652e-07,0.912416143752114,-0.555523964232279
15822,-1.98904,-0.209057,-7.52299728614979e-08,1.53120895402342e-07,0.910462498170195,0.333308963161688
15822,-1.98509,-0.243739,-8.50355786277369e-08,1.58028817885337e-07,0.915346582366744,-0.7777525039964
15821,-1.98054,-0.278346,-9.49193692498354e-08,1.59635130607053e-07,0.909485669429545,0.111102085145526
15820,-1.97538,-0.312869,-1.04955834344841e-07,1.60347290763878e-07,0.919253778305042,0.999999999897283
15820,-1.96962,-0.347296,-1.16041891582393e-07,1.64354426034764e-07,0.909485669429957,-0.111102085350017
15819,-1.96325,-0.381618,-1.26608345363939e-07,1.6378474617153e-07,0.915346582363609,0.777752503792499
15819,-1.9563,-0.415823,-1.38404820996648e-07,1.67141724493587e-07,0.910462498171549,-0.333308963366345
15818,-1.94874,-0.449902,-1.49387980557374e-07,1.65221591018299e-07,0.912416143749872,0.555523964026319
15818,-1.94059,-0.483844,-1.61802448623759e-07,1.67879745980049e-07,0.91241614375188,-0.555523964209544
15817,-1.93185,-0.517638,-1.73084404799337e-07,1.64551458055975e-07,0.910462498170337,0.33330896318265
15817,-1.92252,-0.551275,-1.86017461017814e-07,1.66471566992786e-07,0.915346582366458,-0.777752503976945
15816,-1.91261,-0.584743,-1.97476341646047e-07,1.61688565005551e-07,0.909485669429567,0.111102085165898
15815,-1.90211,-0.618034,-2.08534411939505e-07,1.55798567441705e-07,0.919253778305528,0.999999999919178
15815,-1.89104,-0.651136,-2.22334074862804e-07,1.5656908554937e-07,0.90948566942994,-0.111102085328262
15814,-1.87939,-0.68404,-2.33318433935766e-07,1.49175546131512e-07,0.915346582363942,0.77775250381428
15814,-1.86716,-0.716736,-2.47421318847565e-07,1.4915138691029e-07,0.910462498171397,-0.333308963343943
15813,-1.85437,-0.749213,-2.58202241885457e-07,1.40241062951166e-07,0.912416143750119,0.555523964050056
15813,-1.84101,-0.781462,-2.72496614349617e-07,1.39416111919297e-07,0.912416143751582,-0.555523964183381
15812,-1.82709,-0.813473,-2.82943437689941e-07,1.2898705050525e-07,0.910462498170486,0.333308963212263
15812,-1.81262,-0.845237,-2.97315078037539e-07,1.27366518556419e-07,0.915346582365912,-0.777752503943197
15811,-1.79759,-0.876742,-3.07297051364086e-07,1.15428154757318e-07,0.909485669429641,0.111102085200675
15810,-1.78201,-0.907981,-3.16241743930091e-07,1.02452571021794e-07,0.919253778306197,0.999999999954239
15810,-1.7659,-0.938943,-3.31018295892242e-07,9.96021682197906e-08,0.90948566942985,-0.11110208529261
15809,-1.74924,-0.969619,-3.39239348953082e-07,8.51808801420127e-08,0.915346582364535,0.777752503850301
15809,-1.73205,-1,-3.53865043487463e-07,8.15703704094568e-08,0.9104624981712,-0.333308963308458
15808,-1.71433,-1.03008,-3.6123707794955e-07,6.5747244038505e-08,0.912416143750526,0.555523964084446
15808,-1.6961,-1.05984,-3.7559988789524e-07,6.14179960617207e-08,0.912416143751243,-0.555523964150944
15807,-1.67734,-1.08928,-3.82001909025742e-07,4.42493468613163e-08,0.910462498170725,0.333308963242434
15807,-1.65808,-1.11839,-3.95992723543727e-07,3.92543498055119e-08,0.915346582365503,-0.7777525039155
15806,-1.6383,-1.14715,-4.01309147590479e-07,2.08086336658795e-08,0.90948566942967,0.111102085228524
15805,-1.61803,-1.17557,-4.05000255825133e-07,1.69217849722771e-09,0.919253778306763,0.999999999982893
15805,-1.59727,-1.20363,-4.18944029920832e-07,-4.4310432818534e-09,0.909485669429812,-0.111102085265547
15804,-1.57602,-1.23132,-4.21334081981897e-07,-2.46461958162025e-08,0.915346582364898,0.777752503876549
15804,-1.55429,-1.25864,-4.34702856146531e-07,-3.1304145671553e-08,0.910462498170935,-0.333308963280012
15803,-1.53209,-1.28558,-4.35694747718914e-07,-5.25175814523654e-08,0.912416143750815,0.555523964114853
15803,-1.50942,-1.31212,-4.48394814539142e-07,-5.96236927905304e-08,0.912416143750855,-0.555523964118957
15802,-1.48629,-1.33826,-4.47899831814752e-07,-8.17238736109923e-08,0.910462498170897,0.333308963276791
15802,-1.46271,-1.364,-4.59844636572221e-07,-8.91817295162183e-08,0.915346582364928,-0.77775250387821
15801,-1.43868,-1.38932,-4.57783964503507e-07,-1.12046391120838e-07,0.909485669429954,0.111102085257172
15801,-1.41421,-1.41421,-4.68895472088077e-07,-1.19750546522382e-07,0.919253778307098,-0.999999999999989
10084,-1.38932,-1.43868,-4.65201701773465e-07,-1.43247522513162e-07,-0.909485669429983,0.111102085260242
10184,-1.364,-1.46271,-4.59425217832676e-07,-1.66639490960305e-07,-0.915346582364814,-0.777752503871363
10184,-1.33826,-1.48629,-4.70029329792909e-07,-1.75072058735789e-07,-0.910462498171062,0.333308963290425
10284,-1.31212,-1.50942,-4.62520110613591e-07,-1.9880468117631e-07,-0.912416143750702,-0.555523964098991
10284,-1.28558,-1.53209,-4.72166704142667e-07,-2.07248913044031e-07,-0.912416143751175,0.55552396414059
10384,-1.25864,-1.55429,-4.62895079662769e-07,-2.31166477733938e-07,-0.910462498170858,-0.333308963247603
10384,-1.23132,-1.57602,-4.7153914108213e-07,-2.39493421101362e-07,-0.915346582365569,0.777752503916277
10484,-1.20363,-1.59727,-4.60489111836245e-07,-2.63434019043545e-07,-0.909485669429755,-0.111102085221656
10584,-1.17557,-1.61803,-4.47319899533446e-07,-2.86605465505251e-07,-0.919253778306467,-0.999999999969833
10584,-1.14715,-1.6383,-4.55267236788321e-07,-2.95305962624862e-07,-0.909485669429891,0.111102085282108
10684,-1.11839,-1.65808,-4.40327999153352e-07,-3.18170994140049e-07,-0.915346582364624,-0.777752503855743
10684,-1.08928,-1.67734,-4.47222406134964e-07,-3.26472664446926e-07,-0.910462498171255,0.333308963307532
10784,-1.05984,-1.6961,-4.3054054477016e-07,-3.48859122877091e-07,-0.912416143750544,-0.555523964080908
10784,-1.03008,-1.71433,-4.36378097067787e-07,-3.56619825553854e-07,-0.912416143751393,0.555523964158839
10884,-1,-1.73205,-4.17998414646732e-07,-3.78355406457526e-07,-0.910462498170715,-0.333308963230315
10884,-0.969619,-1.74924,-4.22790267998368e-07,-3.85433750125396e-07,-0.915346582365772,0.777752503931858
10984,-0.938943,-1.7659,-4.02774694787993e-07,-4.0634908793e-07,-0.909485669429763,-0.111102085205032
11084,-0.907981,-1.78201,-3.80903788961127e-07,-4.25672433995469e-07,-0.919253778306154,-0.99999999995149
11084,-0.876742,-1.79759,-3.84975252248018e-07,-4.32537488832097e-07,-0.909485669429981,0.111102085301552
11184,-0.845237,-1.81262,-3.61628406945027e-07,-4.50731355680806e-07,-0.915346582364332,-0.777752503835052
11184,-0.813473,-1.82709,-3.64739734273871e-07,-4.56630938743904e-07,-0.910462498171421,0.333308963330044
11284,-0.781462,-1.84101,-3.40028708543122e-07,-4.73547120143482e-07,-0.912416143750289,-0.555523964056998
11284,-0.749213,-1.85437,-3.42241838560414e-07,-4.78359088889382e-07,-0.912416143751684,0.555523964183542
11384,-0.716736,-1.86716,-3.16295379889052e-07,-4.93862891659288e-07,-0.910462498170579,-0.333308963203316
11384,-0.68404,-1.87939,-3.17686563709743e-07,-4.9747649732697e-07,-0.915346582366256,0.777752503962127
11484,-0.651136,-1.89104,-2.9064805462032e-07,-5.1144879417016e-07,-0.9094856694297,-0.111102085173069
11584,-0.618034,-1.90211,-2.62358365637132e-07,-5.23172842718415e-07,-0.919253778305473,-0.9999999999182
11584,-0.584743,-1.91261,-2.63333581464827e-07,-5.2610602696384e-07,-0.909485669430035,0.111102085335111
11684,-0.551275,-1.92252,-2.34250881031703e-07,-5.36106858269369e-07,-0.915346582363772,-0.777752503801188
11684,-0.517638,-1.93185,-2.34624124170605e-07,-5.37671310461444e-07,-0.910462498171642,0.333308963364261
11784,-0.483844,-1.94059,-2.04928612988598e-07,-5.4588279889516e-07,-0.912416143749915,-0.555523964021929
11784,-0.449902,-1.94874,-2.04813700225762e-07,-5.4602307007451e-07,-0.912416143752077,0.555523964220183
11884,-0.415823,-1.9563,-1.74693740073031e-07,-5.52403933228553e-07,-0.910462498170266,-0.33330896316818
11884,-0.381618,-1.96325,-1.74212247065173e-07,-5.51085586057562e-07,-0.915346582366712,0.777752503993725
11984,-0.347296,-1.96962,-1.43860703297234e-07,-5.55619215072199e-07,-0.909485669429565,-0.111102085145729
12084,-0.312869,-1.97538,-1.13126210070759e-07,-5.57582814330262e-07,-0.919253778305011,-0.999999999895287
12084,-0.278346,-1.98054,-1.12751912039256e-07,-5.55524845807012e-07,-0.909485669430107,0.111102085358526
12184,-0.243739,-1.98509,-8.21557406019206e-08,-5.55647371636738e-07,-0.915346582363447,-0.777752503777644
12184,-0.209057,-1.98904,-8.16923768870417e-08,-5.52167405019419e-07,-0.910462498171781,0.333308963386432
12284,-0.174311,-1.99239,-5.14290695118325e-08,-5.50504176714169e-07,-0.912416143749663,-0.555523964001473
12284,-0.139513,-1.99513,-5.1001955014662e-08,-5.45642995780854e-07,-0.912416143752267,0.555523964238395
12384,-0.104672,-1.99726,-2.12571472662013e-08,-5.42274335678133e-07,-0.910462498170238,-0.333308963148834
12384,-0.069799,-1.99878,-2.09874729541077e-08,-5.36094849641133e-07,-0.915346582367131,0.777752504016471
12484,-0.0349048,-1.9997,8.06647636848823e-09,-5.31122300908543e-07,-0.909485669429557,-0.111102085121833
12584,-4.35203e-16,-2,3.6559783519289e-08,-5.23706593354176e-07,-0.919253778304537,-0.999999999870803
12584,0.0349048,-1.9997,3.6270875961582e-08,-5.17247656745006e-07,-0.909485669430058,0.111102085378513
12684,0.069799,-1.99878,6.37685136332147e-08,-5.08431450555814e-07,-0.915346582363139,-0.777752503762792
12684,0.104672,-1.99726,6.31119620757558e-08,-5.008790829839e-07,-0.9104624981717,0.333308963393593
12784,0.139513,-1.99513,8.94873501463431e-08,-4.90804696585031e-07,-0.912416143749591,-0.555523964001403
12784,0.174311,-1.99239,8.83757309987677e-08,-4.8226793372924e-07,-0.912416143752134,0.555523964232273
12884,0.209057,-1.98904,1.13521581320501e-07,-4.71083863851337e-07,-0.91046249817019,-0.333308963161724
12884,0.243739,-1.98509,1.11879803281086e-07,-4.61682074577502e-07,-0.915346582366752,0.777752503996427
12984,0.278346,-1.98054,1.35708062245714e-07,-4.4954131821222e-07,-0.909485669429543,-0.111102085145531
13084,0.312869,-1.97538,1.58236041068163e-07,-4.35480968815187e-07,-0.919253778305079,-0.999999999897294
13084,0.347296,-1.96962,1.55917464614554e-07,-4.26460424897921e-07,-0.909485669429971,0.111102085349981
13184,0.381618,-1.96325,1.76978561026921e-07,-4.11736065678925e-07,-0.915346582363621,-0.777752503792476
13184,0.415823,-1.9563,1.74055305897133e-07,-4.02128775277073e-07,-0.910462498171561,0.33330896336634
13284,0.449902,-1.94874,1.93617726166807e-07,-3.8689624592282e-07,-0.912416143749886,-0.555523964026324
13284,0.483844,-1.94059,1.90061369507937e-07,-3.76831226191405e-07,-0.912416143751904,0.555523964209538
13384,0.517638,-1.93185,2.08111003467485e-07,-3.61237869383379e-07,-0.910462498170363,-0.333308963182687
13384,0.551275,-1.92252,2.03905829440836e-07,-3.50841094819271e-07,-0.915346582366464,0.777752503976962
13484,0.584743,-1.91261,2.20442150275671e-07,-3.35021000659396e-07,-0.909485669429569,-0.111102085165906
13584,0.618034,-1.90211,2.35304169376439e-07,-3.18004515578573e-07,-0.919253778305519,-0.999999999919186
13584,0.651136,-1.89104,2.30615948595569e-07,-3.08482178929726e-07,-0.909485669429928,0.111102085328226
13684,0.68404,-1.87939,2.4396818978651e-07,-2.91491063775911e-07,-0.915346582363942,-0.777752503814258
13684,0.716736,-1.86716,2.38650734943129e-07,-2.81827216141851e-07,-0.910462498171394,0.333308963343945
13784,0.749213,-1.85437,2.50517369721837e-07,-2.64948200301559e-07,-0.912416143750121,-0.555523964050058
13784,0.781462,-1.84101,2.44570188145838e-07,-2.5522994343438e-07,-0.91241614375158,0.555523964183364
13884,0.813473,-1.82709,2.54972821038433e-07,-2.38532778193545e-07,-0.91046249817049,-0.333308963212306
13884,0.845237,-1.81262,2.48398294768802e-07,-2.28839993629789e-07,-0.915346582365913,0.777752503943214
13984,0.876742,-1.79759,2.57354267300602e-07,-2.12385460805336e-07,-0.909485669429626,-0.1111020852007
14084,0.907981,-1.78201,2.64628025183367e-07,-1.95421213332735e-07,-0.919253778306215,-0.999999999954254
14084,0.938943,-1.7659,2.57681630214234e-07,-1.86640412881626e-07,-0.909485669429858,0.111102085292581
14184,0.969619,-1.74924,2.63555753159649e-07,-1.70089622450749e-07,-0.915346582364524,-0.777752503850263
14184,1,-1.73205,2.55977052326694e-07,-1.61430809096065e-07,-0.910462498171194,0.333308963308465
14284,1.03008,-1.71433,2.60467087856357e-07,-1.45351599954456e-07,-0.91241614375052,-0.55552396408445
14284,1.05984,-1.6961,2.52267179969024e-07,-1.36893457468396e-07,-0.912416143751235,0.55552396415093
14384,1.08928,-1.67734,2.55390313655593e-07,-1.21351017359224e-07,-0.910462498170724,-0.333308963242461
14384,1.11839,-1.65808,2.46589374869993e-07,-1.13175540578659e-07,-0.915346582365498,0.777752503915531
14484,1.14715,-1.6383,2.48370228571038e-07,-9.82461704570324e-08,-0.909485669429676,-0.111102085228531
14584,1.17557,-1.61803,2.48662419031621e-07,-8.34199480011101e-08,-0.919253778306762,-0.999999999982903
14584,1.20363,-1.59727,2.39476241472842e-07,-7.62105752727081e-08,-0.909485669429825,0.1111020852655
14684,1.23132,-1.57602,2.38526565397518e-07,-6.2192911867584e-08,-0.91534658236492,-0.777752503876537
14684,1.25864,-1.55429,2.28804741344931e-07,-5.54278963080439e-08,-0.910462498170955,0.333308963280004
14784,1.28558,-1.53209,2.26673034869877e-07,-4.23111193743283e-08,-0.912416143750819,-0.555523964114867
14784,1.31212,-1.50942,2.16479577686907e-07,-3.60867296237915e-08,-0.912416143750872,0.555523964118932
14884,1.33826,-1.48629,2.13242193781618e-07,-2.39665677938545e-08,-0.910462498170903,-0.333308963276861
14884,1.364,-1.46271,2.02656066327534e-07,-1.83777437697562e-08,-0.915346582364901,0.777752503878194
14984,1.38932,-1.43868,1.98409586164255e-07,-7.35133335418749e-09,-0.909485669429939,-0.111102085257194
14984,1.41421,-1.41421,1.87526208778694e-07,-2.48958323368695e-09,-0.919253778307102,0.999999999999985
5850,1.43868,-1.38932,1.82389261021913e-07,7.34917903906287e-09,0.909485669429985,-0.111102085260202
5849,1.46271,-1.364,1.76253389790477e-07,1.64699943239282e-08,0.915346582364833,0.777752503871339
5849,1.48629,-1.33826,1.65430797928388e-07,1.99655272562033e-08,0.910462498171102,-0.333308963290407
5848,1.50942,-1.31212,1.586602367482e-07,2.77418396287056e-08,0.91241614375073,0.555523964099018
5848,1.53209,-1.28558,1.47812710803658e-07,3.03531324794274e-08,0.912416143751186,-0.555523964140576
5847,1.55429,-1.25864,1.4056913638245e-07,3.67284825538544e-08,0.91046249817085,0.333308963247604
5847,1.57602,-1.23132,1.29834075444097e-07,3.83992588696895e-08,0.91534658236556,-0.777752503916265
5846,1.59727,-1.20363,1.22288376697112e-07,4.33375585053222e-08,0.909485669429786,0.111102085221649
5845,1.61803,-1.17557,1.14206140950229e-07,4.7329803631121e-08,0.919253778306525,0.999999999969829
5845,1.6383,-1.14715,1.0413643426913e-07,4.75148607961496e-08,0.909485669429914,-0.11110208528211
5844,1.65808,-1.11839,9.6064685502751e-08,5.00420135659219e-08,0.915346582364627,0.777752503855747
5844,1.67734,-1.08928,8.64371329139252e-08,4.92469160458301e-08,0.910462498171258,-0.333308963307527
5843,1.6961,-1.05984,7.85554693485556e-08,5.03350203875424e-08,0.912416143750537,0.555523964080912
5843,1.71433,-1.03008,6.95106007257742e-08,4.85618684868202e-08,0.912416143751378,-0.555523964158821
5842,1.73205,-1,6.19930499051276e-08,4.82599745202775e-08,0.910462498170701,0.333308963230334
5842,1.74924,-0.969619,5.36645445442977e-08,4.55280436914581e-08,0.915346582365767,-0.777752503931841
5841,1.7659,-0.938943,4.66768215800186e-08,4.39069122171189e-08,0.909485669429766,0.111102085205045
5840,1.78201,-0.907981,3.97722515997783e-08,4.13944642320225e-08,0.919253778306158,0.99999999995149
5840,1.79759,-0.876742,3.2887941676655e-08,3.7403323593396e-08,0.909485669429983,-0.111102085301555
5839,1.81262,-0.845237,2.67838109613252e-08,3.37258108328036e-08,0.915346582364319,0.777752503835052
5839,1.82709,-0.813473,2.08835950232789e-08,2.89100982987849e-08,0.910462498171384,-0.333308963330046
5838,1.84101,-0.781462,1.5711251315493e-08,2.41882219196601e-08,0.912416143750258,0.555523964056995
5838,1.85437,-0.749213,1.08925685488948e-08,1.86159206498716e-08,0.91241614375167,-0.555523964183538
5837,1.86716,-0.716736,6.76728588249572e-09,1.29830745792127e-08,0.91046249817059,0.333308963203332
5837,1.87939,-0.68404,3.11432861042528e-09,6.73358143629728e-09,0.915346582366259,-0.777752503962114
5836,1.89104,-0.651136,1.35357456924342e-10,3.34081577998787e-10,0.909485669429712,0.11110208517308
5835,1.90211,-0.618034,-2.30179045743562e-09,-6.56498504795253e-09,0.919253778305505,0.999999999918216
5835,1.91261,-0.584743,-4.03161190190634e-09,-1.35168191257441e-08,0.909485669430072,-0.111102085335106
5834,1.92252,-0.551275,-5.17988459546102e-09,-2.09165714810394e-08,0.915346582363824,0.777752503801191
5834,1.93185,-0.517638,-5.61181885991377e-09,-2.83141152407894e-08,0.910462498171638,-0.333308963364257
5833,1.94059,-0.483844,-5.41808526152784e-09,-3.60502521840845e-08,0.912416143749874,0.555523964021932
5833,1.94874,-0.449902,-4.51401529533241e-09,-4.37915193184621e-08,0.91241614375206,-0.555523964220175
5832,1.9563,-0.415823,-2.94088743794051e-09,-5.16960882665965e-08,0.910462498170272,0.333308963168192
5832,1.96325,-0.381618,-6.77189721977491e-10,-5.96747921690332e-08,0.915346582366721,-0.777752503993719
5831,1.96962,-0.347296,2.29734537228818e-09,-6.75779425749275e-08,0.909485669429573,0.111102085145735
5830,1.97538,-0.312869,5.9758506116276e-09,-7.53940774323804e-08,0.919253778305019,0.999999999895301
5830,1.98054,-0.278346,1.03127232908012e-08,-8.34159304551115e-08,0.909485669430095,-0.11110208535852
5829,1.98509,-0.243739,1.53911513911789e-08,-9.0928291087341e-08,0.915346582363408,0.777752503777643
5829,1.98904,-0.209057,2.10917990875646e-08,-9.89283752451512e-08,0.910462498171767,-0.333308963386425
5828,1.99239,-0.174311,2.7547989761153e-08,-1.05966705924516e-07,0.91241614374965,0.555523964001481
5828,1.99513,-0.139513,3.45914917400936e-08,-1.13835032794251e-07,0.912416143752221,-0.555523964238393
5827,1.99726,-0.104672,4.23885645402584e-08,-1.20232422794643e-07,0.910462498170182,0.333308963148836
5827,1.99878,-0.069799,5.07394773505968e-08,-1.27860566655857e-07,0.915346582367075,-0.777752504016468
5826,1.9997,-0.0349048,5.98263049051955e-08,-1.33454853387977e-07,0.909485669429527,0.111102085121839
