origElemNum,globCoord-x,globCoord-y,acouIntensity-x,acouIntensity-y,locCoord-xi,locCoord-eta
5825,2,-2.20442e-18,-2.86901604550489e-09,9.81237336473504e-09,0.919253778304535,0.999999999870795
5825,1.9997,0.0349048,-3.13411830889572e-10,6.97409148211369e-10,0.909485669430051,-0.11110208537854
5824,1.99878,0.069799,4.99999745974304e-09,-8.06395456607412e-09,0.915346582363134,0.7777525037628
5824,1.99726,0.104672,1.3173185990889e-08,-1.67575526735429e-08,0.910462498171695,-0.333308963393583
5823,1.99513,0.139513,2.40665708695411e-08,-2.44269749246589e-08,0.912416143749585,0.555523964001403
5823,1.99239,0.174311,3.78002324380607e-08,-3.23635429602882e-08,0.912416143752112,-0.555523964232293
5822,1.98904,0.209057,5.41670507969696e-08,-3.82289748500653e-08,0.910462498170195,0.33330896316169
5822,1.98509,0.243739,7.3369335578825e-08,-4.50790334926566e-08,0.915346582366752,-0.777752503996411
5821,1.98054,0.278346,9.50285822351733e-08,-4.84385799746609e-08,0.909485669429537,0.111102085145532
5820,1.97538,0.312869,1.1894824375354e-07,-4.99317305721309e-08,0.91925377830504,0.999999999897275
5820,1.96962,0.347296,1.46270908026164e-07,-5.40499129910643e-08,0.909485669429959,-0.111102085350008
5819,1.96325,0.381618,1.75003523327353e-07,-5.19825610178198e-08,0.915346582363608,0.777752503792493
5819,1.9563,0.415823,2.07408435750984e-07,-5.40931056631735e-08,0.910462498171543,-0.333308963366333
5818,1.94874,0.449902,2.4058662438179e-07,-4.78253319300116e-08,0.912416143749872,0.555523964026318
5818,1.94059,0.483844,2.77853290828364e-07,-4.76461952972161e-08,0.912416143751876,-0.555523964209557
5817,1.93185,0.517638,3.15042068315658e-07,-3.65778086836085e-08,0.910462498170338,0.333308963182653
5817,1.92252,0.551275,3.56920053236705e-07,-3.3847722011003e-08,0.915346582366455,-0.777752503976955
5816,1.91261,0.584743,3.97622316817006e-07,-1.74275605896678e-08,0.909485669429567,0.111102085165898
5815,1.90211,0.618034,4.39226553755788e-07,2.27266940272138e-09,0.919253778305533,0.999999999919169
5815,1.89104,0.651136,4.87497647474102e-07,1.03584528019155e-08,0.909485669429933,-0.111102085328256
5814,1.87939,0.68404,5.31683620314546e-07,3.61306306529722e-08,0.915346582363941,0.777752503814277
5814,1.86716,0.716736,5.83764732616868e-07,4.7426177434059e-08,0.910462498171402,-0.333308963343933
5813,1.85437,0.749213,6.2990562076039e-07,7.96634989017005e-08,0.912416143750119,0.555523964050056
5813,1.84101,0.781462,6.85453191928929e-07,9.43283847572065e-08,0.912416143751575,-0.555523964183394
5812,1.82709,0.813473,7.32880144746339e-07,1.33357758668974e-07,0.910462498170486,0.333308963212263
5812,1.81262,0.845237,7.91533132725777e-07,1.51520528439014e-07,0.915346582365915,-0.777752503943209
5811,1.79759,0.876742,8.39540849877976e-07,1.97601166986503e-07,0.909485669429635,0.111102085200681
5810,1.78201,0.907981,8.86536596676318e-07,2.47594419970826e-07,0.919253778306195,0.999999999954235
5810,1.7659,0.938943,9.48774986644581e-07,2.72680815380468e-07,0.909485669429844,-0.111102085292603
5809,1.74924,0.969619,9.95151025591572e-07,3.29955619079933e-07,0.915346582364538,0.777752503850291
5809,1.73205,1,1.05942986290867e-06,3.58781332869682e-07,0.910462498171199,-0.333308963308445
5808,1.71433,1.03008,1.10440874566518e-06,4.23418980334048e-07,0.912416143750526,0.555523964084446
5808,1.6961,1.05984,1.17031830818688e-06,4.55982818307303e-07,0.912416143751246,-0.555523964150953
5807,1.67734,1.08928,1.21310006887568e-06,5.27991223357396e-07,0.910462498170725,0.333308963242434
5807,1.65808,1.11839,1.28022244339669e-06,5.64255175049622e-07,0.915346582365508,-0.777752503915519
5806,1.6383,1.14715,1.31998968072941e-06,6.43562948296706e-07,0.909485669429676,0.11110208522853
5805,1.61803,1.17557,1.356558472187e-06,7.26591270392818e-07,0.919253778306765,0.999999999982884
5805,1.59727,1.20363,1.42382871013607e-06,7.69904382822085e-07,0.909485669429817,-0.111102085265541
5804,1.57602,1.23132,1.45607182509966e-06,8.5992030781388e-07,0.9153465823649,0.777752503876539
5804,1.55429,1.25864,1.52337072874409e-06,9.06664567826247e-07,0.910462498170939,-0.333308963279996
5803,1.53209,1.28558,1.55047684782999e-06,1.00337923200126e-06,0.912416143750815,0.555523964114853
5803,1.50942,1.31212,1.61738723393637e-06,1.05336802617992e-06,0.91241614375085,-0.555523964118972
5802,1.48629,1.33826,1.63856567447203e-06,1.15640195847151e-06,0.910462498170897,0.333308963276791
5802,1.46271,1.364,1.70468054923867e-06,1.20941099599066e-06,0.915346582364929,-0.77775250387822
5801,1.43868,1.38932,1.71917126363125e-06,1.31829215284447e-06,0.909485669429954,0.111102085257182
5801,1.41421,1.41421,1.78409703247566e-06,1.37405989636357e-06,0.919253778307104,-0.999999999999994
850,1.38932,1.43868,1.79118277213671e-06,1.48822297542331e-06,0.909485669429991,-0.111102085260227
849,1.364,1.46271,1.79266497926868e-06,1.60454765416155e-06,0.915346582364834,0.777752503871359
849,1.33826,1.48629,1.85356226281846e-06,1.6652442891339e-06,0.910462498171096,-0.333308963290402
848,1.31212,1.50942,1.84666059112723e-06,1.78574949807485e-06,0.912416143750729,0.555523964099008
848,1.28558,1.53209,1.90536251323736e-06,1.8482915792534e-06,0.912416143751184,-0.555523964140596
847,1.25864,1.55429,1.88953488596599e-06,1.97219559680421e-06,0.910462498170846,0.333308963247574
847,1.23132,1.57602,1.94573595689689e-06,2.03619102669296e-06,0.915346582365554,-0.777752503916259
846,1.20363,1.59727,1.92052164131205e-06,2.16263582416692e-06,0.90948566942978,0.111102085221654
845,1.17557,1.61803,1.8888789167865e-06,2.2894718903577e-06,0.919253778306528,0.999999999969813
845,1.14715,1.6383,1.93897802438453e-06,2.35573189330754e-06,0.909485669429915,-0.111102085282135
844,1.11839,1.65808,1.8974795661843e-06,2.48361405226414e-06,0.915346582364625,0.777752503855763
844,1.08928,1.67734,1.94440073866944e-06,2.55008593132103e-06,0.910462498171253,-0.333308963307521
843,1.05984,1.6961,1.89284620538264e-06,2.67803822778446e-06,0.912416143750542,0.555523964080906
843,1.03008,1.71433,1.93643226292804e-06,2.74426127577315e-06,0.912416143751377,-0.555523964158847
842,1,1.73205,1.87472544967501e-06,2.87128470941582e-06,0.910462498170698,0.333308963230309
842,0.969619,1.74924,1.9148615230673e-06,2.93679392919564e-06,0.915346582365766,-0.777752503931825
841,0.938943,1.7659,1.84301138833439e-06,3.06187398782226e-06,0.909485669429764,0.111102085205048
840,0.907981,1.78201,1.76483605267021e-06,3.18468865077044e-06,0.919253778306164,0.99999999995148
840,0.876742,1.79759,1.79774090021858e-06,3.24831910100854e-06,0.909485669429979,-0.11110208530158
839,0.845237,1.81262,1.70972469289134e-06,3.36758466073781e-06,0.91534658236432,0.777752503835068
839,0.813473,1.82709,1.73909177631196e-06,3.42914593574882e-06,0.91046249817139,-0.33330896333004
838,0.781462,1.84101,1.64149883139898e-06,3.54387378196035e-06,0.912416143750255,0.555523964056983
838,0.749213,1.85437,1.66737615697032e-06,3.60291151171689e-06,0.912416143751674,-0.555523964183563
837,0.716736,1.86716,1.56055685201178e-06,3.71214152406902e-06,0.910462498170584,0.333308963203304
837,0.68404,1.87939,1.58303189484749e-06,3.76821526571127e-06,0.915346582366261,-0.777752503962098
836,0.651136,1.89104,1.46741698366301e-06,3.87102342577156e-06,0.909485669429719,0.111102085173086
835,0.618034,1.90211,1.34670687724101e-06,3.9691684605475e-06,0.919253778305509,0.999999999918205
835,0.584743,1.91261,1.36270967823541e-06,4.01921750301879e-06,0.909485669430073,-0.111102085335132
834,0.551275,1.92252,1.23408849160014e-06,4.1096112594147e-06,0.915346582363819,0.777752503801204
834,0.517638,1.93185,1.24717532376455e-06,4.15551050704726e-06,0.910462498171637,-0.333308963364254
833,0.483844,1.94059,1.11125406972811e-06,4.23738912714764e-06,0.912416143749877,0.55552396402192
833,0.449902,1.94874,1.12165936601053e-06,4.27881107860959e-06,0.91241614375206,-0.555523964220202
832,0.415823,1.9563,9.79110958552325e-07,4.3515023868688e-06,0.910462498170279,0.333308963168166
832,0.381618,1.96325,9.87100374227894e-07,4.38817025195136e-06,0.915346582366717,-0.777752503993703
831,0.347296,1.96962,8.38650829197037e-07,4.45110020290108e-06,0.909485669429573,0.111102085145737
830,0.312869,1.97538,6.86939860281505e-07,4.50774573050812e-06,0.919253778305012,0.99999999989529
830,0.278346,1.98054,6.90937976497973e-07,4.53547727451849e-06,0.909485669430091,-0.111102085358547
829,0.243739,1.98509,5.34586400769067e-07,4.58164904326184e-06,0.915346582363415,0.77775250377766
829,0.209057,1.98904,5.37098181653418e-07,4.6040701886571e-06,0.910462498171767,-0.333308963386422
828,0.174311,1.99239,3.76944318442668e-07,4.6394307480358e-06,0.912416143749651,0.55552396400147
828,0.139513,1.99513,3.78306550031024e-07,4.65644623397081e-06,0.912416143752224,-0.555523964238419
827,0.104672,1.99726,2.15223160400746e-07,4.68073677852719e-06,0.910462498170184,0.33330896314881
827,0.069799,1.99878,2.15778696468759e-07,4.69228695980382e-06,0.915346582367074,-0.777752504016452
826,0.0349048,1.9997,5.06704230054172e-08,4.70532069552124e-06,0.909485669429527,0.111102085121841
825,1.27747e-16,2,-1.15388779853774e-07,4.71137591272175e-06,0.919253778304535,0.999999999870799
825,-0.0349048,1.9997,-1.15429839854251e-07,4.71303136123944e-06,0.909485669430051,-0.111102085378537
824,-0.069799,1.99878,-2.81965409257707e-07,4.70768438226548e-06,0.915346582363134,0.777752503762801
824,-0.104672,1.99726,-2.81761773906023e-07,4.70381351380552e-06,0.910462498171695,-0.333308963393583
823,-0.139513,1.99513,-4.47781241835387e-07,4.68706232324996e-06,0.912416143749585,0.555523964001401
823,-0.174311,1.99239,-4.46985785651473e-07,4.67771204797473e-06,0.912416143752112,-0.555523964232297
822,-0.209057,1.98904,-6.11477525698896e-07,4.64962885763345e-06,0.910462498170195,0.333308963161685
822,-0.243739,1.98509,-6.0974801674292e-07,4.63487660048276e-06,0.915346582366744,-0.777752503996403
821,-0.278346,1.98054,-7.71688058676743e-07,4.59561600704846e-06,0.909485669429538,0.111102085145537
820,-0.312869,1.97538,-9.31727622192099e-07,4.54975090571954e-06,0.919253778305041,0.999999999897278
820,-0.347296,1.96962,-9.27056097188108e-07,4.5253774320454e-06,0.90948566942996,-0.111102085350006
819,-0.381618,1.96325,-1.08286577124694e-06,4.46881973259527e-06,0.915346582363608,0.777752503792493
819,-0.415823,1.9563,-1.07625580315072e-06,4.43939960557197e-06,0.910462498171543,-0.333308963366333
818,-0.449902,1.94874,-1.22685860141081e-06,4.37255189145632e-06,0.912416143749872,0.555523964026316
818,-0.483844,1.94059,-1.21801621111505e-06,4.33830899614772e-06,0.912416143751875,-0.555523964209561
817,-0.517638,1.93185,-1.36248599577639e-06,4.26166934155572e-06,0.910462498170336,0.333308963182646
817,-0.551275,1.92252,-1.35114210053698e-06,4.22287025304586e-06,0.915346582366457,-0.777752503976948
816,-0.584743,1.91261,-1.48861761597726e-06,4.13703117114608e-06,0.909485669429562,0.111102085165907
815,-0.618034,1.90211,-1.62160434237528e-06,4.04619654686962e-06,0.919253778305526,0.999999999919175
815,-0.651136,1.89104,-1.60423102253445e-06,3.99962379815448e-06,0.909485669429935,-0.111102085328253
814,-0.68404,1.87939,-1.72899529163797e-06,3.90075292477694e-06,0.915346582363941,0.777752503814277
814,-0.716736,1.86716,-1.70842621134574e-06,3.85054720893862e-06,0.910462498171402,-0.333308963343933
813,-0.749213,1.85437,-1.82434023314022e-06,3.74443108446611e-06,0.912416143750117,0.555523964050053
813,-0.781462,1.84101,-1.80043405046243e-06,3.6909946918577e-06,0.912416143751584,-0.555523964183396
812,-0.813473,1.82709,-1.90696659710571e-06,3.57847875113483e-06,0.910462498170484,0.33330896321226
812,-0.845237,1.81262,-1.87962125340764e-06,3.52223634268195e-06,0.91534658236591,-0.7777525039432
811,-0.876742,1.79759,-1.97634293136622e-06,3.40421289866199e-06,0.909485669429639,0.111102085200672
810,-0.907981,1.78201,-2.06721032221023e-06,3.28359205631477e-06,0.919253778306197,0.999999999954239
810,-0.938943,1.7659,-2.03208324916618e-06,3.22300679416333e-06,0.909485669429848,-0.111102085292613
809,-0.969619,1.74924,-2.11267139857096e-06,3.09838638374413e-06,0.915346582364533,0.777752503850298
809,-1,1.73205,-2.07394990367141e-06,3.03627693787413e-06,0.910462498171205,-0.333308963308436
808,-1.03008,1.71433,-2.14410426580192e-06,2.90862217031745e-06,0.912416143750522,0.55552396408444
808,-1.05984,1.6961,-2.10185389840291e-06,2.84546784901883e-06,0.912416143751243,-0.555523964150944
807,-1.08928,1.67734,-2.16152125528707e-06,2.71575612170621e-06,0.910462498170733,0.33330896324243
807,-1.11839,1.65808,-2.11585058729602e-06,2.65203594097288e-06,0.915346582365511,-0.777752503915504
806,-1.14715,1.6383,-2.16507755266627e-06,2.52124659469994e-06,0.909485669429678,0.11110208522852
805,-1.17557,1.61803,-2.20838221741969e-06,2.39041442336398e-06,0.91925377830677,0.999999999982889
805,-1.20363,1.59727,-2.15506457858662e-06,2.32653536759377e-06,0.909485669429819,-0.111102085265551
804,-1.23132,1.57602,-2.18818152723398e-06,2.19614909524796e-06,0.915346582364893,0.777752503876544
804,-1.25864,1.55429,-2.13190112042181e-06,2.13302744663256e-06,0.910462498170937,-0.333308963279986
803,-1.28558,1.53209,-2.15510977268473e-06,2.00401219172984e-06,0.912416143750809,0.555523964114847
803,-1.31212,1.50942,-2.09612485015252e-06,1.94207557523232e-06,0.912416143750849,-0.555523964118962
802,-1.33826,1.48629,-2.10978367096092e-06,1.81531771905863e-06,0.910462498170897,0.333308963276791
802,-1.364,1.46271,-2.04838231152246e-06,1.75496752303437e-06,0.915346582364928,-0.77775250387821
801,-1.38932,1.43868,-2.05292330860666e-06,1.63130641564397e-06,0.909485669429954,0.111102085257172
801,-1.41421,1.41421,-1.98941980636019e-06,1.572914334776e-06,0.919253778307104,-0.999999999999994
15850,-1.43868,1.38932,-1.98534239097668e-06,1.45313624728385e-06,0.909485669429991,-0.111102085260237
15849,-1.46271,1.364,-1.97657076537093e-06,1.33601450823466e-06,0.915346582364828,0.777752503871364
15849,-1.48629,1.33826,-1.90794194730435e-06,1.28187349057214e-06,0.910462498171103,-0.333308963290387
15848,-1.50942,1.31212,-1.89145080046018e-06,1.16975968869457e-06,0.912416143750729,0.555523964099008
15848,-1.53209,1.28558,-1.82170107284161e-06,1.11848536254449e-06,0.912416143751185,-0.555523964140586
15847,-1.55429,1.25864,-1.79814394936199e-06,1.01199699863899e-06,0.910462498170851,0.333308963247569
15847,-1.57602,1.23132,-1.72767032231186e-06,9.63832193331333e-07,0.915346582365555,-0.777752503916249
15846,-1.59727,1.20363,-1.69775017968444e-06,8.63511543866742e-07,0.909485669429784,0.111102085221639
15845,-1.61803,1.17557,-1.66449556697217e-06,7.67002107637138e-07,0.919253778306531,0.999999999969823
15845,-1.6383,1.14715,-1.59142460694443e-06,7.24971744882692e-07,0.909485669429917,-0.111102085282151
15844,-1.65808,1.11839,-1.55298557115003e-06,6.3532932174249e-07,0.915346582364627,0.777752503855772
15844,-1.67734,1.08928,-1.48036515469361e-06,5.9692559327323e-07,0.910462498171251,-0.333308963307506
15843,-1.6961,1.05984,-1.4375367848642e-06,5.14480453325038e-07,0.912416143750542,0.555523964080906
15843,-1.71433,1.03008,-1.36579881350523e-06,4.79799285231386e-07,0.912416143751375,-0.555523964158831
15842,-1.73205,1,-1.31939513697275e-06,4.04797362568431e-07,0.910462498170697,0.333308963230296
15842,-1.74924,0.969619,-1.24897052462111e-06,3.73896041205935e-07,0.915346582365764,-0.777752503931822
15841,-1.7659,0.938943,-1.19981657716924e-06,3.06497788606494e-07,0.909485669429762,0.111102085205035
15840,-1.78201,0.907981,-1.14940303201522e-06,2.43535253270945e-07,0.919253778306162,0.999999999951483
15840,-1.79759,0.876742,-1.08005543635966e-06,2.19675292977913e-07,0.909485669429984,-0.111102085301589
15839,-1.81262,0.845237,-1.02818597773816e-06,1.64397882152612e-07,0.915346582364318,0.777752503835071
15839,-1.82709,0.813473,-9.61356380926596e-07,1.44300663950509e-07,0.910462498171391,-0.333308963330024
15838,-1.84101,0.781462,-9.08853631730112e-07,9.66446145957872e-08,0.912416143750253,0.555523964056986
15838,-1.85437,0.749213,-8.44947871178145e-07,8.02231740078517e-08,0.912416143751674,-0.555523964183544
15837,-1.86716,0.716736,-7.92622724608271e-07,4.00385651370889e-08,0.910462498170589,0.333308963203294
15837,-1.87939,0.68404,-7.32032828939167e-07,2.71711421652989e-08,0.915346582366259,-0.777752503962095
15836,-1.89104,0.651136,-6.80676432217551e-07,-5.77762676903234e-09,0.909485669429715,0.111102085173074
15835,-1.90211,0.618034,-6.30106286640389e-07,-3.47246798167008e-08,0.919253778305508,0.999999999918209
15835,-1.91261,0.584743,-5.74152619094742e-07,-4.12789458968025e-08,0.909485669430068,-0.111102085335144
15834,-1.92252,0.551275,-5.25720260134574e-07,-6.35408817564364e-08,0.915346582363818,0.777752503801208
15834,-1.93185,0.517638,-4.74130759591839e-07,-6.70539091919411e-08,0.910462498171639,-0.333308963364235
15833,-1.94059,0.483844,-4.28533277931411e-07,-8.30794858496349e-08,0.912416143749876,0.555523964021923
15833,-1.94874,0.449902,-3.81617728908905e-07,-8.37981767709387e-08,0.912416143752063,-0.555523964220183
15832,-1.9563,0.415823,-3.39498489566073e-07,-9.41081613366196e-08,0.910462498170272,0.333308963168156
15832,-1.96325,0.381618,-2.97535007522646e-07,-9.2305512979214e-08,0.915346582366716,-0.7777525039937
15831,-1.96962,0.347296,-2.5947536945581e-07,-9.748515371439e-08,0.909485669429575,0.111102085145728
15830,-1.97538,0.312869,-2.23758188543674e-07,-1.00091133033258e-07,0.91925377830502,0.999999999895294
15830,-1.98054,0.278346,-1.89219259935475e-07,-9.41470472333074e-08,0.909485669430092,-0.111102085358556
15829,-1.98509,0.243739,-1.58310316562328e-07,-9.26681276843042e-08,0.915346582363415,0.777752503777664
15829,-1.98904,0.209057,-1.2937339407608e-07,-8.50957348319454e-08,0.910462498171765,-0.333308963386404
15828,-1.99239,0.174311,-1.03662554786498e-07,-8.0240477375295e-08,0.912416143749651,0.555523964001473
15828,-1.99513,0.139513,-8.04642169668012e-08,-7.13848200736371e-08,0.912416143752222,-0.5555239642384
15827,-1.99726,0.104672,-6.02614471033248e-08,-6.38919057908377e-08,0.910462498170184,0.3333089631488
15827,-1.99878,0.069799,-4.28989250286798e-08,-5.41069039400398e-08,0.915346582367074,-0.777752504016448
15826,-1.9997,0.0349048,-2.84327563479088e-08,-4.47370942832849e-08,0.909485669429527,0.111102085121831
15825,-2,2.46315e-16,-1.69639689341323e-08,-3.47665447389385e-08,0.919253778304535,0.999999999870803
15825,-1.9997,-0.0349048,-8.38059902921251e-09,-2.39108211371273e-08,0.909485669430051,-0.111102085378547
15824,-1.99878,-0.069799,-2.80947724306283e-09,-1.32938499906129e-08,0.915346582363134,0.777752503762804
15824,-1.99726,-0.104672,-1.87412237510539e-10,-2.55773142720003e-09,0.910462498171696,-0.333308963393566
15823,-1.99513,-0.139513,-5.28131292587319e-10,7.92305908800774e-09,0.912416143749586,0.555523964001405
15823,-1.99239,-0.174311,-3.81433100379922e-09,1.81774651269503e-08,0.912416143752114,-0.555523964232279
15822,-1.98904,-0.209057,-9.99835532263066e-09,2.77432070137051e-08,0.910462498170195,0.333308963161688
15822,-1.98509,-0.243739,-1.91013295432383e-08,3.71605053868349e-08,0.915346582366744,-0.7777525039964
15821,-1.98054,-0.278346,-3.09775957563507e-08,4.50441490817941e-08,0.909485669429545,0.111102085145526
15820,-1.97538,-0.312869,-4.54887207137136e-08,5.15162459619664e-08,0.919253778305042,0.999999999897283
15820,-1.96962,-0.347296,-6.31033168715006e-08,5.87332983738893e-08,0.909485669429957,-0.111102085350017
15819,-1.96325,-0.381618,-8.28688256347208e-08,6.23652645319722e-08,0.915346582363609,0.777752503792499
15819,-1.9563,-0.415823,-1.05894722620798e-07,6.77604435054221e-08,0.910462498171549,-0.333308963366345
15818,-1.94874,-0.449902,-1.30555934200191e-07,6.78584308181755e-08,0.912416143749872,0.555523964026319
15818,-1.94059,-0.483844,-1.58755876178148e-07,7.11308013064819e-08,0.91241614375188,-0.555523964209544
15817,-1.93185,-0.517638,-1.87878446148151e-07,6.70459398983296e-08,0.910462498170337,0.33330896318265
15817,-1.92252,-0.551275,-2.20980788893741e-07,6.79185868451639e-08,0.915346582366458,-0.777752503976945
15816,-1.91261,-0.584743,-2.54060282590063e-07,5.90570375769973e-08,0.909485669429567,0.111102085165898
15815,-1.90211,-0.618034,-2.88483519648468e-07,4.71909860268117e-08,0.919253778305528,0.999999999919178
15815,-1.89104,-0.651136,-3.28230434667387e-07,4.31115358359459e-08,0.90948566942994,-0.111102085328262
15814,-1.87939,-0.68404,-3.6566634349448e-07,2.56862504878373e-08,0.915346582363942,0.77775250381428
15814,-1.86716,-0.716736,-4.09434976524561e-07,1.85290919041968e-08,0.910462498171397,-0.333308963343943
15813,-1.85437,-0.749213,-4.49235547925057e-07,-4.87129959047748e-09,0.912416143750119,0.555523964050056
15813,-1.84101,-0.781462,-4.96649606793792e-07,-1.52647159089558e-08,0.912416143751582,-0.555523964183381
15812,-1.82709,-0.813473,-5.38125098496482e-07,-4.49809904760478e-08,0.910462498170486,0.333308963212263
15812,-1.81262,-0.845237,-5.88791805352059e-07,-5.87341648187636e-08,0.915346582365912,-0.777752503943197
15811,-1.79759,-0.876742,-6.31219231774825e-07,-9.50303288197573e-08,0.909485669429641,0.111102085200675
15810,-1.78201,-0.907981,-6.73097000064405e-07,-1.35069536465378e-07,0.919253778306197,0.999999999954239
15810,-1.7659,-0.938943,-7.27364315656575e-07,-1.55294538517615e-07,0.90948566942985,-0.11110208529261
15809,-1.74924,-0.969619,-7.68991176069831e-07,-2.02145427306464e-07,0.915346582364535,0.777752503850301
15809,-1.73205,-1,-8.25378477467771e-07,-2.25936955020291e-07,0.9104624981712,-0.333308963308458
15808,-1.71433,-1.03008,-8.65978661956397e-07,-2.7966576693055e-07,0.912416143750526,0.555523964084446
15808,-1.6961,-1.05984,-9.24058781163238e-07,-3.07008719630383e-07,0.912416143751243,-0.555523964150944
15807,-1.67734,-1.08928,-9.62845400069967e-07,-3.6760385751899e-07,0.910462498170725,0.333308963242434
15807,-1.65808,-1.11839,-1.02219032909031e-06,-3.98447125750873e-07,0.915346582365503,-0.7777525039155
15806,-1.6383,-1.14715,-1.05837427061758e-06,-4.65818602449438e-07,0.90948566942967,0.111102085228524
15805,-1.61803,-1.17557,-1.09191135932931e-06,-5.36754799523622e-07,0.919253778306763,0.999999999982893
15805,-1.59727,-1.20363,-1.15135739059259e-06,-5.74054889358452e-07,0.909485669429812,-0.111102085265547
15804,-1.57602,-1.23132,-1.1810591440898e-06,-6.51439402958316e-07,0.915346582364898,0.777752503876549
15804,-1.55429,-1.25864,-1.24060684172057e-06,-6.91943260241832e-07,0.910462498170935,-0.333308963280012
15803,-1.53209,-1.28558,-1.26572057050576e-06,-7.75479977020587e-07,0.912416143750815,0.555523964114853
15803,-1.50942,-1.31212,-1.32496966841982e-06,-8.19000988125064e-07,0.912416143750855,-0.555523964118957
15802,-1.48629,-1.33826,-1.34477410892085e-06,-9.08313732118955e-07,0.910462498170897,0.333308963276791
15802,-1.46271,-1.364,-1.40334071521058e-06,-9.54633854366495e-07,0.915346582364928,-0.77775250387821
15801,-1.43868,-1.38932,-1.41715470822488e-06,-1.04926867603998e-06,0.909485669429954,0.111102085257172
15801,-1.41421,-1.41421,-1.47467418124176e-06,-1.09814004048249e-06,0.919253778307098,-0.999999999999989
10084,-1.38932,-1.43868,-1.48186498545822e-06,-1.19756651832327e-06,-0.909485669429983,0.111102085260242
10184,-1.364,-1.46271,-1.48422943222192e-06,-1.29907137448422e-06,-0.915346582364814,-0.777752503871363
10184,-1.33826,-1.48629,-1.53798354334247e-06,-1.35232805323976e-06,-0.910462498171062,0.333308963290425
10284,-1.31212,-1.50942,-1.53287094608044e-06,-1.45761005611022e-06,-0.912416143750702,-0.555523964098991
10284,-1.28558,-1.53209,-1.5846761935028e-06,-1.51257665562794e-06,-0.912416143751175,0.55552396414059
10384,-1.25864,-1.55429,-1.57162007713014e-06,-1.62092492532682e-06,-0.910462498170858,-0.333308963247603
10384,-1.23132,-1.57602,-1.62120243494787e-06,-1.67724499880886e-06,-0.915346582365569,0.777752503916277
10484,-1.20363,-1.59727,-1.59981025056549e-06,-1.7878875862508e-06,-0.909485669429755,-0.111102085221656
10584,-1.17557,-1.61803,-1.57285370494771e-06,-1.89899738458203e-06,-0.919253778306467,-0.999999999969833
10584,-1.14715,-1.6383,-1.61688192416575e-06,-1.95729294643979e-06,-0.909485669429891,0.111102085282108
10684,-1.11839,-1.65808,-1.58118640365987e-06,-2.06935088523666e-06,-0.915346582364624,-0.777752503855743
10684,-1.08928,-1.67734,-1.62239049111831e-06,-2.12786918245803e-06,-0.910462498171255,0.333308963307532
10784,-1.05984,-1.6961,-1.57778436547269e-06,-2.23998450624053e-06,-0.912416143750544,-0.555523964080908
10784,-1.03008,-1.71433,-1.61601208958962e-06,-2.2982893889517e-06,-0.912416143751393,0.555523964158839
10884,-1,-1.73205,-1.56241415553629e-06,-2.40954353329871e-06,-0.910462498170715,-0.333308963230315
10884,-0.969619,-1.74924,-1.59755233316918e-06,-2.46719218596797e-06,-0.915346582365772,0.777752503931858
10984,-0.938943,-1.7659,-1.53497570925876e-06,-2.57665409586592e-06,-0.909485669429763,-0.111102085205032
11084,-0.907981,-1.78201,-1.46691396411807e-06,-2.68417130002907e-06,-0.919253778306154,-0.99999999995149
11084,-0.876742,-1.79759,-1.49550084075429e-06,-2.73993695135881e-06,-0.909485669429981,0.111102085301552
11184,-0.845237,-1.81262,-1.41873804000343e-06,-2.84419424859347e-06,-0.915346582364332,-0.777752503835052
11184,-0.813473,-1.82709,-1.44415519814759e-06,-2.89802549323092e-06,-0.910462498171421,0.333308963330044
11284,-0.781462,-1.84101,-1.35894331506217e-06,-2.99811916601581e-06,-0.912416143750289,-0.555523964056998
11284,-0.749213,-1.85437,-1.38123400678669e-06,-3.04958567601111e-06,-0.912416143751684,0.555523964183542
11384,-0.716736,-1.86716,-1.28790737516432e-06,-3.14464419903324e-06,-0.910462498170579,-0.333308963203316
11384,-0.68404,-1.87939,-1.30715437727127e-06,-3.19333375847065e-06,-0.915346582366256,0.777752503962127
11484,-0.651136,-1.89104,-1.20612222854862e-06,-3.28252882539198e-06,-0.9094856694297,-0.111102085173069
11584,-0.618034,-1.90211,-1.10070779521783e-06,-3.36760631858467e-06,-0.919253778305473,-0.9999999999182
11584,-0.584743,-1.91261,-1.11418519421332e-06,-3.41060516963377e-06,-0.909485669430035,0.111102085335111
11684,-0.551275,-1.92252,-1.00188919410465e-06,-3.48864055360111e-06,-0.915346582363772,-0.777752503801188
11684,-0.517638,-1.93185,-1.01279625824325e-06,-3.52779649169768e-06,-0.910462498171642,0.333308963364261
11784,-0.483844,-1.94059,-8.94195032908208e-07,-3.59812061627367e-06,-0.912416143749915,-0.555523964021929
11784,-0.449902,-1.94874,-9.02751711422019e-07,-3.63313842952016e-06,-0.912416143752077,0.555523964220183
11884,-0.415823,-1.9563,-7.78479378859186e-07,-3.69516046608694e-06,-0.910462498170266,-0.33330896316818
11884,-0.381618,-1.96325,-7.84933045945157e-07,-3.72578959985648e-06,-0.915346582366712,0.777752503993725
11984,-0.347296,-1.96962,-6.5567398973329e-07,-3.77900154819142e-06,-0.909485669429565,-0.111102085145729
12084,-0.312869,-1.97538,-5.23737240885303e-07,-3.82666570706385e-06,-0.919253778305011,-0.999999999895287
12084,-0.278346,-1.98054,-5.26778753503469e-07,-3.84901034886909e-06,-0.909485669430107,0.111102085358526
12184,-0.243739,-1.98509,-3.91051019748466e-07,-3.88723638638717e-06,-0.915346582363447,-0.777752503777644
12184,-0.209057,-1.98904,-3.92852616200456e-07,-3.90467799585772e-06,-0.910462498171781,0.333308963386432
12284,-0.174311,-1.99239,-2.54127330613498e-07,-3.9331663380456e-06,-0.912416143749663,-0.555523964001473
12284,-0.139513,-1.99513,-2.55000513803489e-07,-3.94561555197593e-06,-0.912416143752267,0.555523964238395
12384,-0.104672,-1.99726,-1.14102325970131e-07,-3.96414164595287e-06,-0.910462498170238,-0.333308963148834
12384,-0.069799,-1.99878,-1.1436474300976e-07,-3.97154860690422e-06,-0.915346582367131,0.777752504016471
12484,-0.0349048,-1.9997,2.78556380082741e-08,-3.97996669538129e-06,-0.909485669429557,-0.111102085121833
12584,-4.35203e-16,-2,1.70564484434892e-07,-3.98231948696094e-06,-0.919253778304537,-0.999999999870803
12584,0.0349048,-1.9997,1.70549937283618e-07,-3.98056092759155e-06,-0.909485669430058,0.111102085378513
12684,0.069799,-1.99878,3.13141452729498e-07,-3.97275429810991e-06,-0.915346582363139,-0.777752503762792
12684,0.104672,-1.99726,3.12764011995775e-07,-3.96595900866083e-06,-0.9104624981717,0.333308963393593
12784,0.139513,-1.99513,4.54328608383903e-07,-3.94805499574104e-06,-0.912416143749591,-0.555523964001403
12784,0.174311,-1.99239,4.53273741531629e-07,-3.93630499787851e-06,-0.912416143752134,0.555523964232273
12884,0.209057,-1.98904,5.9289816532246e-07,-3.90843854638472e-06,-0.91046249817019,-0.333308963161724
12884,0.243739,-1.98509,5.90859282397877e-07,-3.89184294049866e-06,-0.915346582366752,0.777752503996427
12984,0.278346,-1.98054,7.27633977150843e-07,-3.85422271722622e-06,-0.909485669429543,-0.111102085145531
13084,0.312869,-1.97538,8.62362861810235e-07,-3.81105248393086e-06,-0.919253778305079,-0.999999999897294
13084,0.347296,-1.96962,8.57344241435946e-07,-3.78582613927209e-06,-0.909485669429971,0.111102085349981
13184,0.381618,-1.96325,9.87767360774825e-07,-3.73343562710531e-06,-0.915346582363621,-0.777752503792476
13184,0.415823,-1.9563,9.80877000360414e-07,-3.70377919060817e-06,-0.910462498171561,0.33330896336634
13284,0.449902,-1.94874,1.10615474033602e-06,-3.64258867382101e-06,-0.912416143749886,-0.555523964026324
13284,0.483844,-1.94059,1.09714033044131e-06,-3.60872995913141e-06,-0.912416143751904,0.555523964209538
13384,0.517638,-1.93185,1.21648405568354e-06,-3.53924056530533e-06,-0.910462498170363,-0.333308963182687
13384,0.551275,-1.92252,1.20511731908463e-06,-3.50144102866915e-06,-0.915346582366464,0.777752503976962
13484,0.584743,-1.91261,1.31780059634751e-06,-3.42423591165239e-06,-0.909485669429569,-0.111102085165906
13584,0.618034,-1.90211,1.42626968038825e-06,-3.34302526072388e-06,-0.919253778305519,-0.999999999919186
13584,0.651136,-1.89104,1.40925426438981e-06,-3.29853348861544e-06,-0.909485669429928,0.111102085328226
13684,0.68404,-1.87939,1.51004854036066e-06,-3.21072153567901e-06,-0.915346582363942,-0.777752503814258
13684,0.716736,-1.86716,1.49011791162118e-06,-3.16319998171034e-06,-0.910462498171394,0.333308963343945
13784,0.749213,-1.85437,1.58274197532898e-06,-3.06955099812588e-06,-0.912416143750121,-0.555523964050058
13784,0.781462,-1.84101,1.55979726222933e-06,-3.01938658204535e-06,-0.91241614375158,0.555523964183364
13884,0.813473,-1.82709,1.64385178504056e-06,-2.9207072018096e-06,-0.91046249817049,-0.333308963212306
13884,0.845237,-1.81262,1.61783135135714e-06,-2.86830341502735e-06,-0.915346582365913,0.777752503943214
13984,0.876742,-1.79759,1.69301402005762e-06,-2.76543192816089e-06,-0.909485669429626,-0.1111020852007
14084,0.907981,-1.78201,1.76295152443381e-06,-2.66073389811917e-06,-0.919253778306215,-0.999999999954254
14084,0.938943,-1.7659,1.72999954595346e-06,-2.60500367456963e-06,-0.909485669429858,0.111102085292581
14184,0.969619,-1.74924,1.79077944004769e-06,-2.49749157220184e-06,-0.915346582364524,-0.777752503850263
14184,1,-1.73205,1.75471332604878e-06,-2.44072289538637e-06,-0.910462498171194,0.333308963308465
14284,1.03008,-1.71433,1.80628272957505e-06,-2.33126699082734e-06,-0.91241614375052,-0.55552396408445
14284,1.05984,-1.6961,1.76718955674721e-06,-2.273888386975e-06,-0.912416143751235,0.55552396415093
14384,1.08928,-1.67734,1.80958189249559e-06,-2.16334748772419e-06,-0.910462498170724,-0.333308963242461
14384,1.11839,-1.65808,1.76758242255079e-06,-2.10577902877328e-06,-0.915346582365498,0.777752503915531
14484,1.14715,-1.6383,1.80091500169643e-06,-1.99499881421765e-06,-0.909485669429676,-0.111102085228531
14584,1.17557,-1.61803,1.8291724838906e-06,-1.88461219465244e-06,-0.919253778306762,-0.999999999982903
14584,1.20363,-1.59727,1.78063781705517e-06,-1.82746813613955e-06,-0.909485669429825,0.1111020852655
14684,1.23132,-1.57602,1.80017861667869e-06,-1.71815089061927e-06,-0.91534658236492,-0.777752503876537
14684,1.25864,-1.55429,1.74922252525641e-06,-1.66197755687254e-06,-0.910462498170955,0.333308963280004
14784,1.28558,-1.53209,1.76036761796768e-06,-1.55453161892543e-06,-0.912416143750819,-0.555523964114867
14784,1.31212,-1.50942,1.70725487070494e-06,-1.49970978806922e-06,-0.912416143750872,0.555523964118932
14884,1.33826,-1.48629,1.71039978780338e-06,-1.39490287569445e-06,-0.910462498170903,-0.333308963276861
14884,1.364,-1.46271,1.6554256950729e-06,-1.34179040030347e-06,-0.915346582364901,0.777752503878194
14984,1.38932,-1.43868,1.65103616478465e-06,-1.2403451523496e-06,-0.909485669429939,-0.111102085257194
14984,1.41421,-1.41421,1.59452328557159e-06,-1.18927283935365e-06,-0.919253778307102,0.999999999999985
5850,1.43868,-1.38932,1.58312923036311e-06,-1.09185828414731e-06,0.909485669429985,-0.111102085260202
5849,1.46271,-1.364,1.56798826712927e-06,-9.97111117640988e-07,0.915346582364833,0.777752503871339
5849,1.48629,-1.33826,1.5076122301852e-06,-9.503459739055e-07,0.910462498171102,-0.333308963290407
5848,1.50942,-1.31212,1.48639789738697e-06,-8.60546500513525e-07,0.91241614375073,0.555523964099018
5848,1.53209,-1.28558,1.42548016918024e-06,-8.16600813111957e-07,0.912416143751186,-0.555523964140576
5847,1.55429,-1.25864,1.39884945662464e-06,-7.32227984999998e-07,0.91046249817085,0.333308963247604
5847,1.57602,-1.23132,1.33777419853889e-06,-6.91293884027007e-07,0.91534658236556,-0.777752503916265
5846,1.59727,-1.20363,1.30641335456788e-06,-6.1274201779248e-07,0.909485669429786,0.111102085221649
5845,1.61803,-1.17557,1.27264992410988e-06,-5.37692283109365e-07,0.919253778306525,0.999999999969829
5845,1.6383,-1.14715,1.21018015751188e-06,-5.02546832034106e-07,0.909485669429914,-0.11110208528211
5844,1.65808,-1.11839,1.17280341449035e-06,-4.33762353239206e-07,0.915346582364627,0.777752503855747
5844,1.67734,-1.08928,1.11124876427017e-06,-4.01976597322581e-07,0.910462498171258,-0.333308963307527
5843,1.6961,-1.05984,1.07098085570017e-06,-3.39633575664479e-07,0.912416143750537,0.555523964080912
5843,1.71433,-1.03008,1.01071783950232e-06,-3.11250276529969e-07,0.912416143751378,-0.555523964158821
5842,1.73205,-1,9.68281403810437e-07,-2.55449067734462e-07,0.910462498170701,0.333308963230334
5842,1.74924,-0.969619,9.09678675468102e-07,-2.30477103759981e-07,0.915346582365767,-0.777752503931841
5841,1.7659,-0.938943,8.65792160643413e-07,-1.81245305236709e-07,0.909485669429766,0.111102085205045
5840,1.78201,-0.907981,8.21403462466422e-07,-1.35729542525942e-07,0.919253778306158,0.99999999995149
5840,1.79759,-0.876742,7.64584736821788e-07,-1.16959292411703e-07,0.909485669429983,-0.111102085301555
5839,1.81262,-0.845237,7.19858030881626e-07,-7.79136279841706e-08,0.915346582364319,0.777752503835052
5839,1.82709,-0.813473,6.65716544551685e-07,-6.24344923812778e-08,0.910462498171384,-0.333308963330046
5838,1.84101,-0.781462,6.21348606051752e-07,-2.97156196444745e-08,0.912416143750258,0.555523964056995
5838,1.85437,-0.749213,5.70229523115776e-07,-1.7422079065245e-08,0.91241614375167,-0.555523964183538
5837,1.86716,-0.716736,5.26905279393839e-07,9.17934870739794e-09,0.91046249817059,0.333308963203332
5837,1.87939,-0.68404,4.79142747500691e-07,1.84207295438637e-08,0.915346582366259,-0.777752503962114
5836,1.89104,-0.651136,4.37528098566805e-07,3.91816420426077e-08,0.909485669429712,0.11110208517308
5835,1.90211,-0.618034,3.97120654913001e-07,5.68538105786972e-08,0.919253778305505,0.999999999918216
5835,1.91261,-0.584743,3.54176088546124e-07,6.07957086009979e-08,0.909485669430072,-0.111102085335106
5834,1.92252,-0.551275,3.16443748859694e-07,7.32119609565434e-08,0.915346582363824,0.777752503801191
5834,1.93185,-0.517638,2.77757065286331e-07,7.46170875072901e-08,0.910462498171638,-0.333308963364257
5833,1.94059,-0.483844,2.43278910514974e-07,8.22231608241397e-08,0.912416143749874,0.555523964021932
5833,1.94874,-0.449902,2.09116639604724e-07,8.13282359565889e-08,0.91241614375206,-0.555523964220175
5832,1.9563,-0.415823,1.7842482731333e-07,8.46285937715424e-08,0.910462498170272,0.333308963168192
5832,1.96325,-0.381618,1.49026187580699e-07,8.16924700172793e-08,0.915346582366721,-0.777752503993719
5831,1.96962,-0.347296,1.22597672807238e-07,8.12449328585348e-08,0.909485669429573,0.111102085145735
5830,1.97538,-0.312869,9.85752405350796e-08,7.90956286718993e-08,0.919253778305019,0.999999999895301
5830,1.98054,-0.278346,7.6420840655413e-08,7.29533823003354e-08,0.909485669430095,-0.11110208535852
5829,1.98509,-0.243739,5.72457891990458e-08,6.80330027704523e-08,0.915346582363408,0.777752503777643
5829,1.98904,-0.209057,4.0418296759259e-08,6.06877608354219e-08,0.910462498171767,-0.333308963386425
5828,1.99239,-0.174311,2.63963939796642e-08,5.36511192817281e-08,0.91241614374965,0.555523964001481
5828,1.99513,-0.139513,1.5010477411704e-08,4.54231381705926e-08,0.912416143752221,-0.555523964238393
5827,1.99726,-0.104672,6.37651766754913e-09,3.69486469162245e-08,0.910462498170182,0.333308963148836
5827,1.99878,-0.069799,5.12182949755746e-10,2.81657849654312e-08,0.915346582367075,-0.777752504016468
5826,1.9997,-0.0349048,-2.57130429406264e-09,1.89499851434104e-08,0.909485669429527,0.111102085121839
