origElemNum,globCoord-x,globCoord-y,acouIntensity-x,acouIntensity-y,locCoord-xi,locCoord-eta
5825,2,-2.20442e-18,4.18818071681692e-08,-9.35298828860118e-08,0.919253778304535,0.999999999870795
5825,1.9997,0.0349048,3.50589045496599e-08,-8.12207220709167e-08,0.909485669430051,-0.11110208537854
5824,1.99878,0.069799,2.8652823904172e-08,-6.820628028553e-08,0.915346582363134,0.7777525037628
5824,1.99726,0.104672,2.26201451719405e-08,-5.60607661639965e-08,0.910462498171695,-0.333308963393583
5823,1.99513,0.139513,1.69657348000181e-08,-4.34540356866157e-08,0.912416143749585,0.555523964001403
5823,1.99239,0.174311,1.1736043925152e-08,-3.14260238398924e-08,0.912416143752112,-0.555523964232293
5822,1.98904,0.209057,6.8810972690567e-09,-1.9165048673155e-08,0.910462498170195,0.33330896316169
5822,1.98509,0.243739,2.4627513845468e-09,-7.20598197263491e-09,0.915346582366752,-0.777752503996411
5821,1.98054,0.278346,-1.55881925938531e-09,4.77855544994387e-09,0.909485669429537,0.111102085145532
5820,1.97538,0.312869,-5.13965325996025e-09,1.65803046190994e-08,0.91925377830504,0.999999999897275
5820,1.96962,0.347296,-8.32962875713567e-09,2.85029818367847e-08,0.909485669429959,-0.111102085350008
5819,1.96325,0.381618,-1.1058012971428e-08,4.01791085846786e-08,0.915346582363608,0.777752503792493
5819,1.9563,0.415823,-1.34233077503756e-08,5.21399025528396e-08,0.910462498171543,-0.333308963366333
5818,1.94874,0.449902,-1.52966426853087e-08,6.37678559218665e-08,0.912416143749872,0.555523964026318
5818,1.94059,0.483844,-1.68465080169299e-08,7.58229955608828e-08,0.912416143751876,-0.555523964209557
5817,1.93185,0.517638,-1.78731312466032e-08,8.74789170992192e-08,0.910462498170338,0.333308963182653
5817,1.92252,0.551275,-1.86190874070938e-08,9.96844822490298e-08,0.915346582366455,-0.777752503976955
5816,1.91261,0.584743,-1.88175698718754e-08,1.11441360746545e-07,0.909485669429567,0.111102085165898
5815,1.90211,0.618034,-1.86167304214744e-08,1.23370849744201e-07,0.919253778305533,0.999999999919169
5815,1.89104,0.651136,-1.817217885707e-08,1.35778382254105e-07,0.909485669429933,-0.111102085328256
5814,1.87939,0.68404,-1.71902434082827e-08,1.47941163541026e-07,0.915346582363941,0.777752503814277
5814,1.86716,0.716736,-1.59913435445392e-08,1.6060341936238e-07,0.910462498171402,-0.333308963343933
5813,1.85437,0.749213,-1.42704565426874e-08,1.73055952057019e-07,0.912416143750119,0.555523964050056
5813,1.84101,0.781462,-1.23413528543333e-08,1.86018352414798e-07,0.912416143751575,-0.555523964183394
5812,1.82709,0.813473,-9.93337850254582e-09,1.98810462450246e-07,0.910462498170486,0.333308963212263
5812,1.81262,0.845237,-7.30024969819902e-09,2.1211516695265e-07,0.915346582365915,-0.777752503943209
5811,1.79759,0.876742,-4.26721776066073e-09,2.25292073184207e-07,0.909485669429635,0.111102085200681
5810,1.78201,0.907981,-9.45125923746173e-10,2.38952512864285e-07,0.919253778306195,0.999999999954235
5810,1.7659,0.938943,2.62743247831858e-09,2.52581574076308e-07,0.909485669429844,-0.111102085292603
5809,1.74924,0.969619,6.46316126097958e-09,2.66728703007099e-07,0.915346582364538,0.777752503850291
5809,1.73205,1,1.06385103814429e-08,2.80754595930727e-07,0.910462498171199,-0.333308963308445
5808,1.71433,1.03008,1.49008579356561e-08,2.95426740368961e-07,0.912416143750526,0.555523964084446
5808,1.6961,1.05984,1.96435214388215e-08,3.0988373132668e-07,0.912416143751246,-0.555523964150953
5807,1.67734,1.08928,2.42367525377488e-08,3.25116744332729e-07,0.910462498170725,0.333308963242434
5807,1.65808,1.11839,2.95102782944446e-08,3.40039029151871e-07,0.915346582365508,-0.777752503915519
5806,1.6383,1.14715,3.43311135220008e-08,3.55866377854196e-07,0.909485669429676,0.11110208522853
5805,1.61803,1.17557,3.92283533908607e-08,3.72487140527577e-07,0.919253778306765,0.999999999982884
5805,1.59727,1.20363,4.50378616746895e-08,3.87742493862424e-07,0.909485669429817,-0.111102085265541
5804,1.57602,1.23132,4.99929355427324e-08,4.05044593434606e-07,0.9153465823649,0.777752503876539
5804,1.55429,1.25864,5.62055362627414e-08,4.20809969852749e-07,0.910462498170939,-0.333308963279996
5803,1.53209,1.28558,6.11010745990646e-08,4.38816711430704e-07,0.912416143750815,0.555523964114853
5803,1.50942,1.31212,6.76779291858471e-08,4.55126721241458e-07,0.91241614375085,-0.555523964118972
5802,1.48629,1.33826,7.23929779192925e-08,4.73852137277184e-07,0.910462498170897,0.333308963276791
5802,1.46271,1.364,7.92945573067576e-08,4.90739794720408e-07,0.915346582364929,-0.77775250387822
5801,1.43868,1.38932,8.37054757060697e-08,5.10186443431778e-07,0.909485669429954,0.111102085257182
5801,1.41421,1.41421,9.08912935394027e-08,5.27682208426088e-07,0.919253778307104,-0.999999999999994
850,1.38932,1.43868,9.48744846205362e-08,5.47839776116583e-07,0.909485669429991,-0.111102085260227
849,1.364,1.46271,9.85835273644255e-08,5.69055854094934e-07,0.915346582364834,0.777752503871359
849,1.33826,1.48629,1.05736484854498e-07,5.86818133474671e-07,0.910462498171096,-0.333308963290402
848,1.31212,1.50942,1.08833154450068e-07,6.08738877173155e-07,0.912416143750729,0.555523964099008
848,1.28558,1.53209,1.16129726314655e-07,6.27111919099425e-07,0.912416143751184,-0.555523964140596
847,1.25864,1.55429,1.18496394524339e-07,6.4969233651919e-07,0.910462498170846,0.333308963247574
847,1.23132,1.57602,1.25894854729438e-07,6.68692176053449e-07,0.915346582365554,-0.777752503916259
846,1.20363,1.59727,1.27420077559817e-07,6.91871625668385e-07,0.90948566942978,0.111102085221654
845,1.17557,1.61803,1.28470377871733e-07,7.16167315712219e-07,0.919253778306528,0.999999999969813
845,1.14715,1.6383,1.35459255422551e-07,7.35217740541343e-07,0.909485669429915,-0.111102085282135
844,1.11839,1.65808,1.35518414197726e-07,7.60028308894893e-07,0.915346582364625,0.777752503855763
844,1.08928,1.67734,1.42476717445985e-07,7.7965955380875e-07,0.910462498171253,-0.333308963307521
843,1.05984,1.6961,1.41452307023426e-07,8.04894693708384e-07,0.912416143750542,0.555523964080906
843,1.03008,1.71433,1.48340367238506e-07,8.25105378725468e-07,0.912416143751377,-0.555523964158847
842,1,1.73205,1.4614551006889e-07,8.50654716517608e-07,0.910462498170698,0.333308963230309
842,0.969619,1.74924,1.52921191330066e-07,8.71432455398063e-07,0.915346582365766,-0.777752503931825
841,0.938943,1.7659,1.49475819167455e-07,8.97162319914612e-07,0.909485669429764,0.111102085205048
840,0.907981,1.78201,1.45387268391217e-07,9.23938666483426e-07,0.919253778306164,0.99999999995148
840,0.876742,1.79759,1.51324894901842e-07,9.44237557561054e-07,0.909485669429979,-0.11110208530158
839,0.845237,1.81262,1.4588732330808e-07,9.70989340666901e-07,0.91534658236432,0.777752503835068
839,0.813473,1.82709,1.51578004824287e-07,9.91667299622898e-07,0.91046249817139,-0.33330896333004
838,0.781462,1.84101,1.44724867681815e-07,1.01820947331178e-06,0.912416143750255,0.555523964056983
838,0.749213,1.85437,1.50125017019864e-07,1.0392016773441e-06,0.912416143751674,-0.555523964183563
837,0.716736,1.86716,1.41799325342643e-07,1.06532394070184e-06,0.910462498170584,0.333308963203304
837,0.68404,1.87939,1.46866522385229e-07,1.08655050004971e-06,0.915346582366261,-0.777752503962098
836,0.651136,1.89104,1.37028063520201e-07,1.11202065620431e-06,0.909485669429719,0.111102085173086
835,0.618034,1.90211,1.26460897940494e-07,1.13834982215417e-06,0.919253778305509,0.999999999918205
835,0.584743,1.91261,1.30349665185083e-07,1.15796419243658e-06,0.909485669430073,-0.111102085335132
834,0.551275,1.92252,1.18245367615985e-07,1.18332238752526e-06,0.915346582363819,0.777752503801204
834,0.517638,1.93185,1.21721028798826e-07,1.20280871027342e-06,0.910462498171637,-0.333308963364254
833,0.483844,1.94059,1.08071340293951e-07,1.2269489893807e-06,0.912416143749877,0.55552396402192
833,0.449902,1.94874,1.11116800332701e-07,1.24620397736315e-06,0.91241614375206,-0.555523964220202
832,0.415823,1.9563,9.59286367628906e-08,1.26887912310614e-06,0.910462498170279,0.333308963168166
832,0.381618,1.96325,9.85337239962046e-08,1.28779845615668e-06,0.915346582366717,-0.777752503993703
831,0.347296,1.96962,8.18332931085183e-08,1.3087648568581e-06,0.909485669429573,0.111102085145737
830,0.312869,1.97538,6.43572735445791e-08,1.3303560837283e-06,0.919253778305012,0.99999999989529
830,0.278346,1.98054,6.58293285212492e-08,1.3462679027639e-06,0.909485669430091,-0.111102085358547
829,0.243739,1.98509,4.69060876671663e-08,1.36584346024359e-06,0.915346582363415,0.77775250377766
829,0.209057,1.98904,4.79879760574058e-08,1.38106592867643e-06,0.910462498171767,-0.333308963386422
828,0.174311,1.99239,2.76969804505983e-08,1.39840646201987e-06,0.912416143749651,0.55552396400147
828,0.139513,1.99513,2.84112951203989e-08,1.41285383455293e-06,0.912416143752224,-0.555523964238419
827,0.104672,1.99726,6.85914404317209e-09,1.42775368091828e-06,0.910462498170184,0.33330896314881
827,0.069799,1.99878,7.23512370666679e-09,1.44134744809106e-06,0.915346582367074,-0.777752504016452
826,0.0349048,1.9997,-1.54444337796833e-08,1.45361906172724e-06,0.909485669429527,0.111102085121841
825,1.27747e-16,2,-3.87878443357214e-08,1.46628796050818e-06,0.919253778304535,0.999999999870799
825,-0.0349048,1.9997,-3.90174172172882e-08,1.47576498679484e-06,0.909485669430051,-0.111102085378537
824,-0.069799,1.99878,-6.32340149379514e-08,1.48559233041769e-06,0.915346582363134,0.777752503762801
824,-0.104672,1.99726,-6.36318490790876e-08,1.49398942963481e-06,0.910462498171695,-0.333308963393583
823,-0.139513,1.99513,-8.85143368925985e-08,1.5008511048507e-06,0.912416143749585,0.555523964001401
823,-0.174311,1.99239,-8.90295426141862e-08,1.50813384064038e-06,0.912416143752112,-0.555523964232297
822,-0.209057,1.98904,-1.14350077385509e-07,1.51194133598036e-06,0.910462498170195,0.333308963161685
822,-0.243739,1.98509,-1.14929947404991e-07,1.51808868376545e-06,0.915346582366744,-0.777752503996403
821,-0.278346,1.98054,-1.40448696082082e-07,1.5187923677134e-06,0.909485669429538,0.111102085145537
820,-0.312869,1.97538,-1.66174065716862e-07,1.51981608589688e-06,0.919253778305041,0.999999999897278
820,-0.347296,1.96962,-1.6651391427682e-07,1.52138346247912e-06,0.90948566942996,-0.111102085350006
819,-0.381618,1.96325,-1.92056998346138e-07,1.51930982502718e-06,0.915346582363608,0.777752503792493
819,-0.415823,1.9563,-1.92251546899147e-07,1.51973786330393e-06,0.910462498171543,-0.333308963366333
818,-0.449902,1.94874,-2.17373105412609e-07,1.5146032841587e-06,0.912416143749872,0.555523964026316
818,-0.483844,1.94059,-2.17373175727521e-07,1.51391893920377e-06,0.912416143751875,-0.555523964209561
817,-0.517638,1.93185,-2.41844672323812e-07,1.50578778322308e-06,0.910462498170336,0.333308963182646
817,-0.551275,1.92252,-2.41603722092884e-07,1.50402293390503e-06,0.915346582366457,-0.777752503976948
816,-0.584743,1.91261,-2.65212698979662e-07,1.49298253277503e-06,0.909485669429562,0.111102085165907
815,-0.618034,1.90211,-2.88548328617923e-07,1.48241871992419e-06,0.919253778305526,0.999999999919175
815,-0.651136,1.89104,-2.87238741201747e-07,1.47632755424862e-06,0.909485669429935,-0.111102085328253
814,-0.68404,1.87939,-3.09422984383978e-07,1.46301980209159e-06,0.915346582363941,0.777752503814277
814,-0.716736,1.86716,-3.077043579977e-07,1.45598153439133e-06,0.910462498171402,-0.333308963343933
813,-0.749213,1.85437,-3.28573032436107e-07,1.44005855431137e-06,0.912416143750117,0.555523964050053
813,-0.781462,1.84101,-3.26413547850215e-07,1.43212179479818e-06,0.912416143751584,-0.555523964183396
812,-0.813473,1.82709,-3.45826492750363e-07,1.41372562171946e-06,0.910462498170484,0.33330896321226
812,-0.845237,1.81262,-3.43198486991797e-07,1.40494107458196e-06,0.91534658236591,-0.7777525039432
811,-0.876742,1.79759,-3.61041032773629e-07,1.38422230756447e-06,0.909485669429639,0.111102085200672
810,-0.907981,1.78201,-3.78394473956498e-07,1.36420824853151e-06,0.919253778306197,0.999999999954239
810,-0.938943,1.7659,-3.74097696594836e-07,1.35175563037407e-06,0.909485669429848,-0.111102085292613
809,-0.969619,1.74924,-3.89754203032394e-07,1.32963672571014e-06,0.915346582364533,0.777752503850298
809,-1,1.73205,-3.84897701571065e-07,1.31654039998082e-06,0.910462498171205,-0.333308963308436
808,-1.03008,1.71433,-3.98788345775747e-07,1.29248279384119e-06,0.912416143750522,0.55552396408444
808,-1.05984,1.6961,-3.93363836543469e-07,1.27880038990233e-06,0.912416143751243,-0.555523964150944
807,-1.08928,1.67734,-4.05437388556883e-07,1.25297701827686e-06,0.910462498170733,0.33330896324243
807,-1.11839,1.65808,-3.99441395309189e-07,1.23876683489633e-06,0.915346582365511,-0.777752503915504
806,-1.14715,1.6383,-4.09663702285557e-07,1.21135669036013e-06,0.909485669429678,0.11110208522852
805,-1.17557,1.61803,-4.19383937192213e-07,1.18484472535819e-06,0.91925377830677,0.999999999982889
805,-1.20363,1.59727,-4.11447814264401e-07,1.1678671900541e-06,0.909485669429819,-0.111102085265551
804,-1.23132,1.57602,-4.19287951310238e-07,1.1400200654215e-06,0.915346582364893,0.777752503876544
804,-1.25864,1.55429,-4.107892642012e-07,1.12276375853087e-06,0.910462498170937,-0.333308963279986
803,-1.28558,1.53209,-4.16746646384486e-07,1.09378148823147e-06,0.912416143750809,0.555523964114847
803,-1.31212,1.50942,-4.07708861616933e-07,1.07631041821378e-06,0.912416143750849,-0.555523964118962
802,-1.33826,1.48629,-4.11797257799116e-07,1.04639840655543e-06,0.910462498170897,0.333308963276791
802,-1.364,1.46271,-4.02249843715279e-07,1.0287754400664e-06,0.915346582364928,-0.77775250387821
801,-1.38932,1.43868,-4.04499499969822e-07,9.98141028543499e-07,0.909485669429954,0.111102085257172
801,-1.41421,1.41421,-3.94477199940911e-07,9.80426324386718e-07,0.919253778307104,-0.999999999999994
15850,-1.43868,1.38932,-3.94934643093833e-07,9.49278061215397e-07,0.909485669429991,-0.111102085260237
15849,-1.46271,1.364,-3.94931049460423e-07,9.19323542059791e-07,0.915346582364828,0.777752503871364
15849,-1.48629,1.33826,-3.83207574559936e-07,9.00074593295719e-07,0.910462498171103,-0.333308963290387
15848,-1.50942,1.31212,-3.81496833937098e-07,8.69883960060149e-07,0.912416143750729,0.555523964099008
15848,-1.53209,1.28558,-3.69446427870782e-07,8.5078953264634e-07,0.912416143751185,-0.555523964140586
15847,-1.55429,1.25864,-3.66119982740593e-07,8.20561420530313e-07,0.910462498170851,0.333308963247569
15847,-1.57602,1.23132,-3.53802331115317e-07,8.01671063023024e-07,0.915346582365555,-0.777752503916249
15846,-1.59727,1.20363,-3.48968596869828e-07,7.71595333745059e-07,0.909485669429784,0.111102085221639
15845,-1.61803,1.17557,-3.43787205879223e-07,7.42852255879718e-07,0.919253778306531,0.999999999969823
15845,-1.6383,1.14715,-3.30231912663829e-07,7.23209278898938e-07,0.909485669429917,-0.111102085282151
15844,-1.65808,1.11839,-3.23720175288399e-07,6.94843400329957e-07,0.915346582364627,0.777752503855772
15844,-1.67734,1.08928,-3.10119396040348e-07,6.75606662566173e-07,0.910462498171251,-0.333308963307506
15843,-1.6961,1.05984,-3.02428811682393e-07,6.47768443690153e-07,0.912416143750542,0.555523964080906
15843,-1.71433,1.03008,-2.88858863118708e-07,6.28968753756561e-07,0.912416143751375,-0.555523964158831
15842,-1.73205,1,-2.80154790955593e-07,6.01791307820832e-07,0.910462498170697,0.333308963230296
15842,-1.74924,0.969619,-2.66694982493313e-07,5.83454889412972e-07,0.915346582365764,-0.777752503931822
15841,-1.7659,0.938943,-2.5715421293213e-07,5.57054328093128e-07,0.909485669429762,0.111102085205035
15840,-1.78201,0.907981,-2.47546857540357e-07,5.32018580266726e-07,0.919253778306162,0.999999999951483
15840,-1.79759,0.876742,-2.33694931296255e-07,5.13676370624987e-07,0.909485669429984,-0.111102085301589
15839,-1.81262,0.845237,-2.23514770949315e-07,4.89510693838833e-07,0.915346582364318,0.777752503835071
15839,-1.82709,0.813473,-2.10053079163902e-07,4.71749735327802e-07,0.910462498171391,-0.333308963330024
15838,-1.84101,0.781462,-1.99493609559031e-07,4.4851900832833e-07,0.912416143750253,0.555523964056986
15838,-1.85437,0.749213,-1.8650773064012e-07,4.31337174102394e-07,0.912416143751674,-0.555523964183544
15837,-1.86716,0.716736,-1.75761709626112e-07,4.09084269949538e-07,0.910462498170589,0.333308963203294
15837,-1.87939,0.68404,-1.63335046479866e-07,3.92469997077111e-07,0.915346582366259,-0.777752503962095
15836,-1.89104,0.651136,-1.52591278016983e-07,3.71215427882907e-07,0.909485669429715,0.111102085173074
15835,-1.90211,0.618034,-1.42104354257419e-07,3.51147429125033e-07,0.919253778305508,0.999999999918209
15835,-1.91261,0.584743,-1.30246285222087e-07,3.34889379939522e-07,0.909485669430068,-0.111102085335144
15834,-1.92252,0.551275,-1.20016070336535e-07,3.15765360649339e-07,0.915346582363818,0.777752503801208
15834,-1.93185,0.517638,-1.08980295300462e-07,3.0005111615879e-07,0.910462498171639,-0.333308963364235
15833,-1.94059,0.483844,-9.9178535786378e-08,2.81834193497574e-07,0.912416143749876,0.555523964021923
15833,-1.94874,0.449902,-8.9033605041139e-08,2.66615530287995e-07,0.912416143752063,-0.555523964220183
15832,-1.9563,0.415823,-7.98214832503151e-08,2.49248851761984e-07,0.910462498170272,0.333308963168156
15832,-1.96325,0.381618,-7.06317099998975e-08,2.34471805629944e-07,0.915346582366716,-0.7777525039937
15831,-1.96962,0.347296,-6.21587518889689e-08,2.17881935305592e-07,0.909485669429575,0.111102085145728
15830,-1.97538,0.312869,-5.42022085984573e-08,2.02112387417691e-07,0.91925377830502,0.999999999895294
15830,-1.98054,0.278346,-4.63868803884657e-08,1.87588121724012e-07,0.909485669430092,-0.111102085358556
15829,-1.98509,0.243739,-3.93534159875765e-08,1.72415218490652e-07,0.915346582363415,0.777752503777664
15829,-1.98904,0.209057,-3.26825414791284e-08,1.58206915784052e-07,0.910462498171765,-0.333308963386404
15828,-1.99239,0.174311,-2.66849458163744e-08,1.43525886799407e-07,0.912416143749651,0.555523964001473
15828,-1.99513,0.139513,-2.11994993622406e-08,1.29565670720992e-07,0.912416143752222,-0.5555239642384
15827,-1.99726,0.104672,-1.63320607655412e-08,1.15264344914001e-07,0.910462498170184,0.3333089631488
15827,-1.99878,0.069799,-1.20663047280727e-08,1.01483023994247e-07,0.915346582367074,-0.777752504016448
15826,-1.9997,0.0349048,-8.4031110824257e-09,8.74439344380708e-08,0.909485669429527,0.111102085121831
15825,-2,2.46315e-16,-5.38384008337382e-09,7.37301863181443e-08,0.919253778304535,0.999999999870803
15825,-1.9997,-0.0349048,-2.977280693491e-09,5.98733392076374e-08,0.909485669430051,-0.111102085378547
15824,-1.99878,-0.069799,-1.22194166825141e-09,4.61947157062941e-08,0.915346582363134,0.777752503762804
15824,-1.99726,-0.104672,-1.03179410589789e-10,3.2357885698587e-08,0.910462498171696,-0.333308963393566
15823,-1.99513,-0.139513,3.68957258922908e-10,1.85901645443948e-08,0.912416143749586,0.555523964001405
15823,-1.99239,-0.174311,2.01693066343753e-10,4.70071049551961e-09,0.912416143752114,-0.555523964232279
15822,-1.98904,-0.209057,-6.05875095140196e-10,-9.28126026984463e-09,0.910462498170195,0.333308963161688
15822,-1.98509,-0.243739,-2.04944625036723e-09,-2.32964455034699e-08,0.915346582366744,-0.7777525039964
15821,-1.98054,-0.278346,-4.11109343709927e-09,-3.76181052086481e-08,0.909485669429545,0.111102085145526
15820,-1.97538,-0.312869,-6.76653456508869e-09,-5.21322218196765e-08,0.919253778305042,0.999999999897283
15820,-1.96962,-0.347296,-1.00829892205829e-08,-6.66174772473304e-08,0.909485669429957,-0.111102085350017
15819,-1.96325,-0.381618,-1.39109168366157e-08,-8.16977812702878e-08,0.915346582363609,0.777752503792499
15819,-1.9563,-0.415823,-1.84312719944272e-08,-9.64718518167475e-08,0.910462498171549,-0.333308963366345
15818,-1.94874,-0.449902,-2.33566865814822e-08,-1.12233055706831e-07,0.912416143749872,0.555523964026319
15818,-1.94059,-0.483844,-2.90409904184421e-08,-1.27365407744207e-07,0.91241614375188,-0.555523964209544
15817,-1.93185,-0.517638,-3.4971144962799e-08,-1.43912644193127e-07,0.910462498170337,0.33330896318265
15817,-1.92252,-0.551275,-4.17741151800008e-08,-1.59470030158283e-07,0.915346582366458,-0.777752503976945
15816,-1.91261,-0.584743,-4.85995609595145e-08,-1.76896297568466e-07,0.909485669429567,0.111102085165898
15815,-1.90211,-0.618034,-5.58112780786489e-08,-1.94970594218025e-07,0.919253778305528,0.999999999919178
15815,-1.89104,-0.651136,-6.40655763171481e-08,-2.11324621553252e-07,0.90948566942994,-0.111102085328262
15814,-1.87939,-0.68404,-7.19820403140289e-08,-2.30427985824537e-07,0.915346582363942,0.77775250381428
15814,-1.86716,-0.716736,-8.11716711702675e-08,-2.47314916250365e-07,0.910462498171397,-0.333308963343943
15813,-1.85437,-0.749213,-8.96461907461594e-08,-2.67497487841336e-07,0.912416143750119,0.555523964050056
15813,-1.84101,-0.781462,-9.97003560045107e-08,-2.84958147944164e-07,0.912416143751582,-0.555523964183381
15812,-1.82709,-0.813473,-1.0857234045222e-07,-3.06250566107094e-07,0.910462498170486,0.333308963212263
15812,-1.81262,-0.845237,-1.19415248769124e-07,-3.24317613096758e-07,0.915346582365912,-0.777752503943197
15811,-1.79759,-0.876742,-1.28511177685771e-07,-3.46731603311077e-07,0.909485669429641,0.111102085200675
15810,-1.78201,-0.907981,-1.37678238914479e-07,-3.7010879358949e-07,0.919253778306197,0.999999999954239
15810,-1.7659,-0.938943,-1.49197923338681e-07,-3.88958475934527e-07,0.90948566942985,-0.11110208529261
15809,-1.74924,-0.969619,-1.5831815709648e-07,-4.13488047998073e-07,0.915346582364535,0.777752503850301
15809,-1.73205,-1,-1.70357068515751e-07,-4.32924301346854e-07,0.9104624981712,-0.333308963308458
15808,-1.71433,-1.03008,-1.79236590481401e-07,-4.58574478006643e-07,0.912416143750526,0.555523964084446
15808,-1.6961,-1.05984,-1.91706929030469e-07,-4.78599829740098e-07,0.912416143751243,-0.555523964150944
15807,-1.67734,-1.08928,-2.00148586154713e-07,-5.05323373770803e-07,0.910462498170725,0.333308963242434
15807,-1.65808,-1.11839,-2.12963371037293e-07,-5.25935520559773e-07,0.915346582365503,-0.7777525039155
15806,-1.6383,-1.14715,-2.20769567570871e-07,-5.53671078083505e-07,0.90948566942967,0.111102085228524
15805,-1.61803,-1.17557,-2.28252301345844e-07,-5.82559866607433e-07,0.919253778306763,0.999999999982893
15805,-1.59727,-1.20363,-2.40819329956753e-07,-6.03534420304572e-07,0.909485669429812,-0.111102085265547
15804,-1.57602,-1.23132,-2.4738147204536e-07,-6.33361529115155e-07,0.915346582364898,0.777752503876549
15804,-1.55429,-1.25864,-2.60025244104271e-07,-6.54809153909574e-07,0.910462498170935,-0.333308963280012
15803,-1.53209,-1.28558,-2.65482562132606e-07,-6.85469936974424e-07,0.912416143750815,0.555523964114853
15803,-1.50942,-1.31212,-2.78126216408515e-07,-7.07370672613829e-07,0.912416143750855,-0.555523964118957
15802,-1.48629,-1.33826,-2.82304821184727e-07,-7.38743924861755e-07,0.910462498170897,0.333308963276791
15802,-1.46271,-1.364,-2.94875309545255e-07,-7.61074627832391e-07,0.915346582364928,-0.77775250387821
15801,-1.43868,-1.38932,-2.97613299049129e-07,-7.93022739711563e-07,0.909485669429954,0.111102085257172
15801,-1.41421,-1.41421,-3.10041175914155e-07,-8.15756535574516e-07,0.919253778307098,-0.999999999999989
10084,-1.38932,-1.43868,-3.11192400921741e-07,-8.48124589881398e-07,-0.909485669429983,0.111102085260242
10184,-1.364,-1.46271,-3.11598162620135e-07,-8.81611189839505e-07,-0.915346582364814,-0.777752503871363
10184,-1.33826,-1.48629,-3.2284733540905e-07,-9.03848465521831e-07,-0.910462498171062,0.333308963290425
10284,-1.31212,-1.50942,-3.21490776892282e-07,-9.37529665397577e-07,-0.912416143750702,-0.555523964098991
10284,-1.28558,-1.53209,-3.32406875539443e-07,-9.5997392805498e-07,-0.912416143751175,0.55552396414059
10384,-1.25864,-1.55429,-3.29189406767204e-07,-9.93654991542826e-07,-0.910462498170858,-0.333308963247603
10384,-1.23132,-1.57602,-3.39722856640862e-07,-1.0162619892047e-06,-0.915346582365569,0.777752503916277
10484,-1.20363,-1.59727,-3.34567272157978e-07,-1.04973383881118e-06,-0.909485669429755,-0.111102085221656
10584,-1.17557,-1.61803,-3.28542346174947e-07,-1.08417510404295e-06,-0.919253778306467,-0.999999999969833
10584,-1.14715,-1.6383,-3.37524761596669e-07,-1.10549721513862e-06,-0.909485669429891,0.111102085282108
10684,-1.11839,-1.65808,-3.29505354086734e-07,-1.13942788100967e-06,-0.915346582364624,-0.777752503855743
10684,-1.08928,-1.67734,-3.37988631690141e-07,-1.16066274737981e-06,-0.910462498171255,0.333308963307532
10784,-1.05984,-1.6961,-3.27952941274249e-07,-1.19384880990698e-06,-0.912416143750544,-0.555523964080908
10784,-1.03008,-1.71433,-3.35908965354883e-07,-1.21493331663019e-06,-0.912416143751393,0.555523964158839
10884,-1,-1.73205,-3.23853319531385e-07,-1.24713179006387e-06,-0.910462498170715,-0.333308963230315
10884,-0.969619,-1.74924,-3.31257709326846e-07,-1.26799655052892e-06,-0.915346582365772,0.777752503931858
10984,-0.938943,-1.7659,-3.1719910305389e-07,-1.29895630884432e-06,-0.909485669429763,-0.111102085205032
11084,-0.907981,-1.78201,-3.0231699702206e-07,-1.33058911739661e-06,-0.919253778306154,-0.99999999995149
11084,-0.876742,-1.79759,-3.08007011826256e-07,-1.34898969501351e-06,-0.909485669429981,0.111102085301552
11184,-0.845237,-1.81262,-2.91202557827722e-07,-1.37903857503747e-06,-0.915346582364332,-0.777752503835052
11184,-0.813473,-1.82709,-2.96317308902913e-07,-1.39689428075217e-06,-0.910462498171421,0.333308963330044
11284,-0.781462,-1.84101,-2.77652678765128e-07,-1.42510776264914e-06,-0.912416143750289,-0.555523964056998
11284,-0.749213,-1.85437,-2.82191807634402e-07,-1.44233299685767e-06,-0.912416143751684,0.555523964183542
11384,-0.716736,-1.86716,-2.61746946545978e-07,-1.46846451800686e-06,-0.910462498170579,-0.333308963203316
11384,-0.68404,-1.87939,-2.65716137129478e-07,-1.48497254246654e-06,-0.915346582366256,0.777752503962127
11484,-0.651136,-1.89104,-2.43592346333374e-07,-1.50878587359045e-06,-0.9094856694297,-0.111102085173069
11584,-0.618034,-1.90211,-2.20827427712974e-07,-1.53299791878601e-06,-0.919253778305473,-0.9999999999182
11584,-0.584743,-1.91261,-2.23320488143779e-07,-1.54576823406904e-06,-0.909485669430035,0.111102085335111
11684,-0.551275,-1.92252,-1.99059267621828e-07,-1.56737765756842e-06,-0.915346582363772,-0.777752503801188
11684,-0.517638,-1.93185,-2.01081011350958e-07,-1.57913458641303e-06,-0.910462498171642,0.333308963364261
11784,-0.483844,-1.94059,-1.75452610172665e-07,-1.59795580615945e-06,-0.912416143749915,-0.555523964021929
11784,-0.449902,-1.94874,-1.77039063293761e-07,-1.60863861935408e-06,-0.912416143752077,0.555523964220183
11884,-0.415823,-1.9563,-1.50184346950481e-07,-1.62451100299485e-06,-0.910462498170266,-0.33330896316818
11884,-0.381618,-1.96325,-1.51377273564931e-07,-1.63407000568407e-06,-0.915346582366712,0.777752503993725
11984,-0.347296,-1.96962,-1.23449427814382e-07,-1.64686443641292e-06,-0.909485669429565,-0.111102085145729
12084,-0.312869,-1.97538,-9.50611382658995e-08,-1.65989513423448e-06,-0.919253778305011,-0.999999999895287
12084,-0.278346,-1.98054,-9.54584427647245e-08,-1.66488812736681e-06,-0.909485669430107,0.111102085358526
12184,-0.243739,-1.98509,-6.62281959194329e-08,-1.67472570347562e-06,-0.915346582363447,-0.777752503777644
12184,-0.209057,-1.98904,-6.64334217194956e-08,-1.67851180140614e-06,-0.910462498171781,0.333308963386432
12284,-0.174311,-1.99239,-3.6538264560602e-08,-1.68511831962885e-06,-0.912416143749663,-0.555523964001473
12284,-0.139513,-1.99513,-3.66075090469493e-08,-1.68772223877536e-06,-0.912416143752267,0.555523964238395
12384,-0.104672,-1.99726,-6.23600785833502e-09,-1.69109758862028e-06,-0.910462498170238,-0.333308963148834
12384,-0.069799,-1.99878,-6.22444359235137e-09,-1.69256310059485e-06,-0.915346582367131,0.777752504016471
12484,-0.0349048,-1.9997,2.44268277298314e-08,-1.69274611167958e-06,-0.909485669429557,-0.111102085121833
12584,-4.35203e-16,-2,5.52771538144048e-08,-1.69313288946573e-06,-0.919253778304537,-0.999999999870803
12584,0.0349048,-1.9997,5.51957109484254e-08,-1.69019615035474e-06,-0.909485669430058,0.111102085378513
12684,0.069799,-1.99878,8.60148914624389e-08,-1.68749186556521e-06,-0.915346582363139,-0.777752503762792
12684,0.104672,-1.99726,8.5818263268907e-08,-1.68362234359225e-06,-0.9104624981717,0.333308963393593
12784,0.139513,-1.99513,1.16393835420535e-07,-1.677941751975e-06,-0.912416143749591,-0.555523964001403
12784,0.174311,-1.99239,1.16044835374244e-07,-1.67323122099774e-06,-0.912416143752134,0.555523964232273
12884,0.209057,-1.98904,1.46164071495868e-07,-1.66470875119538e-06,-0.91046249817019,-0.333308963161724
12884,0.243739,-1.98509,1.45631661672228e-07,-1.6592492176042e-06,-0.915346582366752,0.777752503996427
12984,0.278346,-1.98054,1.75085908624359e-07,-1.64803329148156e-06,-0.909485669429543,-0.111102085145531
13084,0.312869,-1.97538,2.04257297728097e-07,-1.63717580883861e-06,-0.919253778305079,-0.999999999897294
13084,0.347296,-1.96962,2.02935884357379e-07,-1.6281573082226e-06,-0.909485669429971,0.111102085349981
13184,0.381618,-1.96325,2.31121692721694e-07,-1.61483010116862e-06,-0.915346582363621,-0.777752503792476
13184,0.415823,-1.9563,2.29508720144422e-07,-1.6053156326107e-06,-0.910462498171561,0.33330896336634
13284,0.449902,-1.94874,2.56532895289328e-07,-1.58967809128519e-06,-0.912416143749886,-0.555523964026324
13284,0.483844,-1.94059,2.54617158990214e-07,-1.57973377793283e-06,-0.912416143751904,0.555523964209538
13384,0.517638,-1.93185,2.80321948242124e-07,-1.56194267402318e-06,-0.910462498170363,-0.333308963182687
13384,0.551275,-1.92252,2.78094991475716e-07,-1.55162565532338e-06,-0.915346582366464,0.777752503976962
13484,0.584743,-1.91261,3.02344904269509e-07,-1.53183556084027e-06,-0.909485669429569,-0.111102085165906
13584,0.618034,-1.90211,3.25919102883065e-07,-1.51270908174259e-06,-0.919253778305519,-0.999999999919186
13584,0.651136,-1.89104,3.22484035053041e-07,-1.49956017636718e-06,-0.909485669429928,0.111102085328226
13684,0.68404,-1.87939,3.44439447894917e-07,-1.47866706266627e-06,-0.915346582363942,-0.777752503814258
13684,0.716736,-1.86716,3.40647653423451e-07,-1.4653206796787e-06,-0.910462498171394,0.333308963343945
13784,0.749213,-1.85437,3.60914397034545e-07,-1.44282132809599e-06,-0.912416143750121,-0.555523964050058
13784,0.781462,-1.84101,3.56772774437364e-07,-1.42932888522174e-06,-0.91241614375158,0.555523964183364
13884,0.813473,-1.82709,3.753101688942e-07,-1.4053874936574e-06,-0.91046249817049,-0.333308963212306
13884,0.845237,-1.81262,3.70830251911054e-07,-1.39180165335561e-06,-0.915346582365913,0.777752503943214
13984,0.876742,-1.79759,3.87628107444166e-07,-1.36657968935992e-06,-0.909485669429626,-0.1111020852007
14084,0.907981,-1.78201,4.03737206495007e-07,-1.34229561869068e-06,-0.919253778306215,-0.999999999954254
14084,0.938943,-1.7659,3.97895713573912e-07,-1.3266028423593e-06,-0.909485669429858,0.111102085292581
14184,0.969619,-1.74924,4.12305416991923e-07,-1.30124731388875e-06,-0.915346582364524,-0.777752503850263
14184,1,-1.73205,4.06158272278048e-07,-1.28565266991371e-06,-0.910462498171194,0.333308963308465
14284,1.03008,-1.71433,4.18902591154609e-07,-1.25936675868199e-06,-0.91241614375052,-0.55552396408445
14284,1.05984,-1.6961,4.12472914123432e-07,-1.24390914718222e-06,-0.912416143751235,0.55552396415093
14384,1.08928,-1.67734,4.23592865080148e-07,-1.21681626743078e-06,-0.910462498170724,-0.333308963242461
14384,1.11839,-1.65808,4.16900320257356e-07,-1.20152148481013e-06,-0.915346582365498,0.777752503915531
14484,1.14715,-1.6383,4.26438343996835e-07,-1.17372112434296e-06,-0.909485669429676,-0.111102085228531
14584,1.17557,-1.61803,4.35501178126712e-07,-1.14697274974686e-06,-0.919253778306762,-0.999999999982903
14584,1.20363,-1.59727,4.27489809306431e-07,-1.13017279976827e-06,-0.909485669429825,0.1111020852655
14684,1.23132,-1.57602,4.35037268935191e-07,-1.10281345836459e-06,-0.91534658236492,-0.777752503876537
14684,1.25864,-1.55429,4.26786247733334e-07,-1.08624260464459e-06,-0.910462498170955,0.333308963280004
14784,1.28558,-1.53209,4.32843289067189e-07,-1.05834372286823e-06,-0.912416143750819,-0.555523964114867
14784,1.31212,-1.50942,4.243588659889e-07,-1.04199438400365e-06,-0.912416143750872,0.555523964118932
14884,1.33826,-1.48629,4.28947193264221e-07,-1.01362820841467e-06,-0.910462498170903,-0.333308963276861
14884,1.364,-1.46271,4.20234072965111e-07,-9.97490291998425e-07,-0.915346582364901,0.777752503878194
14984,1.38932,-1.43868,4.23373985644334e-07,-9.68733353016719e-07,-0.909485669429939,-0.111102085257194
14984,1.41421,-1.41421,4.1443617574328e-07,-9.52795759380532e-07,-0.919253778307102,0.999999999999985
5850,1.43868,-1.38932,4.16149107417942e-07,-9.23735352692335e-07,0.909485669429985,-0.111102085260202
5849,1.46271,-1.364,4.17526080644512e-07,-8.95787335602958e-07,0.915346582364833,0.777752503871339
5849,1.48629,-1.33826,4.07305945612248e-07,-8.78725616065556e-07,0.910462498171102,-0.333308963290407
5848,1.50942,-1.31212,4.07291951988799e-07,-8.50607362908449e-07,0.91241614375073,0.555523964099018
5848,1.53209,-1.28558,3.96889914072014e-07,-8.33810446617102e-07,0.912416143751186,-0.555523964140576
5847,1.55429,-1.25864,3.95525969408011e-07,-8.05635589991777e-07,0.91046249817085,0.333308963247604
5847,1.57602,-1.23132,3.8496215462021e-07,-7.89106994608914e-07,0.91534658236556,-0.777752503916265
5846,1.59727,-1.20363,3.82301764050177e-07,-7.60995380242867e-07,0.909485669429786,0.111102085221649
5845,1.61803,-1.17557,3.79364995025935e-07,-7.34054046578848e-07,0.919253778306525,0.999999999969829
5845,1.6383,-1.14715,3.67710562810603e-07,-7.16813343921818e-07,0.909485669429914,-0.11110208528211
5844,1.65808,-1.11839,3.63569957009439e-07,-6.90084940172449e-07,0.915346582364627,0.777752503855747
5844,1.67734,-1.08928,3.51859948811695e-07,-6.73213017604649e-07,0.910462498171258,-0.333308963307527
5843,1.6961,-1.05984,3.46602540035764e-07,-6.46809997473225e-07,0.912416143750537,0.555523964080912
5843,1.71433,-1.03008,3.34872939472315e-07,-6.30314470227103e-07,0.912416143751378,-0.555523964158821
5842,1.73205,-1,3.28598179602668e-07,-6.04343745003557e-07,0.910462498170701,0.333308963230334
5842,1.74924,-0.969619,3.16887817563388e-07,-5.88232019319916e-07,0.915346582365767,-0.777752503931841
5841,1.7659,-0.938943,3.09705352661341e-07,-5.62790357992833e-07,0.909485669429766,0.111102085205045
5840,1.78201,-0.907981,3.02406212241611e-07,-5.38526036972569e-07,0.919253778306158,0.99999999995149
5840,1.79759,-0.876742,2.90080711891777e-07,-5.22238376149548e-07,0.909485669429983,-0.111102085301555
5839,1.81262,-0.845237,2.82038563345459e-07,-4.98583163700605e-07,0.915346582364319,0.777752503835052
5839,1.82709,-0.813473,2.69886902637872e-07,-4.82760055374595e-07,0.910462498171384,-0.333308963330046
5838,1.84101,-0.781462,2.61225238216204e-07,-4.59777685122258e-07,0.912416143750258,0.555523964056995
5838,1.85437,-0.749213,2.49290702947385e-07,-4.44411747702257e-07,0.91241614375167,-0.555523964183538
5837,1.86716,-0.716736,2.40134369658181e-07,-4.22155053196568e-07,0.91046249817059,0.333308963203332
5837,1.87939,-0.68404,2.2846003554871e-07,-4.07233750164142e-07,0.915346582366259,-0.777752503962114
5836,1.89104,-0.651136,2.18933371631045e-07,-3.85743618944418e-07,0.909485669429712,0.11110208517308
5835,1.90211,-0.618034,2.09491691164327e-07,-3.65307889705376e-07,0.919253778305505,0.999999999918216
5835,1.91261,-0.584743,1.9778721719978e-07,-3.50552236322504e-07,0.909485669430072,-0.111102085335106
5834,1.92252,-0.551275,1.88143681102391e-07,-3.30883052836246e-07,0.915346582363824,0.777752503801191
5834,1.93185,-0.517638,1.76857184873384e-07,-3.16569365327946e-07,0.910462498171638,-0.333308963364257
5833,1.94059,-0.483844,1.67131103156737e-07,-2.97672370705304e-07,0.912416143749874,0.555523964021932
5833,1.94874,-0.449902,1.56299999908703e-07,-2.83765451392282e-07,0.91241614375206,-0.555523964220175
5832,1.9563,-0.415823,1.46607718177954e-07,-2.65635700720056e-07,0.910462498170272,0.333308963168192
5832,1.96325,-0.381618,1.36268925675085e-07,-2.5209826933687e-07,0.915346582366721,-0.777752503993719
5831,1.96962,-0.347296,1.26724444481426e-07,-2.34722586373869e-07,0.909485669429573,0.111102085145735
5830,1.97538,-0.312869,1.17442115161726e-07,-2.18186246094326e-07,0.919253778305019,0.999999999895301
5830,1.98054,-0.278346,1.07629110533946e-07,-2.04874030708986e-07,0.909485669430095,-0.11110208535852
5829,1.98509,-0.243739,9.86452614600356e-08,-1.89021115791358e-07,0.915346582363408,0.777752503777643
5829,1.98904,-0.209057,8.94651299246985e-08,-1.76023521687019e-07,0.910462498171767,-0.333308963386425
5828,1.99239,-0.174311,8.08842181808492e-08,-1.60822278954405e-07,0.91241614374965,0.555523964001481
5828,1.99513,-0.139513,7.23692241155102e-08,-1.4809827825993e-07,0.912416143752221,-0.555523964238393
5827,1.99726,-0.104672,6.42888895065565e-08,-1.33511607805031e-07,0.910462498170182,0.333308963148836
5827,1.99878,-0.069799,5.64693338306029e-08,-1.21020584533579e-07,0.915346582367075,-0.777752504016468
5826,1.9997,-0.0349048,4.89785687866206e-08,-1.07006721872648e-07,0.909485669429527,0.111102085121839
