origElemNum,globCoord-x,globCoord-y,acouIntensity-x,acouIntensity-y,locCoord-xi,locCoord-eta
5825,2,-2.20442e-18,9.00240782470287e-08,-1.10225617296374e-07,0.919253778304535,0.999999999870795
5825,1.9997,0.0349048,7.30717441771764e-08,-9.82801268125772e-08,0.909485669430051,-0.11110208537854
5824,1.99878,0.069799,5.78017250680865e-08,-8.44028822589021e-08,0.915346582363134,0.7777525037628
5824,1.99726,0.104672,4.43137609402717e-08,-7.27725361882648e-08,0.910462498171695,-0.333308963393583
5823,1.99513,0.139513,3.25014871871655e-08,-5.999172850144e-08,0.912416143749585,0.555523964001403
5823,1.99239,0.174311,2.2519702667876e-08,-4.84731556419809e-08,0.912416143752112,-0.555523964232293
5822,1.98904,0.209057,1.42483491300864e-08,-3.63630967932167e-08,0.910462498170195,0.33330896316169
5822,1.98509,0.243739,7.79318010326519e-09,-2.47509000458029e-08,0.915346582366752,-0.777752503996411
5821,1.98054,0.278346,3.08967227787e-09,-1.28811124937337e-08,0.909485669429537,0.111102085145532
5820,1.97538,0.312869,1.58824837118953e-10,-9.64786684750577e-10,0.91925377830504,0.999999999897275
5820,1.96962,0.347296,-1.00537616930456e-09,1.10867655074122e-08,0.909485669429959,-0.111102085350008
5819,1.96325,0.381618,-4.31521382325886e-10,2.34534756527384e-08,0.915346582363608,0.777752503792493
5819,1.9563,0.415823,1.85532201080788e-09,3.61609668759417e-08,0.910462498171543,-0.333308963366333
5818,1.94874,0.449902,5.82200164448589e-09,4.93880048904827e-08,0.912416143749872,0.555523964026318
5818,1.94059,0.483844,1.14884401592481e-08,6.29428728265102e-08,0.912416143751876,-0.555523964209557
5817,1.93185,0.517638,1.8682877402878e-08,7.74221659617247e-08,0.910462498170338,0.333308963182653
5817,1.92252,0.551275,2.7636894599538e-08,9.20077152974474e-08,0.915346582366455,-0.777752503976955
5816,1.91261,0.584743,3.7842230298492e-08,1.0810665696038e-07,0.909485669429567,0.111102085165898
5815,1.90211,0.618034,4.94837939738773e-08,1.25395646729429e-07,0.919253778305533,0.999999999919169
5815,1.89104,0.651136,6.29210013753204e-08,1.41950848749238e-07,0.909485669429933,-0.111102085328256
5814,1.87939,0.68404,7.71633853410874e-08,1.61405237702489e-07,0.915346582363941,0.777752503814277
5814,1.86716,0.716736,9.34744912221322e-08,1.79417104927303e-07,0.910462498171402,-0.333308963343933
5813,1.85437,0.749213,1.09985075773353e-07,2.01318146362575e-07,0.912416143750119,0.555523964050056
5813,1.84101,0.781462,1.28997849277303e-07,2.20914954244439e-07,0.912416143751575,-0.555523964183394
5812,1.82709,0.813473,1.47404892520066e-07,2.45500444006273e-07,0.910462498170486,0.333308963212263
5812,1.81262,0.845237,1.68931214791524e-07,2.66792963438589e-07,0.915346582365915,-0.777752503943209
5811,1.79759,0.876742,1.88829006738193e-07,2.9425266506654e-07,0.909485669429635,0.111102085200681
5810,1.78201,0.907981,2.09409910179762e-07,3.23725942468955e-07,0.919253778306195,0.999999999954235
5810,1.7659,0.938943,2.33622374687101e-07,3.47807914498617e-07,0.909485669429844,-0.111102085292603
5809,1.74924,0.969619,2.55049631711598e-07,3.80398793758663e-07,0.915346582364538,0.777752503850291
5809,1.73205,1,2.81117500062584e-07,4.0632976535872e-07,0.910462498171199,-0.333308963308445
5808,1.71433,1.03008,3.02930517533128e-07,4.42098035622817e-07,0.912416143750526,0.555523964084446
5808,1.6961,1.05984,3.30622698414239e-07,4.69908509942872e-07,0.912416143751246,-0.555523964150953
5807,1.67734,1.08928,3.52350585098788e-07,5.08859434184484e-07,0.910462498170725,0.333308963242434
5807,1.65808,1.11839,3.81432310269424e-07,5.38560475425904e-07,0.915346582365508,-0.777752503915519
5806,1.6383,1.14715,4.02602534454229e-07,5.80646742144288e-07,0.909485669429676,0.11110208522853
5805,1.61803,1.17557,4.23511755641401e-07,6.25069057640758e-07,0.919253778306765,0.999999999982884
5805,1.59727,1.20363,4.52986294004225e-07,6.57357904644596e-07,0.909485669429817,-0.111102085265541
5804,1.57602,1.23132,4.7266157569043e-07,7.04802126006563e-07,0.9153465823649,0.777752503876539
5804,1.55429,1.25864,5.02821792893855e-07,7.3883573488415e-07,0.910462498170939,-0.333308963279996
5803,1.53209,1.28558,5.20823325968756e-07,7.89149562994753e-07,0.912416143750815,0.555523964114853
5803,1.50942,1.31212,5.5145966248731e-07,8.24881893624108e-07,0.91241614375085,-0.555523964118972
5802,1.48629,1.33826,5.67370468285627e-07,8.77888148676747e-07,0.910462498170897,0.333308963276791
5802,1.46271,1.364,5.98286590645323e-07,9.15267110568875e-07,0.915346582364929,-0.77775250387822
5801,1.43868,1.38932,6.11714653570556e-07,9.70765856294841e-07,0.909485669429954,0.111102085257182
5801,1.41421,1.41421,6.42726769860153e-07,1.00973328513938e-06,0.919253778307104,-0.999999999999994
850,1.38932,1.43868,6.53307409454827e-07,1.06750162783059e-06,0.909485669429991,-0.111102085260227
849,1.364,1.46271,6.6255030342386e-07,1.12740013100566e-06,0.915346582364834,0.777752503871359
849,1.33826,1.48629,6.91642565961051e-07,1.16778910703907e-06,0.910462498171096,-0.333308963290402
848,1.31212,1.50942,6.97544369566759e-07,1.22961610025743e-06,0.912416143750729,0.555523964099008
848,1.28558,1.53209,7.26258091162341e-07,1.27130467934239e-06,0.912416143751184,-0.555523964140596
847,1.25864,1.55429,7.2852811396508e-07,1.33479660102885e-06,0.910462498170846,0.333308963247574
847,1.23132,1.57602,7.56735412194386e-07,1.37771502857189e-06,0.915346582365554,-0.777752503916259
846,1.20363,1.59727,7.551122156565e-07,1.44260175517662e-06,0.90948566942978,0.111102085221654
845,1.17557,1.61803,7.51565589928934e-07,1.50929932168809e-06,0.919253778306528,0.999999999969813
845,1.14715,1.6383,7.7694728996448e-07,1.5526856642723e-06,0.909485669429915,-0.111102085282135
844,1.11839,1.65808,7.69145966841695e-07,1.62037020617716e-06,0.915346582364625,0.777752503855763
844,1.08928,1.67734,7.93718529043173e-07,1.66469166625875e-06,0.910462498171253,-0.333308963307521
843,1.05984,1.6961,7.81464246021427e-07,1.73306503331841e-06,0.912416143750542,0.555523964080906
843,1.03008,1.71433,8.05140213271817e-07,1.77824193248668e-06,0.912416143751377,-0.555523964158847
842,1,1.73205,7.88257982497503e-07,1.8469837951084e-06,0.910462498170698,0.333308963230309
842,0.969619,1.74924,8.10952408700729e-07,1.89292322302908e-06,0.915346582365766,-0.777752503931825
841,0.938943,1.7659,7.89290953041639e-07,1.96168314220153e-06,0.909485669429764,0.111102085205048
840,0.907981,1.78201,7.65142813646462e-07,2.0316002304423e-06,0.919253778306164,0.99999999995148
840,0.876742,1.79759,7.8435492144338e-07,2.07667052260952e-06,0.909485669429979,-0.11110208530158
839,0.845237,1.81262,7.55241656648788e-07,2.14602050157442e-06,0.91534658236432,0.777752503835068
839,0.813473,1.82709,7.73273174431087e-07,2.19140918369113e-06,0.91046249817139,-0.33330896333004
838,0.781462,1.84101,7.39115299344041e-07,2.25977191902561e-06,0.912416143750255,0.555523964056983
838,0.749213,1.85437,7.55905010036157e-07,2.3053295031779e-06,0.912416143751674,-0.555523964183563
837,0.716736,1.86716,7.16655087907471e-07,2.37226995246198e-06,0.910462498170584,0.333308963203304
837,0.68404,1.87939,7.3215101386781e-07,2.4178376151895e-06,0.915346582366261,-0.777752503962098
836,0.651136,1.89104,6.87797926289045e-07,2.4829070979301e-06,0.909485669429719,0.111102085173086
835,0.618034,1.90211,6.40722362628581e-07,2.54821193448573e-06,0.919253778305509,0.999999999918205
835,0.584743,1.91261,6.52529171090864e-07,2.5910476996499e-06,0.909485669430073,-0.111102085335132
834,0.551275,1.92252,6.0041055562746e-07,2.65377026406994e-06,0.915346582363819,0.777752503801204
834,0.517638,1.93185,6.10884894000047e-07,2.69601778434642e-06,0.910462498171637,-0.333308963364254
833,0.483844,1.94059,5.53823683795316e-07,2.75565520947735e-06,0.912416143749877,0.55552396402192
833,0.449902,1.94874,5.6295724287615e-07,2.79709567496503e-06,0.91241614375206,-0.555523964220202
832,0.415823,1.9563,5.01105940665536e-07,2.85311871508907e-06,0.910462498170279,0.333308963168166
832,0.381618,1.96325,5.08903564233726e-07,2.89351443085038e-06,0.915346582366717,-0.777752503993703
831,0.347296,1.96962,4.42472143581597e-07,2.94537759819856e-06,0.909485669429573,0.111102085145737
830,0.312869,1.97538,3.73625067319489e-07,2.99640913768921e-06,0.919253778305012,0.99999999989529
830,0.278346,1.98054,3.78211083905926e-07,3.03163546574521e-06,0.909485669430091,-0.111102085358547
829,0.243739,1.98509,3.05238841993394e-07,3.07770712600354e-06,0.915346582363415,0.77775250377766
829,0.209057,1.98904,3.08685239161316e-07,3.11110450980109e-06,0.910462498171767,-0.333308963386422
828,0.174311,1.99239,2.31941848949688e-07,3.15169958768818e-06,0.912416143749651,0.55552396400147
828,0.139513,1.99513,2.34330525542626e-07,3.18302366613593e-06,0.912416143752224,-0.555523964238419
827,0.104672,1.99726,1.54223182866489e-07,3.21765762210384e-06,0.910462498170184,0.33330896314881
827,0.069799,1.99878,1.55655210805249e-07,3.24667515195935e-06,0.915346582367074,-0.777752504016452
826,0.0349048,1.9997,7.26418611410981e-08,3.27490590361903e-06,0.909485669429527,0.111102085121841
825,1.27747e-16,2,-1.18684894816343e-08,3.30139912656388e-06,0.919253778304535,0.999999999870799
825,-0.0349048,1.9997,-1.21801315901726e-08,3.32283498563846e-06,0.909485669430051,-0.111102085378537
824,-0.069799,1.99878,-9.87903884762363e-08,3.34237774316919e-06,0.915346582363134,0.777752503762801
824,-0.104672,1.99726,-9.95650242738396e-08,3.36090936462558e-06,0.910462498171695,-0.333308963393583
823,-0.139513,1.99513,-1.87713590085982e-07,3.37319889444825e-06,0.912416143749585,0.555523964001401
823,-0.174311,1.99239,-1.88785640051986e-07,3.38867505457771e-06,0.912416143752112,-0.555523964232297
822,-0.209057,1.98904,-2.77879000862577e-07,3.39347373704211e-06,0.910462498170195,0.333308963161685
822,-0.243739,1.98509,-2.79072529235335e-07,3.40576899032241e-06,0.915346582366744,-0.777752503996403
821,-0.278346,1.98054,-3.68493541037883e-07,3.40291069684723e-06,0.909485669429538,0.111102085145537
820,-0.312869,1.97538,-4.58095565081667e-07,3.39791520415717e-06,0.919253778305041,0.999999999897278
820,-0.347296,1.96962,-4.58741959708631e-07,3.40132189416952e-06,0.90948566942996,-0.111102085350006
819,-0.381618,1.96325,-5.4768166316348e-07,3.38857894392032e-06,0.915346582363608,0.777752503792493
819,-0.415823,1.9563,-5.47798660452302e-07,3.38862598244972e-06,0.910462498171543,-0.333308963366333
818,-0.449902,1.94874,-6.35439400653318e-07,3.36816280121047e-06,0.912416143749872,0.555523964026316
818,-0.483844,1.94059,-6.34838370094289e-07,3.36484907282578e-06,0.912416143751875,-0.555523964209561
817,-0.517638,1.93185,-7.20551800840614e-07,3.33676987460843e-06,0.910462498170336,0.333308963182646
817,-0.551275,1.92252,-7.19048066397561e-07,3.33012321257004e-06,0.915346582366457,-0.777752503976948
816,-0.584743,1.91261,-8.02223095698468e-07,3.29460569887273e-06,0.909485669429562,0.111102085165907
815,-0.618034,1.90211,-8.84187076023347e-07,3.25720940070697e-06,0.919253778305526,0.999999999919175
815,-0.651136,1.89104,-8.7968697989601e-07,3.24197205540612e-06,0.909485669429935,-0.111102085328253
814,-0.68404,1.87939,-9.58202815121747e-07,3.19754309843179e-06,0.915346582363941,0.777752503814277
814,-0.716736,1.86716,-9.52214240385188e-07,3.17926314395789e-06,0.910462498171402,-0.333308963343933
813,-0.749213,1.85437,-1.02674228126029e-06,3.12814995205622e-06,0.912416143750117,0.555523964050053
813,-0.781462,1.84101,-1.0191236856772e-06,3.10696346348165e-06,0.912416143751584,-0.555523964183396
812,-0.813473,1.82709,-1.0891685557553e-06,3.04957525765384e-06,0.910462498170484,0.33330896321226
812,-0.845237,1.81262,-1.07979420626787e-06,3.02564009054759e-06,0.91534658236591,-0.7777525039432
811,-0.876742,1.79759,-1.1449113537619e-06,2.96243927204087e-06,0.909485669429639,0.111102085200672
810,-0.907981,1.78201,-1.20771638134679e-06,2.89820528012098e-06,0.919253778306197,0.999999999954239
810,-0.938943,1.7659,-1.19346998707429e-06,2.86742861574162e-06,0.909485669429848,-0.111102085292613
809,-0.969619,1.74924,-1.25074750044641e-06,2.79816400711229e-06,0.915346582364533,0.777752503850298
809,-1,1.73205,-1.23441651625814e-06,2.76528888716673e-06,0.910462498171205,-0.333308963308436
808,-1.03008,1.71433,-1.28586019349425e-06,2.69156441541452e-06,0.912416143750522,0.55552396408444
808,-1.05984,1.6961,-1.26740118851553e-06,2.65681606631079e-06,0.912416143751243,-0.555523964150944
807,-1.08928,1.67734,-1.31276579448685e-06,2.5792331209493e-06,0.910462498170733,0.33330896324243
807,-1.11839,1.65808,-1.29215710481098e-06,2.54284587829697e-06,0.915346582365511,-0.777752503915504
806,-1.14715,1.6383,-1.33125989643311e-06,2.46202916916687e-06,0.909485669429678,0.11110208522852
805,-1.17557,1.61803,-1.36748783039172e-06,2.38138827121179e-06,0.91925377830677,0.999999999982889
805,-1.20363,1.59727,-1.34122396322573e-06,2.34083571347773e-06,0.909485669429819,-0.111102085265551
804,-1.23132,1.57602,-1.37100774519766e-06,2.2579259591637e-06,0.915346582364893,0.777752503876544
804,-1.25864,1.55429,-1.34262743725835e-06,2.21655333702338e-06,0.910462498170937,-0.333308963279986
803,-1.28558,1.53209,-1.36595045708007e-06,2.13203150181091e-06,0.912416143750809,0.555523964114847
803,-1.31212,1.50942,-1.33553164572523e-06,2.09009166018948e-06,0.912416143750849,-0.555523964118962
802,-1.33826,1.48629,-1.35244729306863e-06,2.00461421264091e-06,0.910462498170897,0.333308963276791
802,-1.364,1.46271,-1.32009210730774e-06,1.96235858323977e-06,0.915346582364928,-0.77775250387821
801,-1.38932,1.43868,-1.3307223881349e-06,1.87657331928634e-06,0.909485669429954,0.111102085257172
801,-1.41421,1.41421,-1.29655637431487e-06,1.8342490669612e-06,0.919253778307104,-0.999999999999994
15850,-1.43868,1.38932,-1.30108944134668e-06,1.74878793377805e-06,0.909485669429991,-0.111102085260237
15849,-1.46271,1.364,-1.3029222988962e-06,1.66508316050522e-06,0.915346582364828,0.777752503871364
15849,-1.48629,1.33826,-1.26394902579579e-06,1.62210763456526e-06,0.910462498171103,-0.333308963290387
15848,-1.50942,1.31212,-1.26007003205182e-06,1.53961095443633e-06,0.912416143750729,0.555523964099008
15848,-1.53209,1.28558,-1.21978400212632e-06,1.49734249554517e-06,0.912416143751185,-0.555523964140586
15847,-1.55429,1.25864,-1.21053766539895e-06,1.4166100747948e-06,0.910462498170851,0.333308963247569
15847,-1.57602,1.23132,-1.16915325765467e-06,1.37525356335526e-06,0.915346582365555,-0.777752503916249
15846,-1.59727,1.20363,-1.15493644549602e-06,1.29680131074838e-06,0.909485669429784,0.111102085221639
15845,-1.61803,1.17557,-1.13863447224014e-06,1.22082964473603e-06,0.919253778306531,0.999999999969823
15845,-1.6383,1.14715,-1.09394265977066e-06,1.18084441566604e-06,0.909485669429917,-0.111102085282151
15844,-1.65808,1.11839,-1.07334097448184e-06,1.1078134809752e-06,0.915346582364627,0.777752503855772
15844,-1.67734,1.08928,-1.0282916970133e-06,1.06933126222777e-06,0.910462498171251,-0.333308963307506
15843,-1.6961,1.05984,-1.00390059302846e-06,9.99629597101031e-07,0.912416143750542,0.555523964080906
15843,-1.71433,1.03008,-9.58770147191239e-07,9.6277970929755e-07,0.912416143751375,-0.555523964158831
15842,-1.73205,1,-9.31132722204175e-07,8.96739224342644e-07,0.910462498170697,0.333308963230296
15842,-1.74924,0.969619,-8.86206687459315e-07,8.61629251089007e-07,0.915346582365764,-0.777752503931822
15841,-1.7659,0.938943,-8.55892001506753e-07,7.99522713569782e-07,0.909485669429762,0.111102085205035
15840,-1.78201,0.907981,-8.24637868691334e-07,7.4038102870195e-07,0.919253778306162,0.999999999951483
15840,-1.79759,0.876742,-7.79059362857605e-07,7.08276168103029e-07,0.909485669429984,-0.111102085301589
15839,-1.81262,0.845237,-7.4600554973717e-07,6.53322530631184e-07,0.915346582364318,0.777752503835071
15839,-1.82709,0.813473,-7.01532183285333e-07,6.23207634056026e-07,0.910462498171391,-0.333308963330024
15838,-1.84101,0.781462,-6.6728286472504e-07,5.7255141033382e-07,0.912416143750253,0.555523964056986
15838,-1.85437,0.749213,-6.24213422533189e-07,5.44434756649114e-07,0.912416143751674,-0.555523964183544
15837,-1.86716,0.716736,-5.89371545776924e-07,4.98119548861074e-07,0.910462498170589,0.333308963203294
15837,-1.87939,0.68404,-5.48000452141186e-07,4.71984442501182e-07,0.915346582366259,-0.777752503962095
15836,-1.89104,0.651136,-5.13159983941826e-07,4.29988991942964e-07,0.909485669429715,0.111102085173074
15835,-1.90211,0.618034,-4.78651613367421e-07,3.9078556427481e-07,0.919253778305508,0.999999999918209
15835,-1.91261,0.584743,-4.39514134275681e-07,3.6803336650169e-07,0.909485669430068,-0.111102085335144
15834,-1.92252,0.551275,-4.05859562267123e-07,3.32951953222247e-07,0.915346582363818,0.777752503801208
15834,-1.93185,0.517638,-3.69268256671735e-07,3.12039966096289e-07,0.910462498171639,-0.333308963364235
15833,-1.94059,0.483844,-3.3700907378885e-07,2.80899874894252e-07,0.912416143749876,0.555523964021923
15833,-1.94874,0.449902,-3.03215453507028e-07,2.61713379598184e-07,0.912416143752063,-0.555523964220183
15832,-1.9563,0.415823,-2.72859799352995e-07,2.34276891511866e-07,0.910462498170272,0.333308963168156
15832,-1.96325,0.381618,-2.42099316238546e-07,2.16680453220042e-07,0.915346582366716,-0.7777525039937
15831,-1.96962,0.347296,-2.14116146078729e-07,1.92656827025937e-07,0.909485669429575,0.111102085145728
15830,-1.97538,0.312869,-1.87536393314948e-07,1.7062463434773e-07,0.91925377830502,0.999999999895294
15830,-1.98054,0.278346,-1.61420175541875e-07,1.55545514842148e-07,0.909485669430092,-0.111102085358556
15829,-1.98509,0.243739,-1.3782602263097e-07,1.36346911433759e-07,0.915346582363415,0.777752503777664
15829,-1.98904,0.209057,-1.15344606859198e-07,1.22387317989496e-07,0.910462498171765,-0.333308963386404
15828,-1.99239,0.174311,-9.50832878856462e-08,1.0561688904084e-07,0.912416143749651,0.555523964001473
15828,-1.99513,0.139513,-7.63864154142848e-08,9.25724263672822e-08,0.912416143752222,-0.5555239642384
15827,-1.99726,0.104672,-5.97483026093563e-08,7.77899816108997e-08,0.910462498170184,0.3333089631488
15827,-1.99878,0.069799,-4.49612945624097e-08,6.54446386915735e-08,0.915346582367074,-0.777752504016448
15826,-1.9997,0.0349048,-3.21762912056681e-08,5.21813801624044e-08,0.909485669429527,0.111102085121831
15825,-2,2.46315e-16,-2.13990130847945e-08,3.96522279775444e-08,0.919253778304535,0.999999999870803
15825,-1.9997,-0.0349048,-1.26337371910393e-08,2.80748937850527e-08,0.909485669430051,-0.111102085378547
15824,-1.99878,-0.069799,-5.93057211128279e-09,1.62653577052102e-08,0.915346582363134,0.777752503762804
15824,-1.99726,-0.104672,-1.29553899147969e-09,4.7321593759617e-09,0.910462498171696,-0.333308963393566
15823,-1.99513,-0.139513,1.26648842939194e-09,-6.86863205583109e-09,0.912416143749586,0.555523964001405
15823,-1.99239,-0.174311,1.75688103161676e-09,-1.85977847409932e-08,0.912416143752114,-0.555523964232279
15822,-1.98904,-0.209057,1.77707829529617e-10,-3.05039205703544e-08,0.910462498170195,0.333308963161688
15822,-1.98509,-0.243739,-3.46355648134844e-09,-4.26686438084508e-08,0.915346582366744,-0.7777525039964
15821,-1.98054,-0.278346,-9.11703238875376e-09,-5.53900616154529e-08,0.909485669429545,0.111102085145526
15820,-1.97538,-0.312869,-1.67579748676876e-08,-6.88063561825544e-08,0.919253778305042,0.999999999897283
15820,-1.96962,-0.347296,-2.64444346768682e-08,-8.22625454559739e-08,0.909485669429957,-0.111102085350017
15819,-1.96325,-0.381618,-3.79314700124971e-08,-9.72932472725629e-08,0.915346582363609,0.777752503792499
15819,-1.9563,-0.415823,-5.15397652083669e-08,-1.11833541196804e-07,0.910462498171549,-0.333308963366345
15818,-1.94874,-0.449902,-6.66432127773554e-08,-1.28946049350375e-07,0.912416143749872,0.555523964026319
15818,-1.94059,-0.483844,-8.40500502258716e-08,-1.44782848733356e-07,0.91241614375188,-0.555523964209544
15817,-1.93185,-0.517638,-1.02480048586078e-07,-1.64415852336381e-07,0.910462498170337,0.33330896318265
15817,-1.92252,-0.551275,-1.23538206151305e-07,-1.8174938457837e-07,0.915346582366458,-0.777752503976945
15816,-1.91261,-0.584743,-1.44948109172508e-07,-2.04306824183959e-07,0.909485669429567,0.111102085165898
15815,-1.90211,-0.618034,-1.67699368518838e-07,-2.28826891378552e-07,0.919253778305528,0.999999999919178
15815,-1.89104,-0.651136,-1.93478048148217e-07,-2.49168175393118e-07,0.90948566942994,-0.111102085328262
15814,-1.87939,-0.68404,-2.18588596359033e-07,-2.77194113945428e-07,0.915346582363942,0.77775250381428
15814,-1.86716,-0.716736,-2.47431486664191e-07,-2.99486311490907e-07,0.910462498171397,-0.333308963343943
15813,-1.85437,-0.749213,-2.7443296798182e-07,-3.31306144535038e-07,0.912416143750119,0.555523964050056
15813,-1.84101,-0.781462,-3.06108760925146e-07,-3.55678057376257e-07,0.912416143751582,-0.555523964183381
15812,-1.82709,-0.813473,-3.34494385412279e-07,-3.91525908245511e-07,0.910462498170486,0.333308963212263
15812,-1.81262,-0.845237,-3.6875668399112e-07,-4.18085371103284e-07,0.915346582365912,-0.777752503943197
15811,-1.79759,-0.876742,-3.97987121627519e-07,-4.58138238016119e-07,0.909485669429641,0.111102085200675
15810,-1.78201,-0.907981,-4.27443743781762e-07,-5.00970074212269e-07,0.919253778306197,0.999999999954239
15810,-1.7659,-0.938943,-4.64086845805416e-07,-5.31345737866615e-07,0.90948566942985,-0.11110208529261
15809,-1.74924,-0.969619,-4.93533012748552e-07,-5.78580955552819e-07,0.915346582364535,0.777752503850301
15809,-1.73205,-1,-5.31941005681443e-07,-6.11265705074317e-07,0.9104624981712,-0.333308963308458
15808,-1.71433,-1.03008,-5.60789542100272e-07,-6.62922934928617e-07,0.912416143750526,0.555523964084446
15808,-1.6961,-1.05984,-6.00679038905691e-07,-6.97929165369051e-07,0.912416143751243,-0.555523964150944
15807,-1.67734,-1.08928,-6.28336405769751e-07,-7.53964193482923e-07,0.910462498170725,0.333308963242434
15807,-1.65808,-1.11839,-6.69422162701485e-07,-7.91281525538672e-07,0.915346582365503,-0.7777525039155
15806,-1.6383,-1.14715,-6.95295579405226e-07,-8.51587382359748e-07,0.90948566942967,0.111102085228524
15805,-1.61803,-1.17557,-7.20088063117342e-07,-9.14862281287916e-07,0.919253778306763,0.999999999982893
15805,-1.59727,-1.20363,-7.60796864261141e-07,-9.55589475870805e-07,0.909485669429812,-0.111102085265547
15804,-1.57602,-1.23132,-7.829361174968e-07,-1.02289398209296e-06,0.915346582364898,0.777752503876549
15804,-1.55429,-1.25864,-8.239876731878e-07,-1.06568233386774e-06,0.910462498170935,-0.333308963280012
15803,-1.53209,-1.28558,-8.42917436191675e-07,-1.13674953458796e-06,0.912416143750815,0.555523964114853
15803,-1.50942,-1.31212,-8.84042041342005e-07,-1.18149528373576e-06,0.912416143750855,-0.555523964118957
15802,-1.48629,-1.33826,-8.99230792948208e-07,-1.25600048610494e-06,0.910462498170897,0.333308963276791
15802,-1.46271,-1.364,-9.40167374869e-07,-1.30257911531967e-06,0.915346582364928,-0.77775250387821
15801,-1.43868,-1.38932,-9.51113816436559e-07,-1.38014188794664e-06,0.909485669429954,0.111102085257172
15801,-1.41421,-1.41421,-9.91611332928048e-07,-1.42840870359282e-06,0.919253778307098,-0.999999999999989
10084,-1.38932,-1.43868,-9.97851007826178e-07,-1.5085951996151e-06,-0.909485669429983,0.111102085260242
10184,-1.364,-1.46271,-1.00162893053273e-06,-1.59108342665767e-06,-0.915346582364814,-0.777752503871363
10184,-1.33826,-1.48629,-1.0387815383925e-06,-1.64071379426215e-06,-0.910462498171062,0.333308963290425
10284,-1.31212,-1.50942,-1.03725256479311e-06,-1.72510815726298e-06,-0.912416143750702,-0.555523964098991
10284,-1.28558,-1.53209,-1.07330577249351e-06,-1.77578914982012e-06,-0.912416143751175,0.55552396414059
10384,-1.25864,-1.55429,-1.06612586395725e-06,-1.86153987254868e-06,-0.910462498170858,-0.333308963247603
10384,-1.23132,-1.57602,-1.10089066539042e-06,-1.91305673085156e-06,-0.915346582365569,0.777752503916277
10484,-1.20363,-1.59727,-1.08777133805568e-06,-1.99957749827724e-06,-0.909485669429755,-0.111102085221656
10584,-1.17557,-1.61803,-1.07164570720651e-06,-2.0876164102576e-06,-0.919253778306467,-0.999999999969833
10584,-1.14715,-1.6383,-1.10178973265596e-06,-2.13837739376554e-06,-0.909485669429891,0.111102085282108
10684,-1.11839,-1.65808,-1.07942480348998e-06,-2.22627046898905e-06,-0.915346582364624,-0.777752503855743
10684,-1.08928,-1.67734,-1.10786101853398e-06,-2.27706294853505e-06,-0.910462498171255,0.333308963307532
10784,-1.05984,-1.6961,-1.07912121451174e-06,-2.36416277126394e-06,-0.912416143750544,-0.555523964080908
10784,-1.03008,-1.71433,-1.10574486658341e-06,-2.41473210385094e-06,-0.912416143751393,0.555523964158839
10884,-1,-1.73205,-1.07055643076956e-06,-2.50037847779959e-06,-0.910462498170715,-0.333308963230315
10884,-0.969619,-1.74924,-1.09528362337923e-06,-2.55046401106384e-06,-0.915346582365772,0.777752503931858
10984,-0.938943,-1.7659,-1.05363743474357e-06,-2.63399059595376e-06,-0.909485669429763,-0.111102085205032
11084,-0.907981,-1.78201,-1.00882682273168e-06,-2.71776261011203e-06,-0.919253778306154,-0.99999999995149
11084,-0.876742,-1.79759,-1.02836055003039e-06,-2.76407193650571e-06,-0.909485669429981,0.111102085301552
11184,-0.845237,-1.81262,-9.77230416365814e-07,-2.84474214736128e-06,-0.915346582364332,-0.777752503835052
11184,-0.813473,-1.82709,-9.94811542357398e-07,-2.88970852782664e-06,-0.910462498171421,0.333308963330044
11284,-0.781462,-1.84101,-9.37522570351896e-07,-2.96663485618072e-06,-0.912416143750289,-0.555523964056998
11284,-0.749213,-1.85437,-9.53164513563278e-07,-3.01001270864802e-06,-0.912416143751684,0.555523964183542
11384,-0.716736,-1.86716,-8.89944850234553e-07,-3.08257865595011e-06,-0.910462498170579,-0.333308963203316
11384,-0.68404,-1.87939,-9.03683682956771e-07,-3.12413474220776e-06,-0.915346582366256,0.777752503962127
11484,-0.651136,-1.89104,-8.34830619284611e-07,-3.1917584540993e-06,-0.9094856694297,-0.111102085173069
11584,-0.618034,-1.90211,-7.63316192181188e-07,-3.25837699923374e-06,-0.919253778305473,-0.9999999999182
11584,-0.584743,-1.91261,-7.72599656216766e-07,-3.2934215156086e-06,-0.909485669430035,0.111102085335111
11684,-0.551275,-1.92252,-6.96050745968309e-07,-3.35430809340499e-06,-0.915346582363772,-0.777752503801188
11684,-0.517638,-1.93185,-7.03746785549939e-07,-3.38688976574307e-06,-0.910462498171642,0.333308963364261
11784,-0.483844,-1.94059,-6.22604438417917e-07,-3.44159080463369e-06,-0.912416143749915,-0.555523964021929
11784,-0.449902,-1.94874,-6.28831090145543e-07,-3.47156253840882e-06,-0.912416143752077,0.555523964220183
11884,-0.415823,-1.9563,-5.43580632009552e-07,-3.51968155551557e-06,-0.910462498170266,-0.33330896316818
11884,-0.381618,-1.96325,-5.48469423552692e-07,-3.54691930847035e-06,-0.915346582366712,0.777752503993725
11984,-0.347296,-1.96962,-4.59635332360076e-07,-3.58812129783223e-06,-0.909485669429565,-0.111102085145729
12084,-0.312869,-1.97538,-3.6921913933737e-07,-3.62743134082504e-06,-0.919253778305011,-0.999999999895287
12084,-0.278346,-1.98054,-3.71465014461314e-07,-3.64654128097288e-06,-0.909485669430107,0.111102085358526
12184,-0.243739,-1.98509,-2.78344305081422e-07,-3.67854312254792e-06,-0.915346582363447,-0.777752503777644
12184,-0.209057,-1.98904,-2.79794778789754e-07,-3.69466296928162e-06,-0.910462498171781,0.333308963386432
12284,-0.174311,-1.99239,-1.84553464416192e-07,-3.71918702193622e-06,-0.912416143749663,-0.555523964001473
12284,-0.139513,-1.99513,-1.85372008263125e-07,-3.73229702309221e-06,-0.912416143752267,0.555523964238395
12384,-0.104672,-1.99726,-8.86069975397033e-08,-3.74924077393693e-06,-0.910462498170238,-0.333308963148834
12384,-0.069799,-1.99878,-8.89582897401502e-08,-3.75934682585309e-06,-0.915346582367131,0.777752504016471
12484,-0.0349048,-1.9997,8.73009072608725e-09,-3.76867605126065e-06,-0.909485669429557,-0.111102085121833
12584,-4.35203e-16,-2,1.06658117962492e-07,-3.77580919723689e-06,-0.919253778304537,-0.999999999870803
12584,0.0349048,-1.9997,1.06701948868164e-07,-3.77755495836366e-06,-0.909485669430058,0.111102085378513
12684,0.069799,-1.99878,2.04627825319923e-07,-3.77713329373228e-06,-0.915346582363139,-0.777752503762792
12684,0.104672,-1.99726,2.04569581001138e-07,-3.77602278291819e-06,-0.9104624981717,0.333308963393593
12784,0.139513,-1.99513,3.01921978901886e-07,-3.76817058899163e-06,-0.912416143749591,-0.555523964001403
12784,0.174311,-1.99239,3.01615009582769e-07,-3.76430343109809e-06,-0.912416143752134,0.555523964232273
12884,0.209057,-1.98904,3.97840038391349e-07,-3.7492025746947e-06,-0.91046249817019,-0.333308963161724
12884,0.243739,-1.98509,3.97147235919931e-07,-3.74269823860108e-06,-0.915346582366752,0.777752503996427
12984,0.278346,-1.98054,4.91716912050325e-07,-3.72058597070491e-06,-0.909485669429543,-0.111102085145531
13084,0.312869,-1.97538,5.85261430593408e-07,-3.6965752845972e-06,-0.919253778305079,-0.999999999897294
13084,0.347296,-1.96962,5.82930172011875e-07,-3.68274537926986e-06,-0.909485669429971,0.111102085349981
13184,0.381618,-1.96325,6.74046482907481e-07,-3.6521668468451e-06,-0.915346582363621,-0.777752503792476
13184,0.415823,-1.9563,6.70903673805448e-07,-3.63616279463375e-06,-0.910462498171561,0.33330896336634
13284,0.449902,-1.94874,7.5914867899705e-07,-3.59936774334817e-06,-0.912416143749886,-0.555523964026324
13284,0.483844,-1.94059,7.55109713405293e-07,-3.58136604605662e-06,-0.912416143751904,0.555523964209538
13384,0.517638,-1.93185,8.40080771118813e-07,-3.53873275698953e-06,-0.910462498170363,-0.333308963182687
13384,0.551275,-1.92252,8.35073690929902e-07,-3.51890946547059e-06,-0.915346582366464,0.777752503976962
13484,0.584743,-1.91261,9.16412554763317e-07,-3.4708244724033e-06,-0.909485669429569,-0.111102085165906
13584,0.618034,-1.90211,9.95805595302666e-07,-3.42158768124028e-06,-0.919253778305519,-0.999999999919186
13584,0.651136,-1.89104,9.87764897613057e-07,-3.39618579394874e-06,-0.909485669429928,0.111102085328226
13684,0.68404,-1.87939,1.06305189263731e-06,-3.34207361020201e-06,-0.915346582363942,-0.777752503814258
13684,0.716736,-1.86716,1.05379957079522e-06,-3.3153250632493e-06,-0.910462498171394,0.333308963343945
13784,0.749213,-1.85437,1.12472121612908e-06,-3.25669331716583e-06,-0.912416143750121,-0.555523964050058
13784,0.781462,-1.84101,1.11421242490952e-06,-3.22871872342049e-06,-0.91241614375158,0.555523964183364
13884,0.813473,-1.82709,1.18053716288154e-06,-3.16591252081556e-06,-0.91046249817049,-0.333308963212306
13884,0.845237,-1.81262,1.16873033461494e-06,-3.13682132807712e-06,-0.915346582365913,0.777752503943214
13984,0.876742,-1.79759,1.23025097592007e-06,-3.07018292674073e-06,-0.909485669429626,-0.1111020852007
14084,0.907981,-1.78201,1.2894297446948e-06,-3.003227185254e-06,-0.919253778306215,-0.999999999954254
14084,0.938943,-1.7659,1.27363680050719e-06,-2.96995063768154e-06,-0.909485669429858,0.111102085292581
14184,0.969619,-1.74924,1.32774149531591e-06,-2.89970337119556e-06,-0.915346582364524,-0.777752503850263
14184,1,-1.73205,1.31048810124672e-06,-2.86565379164613e-06,-0.910462498171194,0.333308963308465
14284,1.03008,-1.71433,1.35936059737461e-06,-2.7924556073571e-06,-0.91241614375052,-0.55552396408445
14284,1.05984,-1.6961,1.34061662238997e-06,-2.75771333706754e-06,-0.912416143751235,0.55552396415093
14384,1.08928,-1.67734,1.38411864983938e-06,-2.68189508297738e-06,-0.910462498170724,-0.333308963242461
14384,1.11839,-1.65808,1.36385183536046e-06,-2.64652937818118e-06,-0.915346582365498,0.777752503915531
14484,1.14715,-1.6383,1.4018643143626e-06,-2.56841721875531e-06,-0.909485669429676,-0.111102085228531
14584,1.17557,-1.61803,1.43743087147111e-06,-2.4907958480026e-06,-0.919253778306762,-0.999999999982903
14584,1.20363,-1.59727,1.41246775318895e-06,-2.4524198119209e-06,-0.909485669429825,0.1111020852655
14684,1.23132,-1.57602,1.44242354545906e-06,-2.37302502039726e-06,-0.91534658236492,-0.777752503876537
14684,1.25864,-1.55429,1.4158307162655e-06,-2.33432372847318e-06,-0.910462498170955,0.333308963280004
14784,1.28558,-1.53209,1.44012075956834e-06,-2.25352064764788e-06,-0.912416143750819,-0.555523964114867
14784,1.31212,-1.50942,1.41189986620634e-06,-2.21458601117877e-06,-0.912416143750872,0.555523964118932
14884,1.33826,-1.48629,1.4305096020497e-06,-2.13276905358522e-06,-0.910462498170903,-0.333308963276861
14884,1.364,-1.46271,1.40068003502521e-06,-2.09370675480359e-06,-0.915346582364901,0.777752503878194
14984,1.38932,-1.43868,1.41364082713402e-06,-2.0113017663215e-06,-0.909485669429939,-0.111102085257194
14984,1.41421,-1.41421,1.38224305971886e-06,-1.9722318167909e-06,-0.919253778307102,0.999999999999985
5850,1.43868,-1.38932,1.38963640413935e-06,-1.88969248765847e-06,0.909485669429985,-0.111102085260202
5849,1.46271,-1.364,1.39475325838562e-06,-1.80867119716962e-06,0.915346582364833,0.777752503871339
5849,1.48629,-1.33826,1.35869439766522e-06,-1.76854201058431e-06,0.910462498171102,-0.333308963290407
5848,1.50942,-1.31212,1.35845324697076e-06,-1.68807017013744e-06,0.91241614375073,0.555523964099018
5848,1.53209,-1.28558,1.3210889877148e-06,-1.64845892678528e-06,0.912416143751186,-0.555523964140576
5847,1.55429,-1.25864,1.31570663478265e-06,-1.56900031593882e-06,0.91046249817085,0.333308963247604
5847,1.57602,-1.23132,1.27717058154259e-06,-1.53005134794517e-06,0.91534658236556,-0.777752503916265
5846,1.59727,-1.20363,1.26691793200248e-06,-1.45206936113291e-06,0.909485669429786,0.111102085221649
5845,1.61803,-1.17557,1.25477998805392e-06,-1.37620067142871e-06,0.919253778306525,0.999999999969829
5845,1.6383,-1.14715,1.21257060111229e-06,-1.33788272226127e-06,0.909485669429914,-0.11110208528211
5844,1.65808,-1.11839,1.19603651743889e-06,-1.26414286367328e-06,0.915346582364627,0.777752503855747
5844,1.67734,-1.08928,1.15322220381088e-06,-1.22702196960786e-06,0.910462498171258,-0.333308963307527
5843,1.6961,-1.05984,1.13269261516219e-06,-1.15582530087485e-06,0.912416143750537,0.555523964080912
5843,1.71433,-1.03008,1.08949272744414e-06,-1.12002188460663e-06,0.912416143751378,-0.555523964158821
5842,1.73205,-1,1.0654089450689e-06,-1.05174177709436e-06,0.910462498170701,0.333308963230334
5842,1.74924,-0.969619,1.02205615148238e-06,-1.01736242199007e-06,0.915346582365767,-0.777752503931841
5841,1.7659,-0.938943,9.94894825845625e-07,-9.52329175962004e-07,0.909485669429766,0.111102085205045
5840,1.78201,-0.907981,9.66663599314553e-07,-8.89967461627771e-07,0.919253778306158,0.99999999995149
5840,1.79759,-0.876742,9.2189805515136e-07,-8.57957552034063e-07,0.909485669429983,-0.111102085301555
5839,1.81262,-0.845237,8.91323891361726e-07,-7.99200238385702e-07,0.915346582364319,0.777752503835052
5839,1.82709,-0.813473,8.47188559251272e-07,-7.68916456022372e-07,0.910462498171384,-0.333308963330046
5838,1.84101,-0.781462,8.14799789368126e-07,-7.13946759792458e-07,0.912416143750258,0.555523964056995
5838,1.85437,-0.749213,7.71547451165565e-07,-6.85413082896905e-07,0.91241614375167,-0.555523964183538
5837,1.86716,-0.716736,7.37878341693278e-07,-6.34356743348903e-07,0.91046249817059,0.333308963203332
5837,1.87939,-0.68404,6.95761871347584e-07,-6.07577560832271e-07,0.915346582366259,-0.777752503962114
5836,1.89104,-0.651136,6.61347603531158e-07,-5.60504233867736e-07,0.909485669429712,0.11110208517308
5835,1.90211,-0.618034,6.26904855197378e-07,-5.16114436665495e-07,0.919253778305505,0.999999999918216
5835,1.91261,-0.584743,5.85987319840663e-07,-4.92385448511658e-07,0.909485669430072,-0.111102085335106
5834,1.92252,-0.551275,5.51570370303392e-07,-4.51932725156465e-07,0.915346582363824,0.777752503801191
5834,1.93185,-0.517638,5.12557897769849e-07,-4.2991750415888e-07,0.910462498171638,-0.333308963364257
5833,1.94059,-0.483844,4.7867367541457e-07,-3.9332357888731e-07,0.912416143749874,0.555523964021932
5833,1.94874,-0.449902,4.41790116371539e-07,-3.72940042240617e-07,0.91241614375206,-0.555523964220175
5832,1.9563,-0.415823,4.08920599811849e-07,-3.40072138645707e-07,0.910462498170272,0.333308963168192
5832,1.96325,-0.381618,3.74377636187126e-07,-3.21219906384773e-07,0.915346582366721,-0.777752503993719
5831,1.96962,-0.347296,3.42975207260769e-07,-2.91895189139609e-07,0.909485669429573,0.111102085145735
5830,1.97538,-0.312869,3.12515094421793e-07,-2.6471075940559e-07,0.919253778305019,0.999999999895301
5830,1.98054,-0.278346,2.81454844853855e-07,-2.4844641592219e-07,0.909485669430095,-0.11110208535852
5829,1.98509,-0.243739,2.53067803897155e-07,-2.2440017280126e-07,0.915346582363408,0.777752503777643
5829,1.98904,-0.209057,2.2492470735161e-07,-2.09320997336399e-07,0.910462498171767,-0.333308963386425
5828,1.99239,-0.174311,1.98971646113364e-07,-1.88118163287597e-07,0.91241614374965,0.555523964001481
5828,1.99513,-0.139513,1.73891865977845e-07,-1.74060064242127e-07,0.912416143752221,-0.555523964238393
5827,1.99726,-0.104672,1.50688811316005e-07,-1.55368601987449e-07,0.910462498170182,0.333308963148836
5827,1.99878,-0.069799,1.28799918599338e-07,-1.42156536983427e-07,0.915346582367075,-0.777752504016468
5826,1.9997,-0.0349048,1.0861418490419e-07,-1.25613129146663e-07,0.909485669429527,0.111102085121839
