origElemNum,globCoord-x,globCoord-y,acouPotentialD1-,locCoord-xi,locCoord-eta
5825,2,-2.20442e-18,0.00254189833136098,0.919253778304535,0.999999999870795
5825,1.9997,0.0349048,0.00202981219904125,0.909485669430051,-0.11110208537854
5824,1.99878,0.069799,0.00152099074825606,0.915346582363134,0.7777525037628
5824,1.99726,0.104672,0.00100839031761722,0.910462498171695,-0.333308963393583
5823,1.99513,0.139513,0.000496442106850362,0.912416143749585,0.555523964001403
5823,1.99239,0.174311,-1.6760536254974e-05,0.912416143752112,-0.555523964232293
5822,1.98904,0.209057,-0.000530954057491793,0.910462498170195,0.33330896316169
5822,1.98509,0.243739,-0.00104481973578509,0.915346582366752,-0.777752503996411
5821,1.98054,0.278346,-0.00156033826903184,0.909485669429537,0.111102085145532
5820,1.97538,0.312869,-0.00207490438729869,0.91925377830504,0.999999999897275
5820,1.96962,0.347296,-0.00259079990745478,0.909485669429959,-0.111102085350008
5819,1.96325,0.381618,-0.00310611616183098,0.915346582363608,0.777752503792493
5819,1.9563,0.415823,-0.00362137511654803,0.910462498171543,-0.333308963366333
5818,1.94874,0.449902,-0.00413643780131236,0.912416143749872,0.555523964026318
5818,1.94059,0.483844,-0.00465101437765557,0.912416143751876,-0.555523964209557
5817,1.93185,0.517638,-0.00516475723600403,0.910462498170338,0.333308963182653
5817,1.92252,0.551275,-0.00567855726901556,0.915346582366455,-0.777752503976955
5816,1.91261,0.584743,-0.00618985844839686,0.909485669429567,0.111102085165898
5815,1.90211,0.618034,-0.00670275328020705,0.919253778305533,0.999999999919169
5815,1.89104,0.651136,-0.00721047215413255,0.909485669429933,-0.111102085328256
5814,1.87939,0.68404,-0.00772009117990032,0.915346582363941,0.777752503814277
5814,1.86716,0.716736,-0.00822532585673669,0.910462498171402,-0.333308963343933
5813,1.85437,0.749213,-0.00873053428584471,0.912416143750119,0.555523964050056
5813,1.84101,0.781462,-0.00923315429229214,0.912416143751575,-0.555523964183394
5812,1.82709,0.813473,-0.00973283985366971,0.910462498170486,0.333308963212263
5812,1.81262,0.845237,-0.0102327362603617,0.915346582365915,-0.777752503943209
5811,1.79759,0.876742,-0.0107258518813802,0.909485669429635,0.111102085200681
5810,1.78201,0.907981,-0.0112229610240525,0.919253778306195,0.999999999954235
5810,1.7659,0.938943,-0.0117085365411969,0.909485669429844,-0.111102085292603
5809,1.74924,0.969619,-0.0121984497635559,0.915346582364538,0.777752503850291
5809,1.73205,1,-0.0126799499984627,0.910462498171199,-0.333308963308445
5808,1.71433,1.03008,-0.013161760076761,0.912416143750526,0.555523964084446
5808,1.6961,1.05984,-0.0136392087059671,0.912416143751246,-0.555523964150953
5807,1.67734,1.08928,-0.0141120443919074,0.910462498170725,0.333308963242434
5807,1.65808,1.11839,-0.0145854792871077,0.915346582365508,-0.777752503915519
5806,1.6383,1.14715,-0.0150484906318849,0.909485669429676,0.11110208522853
5805,1.61803,1.17557,-0.0155179497675543,0.919253778306765,0.999999999982884
5805,1.59727,1.20363,-0.0159702791115572,0.909485669429817,-0.111102085265541
5804,1.57602,1.23132,-0.0164293994768208,0.9153465823649,0.777752503876539
5804,1.55429,1.25864,-0.0168765512550739,0.910462498170939,-0.333308963279996
5803,1.53209,1.28558,-0.017324437424706,0.912416143750815,0.555523964114853
5803,1.50942,1.31212,-0.0177663901992171,0.91241614375085,-0.555523964118972
5802,1.48629,1.33826,-0.0182021146345607,0.910462498170897,0.333308963276791
5802,1.46271,1.364,-0.0186388263240067,0.915346582364929,-0.77775250387822
5801,1.43868,1.38932,-0.0190614524913863,0.909485669429954,0.111102085257182
5801,1.41421,1.41421,-0.0194928709761223,0.919253778307104,-0.999999999999994
850,1.38932,1.43868,-0.0199014547928304,0.909485669429991,-0.111102085260227
849,1.364,1.46271,-0.0203191225132253,0.915346582364834,0.777752503871359
849,1.33826,1.48629,-0.0207210942963983,0.910462498171096,-0.333308963290402
848,1.31212,1.50942,-0.0211240509911416,0.912416143750729,0.555523964099008
848,1.28558,1.53209,-0.0215193317703497,0.912416143751184,-0.555523964140596
847,1.25864,1.55429,-0.0219066362607224,0.910462498170846,0.333308963247574
847,1.23132,1.57602,-0.0222951523506138,0.915346582365554,-0.777752503916259
846,1.20363,1.59727,-0.0226659013380258,0.90948566942978,0.111102085221654
845,1.17557,1.61803,-0.0230475890021619,0.919253778306528,0.999999999969813
845,1.14715,1.6383,-0.0234008988770984,0.909485669429915,-0.111102085282135
844,1.11839,1.65808,-0.0237654107620287,0.915346582364625,0.777752503855763
844,1.08928,1.67734,-0.0241106556338785,0.910462498171253,-0.333308963307521
843,1.05984,1.6961,-0.0244570718466207,0.912416143750542,0.555523964080906
843,1.03008,1.71433,-0.0247941283561526,0.912416143751377,-0.555523964158847
842,1,1.73205,-0.0251214973788327,0.910462498170698,0.333308963230309
842,0.969619,1.74924,-0.0254502189161119,0.915346582365766,-0.777752503931825
841,0.938943,1.7659,-0.025757578503603,0.909485669429764,0.111102085205048
840,0.907981,1.78201,-0.0260777917832025,0.919253778306164,0.99999999995148
840,0.876742,1.79759,-0.0263641656233935,0.909485669429979,-0.11110208530158
839,0.845237,1.81262,-0.0266635746227796,0.91534658236432,0.777752503835068
839,0.813473,1.82709,-0.0269400628447099,0.91046249817139,-0.33330896333004
838,0.781462,1.84101,-0.0272176614176243,0.912416143750255,0.555523964056983
838,0.749213,1.85437,-0.0274840336177411,0.912416143751674,-0.555523964183563
837,0.716736,1.86716,-0.0277388353470981,0.910462498170584,0.333308963203304
837,0.68404,1.87939,-0.0279948688070273,0.915346582366261,-0.777752503962098
836,0.651136,1.89104,-0.028225974925664,0.909485669429719,0.111102085173086
835,0.618034,1.90211,-0.0284714823458765,0.919253778305509,0.999999999918205
835,0.584743,1.91261,-0.0286781197871954,0.909485669430073,-0.111102085335132
834,0.551275,1.92252,-0.0288993331381404,0.915346582363819,0.777752503801204
834,0.517638,1.93185,-0.0290944981325154,0.910462498171637,-0.333308963364254
833,0.483844,1.94059,-0.0292908153643582,0.912416143749877,0.55552396402192
833,0.449902,1.94874,-0.0294745106317327,0.91241614375206,-0.555523964220202
832,0.415823,1.9563,-0.0296454512514075,0.910462498170279,0.333308963168166
832,0.381618,1.96325,-0.0298177181885613,0.915346582366717,-0.777752503993703
831,0.347296,1.96962,-0.0299629478415926,0.909485669429573,0.111102085145737
830,0.312869,1.97538,-0.0301238846915937,0.919253778305012,0.99999999989529
830,0.278346,1.98054,-0.0302432199725821,0.909485669430091,-0.111102085358547
829,0.243739,1.98509,-0.0303784837616854,0.915346582363415,0.77775250377766
829,0.209057,1.98904,-0.0304863884487494,0.910462498171767,-0.333308963386422
828,0.174311,1.99239,-0.030595985556885,0.912416143749651,0.55552396400147
828,0.139513,1.99513,-0.0306927613392026,0.912416143752224,-0.555523964238419
827,0.104672,1.99726,-0.0307768288490726,0.910462498170184,0.33330896314881
827,0.069799,1.99878,-0.0308628154963692,0.915346582367074,-0.777752504016452
826,0.0349048,1.9997,-0.0309216309341257,0.909485669429527,0.111102085121841
825,1.27747e-16,2,-0.0309972040683718,0.919253778304535,0.999999999870799
825,-0.0349048,1.9997,-0.0310311646490544,0.909485669430051,-0.111102085378537
824,-0.069799,1.99878,-0.0310821115678962,0.915346582363134,0.777752503762801
824,-0.104672,1.99726,-0.0311063017032988,0.910462498171695,-0.333308963393583
823,-0.139513,1.99513,-0.0311330893789631,0.912416143749585,0.555523964001401
823,-0.174311,1.99239,-0.0311479314475949,0.912416143752112,-0.555523964232297
822,-0.209057,1.98904,-0.0311510234604701,0.910462498170195,0.333308963161685
822,-0.243739,1.98509,-0.0311568711229383,0.915346582366744,-0.777752503996403
821,-0.278346,1.98054,-0.0311366717508637,0.909485669429538,0.111102085145537
820,-0.312869,1.97538,-0.031133780773097,0.919253778305041,0.999999999897278
820,-0.347296,1.96962,-0.0310905692098456,0.90948566942996,-0.111102085350006
819,-0.381618,1.96325,-0.0310646875253388,0.915346582363608,0.777752503792493
819,-0.415823,1.9563,-0.0310129850105027,0.910462498171543,-0.333308963366333
818,-0.449902,1.94874,-0.0309641837276216,0.912416143749872,0.555523964026316
818,-0.483844,1.94059,-0.0309039230966888,0.912416143751875,-0.555523964209561
817,-0.517638,1.93185,-0.0308321405797513,0.910462498170336,0.333308963182646
817,-0.551275,1.92252,-0.0307631596430751,0.915346582366457,-0.777752503976948
816,-0.584743,1.91261,-0.0306682442487414,0.909485669429562,0.111102085165907
815,-0.618034,1.90211,-0.0305903015786983,0.919253778305526,0.999999999919175
815,-0.651136,1.89104,-0.0304720442900567,0.909485669429935,-0.111102085328253
814,-0.68404,1.87939,-0.0303705775655276,0.915346582363941,0.777752503814277
814,-0.716736,1.86716,-0.0302430311453139,0.910462498171402,-0.333308963343933
813,-0.749213,1.85437,-0.030117817323769,0.912416143750117,0.555523964050053
813,-0.781462,1.84101,-0.0299806846360327,0.912416143751584,-0.555523964183396
812,-0.813473,1.82709,-0.0298315210601852,0.910462498170484,0.33330896321226
812,-0.845237,1.81262,-0.0296844976628228,0.91534658236591,-0.7777525039432
811,-0.876742,1.79759,-0.0295112297784742,0.909485669429639,0.111102085200672
810,-0.907981,1.78201,-0.0293540183677919,0.919253778306197,0.999999999954239
810,-0.938943,1.7659,-0.029156557154286,0.909485669429848,-0.111102085292613
809,-0.969619,1.74924,-0.0289749363588718,0.915346582364533,0.777752503850298
809,-1,1.73205,-0.0287672177296646,0.910462498171205,-0.333308963308436
808,-1.03008,1.71433,-0.0285612088632016,0.912416143750522,0.55552396408444
808,-1.05984,1.6961,-0.0283430565943069,0.912416143751243,-0.555523964150944
807,-1.08928,1.67734,-0.0281127894609085,0.910462498170733,0.33330896324243
807,-1.11839,1.65808,-0.0278840671946108,0.915346582365511,-0.777752503915504
806,-1.14715,1.6383,-0.0276297988333506,0.909485669429678,0.11110208522852
805,-1.17557,1.61803,-0.0273904226228471,0.91925377830677,0.999999999982889
805,-1.20363,1.59727,-0.0271125319076975,0.909485669429819,-0.111102085265551
804,-1.23132,1.57602,-0.0268493606602721,0.915346582364893,0.777752503876544
804,-1.25864,1.55429,-0.0265614310651478,0.910462498170937,-0.333308963279986
803,-1.28558,1.53209,-0.0262749721400054,0.912416143750809,0.555523964114847
803,-1.31212,1.50942,-0.0259770657418208,0.912416143750849,-0.555523964118962
802,-1.33826,1.48629,-0.0256679136765894,0.910462498170897,0.333308963276791
802,-1.364,1.46271,-0.0253601141754126,0.915346582364928,-0.77775250387821
801,-1.38932,1.43868,-0.025028934500673,0.909485669429954,0.111102085257172
801,-1.41421,1.41421,-0.0247113307591423,0.919253778307104,-0.999999999999994
15850,-1.43868,1.38932,-0.0243588407107278,0.909485669429991,-0.111102085260237
15849,-1.46271,1.364,-0.0240197494497963,0.915346582364828,0.777752503871364
15849,-1.48629,1.33826,-0.0236584844477868,0.910462498171103,-0.333308963290387
15848,-1.50942,1.31212,-0.0232986651883947,0.912416143750729,0.555523964099008
15848,-1.53209,1.28558,-0.0229287485179368,0.912416143751185,-0.555523964140586
15847,-1.55429,1.25864,-0.0225489901327336,0.910462498170851,0.333308963247569
15847,-1.57602,1.23132,-0.0221705356326501,0.915346582365555,-0.777752503916249
15846,-1.59727,1.20363,-0.021771649781541,0.909485669429784,0.111102085221639
15845,-1.61803,1.17557,-0.0213847563443428,0.919253778306531,0.999999999969823
15845,-1.6383,1.14715,-0.020967573914144,0.909485669429917,-0.111102085282151
15844,-1.65808,1.11839,-0.0205621593223301,0.915346582364627,0.777752503855772
15844,-1.67734,1.08928,-0.0201377037079265,0.910462498171251,-0.333308963307506
15843,-1.6961,1.05984,-0.0197146153069742,0.912416143750542,0.555523964080906
15843,-1.71433,1.03008,-0.0192829859708203,0.912416143751375,-0.555523964158831
15842,-1.73205,1,-0.018843088947203,0.910462498170697,0.333308963230296
15842,-1.74924,0.969619,-0.0184043789439149,0.915346582365764,-0.777752503931822
15841,-1.7659,0.938943,-0.0179485734515323,0.909485669429762,0.111102085205035
15840,-1.78201,0.907981,-0.0175028815024267,0.919253778306162,0.999999999951483
15840,-1.79759,0.876742,-0.0170321176678829,0.909485669429984,-0.111102085301589
15839,-1.81262,0.845237,-0.0165712195154513,0.915346582364318,0.777752503835071
15839,-1.82709,0.813473,-0.0160948361075238,0.910462498171391,-0.333308963330024
15838,-1.84101,0.781462,-0.0156197394649041,0.912416143750253,0.555523964056986
15838,-1.85437,0.749213,-0.0151378957794277,0.912416143751674,-0.555523964183544
15837,-1.86716,0.716736,-0.014649640098552,0.910462498170589,0.333308963203294
15837,-1.87939,0.68404,-0.0141624909318438,0.915346582366259,-0.777752503962095
15836,-1.89104,0.651136,-0.0136621328351777,0.909485669429715,0.111102085173074
15835,-1.90211,0.618034,-0.0131698234435484,0.919253778305508,0.999999999918209
15835,-1.91261,0.584743,-0.0126584321190485,0.909485669430068,-0.111102085335144
15834,-1.92252,0.551275,-0.0121548189183944,0.915346582363818,0.777752503801208
15834,-1.93185,0.517638,-0.0116397669988035,0.910462498171639,-0.333308963364235
15833,-1.94059,0.483844,-0.0111259451168862,0.912416143749876,0.555523964021923
15833,-1.94874,0.449902,-0.0106073996979092,0.912416143752063,-0.555523964220183
15832,-1.9563,0.415823,-0.010084494312314,0.910462498170272,0.333308963168156
15832,-1.96325,0.381618,-0.00956262345614081,0.915346582366716,-0.7777525039937
15831,-1.96962,0.347296,-0.00903177028104682,0.909485669429575,0.111102085145728
15830,-1.97538,0.312869,-0.00850672616002374,0.91925377830502,0.999999999895294
15830,-1.98054,0.278346,-0.00796904469148923,0.909485669430092,-0.111102085358556
15829,-1.98509,0.243739,-0.00743686810846632,0.915346582363415,0.777752503777664
15829,-1.98904,0.209057,-0.00689754244118593,0.910462498171765,-0.333308963386404
15828,-1.99239,0.174311,-0.00635932139956633,0.912416143749651,0.555523964001473
15828,-1.99513,0.139513,-0.00581845127224895,0.912416143752222,-0.5555239642384
15827,-1.99726,0.104672,-0.00527525851138755,0.910462498170184,0.3333089631488
15827,-1.99878,0.069799,-0.00473292210542248,0.915346582367074,-0.777752504016448
15826,-1.9997,0.0349048,-0.00418582091585744,0.909485669429527,0.111102085121831
15825,-2,2.46315e-16,-0.00364208712164956,0.919253778304535,0.999999999870803
15825,-1.9997,-0.0349048,-0.00309214593943959,0.909485669430051,-0.111102085378547
15824,-1.99878,-0.069799,-0.00254523353780422,0.915346582363134,0.777752503762804
15824,-1.99726,-0.104672,-0.00199538393227608,0.910462498171696,-0.333308963393566
15823,-1.99513,-0.139513,-0.00144638542872747,0.912416143749586,0.555523964001405
15823,-1.99239,-0.174311,-0.000896729528200547,0.912416143752114,-0.555523964232279
15822,-1.98904,-0.209057,-0.000346781210213988,0.910462498170195,0.333308963161688
15822,-1.98509,-0.243739,0.000202554732865134,0.915346582366744,-0.7777525039964
15821,-1.98054,-0.278346,0.000752266585043872,0.909485669429545,0.111102085145526
15820,-1.97538,-0.312869,0.00130112444971284,0.919253778305042,0.999999999897283
15820,-1.96962,-0.347296,0.00184935493059801,0.909485669429957,-0.111102085350017
15819,-1.96325,-0.381618,0.00239702250682721,0.915346582363609,0.777752503792499
15819,-1.9563,-0.415823,0.00294300281906984,0.910462498171549,-0.333308963366345
15818,-1.94874,-0.449902,0.00348817430993743,0.912416143749872,0.555523964026319
15818,-1.94059,-0.483844,0.00403164819047935,0.91241614375188,-0.555523964209544
15817,-1.93185,-0.517638,0.00457296845066418,0.910462498170337,0.33330896318265
15817,-1.92252,-0.551275,0.00511366252216646,0.915346582366458,-0.777752503976945
15816,-1.91261,-0.584743,0.00564975848970688,0.909485669429567,0.111102085165898
15815,-1.90211,-0.618034,0.00618739111541156,0.919253778305528,0.999999999919178
15815,-1.89104,-0.651136,0.00671688946037458,0.90948566942994,-0.111102085328262
15814,-1.87939,-0.68404,0.00724818758126029,0.915346582363942,0.77775250381428
15814,-1.86716,-0.716736,0.00777273572909139,0.910462498171397,-0.333308963343943
15813,-1.85437,-0.749213,0.00829636586265566,0.912416143750119,0.555523964050056
15813,-1.84101,-0.781462,0.00881572459400875,0.912416143751582,-0.555523964183381
15812,-1.82709,-0.813473,0.00933039400808067,0.910462498170486,0.333308963212263
15812,-1.81262,-0.845237,0.00984435158127668,0.915346582365912,-0.777752503943197
15811,-1.79759,-0.876742,0.0103488304124109,0.909485669429641,0.111102085200675
15810,-1.78201,-0.907981,0.0108572136099354,0.919253778306197,0.999999999954239
15810,-1.7659,-0.938943,0.0113503460498111,0.90948566942985,-0.11110208529261
15809,-1.74924,-0.969619,0.0118476999966332,0.915346582364535,0.777752503850301
15809,-1.73205,-1,0.0123337313177745,0.9104624981712,-0.333308963308458
15808,-1.71433,-1.03008,0.0128190064941883,0.912416143750526,0.555523964084446
15808,-1.6961,-1.05984,0.0132978988351583,0.912416143751243,-0.555523964150944
15807,-1.67734,-1.08928,0.0137701223541938,0.910462498170725,0.333308963242434
15807,-1.65808,-1.11839,0.0142418721608408,0.915346582365503,-0.7777525039155
15806,-1.6383,-1.14715,0.0147001487945729,0.90948566942967,0.111102085228524
15805,-1.61803,-1.17557,0.0151647920540423,0.919253778306763,0.999999999982893
15805,-1.59727,-1.20363,0.0156082927595315,0.909485669429812,-0.111102085265547
15804,-1.57602,-1.23132,0.0160585342372315,0.915346582364898,0.777752503876549
15804,-1.55429,-1.25864,0.0164938530964101,0.910462498170935,-0.333308963280012
15803,-1.53209,-1.28558,0.0169289480410043,0.912416143750815,0.555523964114853
15803,-1.50942,-1.31212,0.0173562141283569,0.912416143750855,-0.555523964118957
15802,-1.48629,-1.33826,0.0177754662937866,0.910462498170897,0.333308963276791
15802,-1.46271,-1.364,0.018194822200828,0.915346582364928,-0.77775250387821
15801,-1.43868,-1.38932,0.0185975806991657,0.909485669429954,0.111102085257172
15801,-1.41421,-1.41421,0.0190091802422475,0.919253778307098,-0.999999999999989
10084,-1.38932,-1.43868,0.0193948256546524,-0.909485669429983,0.111102085260242
10184,-1.364,-1.46271,0.0197896940358972,-0.915346582364814,-0.777752503871363
10184,-1.33826,-1.48629,0.0201667742968972,-0.910462498171062,0.333308963290425
10284,-1.31212,-1.50942,0.0205443343269292,-0.912416143750702,-0.555523964098991
10284,-1.28558,-1.53209,0.0209130338538261,-0.912416143751175,0.55552396414059
10384,-1.25864,-1.55429,0.0212727292423906,-0.910462498170858,-0.333308963247603
10384,-1.23132,-1.57602,0.0216332285371266,-0.915346582365569,0.777752503916277
10484,-1.20363,-1.59727,0.021974526824132,-0.909485669429755,-0.111102085221656
10584,-1.17557,-1.61803,0.0223270014840254,-0.919253778306467,-0.999999999969833
10584,-1.14715,-1.6383,0.0226493782001002,-0.909485669429891,0.111102085282108
10684,-1.11839,-1.65808,0.022983277434625,-0.915346582364624,-0.777752503855743
10684,-1.08928,-1.67734,0.0232969169642871,-0.910462498171255,0.333308963307532
10784,-1.05984,-1.6961,0.0236117027868729,-0.912416143750544,-0.555523964080908
10784,-1.03008,-1.71433,0.0239167360805655,-0.912416143751393,0.555523964158839
10884,-1,-1.73205,0.0242118523404237,-0.910462498170715,-0.333308963230315
10884,-0.969619,-1.74924,0.0245083854820313,-0.915346582365772,0.777752503931858
10984,-0.938943,-1.7659,0.024783255098158,-0.909485669429763,-0.111102085205032
11084,-0.907981,-1.78201,0.0250713467614222,-0.919253778306154,-0.99999999995149
11084,-0.876742,-1.79759,0.0253253579836319,-0.909485669429981,0.111102085301552
11184,-0.845237,-1.81262,0.0255928424628346,-0.915346582364332,-0.777752503835052
11184,-0.813473,-1.82709,0.0258375510859382,-0.910462498171421,0.333308963330044
11284,-0.781462,-1.84101,0.0260837911918296,-0.912416143750289,-0.555523964056998
11284,-0.749213,-1.85437,0.0263191985659694,-0.912416143751684,0.555523964183542
11384,-0.716736,-1.86716,0.0265435769023505,-0.910462498170579,-0.333308963203316
11384,-0.68404,-1.87939,0.0267696889673213,-0.915346582366256,0.777752503962127
11484,-0.651136,-1.89104,0.0269716424900285,-0.9094856694297,-0.111102085173069
11584,-0.618034,-1.90211,0.0271884785608712,-0.919253778305473,-0.9999999999182
11584,-0.584743,-1.91261,0.0273675155660408,-0.909485669430035,0.111102085335111
11684,-0.551275,-1.92252,0.0275616729343847,-0.915346582363772,-0.777752503801188
11684,-0.517638,-1.93185,0.0277308586297823,-0.910462498171642,0.333308963364261
11784,-0.483844,-1.94059,0.0279019828333382,-0.912416143749915,-0.555523964021929
11784,-0.449902,-1.94874,0.02806148632846,-0.912416143752077,0.555523964220183
11884,-0.415823,-1.9563,0.028209320795933,-0.910462498170266,-0.33330896316818
11884,-0.381618,-1.96325,0.0283593489923963,-0.915346582366712,0.777752503993725
11984,-0.347296,-1.96962,0.0284837395108544,-0.909485669429565,-0.111102085145729
12084,-0.312869,-1.97538,0.0286245391133994,-0.919253778305011,-0.999999999895287
12084,-0.278346,-1.98054,0.0287253889329756,-0.909485669430107,0.111102085358526
12184,-0.243739,-1.98509,0.0288429111432753,-0.915346582363447,-0.777752503777644
12184,-0.209057,-1.98904,0.0289344492429715,-0.910462498171781,0.333308963386432
12284,-0.174311,-1.99239,0.0290286181295356,-0.912416143749663,-0.555523964001473
12284,-0.139513,-1.99513,0.0291110715934875,-0.912416143752267,0.555523964238395
12384,-0.104672,-1.99726,0.0291817813855839,-0.910462498170238,-0.333308963148834
12384,-0.069799,-1.99878,0.0292553254848757,-0.915346582367131,0.777752504016471
12484,-0.0349048,-1.9997,0.0293024521407577,-0.909485669429557,-0.111102085121833
12584,-4.35203e-16,-2,0.0293672075910001,-0.919253778304537,-0.999999999870803
12584,0.0349048,-1.9997,0.0293906094012502,-0.909485669430058,0.111102085378513
12684,0.069799,-1.99878,0.029431761480502,-0.915346582363139,-0.777752503762792
12684,0.104672,-1.99726,0.0294461695245145,-0.9104624981717,0.333308963393593
12784,0.139513,-1.99513,0.0294635494160385,-0.912416143749591,-0.555523964001403
12784,0.174311,-1.99239,0.0294689925147099,-0.912416143752134,0.555523964232273
12884,0.209057,-1.98904,0.0294624276969669,-0.91046249817019,-0.333308963161724
12884,0.243739,-1.98509,0.0294588745135392,-0.915346582366752,0.777752503996427
12984,0.278346,-1.98054,0.029428189494878,-0.909485669429543,-0.111102085145531
13084,0.312869,-1.97538,0.0294155403627571,-0.919253778305079,-0.999999999897294
13084,0.347296,-1.96962,0.0293605392378247,-0.909485669429971,0.111102085349981
13184,0.381618,-1.96325,0.0293235073382793,-0.915346582363621,-0.777752503792476
13184,0.415823,-1.9563,0.0292591198971443,-0.910462498171561,0.33330896336634
13284,0.449902,-1.94874,0.029197506370062,-0.912416143749886,-0.555523964026324
13284,0.483844,-1.94059,0.029123557889696,-0.912416143751904,0.555523964209538
13384,0.517638,-1.93185,0.0290372023532042,-0.910462498170363,-0.333308963182687
13384,0.551275,-1.92252,0.0289535021927972,-0.915346582366464,0.777752503976962
13484,0.584743,-1.91261,0.0288422980716139,-0.909485669429569,-0.111102085165906
13584,0.618034,-1.90211,0.0287486278894671,-0.919253778305519,-0.999999999919186
13584,0.651136,-1.89104,0.0286125050746819,-0.909485669429928,0.111102085328226
13684,0.68404,-1.87939,0.0284937407675594,-0.915346582363942,-0.777752503814258
13684,0.716736,-1.86716,0.0283475843882834,-0.910462498171394,0.333308963343945
13784,0.749213,-1.85437,0.0282037454933122,-0.912416143750121,-0.555523964050058
13784,0.781462,-1.84101,0.0280474128164707,-0.91241614375158,0.555523964183364
13884,0.813473,-1.82709,0.0278786349492574,-0.91046249817049,-0.333308963212306
13884,0.845237,-1.81262,0.0277120266588216,-0.915346582365913,0.777752503943214
13984,0.876742,-1.79759,0.0275185738833255,-0.909485669429626,-0.1111020852007
14084,0.907981,-1.78201,0.0273416339845694,-0.919253778306215,-0.999999999954254
14084,0.938943,-1.7659,0.0271238655908199,-0.909485669429858,0.111102085292581
14184,0.969619,-1.74924,0.0269224585201447,-0.915346582364524,-0.777752503850263
14184,1,-1.73205,0.0266949328004749,-0.910462498171194,0.333308963308465
14284,1.03008,-1.71433,0.0264695540619888,-0.91241614375052,-0.55552396408445
14284,1.05984,-1.6961,0.0262323868808918,-0.912416143751235,0.55552396415093
14384,1.08928,-1.67734,0.0259836929854669,-0.910462498170724,-0.333308963242461
14384,1.11839,-1.65808,0.0257370896799564,-0.915346582365498,0.777752503915531
14484,1.14715,-1.6383,0.025465902164504,-0.909485669429676,-0.111102085228531
14584,1.17557,-1.61803,0.0252101496361603,-0.919253778306762,-0.999999999982903
14584,1.20363,-1.59727,0.0249173916612312,-0.909485669429825,0.1111020852655
14684,1.23132,-1.57602,0.0246400201739012,-0.91534658236492,-0.777752503876537
14684,1.25864,-1.55429,0.0243394645145257,-0.910462498170955,0.333308963280004
14784,1.28558,-1.53209,0.0240414688420095,-0.912416143750819,-0.555523964114867
14784,1.31212,-1.50942,0.0237334886593252,-0.912416143750872,0.555523964118932
14884,1.33826,-1.48629,0.0234158902562518,-0.910462498170903,-0.333308963276861
14884,1.364,-1.46271,0.0231008506529884,-0.915346582364901,0.777752503878194
14984,1.38932,-1.43868,0.0227646511853569,-0.909485669429939,-0.111102085257194
14984,1.41421,-1.41421,0.0224428710220595,-0.919253778307102,0.999999999999985
5850,1.43868,-1.38932,0.0220890043704473,0.909485669429985,-0.111102085260202
5849,1.46271,-1.364,0.0217494401116092,0.915346582364833,0.777752503871339
5849,1.48629,-1.33826,0.0213900612502825,0.910462498171102,-0.333308963290407
5848,1.50942,-1.31212,0.0210335353347392,0.91241614375073,0.555523964099018
5848,1.53209,-1.28558,0.0206687938369838,0.912416143751186,-0.555523964140576
5847,1.55429,-1.25864,0.0202960636859239,0.91046249817085,0.333308963247604
5847,1.57602,-1.23132,0.0199260532363783,0.91534658236556,-0.777752503916265
5846,1.59727,-1.20363,0.0195378168489462,0.909485669429786,0.111102085221649
5845,1.61803,-1.17557,0.0191625617342363,0.919253778306525,0.999999999969829
5845,1.6383,-1.14715,0.0187594561771697,0.909485669429914,-0.11110208528211
5844,1.65808,-1.11839,0.0183690678901518,0.915346582364627,0.777752503855747
5844,1.67734,-1.08928,0.0179615641218047,0.910462498171258,-0.333308963307527
5843,1.6961,-1.05984,0.0175566480478133,0.912416143750537,0.555523964080912
5843,1.71433,-1.03008,0.0171446895444502,0.912416143751378,-0.555523964158821
5842,1.73205,-1,0.0167258533292499,0.910462498170701,0.333308963230334
5842,1.74924,-0.969619,0.0163093640069669,0.915346582365767,-0.777752503931841
5841,1.7659,-0.938943,0.015877241270498,0.909485669429766,0.111102085205045
5840,1.78201,-0.907981,0.0154561423384311,0.919253778306158,0.99999999995149
5840,1.79759,-0.876742,0.0150114197532738,0.909485669429983,-0.111102085301555
5839,1.81262,-0.845237,0.01457741142642,0.915346582364319,0.777752503835052
5839,1.82709,-0.813473,0.0141290776739744,0.910462498171384,-0.333308963330046
5838,1.84101,-0.781462,0.0136829278192015,0.912416143750258,0.555523964056995
5838,1.85437,-0.749213,0.0132309932692677,0.91241614375167,-0.555523964183538
5837,1.86716,-0.716736,0.0127735381100194,0.91046249817059,0.333308963203332
5837,1.87939,-0.68404,0.0123180315713401,0.915346582366259,-0.777752503962114
5836,1.89104,-0.651136,0.0118501648052994,0.909485669429712,0.11110208517308
5835,1.90211,-0.618034,0.0113911243395841,0.919253778305505,0.999999999918216
5835,1.91261,-0.584743,0.0109137661957038,0.909485669430072,-0.111102085335106
5834,1.92252,-0.551275,0.0104449173167297,0.915346582363824,0.777752503801191
5834,1.93185,-0.517638,0.00996529433420295,0.910462498171638,-0.333308963364257
5833,1.94059,-0.483844,0.00948755037571568,0.912416143749874,0.555523964021932
5833,1.94874,-0.449902,0.00900567603782614,0.91241614375206,-0.555523964220175
5832,1.9563,-0.415823,0.00851993345789855,0.910462498170272,0.333308963168192
5832,1.96325,-0.381618,0.00803578606317327,0.915346582366721,-0.777752503993719
5831,1.96962,-0.347296,0.00754291026180476,0.909485669429573,0.111102085145735
5830,1.97538,-0.312869,0.00705643123039102,0.919253778305019,0.999999999895301
5830,1.98054,-0.278346,0.0065572478558024,0.909485669430095,-0.11110208535852
5829,1.98509,-0.243739,0.00606406385871528,0.915346582363408,0.777752503777643
5829,1.98904,-0.209057,0.00556364761215842,0.910462498171767,-0.333308963386425
5828,1.99239,-0.174311,0.00506455007806259,0.91241614374965,0.555523964001481
5828,1.99513,-0.139513,0.00456278176655161,0.912416143752221,-0.555523964238393
5827,1.99726,-0.104672,0.00405856115588776,0.910462498170182,0.333308963148836
5827,1.99878,-0.069799,0.00355531264314718,0.915346582367075,-0.777752504016468
5826,1.9997,-0.0349048,0.00304676181326739,0.909485669429527,0.111102085121839
