origElemNum,globCoord-x,globCoord-y,acouIntensity-x,acouIntensity-y,locCoord-xi,locCoord-eta
5825,2,-2.20442e-18,2.4089742906486e-08,8.5418481745026e-08,0.919253778304535,0.999999999870795
5825,1.9997,0.0349048,2.96767651078754e-08,9.78572370335859e-08,0.909485669430051,-0.11110208537854
5824,1.99878,0.069799,3.57902495783574e-08,1.11485994225045e-07,0.915346582363134,0.7777525037628
5824,1.99726,0.104672,4.23710475567511e-08,1.24078018071243e-07,0.910462498171695,-0.333308963393583
5823,1.99513,0.139513,4.93685208452485e-08,1.38202508372419e-07,0.912416143749585,0.555523964001403
5823,1.99239,0.174311,5.68990755743166e-08,1.51005537990905e-07,0.912416143752112,-0.555523964232293
5822,1.98904,0.209057,6.46811552954618e-08,1.65708360458048e-07,0.910462498170195,0.33330896316169
5822,1.98509,0.243739,7.31139574193822e-08,1.78776779680335e-07,0.915346582366752,-0.777752503996411
5821,1.98054,0.278346,8.15700704938222e-08,1.94129337973554e-07,0.909485669429537,0.111102085145532
5820,1.97538,0.312869,9.0426306538081e-08,2.1022029291723e-07,0.91925377830504,0.999999999897275
5820,1.96962,0.347296,9.98655488515356e-08,2.23576040429824e-07,0.909485669429959,-0.111102085350008
5819,1.96325,0.381618,1.0922585992747e-07,2.40434592748912e-07,0.915346582363608,0.777752503792493
5819,1.9563,0.415823,1.1938879230973e-07,2.54143976318979e-07,0.910462498171543,-0.333308963366333
5818,1.94874,0.449902,1.29123495763245e-07,2.71812680675276e-07,0.912416143749872,0.555523964026318
5818,1.94059,0.483844,1.39953672144226e-07,2.85913944377777e-07,0.912416143751876,-0.555523964209557
5817,1.93185,0.517638,1.49927530154793e-07,3.04424177556559e-07,0.910462498170338,0.333308963182653
5817,1.92252,0.551275,1.61367749703792e-07,3.18951620246353e-07,0.915346582366455,-0.777752503976955
5816,1.91261,0.584743,1.71441014471312e-07,3.38322905732825e-07,0.909485669429567,0.111102085165898
5815,1.90211,0.618034,1.81682127204428e-07,3.58697166847681e-07,0.919253778305533,0.999999999919169
5815,1.89104,0.651136,1.93463664371576e-07,3.73546512381373e-07,0.909485669429933,-0.111102085328256
5814,1.87939,0.68404,2.03601292114666e-07,3.94821013613824e-07,0.915346582363941,0.777752503814277
5814,1.86716,0.716736,2.15794944158264e-07,4.10117817717535e-07,0.910462498171402,-0.333308963343933
5813,1.85437,0.749213,2.25686375778888e-07,4.32282795836232e-07,0.912416143750119,0.555523964050056
5813,1.84101,0.781462,2.38236314899501e-07,4.48046813485594e-07,0.912416143751575,-0.555523964183394
5812,1.82709,0.813473,2.47739488250047e-07,4.71080961827647e-07,0.910462498170486,0.333308963212263
5812,1.81262,0.845237,2.6058986238566e-07,4.87327442604101e-07,0.915346582365915,-0.777752503943209
5811,1.79759,0.876742,2.69563069040925e-07,5.11194500652461e-07,0.909485669429635,0.111102085200681
5810,1.78201,0.907981,2.78439931644008e-07,5.36211400442615e-07,0.919253778306195,0.999999999954235
5810,1.7659,0.938943,2.9096171215918e-07,5.52584016071128e-07,0.909485669429844,-0.111102085292603
5809,1.74924,0.969619,2.99109606246074e-07,5.78387115490607e-07,0.915346582364538,0.777752503850291
5809,1.73205,1,3.11744954080252e-07,5.95195921329908e-07,0.910462498171199,-0.333308963308445
5808,1.71433,1.03008,3.19030172873728e-07,6.21718389211023e-07,0.912416143750526,0.555523964084446
5808,1.6961,1.05984,3.31727563626834e-07,6.38960405376375e-07,0.912416143751246,-0.555523964150953
5807,1.67734,1.08928,3.38021286955033e-07,6.66123015345911e-07,0.910462498170725,0.333308963242434
5807,1.65808,1.11839,3.5073096618034e-07,6.83791830768658e-07,0.915346582365508,-0.777752503915519
5806,1.6383,1.14715,3.55910440522105e-07,7.11507897325955e-07,0.909485669429676,0.11110208522853
5805,1.61803,1.17557,3.60733476838945e-07,7.40402817723778e-07,0.919253778306765,0.999999999982884
5805,1.59727,1.20363,3.72533446816355e-07,7.57771457892604e-07,0.909485669429817,-0.111102085265541
5804,1.57602,1.23132,3.7607336140254e-07,7.87103019977204e-07,0.9153465823649,0.777752503876539
5804,1.55429,1.25864,3.87731859479272e-07,8.04794028012202e-07,0.910462498170939,-0.333308963279996
5803,1.53209,1.28558,3.89881229429603e-07,8.34441975679197e-07,0.912416143750815,0.555523964114853
5803,1.50942,1.31212,4.01352399067531e-07,8.52429790302031e-07,0.91241614375085,-0.555523964118972
5802,1.48629,1.33826,4.02011720233817e-07,8.82256274248324e-07,0.910462498170897,0.333308963276791
5802,1.46271,1.364,4.1325020440259e-07,9.00509378107894e-07,0.915346582364929,-0.77775250387822
5801,1.43868,1.38932,4.12330886850876e-07,9.30364338308829e-07,0.909485669429954,0.111102085257182
5801,1.41421,1.41421,4.23293615841115e-07,9.48847367809831e-07,0.919253778307104,-0.999999999999994
850,1.38932,1.43868,4.20720845836691e-07,9.78574304588324e-07,0.909485669429991,-0.111102085260227
849,1.364,1.46271,4.17565550094956e-07,1.00931253397127e-06,0.915346582364834,0.777752503871359
849,1.33826,1.48629,4.27082359442731e-07,1.02669140298955e-06,0.910462498171096,-0.333308963290402
848,1.31212,1.50942,4.22195052871775e-07,1.0570875904831e-06,0.912416143750729,0.555523964099008
848,1.28558,1.53209,4.3133565518679e-07,1.07452288580833e-06,0.912416143751184,-0.555523964140596
847,1.25864,1.55429,4.24677463678023e-07,1.10442144867439e-06,0.910462498170846,0.333308963247574
847,1.23132,1.57602,4.33419131220605e-07,1.12187853392527e-06,0.915346582365554,-0.777752503916259
846,1.20363,1.59727,4.24965117706586e-07,1.15112456330174e-06,0.90948566942978,0.111102085221654
845,1.17557,1.61803,4.15850193026709e-07,1.18123728384524e-06,0.919253778306528,0.999999999969813
845,1.14715,1.6383,4.23026738932359e-07,1.19700639398471e-06,0.909485669429915,-0.111102085282135
844,1.11839,1.65808,4.12104701815385e-07,1.2262486407755e-06,0.915346582364625,0.777752503855763
844,1.08928,1.67734,4.18844825325279e-07,1.24187361182852e-06,0.910462498171253,-0.333308963307521
843,1.05984,1.6961,4.06120483014768e-07,1.27008667642467e-06,0.912416143750542,0.555523964080906
843,1.03008,1.71433,4.12412544055287e-07,1.28552459966873e-06,0.912416143751377,-0.555523964158847
842,1,1.73205,3.97901172635112e-07,1.31254286253658e-06,0.910462498170698,0.333308963230309
842,0.969619,1.74924,4.03733835952789e-07,1.32774349843811e-06,0.915346582365766,-0.777752503931825
841,0.938943,1.7659,3.87463201506446e-07,1.35339449515232e-06,0.909485669429764,0.111102085205048
840,0.907981,1.78201,3.70530646465608e-07,1.37966246725406e-06,0.919253778306164,0.99999999995148
840,0.876742,1.79759,3.74838609944407e-07,1.39241243689327e-06,0.909485669429979,-0.11110208530158
839,0.845237,1.81262,3.56214762282835e-07,1.41706765953786e-06,0.91534658236432,0.777752503835068
839,0.813473,1.82709,3.60074774523535e-07,1.4293681454659e-06,0.91046249817139,-0.33330896333004
838,0.781462,1.84101,3.39818217171997e-07,1.45224003923958e-06,0.912416143750255,0.555523964056983
838,0.749213,1.85437,3.43233047955865e-07,1.46402772302831e-06,0.912416143751674,-0.555523964183563
837,0.716736,1.86716,3.21417542792701e-07,1.48493676639291e-06,0.910462498170584,0.333308963203304
837,0.68404,1.87939,3.24391141367836e-07,1.49613690556932e-06,0.915346582366261,-0.777752503962098
836,0.651136,1.89104,3.01111849189631e-07,1.51488718416107e-06,0.909485669429719,0.111102085173086
835,0.618034,1.90211,2.7731132286936e-07,1.53397047159491e-06,0.919253778305509,0.999999999918205
835,0.584743,1.91261,2.79026596163164e-07,1.54179588295394e-06,0.909485669430073,-0.111102085335132
834,0.551275,1.92252,2.53966888586532e-07,1.5584264859845e-06,0.915346582363819,0.777752503801204
834,0.517638,1.93185,2.55314667097541e-07,1.56536022630607e-06,0.910462498171637,-0.333308963364254
833,0.483844,1.94059,2.29149990347932e-07,1.57934040675637e-06,0.912416143749877,0.55552396402192
833,0.449902,1.94874,2.30157140155502e-07,1.58529461873162e-06,0.91241614375206,-0.555523964220202
832,0.415823,1.9563,2.03060907830799e-07,1.59645204575636e-06,0.910462498170279,0.333308963168166
832,0.381618,1.96325,2.03762354315694e-07,1.60135105857185e-06,0.915346582366717,-0.777752503993703
831,0.347296,1.96962,1.7592426350217e-07,1.60954707063261e-06,0.909485669429573,0.111102085145737
830,0.312869,1.97538,1.47938687588582e-07,1.61783095472099e-06,0.919253778305012,0.99999999989529
830,0.278346,1.98054,1.47983691161993e-07,1.61846036049958e-06,0.909485669430091,-0.111102085358547
829,0.243739,1.98509,1.19569034533355e-07,1.62364699124726e-06,0.915346582363415,0.77775250377766
829,0.209057,1.98904,1.19496057590793e-07,1.62307292260628e-06,0.910462498171767,-0.333308963386422
828,0.174311,1.99239,9.08647032618562e-08,1.62510675695494e-06,0.912416143749651,0.55552396400147
828,0.139513,1.99513,9.07284982573083e-08,1.62330960030022e-06,0.912416143752224,-0.555523964238419
827,0.104672,1.99726,6.20975677766859e-08,1.62216851168827e-06,0.910462498170184,0.33330896314881
827,0.069799,1.99878,6.1954326803315e-08,1.61914084081747e-06,0.915346582367074,-0.777752504016452
826,0.0349048,1.9997,3.35382971336781e-08,1.61483769683264e-06,0.909485669429527,0.111102085121841
825,1.27747e-16,2,5.38336656837276e-09,1.61058462159146e-06,0.919253778304535,0.999999999870799
825,-0.0349048,1.9997,5.44858993117406e-09,1.60316489417302e-06,0.909485669430051,-0.111102085378537
824,-0.069799,1.99878,-2.21898475942583e-08,1.59581719204944e-06,0.915346582363134,0.777752503762801
824,-0.104672,1.99726,-2.19217065691245e-08,1.58723822627545e-06,0.910462498171695,-0.333308963393583
823,-0.139513,1.99513,-4.88557314567511e-08,1.57687902977398e-06,0.912416143749585,0.555523964001401
823,-0.174311,1.99239,-4.83348458790926e-08,1.56717746223806e-06,0.912416143752112,-0.555523964232297
822,-0.209057,1.98904,-7.43855045360741e-08,1.55391281631829e-06,0.910462498170195,0.333308963161685
822,-0.243739,1.98509,-7.35652995366388e-08,1.54313103517359e-06,0.915346582366744,-0.777752503996403
821,-0.278346,1.98054,-9.85644010768826e-08,1.52708700152496e-06,0.909485669429538,0.111102085145537
820,-0.312869,1.97538,-1.2300002448551e-07,1.51121666138981e-06,0.919253778305041,0.999999999897278
820,-0.347296,1.96962,-1.21193703194478e-07,1.49658988425798e-06,0.90948566942996,-0.111102085350006
819,-0.381618,1.96325,-1.44347640354348e-07,1.47813508422846e-06,0.915346582363608,0.777752503792493
819,-0.415823,1.9563,-1.42090224240613e-07,1.46262651083295e-06,0.910462498171543,-0.333308963366333
818,-0.449902,1.94874,-1.63823361833862e-07,1.44175022881372e-06,0.912416143749872,0.555523964026316
818,-0.483844,1.94059,-1.61086973549538e-07,1.42541821205344e-06,0.912416143751875,-0.555523964209561
817,-0.517638,1.93185,-1.81275025013286e-07,1.40229660148977e-06,0.910462498170336,0.333308963182646
817,-0.551275,1.92252,-1.78036478556561e-07,1.38520103181646e-06,0.915346582366457,-0.777752503976948
816,-0.584743,1.91261,-1.96571290687965e-07,1.36002125928653e-06,0.909485669429562,0.111102085165907
815,-0.618034,1.90211,-2.14322164987011e-07,1.3352343627883e-06,0.919253778305526,0.999999999919175
815,-0.651136,1.89104,-2.0960108638761e-07,1.31518282539078e-06,0.909485669429935,-0.111102085328253
814,-0.68404,1.87939,-2.25557760437787e-07,1.28860873810345e-06,0.915346582363941,0.777752503814277
814,-0.716736,1.86716,-2.20273431976418e-07,1.26805149737165e-06,0.910462498171402,-0.333308963343933
813,-0.749213,1.85437,-2.34365828454818e-07,1.23990225786574e-06,0.912416143750117,0.555523964050053
813,-0.781462,1.84101,-2.2851949973079e-07,1.21890844647721e-06,0.912416143751584,-0.555523964183396
812,-0.813473,1.82709,-2.4069756668789e-07,1.18940317510751e-06,0.910462498170484,0.33330896321226
812,-0.845237,1.81262,-2.34296638204352e-07,1.16804276211033e-06,0.91534658236591,-0.7777525039432
811,-0.876742,1.79759,-2.44532088420033e-07,1.13740371799912e-06,0.909485669429639,0.111102085200672
810,-0.907981,1.78201,-2.5388391537573e-07,1.10744402381296e-06,0.919253778306197,0.999999999954239
810,-0.938943,1.7659,-2.45874728124706e-07,1.08419667965526e-06,0.909485669429848,-0.111102085292613
809,-0.969619,1.74924,-2.53270212904902e-07,1.05340777561848e-06,0.915346582364533,0.777752503850298
809,-1,1.73205,-2.44757101407194e-07,1.03007496858588e-06,0.910462498171205,-0.333308963308436
808,-1.03008,1.71433,-2.50219955233328e-07,9.98680359089068e-07,0.912416143750522,0.55552396408444
808,-1.05984,1.6961,-2.41239409795001e-07,9.75331089434703e-07,0.912416143751243,-0.555523964150944
807,-1.08928,1.67734,-2.44816607825907e-07,9.4355170493732e-07,0.910462498170733,0.33330896324243
807,-1.11839,1.65808,-2.35412248146127e-07,9.20254192348328e-07,0.915346582365511,-0.777752503915504
806,-1.14715,1.6383,-2.37173419446352e-07,8.88305892707067e-07,0.909485669429678,0.11110208522852
805,-1.17557,1.61803,-2.38145495267762e-07,8.57317162238718e-07,0.91925377830677,0.999999999982889
805,-1.20363,1.59727,-2.27432152740164e-07,8.3321925264646e-07,0.909485669429819,-0.111102085265551
804,-1.23132,1.57602,-2.26724785512622e-07,8.02338543054699e-07,0.915346582364893,0.777752503876544
804,-1.25864,1.55429,-2.15762572331148e-07,7.78558803177509e-07,0.910462498170937,-0.333308963279986
803,-1.28558,1.53209,-2.13499214947043e-07,7.47981445133589e-07,0.912416143750809,0.555523964114847
803,-1.31212,1.50942,-2.02362881198947e-07,7.24579283502531e-07,0.912416143750849,-0.555523964118962
802,-1.33826,1.48629,-1.98687789103854e-07,6.94487893610385e-07,0.910462498170897,0.333308963276791
802,-1.364,1.46271,-1.87458893110466e-07,6.71519035969576e-07,0.915346582364928,-0.77775250387821
801,-1.38932,1.43868,-1.82535154907705e-07,6.42080870833059e-07,0.909485669429954,0.111102085257172
801,-1.41421,1.41421,-1.7130161849642e-07,6.19596560610844e-07,0.919253778307104,-0.999999999999994
15850,-1.43868,1.38932,-1.65308847007592e-07,5.90961872071099e-07,0.909485669429991,-0.111102085260237
15849,-1.46271,1.364,-1.589163290177e-07,5.6348911750323e-07,0.915346582364828,0.777752503871364
15849,-1.48629,1.33826,-1.47296841335188e-07,5.41308188498099e-07,0.910462498171103,-0.333308963290387
15848,-1.50942,1.31212,-1.40126833363689e-07,5.14786192725362e-07,0.912416143750729,0.555523964099008
15848,-1.53209,1.28558,-1.2880464727492e-07,4.93270766809372e-07,0.912416143751185,-0.555523964140586
15847,-1.55429,1.25864,-1.2106920856584e-07,4.67797573384886e-07,0.910462498170851,0.333308963247569
15847,-1.57602,1.23132,-1.10152124635573e-07,4.46972542495885e-07,0.915346582365555,-0.777752503916249
15846,-1.59727,1.20363,-1.02070721989726e-07,4.22624199529212e-07,0.909485669429784,0.111102085221639
15845,-1.61803,1.17557,-9.39430422530856e-08,3.99377944331623e-07,0.919253778306531,0.999999999969823
15845,-1.6383,1.14715,-8.34659686636086e-08,3.79337224397782e-07,0.909485669429917,-0.111102085282151
15844,-1.65808,1.11839,-7.53244690218288e-08,3.57242840241212e-07,0.915346582364627,0.777752503855772
15844,-1.67734,1.08928,-6.55929720724294e-08,3.37976471971686e-07,0.910462498171251,-0.333308963307506
15843,-1.6961,1.05984,-5.76625641815574e-08,3.17050424735429e-07,0.912416143750542,0.555523964080906
15843,-1.71433,1.03008,-4.87882527352032e-08,2.98549073690233e-07,0.912416143751375,-0.555523964158831
15842,-1.73205,1,-4.12891205545943e-08,2.78783906977354e-07,0.910462498170697,0.333308963230296
15842,-1.74924,0.969619,-3.33817747475322e-08,2.61029247528921e-07,0.915346582365764,-0.777752503931822
15841,-1.7659,0.938943,-2.65260787034823e-08,2.42393813634322e-07,0.909485669429762,0.111102085205035
15840,-1.78201,0.907981,-2.00832637822618e-08,2.24591955168545e-07,0.919253778306162,0.999999999951483
15840,-1.79759,0.876742,-1.36819453528292e-08,2.0779818123973e-07,0.909485669429984,-0.111102085301589
15839,-1.81262,0.845237,-8.17748769756281e-09,1.90992070821247e-07,0.915346582364318,0.777752503835071
15839,-1.82709,0.813473,-3.04845289194331e-09,1.74883057133381e-07,0.910462498171391,-0.333308963330024
15838,-1.84101,0.781462,1.3365351359329e-09,1.58984005281742e-07,0.912416143750253,0.555523964056986
15838,-1.85437,0.749213,5.10290412733306e-09,1.43503468222384e-07,0.912416143751674,-0.555523964183544
15837,-1.86716,0.716736,8.20445108010354e-09,1.28401581886265e-07,0.910462498170589,0.333308963203294
15837,-1.87939,0.68404,1.05241161111727e-08,1.13485179195561e-07,0.915346582366259,-0.777752503962095
15836,-1.89104,0.651136,1.21976948155723e-08,9.90511153254138e-08,0.909485669429715,0.111102085173074
15835,-1.90211,0.618034,1.31057727039042e-08,8.49722671203452e-08,0.919253778305508,0.999999999918209
15835,-1.91261,0.584743,1.31163140642898e-08,7.07142436968506e-08,0.909485669430068,-0.111102085335144
15834,-1.92252,0.551275,1.24180572152279e-08,5.7033666483675e-08,0.915346582363818,0.777752503801208
15834,-1.93185,0.517638,1.07918187801153e-08,4.31514032494745e-08,0.910462498171639,-0.333308963364235
15833,-1.94059,0.483844,8.39997672921023e-09,2.97012202656326e-08,0.912416143749876,0.555523964021923
15833,-1.94874,0.449902,5.08983595872996e-09,1.61056630763463e-08,0.912416143752063,-0.555523964220183
15832,-1.9563,0.415823,9.43763277441418e-10,2.70817477599109e-09,0.910462498170272,0.333308963168156
15832,-1.96325,0.381618,-4.08768552643019e-09,-1.06935537971029e-08,0.915346582366716,-0.7777525039937
15831,-1.96962,0.347296,-1.00208022331898e-08,-2.42231178942413e-08,0.909485669429575,0.111102085145728
15830,-1.97538,0.312869,-1.68796436923958e-08,-3.80242556300153e-08,0.91925377830502,0.999999999895294
15830,-1.98054,0.278346,-2.45252748336744e-08,-5.13778850160344e-08,0.909485669430092,-0.111102085358556
15829,-1.98509,0.243739,-3.31749586700844e-08,-6.56387351040242e-08,0.915346582363415,0.777752503777664
15829,-1.98904,0.209057,-4.2561682804671e-08,-7.90450333169908e-08,0.910462498171765,-0.333308963386404
15828,-1.99239,0.174311,-5.29632108945992e-08,-9.39545812607932e-08,0.912416143749651,0.555523964001473
15828,-1.99513,0.139513,-6.40819950580144e-08,-1.07512995979952e-07,0.912416143752222,-0.5555239642384
15827,-1.99726,0.104672,-7.61670864057693e-08,-1.23256314229645e-07,0.910462498170184,0.3333089631488
15827,-1.99878,0.069799,-8.89980140506628e-08,-1.37065441518916e-07,0.915346582367074,-0.777752504016448
15826,-1.9997,0.0349048,-1.02669489382759e-07,-1.53820600768236e-07,0.909485669429527,0.111102085121831
15825,-2,2.46315e-16,-1.17181821024682e-07,-1.7149122139013e-07,0.919253778304535,0.999999999870803
15825,-1.9997,-0.0349048,-1.32314513664683e-07,-1.85912865492998e-07,0.909485669430051,-0.111102085378547
15824,-1.99878,-0.069799,-1.48229681733011e-07,-2.04886607250691e-07,0.915346582363134,0.777752503762804
15824,-1.99726,-0.104672,-1.64908734350158e-07,-2.19784091300669e-07,0.910462498171696,-0.333308963393566
15823,-1.99513,-0.139513,-1.82062526699228e-07,-2.40209785781681e-07,0.912416143749586,0.555523964001405
15823,-1.99239,-0.174311,-2.00222889127828e-07,-2.55667548353633e-07,0.912416143752114,-0.555523964232279
15822,-1.98904,-0.209057,-2.18426956822924e-07,-2.77677975808728e-07,0.910462498170195,0.333308963161688
15822,-1.98509,-0.243739,-2.37994726566548e-07,-2.93775619990076e-07,0.915346582366744,-0.7777525039964
15821,-1.98054,-0.278346,-2.57038782802964e-07,-3.17485266089891e-07,0.909485669429545,0.111102085145526
15820,-1.97538,-0.312869,-2.76608211915383e-07,-3.42651538035482e-07,0.919253778305042,0.999999999897283
15820,-1.96962,-0.347296,-2.97585271515078e-07,-3.59799542348222e-07,0.909485669429957,-0.111102085350017
15819,-1.96325,-0.381618,-3.17660879874892e-07,-3.86841033787843e-07,0.915346582363609,0.777752503792499
15819,-1.9563,-0.415823,-3.39728053231077e-07,-4.0475946449391e-07,0.910462498171549,-0.333308963366345
15818,-1.94874,-0.449902,-3.60054835359014e-07,-4.3373471069367e-07,0.912416143749872,0.555523964026319
15818,-1.94059,-0.483844,-3.83106711108291e-07,-4.52471824666018e-07,0.91241614375188,-0.555523964209544
15817,-1.93185,-0.517638,-4.03416558371256e-07,-4.83414683228095e-07,0.910462498170337,0.33330896318265
15817,-1.92252,-0.551275,-4.27342697415692e-07,-5.03010460281914e-07,0.915346582366458,-0.777752503976945
15816,-1.91261,-0.584743,-4.47357398641358e-07,-5.35929195918514e-07,0.909485669429567,0.111102085165898
15815,-1.90211,-0.618034,-4.67417784712415e-07,-5.70650137460276e-07,0.919253778305528,0.999999999919178
15815,-1.89104,-0.651136,-4.91477232131327e-07,-5.91290370943433e-07,0.90948566942994,-0.111102085328262
15814,-1.87939,-0.68404,-5.10832634026229e-07,-6.27988127333543e-07,0.915346582363942,0.77775250381428
15814,-1.86716,-0.716736,-5.35368840963509e-07,-6.49470976962589e-07,0.910462498171397,-0.333308963343943
15813,-1.85437,-0.749213,-5.53731987856957e-07,-6.88077406569683e-07,0.912416143750119,0.555523964050056
15813,-1.84101,-0.781462,-5.78623447328164e-07,-7.10403132273014e-07,0.912416143751582,-0.555523964183381
15812,-1.82709,-0.813473,-5.95709582698917e-07,-7.50820880507533e-07,0.910462498170486,0.333308963212263
15812,-1.81262,-0.845237,-6.2083451899898e-07,-7.73979780397605e-07,0.915346582365912,-0.777752503943197
15811,-1.79759,-0.876742,-6.36363011110003e-07,-8.16083767058494e-07,0.909485669429641,0.111102085200675
15810,-1.78201,-0.907981,-6.51410369971353e-07,-8.60052882835542e-07,0.919253778306197,0.999999999954239
15810,-1.7659,-0.938943,-6.75296282769458e-07,-8.83692343937366e-07,0.90948566942985,-0.11110208529261
15809,-1.74924,-0.969619,-6.88397840234642e-07,-9.29145913437163e-07,0.915346582364535,0.777752503850301
15809,-1.73205,-1,-7.12124630233632e-07,-9.53434072828525e-07,0.9104624981712,-0.333308963308458
15808,-1.71433,-1.03008,-7.23025032457496e-07,-1.00017544636813e-06,0.912416143750526,0.555523964084446
15808,-1.6961,-1.05984,-7.46480123482339e-07,-1.02506060920441e-06,0.912416143751243,-0.555523964150944
15807,-1.67734,-1.08928,-7.5493949111832e-07,-1.07286961328167e-06,0.910462498170725,0.333308963242434
15807,-1.65808,-1.11839,-7.7801422358244e-07,-1.09829139276274e-06,0.915346582365503,-0.7777525039155
15806,-1.6383,-1.14715,-7.83809900881443e-07,-1.14692532044538e-06,0.90948566942967,0.111102085228524
15805,-1.61803,-1.17557,-7.88667328220837e-07,-1.1972211869695e-06,0.919253778306763,0.999999999982893
15805,-1.59727,-1.20363,-8.09330669705672e-07,-1.22200868485014e-06,0.909485669429812,-0.111102085265547
15804,-1.57602,-1.23132,-8.11249628247207e-07,-1.27275740074382e-06,0.915346582364898,0.777752503876549
15804,-1.55429,-1.25864,-8.31228955640254e-07,-1.29775831100019e-06,0.910462498170935,-0.333308963280012
15803,-1.53209,-1.28558,-8.30051519857156e-07,-1.34866409253264e-06,0.912416143750815,0.555523964114853
15803,-1.50942,-1.31212,-8.49269128023126e-07,-1.37379152972868e-06,0.912416143750855,-0.555523964118957
15802,-1.48629,-1.33826,-8.44866986714004e-07,-1.42454668993544e-06,0.910462498170897,0.333308963276791
15802,-1.46271,-1.364,-8.63253806972205e-07,-1.44971004415043e-06,0.915346582364928,-0.77775250387821
15801,-1.43868,-1.38932,-8.55529122897923e-07,-1.49999715606388e-06,0.909485669429954,0.111102085257172
15801,-1.41421,-1.41421,-8.73024638079604e-07,-1.52510252196757e-06,0.919253778307098,-0.999999999999989
10084,-1.38932,-1.43868,-8.61912102196351e-07,-1.57459656093745e-06,-0.909485669429983,0.111102085260242
10184,-1.364,-1.46271,-8.49607174052998e-07,-1.62517476718674e-06,-0.915346582364814,-0.777752503871363
10184,-1.33826,-1.48629,-8.63931822050244e-07,-1.64791982361799e-06,-0.910462498171062,0.333308963290425
10284,-1.31212,-1.50942,-8.48219472485951e-07,-1.69723216192542e-06,-0.912416143750702,-0.555523964098991
10284,-1.28558,-1.53209,-8.61546198546478e-07,-1.71954038668377e-06,-0.912416143751175,0.55552396414059
10384,-1.25864,-1.55429,-8.42443955244405e-07,-1.76725866347328e-06,-0.910462498170858,-0.333308963247603
10384,-1.23132,-1.57602,-8.547545040904e-07,-1.78903513752058e-06,-0.915346582365569,0.777752503916277
10484,-1.20363,-1.59727,-8.32313188973168e-07,-1.83483656911185e-06,-0.909485669429755,-0.111102085221656
10584,-1.17557,-1.61803,-8.08726193604233e-07,-1.88132511629577e-06,-0.919253778306467,-0.999999999969833
10584,-1.14715,-1.6383,-8.1790330412497e-07,-1.89956101903166e-06,-0.909485669429891,0.111102085282108
10684,-1.11839,-1.65808,-7.91129478928145e-07,-1.94368405979318e-06,-0.915346582364624,-0.777752503855743
10684,-1.08928,-1.67734,-7.99330829256018e-07,-1.96104784475166e-06,-0.910462498171255,0.333308963307532
10784,-1.05984,-1.6961,-7.69496649476148e-07,-2.00251969234948e-06,-0.912416143750544,-0.555523964080908
10784,-1.03008,-1.71433,-7.76746360683473e-07,-2.01893708723632e-06,-0.912416143751393,0.555523964158839
10884,-1,-1.73205,-7.44002488077567e-07,-2.05749030017393e-06,-0.910462498170715,-0.333308963230315
10884,-0.969619,-1.74924,-7.50331332886465e-07,-2.07289096653054e-06,-0.915346582365772,0.777752503931858
10984,-0.938943,-1.7659,-7.14853132789289e-07,-2.10827562693614e-06,-0.909485669429763,-0.111102085205032
11084,-0.907981,-1.78201,-6.78515234981524e-07,-2.14388351726641e-06,-0.919253778306154,-0.99999999995149
11084,-0.876742,-1.79759,-6.8228499078643e-07,-2.15458042277122e-06,-0.909485669429981,0.111102085301552
11184,-0.845237,-1.81262,-6.43525030998127e-07,-2.18669192172042e-06,-0.915346582364332,-0.777752503835052
11184,-0.813473,-1.82709,-6.46558358610672e-07,-2.19613646569086e-06,-0.910462498171421,0.333308963330044
11284,-0.781462,-1.84101,-6.0559903271191e-07,-2.22455415633378e-06,-0.912416143750289,-0.555523964056998
11284,-0.749213,-1.85437,-6.07951763492235e-07,-2.23269796039028e-06,-0.912416143751684,0.555523964183542
11384,-0.716736,-1.86716,-5.65031918305456e-07,-2.25724174319296e-06,-0.910462498170579,-0.333308963203316
11384,-0.68404,-1.87939,-5.66762825524725e-07,-2.26403809905092e-06,-0.915346582366256,0.777752503962127
11484,-0.651136,-1.89104,-5.22141709671417e-07,-2.28454665393737e-06,-0.9094856694297,-0.111102085173069
11584,-0.618034,-1.90211,-4.77113290510065e-07,-2.30496382650262e-06,-0.919253778305473,-0.9999999999182
11584,-0.584743,-1.91261,-4.77266393901518e-07,-2.30628874049568e-06,-0.909485669430035,0.111102085335111
11684,-0.551275,-1.92252,-4.30960428626017e-07,-2.32247593889336e-06,-0.915346582363772,-0.777752503801188
11684,-0.517638,-1.93185,-4.30755027883931e-07,-2.322317721101e-06,-0.910462498171642,0.333308963364261
11784,-0.483844,-1.94059,-3.834567823971e-07,-2.33417554439116e-06,-0.912416143749915,-0.555523964021929
11784,-0.449902,-1.94874,-3.82964137966114e-07,-2.33250972488128e-06,-0.912416143752077,0.555523964220183
11884,-0.415823,-1.9563,-3.34966845598314e-07,-2.33996201966588e-06,-0.910462498170266,-0.33330896316818
11884,-0.381618,-1.96325,-3.3425942481137e-07,-2.33676671224806e-06,-0.915346582366712,0.777752503993725
11984,-0.347296,-1.96962,-2.85864849203266e-07,-2.33976292630287e-06,-0.909485669429565,-0.111102085145729
12084,-0.312869,-1.97538,-2.37623632662492e-07,-2.34252674748252e-06,-0.919253778305011,-0.999999999895287
12084,-0.278346,-1.98054,-2.36531354265033e-07,-2.33353935673944e-06,-0.909485669430107,0.111102085358526
12184,-0.243739,-1.98509,-1.88358365974375e-07,-2.33181922882883e-06,-0.915346582363447,-0.777752503777644
12184,-0.209057,-1.98904,-1.87347063385144e-07,-2.32128969154916e-06,-0.910462498171781,0.333308963386432
12284,-0.174311,-1.99239,-1.39546290410388e-07,-2.31511171475906e-06,-0.912416143749663,-0.555523964001473
12284,-0.139513,-1.99513,-1.38691173193597e-07,-2.30305340761975e-06,-0.912416143752267,0.555523964238395
12384,-0.104672,-1.99726,-9.15650271737825e-08,-2.29247958661903e-06,-0.910462498170238,-0.333308963148834
12384,-0.069799,-1.99878,-9.0940309032589e-08,-2.27891675343681e-06,-0.915346582367131,0.777752504016471
12484,-0.0349048,-1.9997,-4.47839450439037e-08,-2.26404911712509e-06,-0.909485669429557,-0.111102085121833
12584,-4.35203e-16,-2,6.56487053611381e-10,-2.24902001277896e-06,-0.919253778304537,-0.999999999870803
12584,0.0349048,-1.9997,4.43842035314552e-10,-2.22999977721439e-06,-0.909485669430058,0.111102085378513
12684,0.069799,-1.99878,4.44973208379044e-08,-2.21087567215511e-06,-0.915346582363139,-0.777752503762792
12684,0.104672,-1.99726,4.37854926535737e-08,-2.19055595916757e-06,-0.9104624981717,0.333308963393593
12784,0.139513,-1.99513,8.61976256876344e-08,-2.167524995923e-06,-0.912416143749591,-0.555523964001403
12784,0.174311,-1.99239,8.49302320397412e-08,-2.1459810732548e-06,-0.912416143752134,0.555523964232273
12884,0.209057,-1.98904,1.25463711120204e-07,-2.11926071095515e-06,-0.91046249817019,-0.333308963161724
12884,0.243739,-1.98509,1.23590639847823e-07,-2.09657641145469e-06,-0.915346582366752,0.777752503996427
12984,0.278346,-1.98054,1.62029260426618e-07,-2.06641109230209e-06,-0.909485669429543,-0.111102085145531
13084,0.312869,-1.97538,1.99323864709661e-07,-2.03637080281618e-06,-0.919253778305079,-0.999999999897294
13084,0.347296,-1.96962,1.95660608095329e-07,-2.00933493530943e-06,-0.909485669429971,0.111102085349981
13184,0.381618,-1.96325,2.30579336166492e-07,-1.97622190689873e-06,-0.915346582363621,-0.777752503792476
13184,0.415823,-1.9563,2.26158476259489e-07,-1.94841835611443e-06,-0.910462498171561,0.33330896336634
13284,0.449902,-1.94874,2.58551375379299e-07,-1.91253031721624e-06,-0.912416143749886,-0.555523964026324
13284,0.483844,-1.94059,2.53358936747846e-07,-1.88407275928295e-06,-0.912416143751904,0.555523964209538
13384,0.517638,-1.93185,2.83105488141282e-07,-1.84572574600341e-06,-0.910462498170363,-0.333308963182687
13384,0.551275,-1.92252,2.77136959323782e-07,-1.81673299613783e-06,-0.915346582366464,0.777752503976962
13484,0.584743,-1.91261,3.04146695987821e-07,-1.77625824099767e-06,-0.909485669429569,-0.111102085165906
13584,0.618034,-1.90211,3.29789293881878e-07,-1.73633134104025e-06,-0.919253778305519,-0.999999999919186
13584,0.651136,-1.89104,3.21617575025774e-07,-1.70459300677188e-06,-0.909485669429928,0.111102085328226
13684,0.68404,-1.87939,3.44424311927543e-07,-1.66301034096345e-06,-0.915346582363942,-0.777752503814258
13684,0.716736,-1.86716,3.35496450232823e-07,-1.63120237996266e-06,-0.910462498171394,0.333308963343945
13784,0.749213,-1.85437,3.55445413392526e-07,-1.58831155789147e-06,-0.912416143750121,-0.555523964050058
13784,0.781462,-1.84101,3.45798457498507e-07,-1.55655259552084e-06,-0.91241614375158,0.555523964183364
13884,0.813473,-1.82709,3.62901062992591e-07,-1.51268980333054e-06,-0.91046249817049,-0.333308963212306
13884,0.845237,-1.81262,3.52578277275628e-07,-1.48108828287677e-06,-0.915346582365913,0.777752503943214
13984,0.876742,-1.79759,3.66878608035024e-07,-1.4365710712771e-06,-0.909485669429626,-0.1111020852007
14084,0.907981,-1.78201,3.79826618658927e-07,-1.39304842884896e-06,-0.919253778306215,-0.999999999954254
14084,0.938943,-1.7659,3.67497033901686e-07,-1.36035737120407e-06,-0.909485669429858,0.111102085292581
14184,0.969619,-1.74924,3.7774616181702e-07,-1.31659229511901e-06,-0.915346582364524,-0.777752503850263
14184,1,-1.73205,3.64904485264151e-07,-1.28444133507084e-06,-0.910462498171194,0.333308963308465
14284,1.03008,-1.71433,3.72558521366091e-07,-1.24073198061756e-06,-0.91241614375052,-0.55552396408445
14284,1.05984,-1.6961,3.59279973547816e-07,-1.2092098127553e-06,-0.912416143751235,0.55552396415093
14384,1.08928,-1.67734,3.64468233747192e-07,-1.16584178092127e-06,-0.910462498170724,-0.333308963242461
14384,1.11839,-1.65808,3.50832638140657e-07,-1.1350277765683e-06,-0.915346582365498,0.777752503915531
14484,1.14715,-1.6383,3.53706833372895e-07,-1.09226021463028e-06,-0.909485669429676,-0.111102085228531
14584,1.17557,-1.61803,3.55480199290862e-07,-1.05082426471113e-06,-0.919253778306762,-0.999999999982903
14584,1.20363,-1.59727,3.405243488458e-07,-1.02028157817445e-06,-0.909485669429825,0.1111020852655
14684,1.23132,-1.57602,3.40235116526253e-07,-9.79739674287535e-07,-0.91534658236492,-0.777752503876537
14684,1.25864,-1.55429,3.25185072404976e-07,-9.50162088629878e-07,-0.910462498170955,0.333308963280004
14784,1.28558,-1.53209,3.2302347728356e-07,-9.10705593223014e-07,-0.912416143750819,-0.555523964114867
14784,1.31212,-1.50942,3.07967356474256e-07,-8.82125441925312e-07,-0.912416143750872,0.555523964118932
14884,1.33826,-1.48629,3.04136109508789e-07,-8.43920271567809e-07,-0.910462498170903,-0.333308963276861
14884,1.364,-1.46271,2.89162049810659e-07,-8.16360534319915e-07,-0.915346582364901,0.777752503878194
14984,1.38932,-1.43868,2.83873280329353e-07,-7.79545738981111e-07,-0.909485669429939,-0.111102085257194
14984,1.41421,-1.41421,2.6906906700777e-07,-7.53020935848454e-07,-0.919253778307102,0.999999999999985
5850,1.43868,-1.38932,2.62541126122381e-07,-7.17713299101297e-07,0.909485669429985,-0.111102085260202
5849,1.46271,-1.364,2.5544912852209e-07,-6.83861876652997e-07,0.915346582364833,0.777752503871339
5849,1.48629,-1.33826,2.4045019714546e-07,-6.58529641250523e-07,0.910462498171102,-0.333308963290407
5848,1.50942,-1.31212,2.32450061734218e-07,-6.26282545630111e-07,0.91241614375073,0.555523964099018
5848,1.53209,-1.28558,2.17912480114263e-07,-6.02075080624492e-07,0.912416143751186,-0.555523964140576
5847,1.55429,-1.25864,2.09227792761883e-07,-5.71494737687913e-07,0.91046249817085,0.333308963247604
5847,1.57602,-1.23132,1.95236348832156e-07,-5.48396458835721e-07,0.91534658236556,-0.777752503916265
5846,1.59727,-1.20363,1.86086096749068e-07,-5.19516523727963e-07,0.909485669429786,0.111102085221649
5845,1.61803,-1.17557,1.76738813988091e-07,-4.91970441376294e-07,0.919253778306525,0.999999999969829
5845,1.6383,-1.14715,1.63314452845162e-07,-4.70325007011081e-07,0.909485669429914,-0.11110208528211
5844,1.65808,-1.11839,1.53815929863756e-07,-4.44431811880335e-07,0.915346582364627,0.777752503855747
5844,1.67734,-1.08928,1.41183997446103e-07,-4.23857334868355e-07,0.910462498171258,-0.333308963307527
5843,1.6961,-1.05984,1.3172731868518e-07,-3.99578867159012e-07,0.912416143750537,0.555523964080912
5843,1.71433,-1.03008,1.19946670355391e-07,-3.80020652626225e-07,0.912416143751378,-0.555523964158821
5842,1.73205,-1,1.10711121956085e-07,-3.57303130571897e-07,0.910462498170701,0.333308963230334
5842,1.74924,-0.969619,9.98362198546547e-08,-3.38703391977786e-07,0.915346582365767,-0.777752503931841
5841,1.7659,-0.938943,9.09871880801716e-08,-3.17479120320834e-07,0.909485669429766,0.111102085205045
5840,1.78201,-0.907981,8.23514554782137e-08,-2.97255662990697e-07,0.919253778306158,0.99999999995149
5840,1.79759,-0.876742,7.27552268346034e-08,-2.79960808176402e-07,0.909485669429983,-0.111102085301555
5839,1.81262,-0.845237,6.47297363056123e-08,-2.61062524741795e-07,0.915346582364319,0.777752503835052
5839,1.82709,-0.813473,5.61935808034268e-08,-2.44583497586823e-07,0.910462498171384,-0.333308963330046
5838,1.84101,-0.781462,4.89050130977954e-08,-2.26907622516017e-07,0.912416143750258,0.555523964056995
5838,1.85437,-0.749213,4.14596534083649e-08,-2.11169162173546e-07,0.91241614375167,-0.555523964183538
5837,1.86716,-0.716736,3.50187493245324e-08,-1.94603224332899e-07,0.91046249817059,0.333308963203332
5837,1.87939,-0.68404,2.86899513781854e-08,-1.79527928797107e-07,0.915346582366259,-0.777752503962114
5836,1.89104,-0.651136,2.31911628600172e-08,-1.63950560564498e-07,0.909485669429712,0.11110208517308
5835,1.90211,-0.618034,1.8171202010059e-08,-1.48932575042749e-07,0.919253778305505,0.999999999918216
5835,1.91261,-0.584743,1.35217082687575e-08,-1.3474344810609e-07,0.909485669430072,-0.111102085335106
5834,1.92252,-0.551275,9.56057384264516e-09,-1.20486620548613e-07,0.915346582363824,0.777752503801191
5834,1.93185,-0.517638,6.08985371721971e-09,-1.06772893013439e-07,0.910462498171638,-0.333308963364257
5833,1.94059,-0.483844,3.24179768884556e-09,-9.31464154591825e-08,0.912416143749874,0.555523964021932
5833,1.94874,-0.449902,9.54800585300551e-10,-7.98288737264419e-08,0.91241614375206,-0.555523964220175
5832,1.9563,-0.415823,-7.42513508197025e-10,-6.6700816076714e-08,0.910462498170272,0.333308963168192
5832,1.96325,-0.381618,-1.84520640566689e-09,-5.37010236343222e-08,0.915346582366721,-0.777752503993719
5831,1.96962,-0.347296,-2.37096092150413e-09,-4.09397174870591e-08,0.909485669429573,0.111102085145735
5830,1.97538,-0.312869,-2.30534871289689e-09,-2.82573773594927e-08,0.919253778305019,0.999999999895301
5830,1.98054,-0.278346,-1.643354207023e-09,-1.565562821191e-08,0.909485669430095,-0.11110208535852
5829,1.98509,-0.243739,-3.99582318275225e-10,-3.11123725709317e-09,0.915346582363408,0.777752503777643
5829,1.98904,-0.209057,1.41927155186742e-09,9.35493731486146e-09,0.910462498171767,-0.333308963386425
5828,1.99239,-0.174311,3.82031961385492e-09,2.18861486694965e-08,0.91241614374965,0.555523964001481
5828,1.99513,-0.139513,6.77458924672924e-09,3.42896050207886e-08,0.912416143752221,-0.555523964238393
5827,1.99726,-0.104672,1.02955249763956e-08,4.6926990587512e-08,0.910462498170182,0.333308963148836
5827,1.99878,-0.069799,1.4359189909351e-08,5.93381008599442e-08,0.915346582367075,-0.777752504016468
5826,1.9997,-0.0349048,1.89468668358503e-08,7.21936526833027e-08,0.909485669429527,0.111102085121839
