origElemNum,globCoord-x,globCoord-y,acouIntensity-x,acouIntensity-y,locCoord-xi,locCoord-eta
5825,2,-2.20442e-18,6.13223310923039e-08,1.19020457612758e-07,0.919253778304535,0.999999999870795
5825,1.9997,0.0349048,4.33003597901535e-08,1.05787386494746e-07,0.909485669430051,-0.11110208537854
5824,1.99878,0.069799,2.80675764511917e-08,9.35714682289652e-08,0.915346582363134,0.7777525037628
5824,1.99726,0.104672,1.55798057984175e-08,8.01156317844488e-08,0.910462498171695,-0.333308963393583
5823,1.99513,0.139513,5.86321491425527e-09,6.69535941423539e-08,0.912416143749585,0.555523964001403
5823,1.99239,0.174311,-1.07342850124602e-09,5.36189673317172e-08,0.912416143752112,-0.555523964232293
5822,1.98904,0.209057,-5.21660510768461e-09,4.02334311308446e-08,0.910462498170195,0.33330896316169
5822,1.98509,0.243739,-6.62456186859749e-09,2.73627416252728e-08,0.915346582366752,-0.777752503996411
5821,1.98054,0.278346,-5.21757306732533e-09,1.44792723707853e-08,0.909485669429537,0.111102085145532
5820,1.97538,0.312869,-1.1529107867306e-09,2.36985090946878e-09,0.91925377830504,0.999999999897275
5820,1.96962,0.347296,5.69338535178035e-09,-9.2525738316484e-09,0.909485669429959,-0.111102085350008
5819,1.96325,0.381618,1.50719771518211e-08,-1.97437961042887e-08,0.915346582363608,0.777752503792493
5819,1.9563,0.415823,2.72296966043507e-08,-2.99313127539428e-08,0.910462498171543,-0.333308963366333
5818,1.94874,0.449902,4.16929764077848e-08,-3.81183829106036e-08,0.912416143749872,0.555523964026318
5818,1.94059,0.483844,5.89889104409501e-08,-4.65643283962947e-08,0.912416143751876,-0.555523964209557
5817,1.93185,0.517638,7.8232617319402e-08,-5.1792242620285e-08,0.910462498170338,0.333308963182653
5817,1.92252,0.551275,1.00458564370707e-07,-5.82090948078097e-08,0.915346582366455,-0.777752503976955
5816,1.91261,0.584743,1.24107993278089e-07,-5.9861402330114e-08,0.909485669429567,0.111102085165898
5815,1.90211,0.618034,1.49447037437924e-07,-5.91316886482695e-08,0.919253778305533,0.999999999919169
5815,1.89104,0.651136,1.78637909190098e-07,-6.14890313397442e-08,0.909485669429933,-0.111102085328256
5814,1.87939,0.68404,2.07629930296009e-07,-5.63261604474517e-08,0.915346582363941,0.777752503814277
5814,1.86716,0.716736,2.41047852983042e-07,-5.59145371323929e-08,0.910462498171402,-0.333308963343933
5813,1.85437,0.749213,2.73156825119628e-07,-4.58349113226422e-08,0.912416143750119,0.555523964050056
5813,1.84101,0.781462,3.10476069723243e-07,-4.24634897932642e-08,0.912416143751575,-0.555523964183394
5812,1.82709,0.813473,3.45112837136133e-07,-2.70461586985472e-08,0.910462498170486,0.333308963212263
5812,1.81262,0.845237,3.85984954706926e-07,-2.05561244478249e-08,0.915346582365915,-0.777752503943209
5811,1.79759,0.876742,4.22515101291994e-07,5.52500350217143e-10,0.909485669429635,0.111102085200681
5810,1.78201,0.907981,4.59079970343707e-07,2.49902539063295e-08,0.919253778306195,0.999999999954235
5810,1.7659,0.938943,5.04322370805248e-07,3.7367837250637e-08,0.909485669429844,-0.111102085292603
5809,1.74924,0.969619,5.41689267235013e-07,6.78779907046985e-08,0.915346582364538,0.777752503850291
5809,1.73205,1,5.89448618802541e-07,8.36972286796223e-08,0.910462498171199,-0.333308963308445
5808,1.71433,1.03008,6.2690695128337e-07,1.20443251380285e-07,0.912416143750526,0.555523964084446
5808,1.6961,1.05984,6.76782367149795e-07,1.39730264010819e-07,0.912416143751246,-0.555523964150953
5807,1.67734,1.08928,7.1361044356088e-07,1.82803525908314e-07,0.910462498170725,0.333308963242434
5807,1.65808,1.11839,7.65199917172701e-07,2.05550360224471e-07,0.915346582365508,-0.777752503915519
5806,1.6383,1.14715,8.00670878241425e-07,2.54967768999012e-07,0.909485669429676,0.11110208522853
5805,1.61803,1.17557,8.34217613186882e-07,3.07771829457421e-07,0.919253778306765,0.999999999982884
5805,1.59727,1.20363,8.86961591812856e-07,3.36835183356734e-07,0.909485669429817,-0.111102085265541
5804,1.57602,1.23132,9.18001731346362e-07,3.95821268312805e-07,0.9153465823649,0.777752503876539
5804,1.55429,1.25864,9.71372004737405e-07,4.28199150837458e-07,0.910462498170939,-0.333308963279996
5803,1.53209,1.28558,9.99205713200793e-07,4.93193702597786e-07,0.912416143750815,0.555523964114853
5803,1.50942,1.31212,1.05282270575122e-06,5.28754090319663e-07,0.91241614375085,-0.555523964118972
5802,1.48629,1.33826,1.07677740241068e-06,5.99519161396856e-07,0.910462498170897,0.333308963276791
5802,1.46271,1.364,1.13027910435835e-06,6.38103995410102e-07,0.915346582364929,-0.77775250387822
5801,1.43868,1.38932,1.14971676681422e-06,7.1434417797979e-07,0.909485669429954,0.111102085257182
5801,1.41421,1.41421,1.20276198309743e-06,7.55772533909955e-07,0.919253778307104,-0.999999999999994
850,1.38932,1.43868,1.21708338710554e-06,8.371415376678e-07,0.909485669429991,-0.111102085260227
849,1.364,1.46271,1.22731162709905e-06,9.20783892788302e-07,0.915346582364834,0.777752503871359
849,1.33826,1.48629,1.27799952615118e-06,9.67316799981916e-07,0.910462498171096,-0.333308963290402
848,1.31212,1.50942,1.28223264343356e-06,1.05539358567974e-06,0.912416143750729,0.555523964099008
848,1.28558,1.53209,1.33164967069763e-06,1.10421028068345e-06,0.912416143751184,-0.555523964140596
847,1.25864,1.55429,1.32939205956724e-06,1.19625176110292e-06,0.910462498170846,0.333308963247574
847,1.23132,1.57602,1.37727673902483e-06,1.24709384677897e-06,0.915346582365554,-0.777752503916259
846,1.20363,1.59727,1.36807014708091e-06,1.34257632409881e-06,0.90948566942978,0.111102085221654
845,1.17557,1.61803,1.35374086160039e-06,1.43906882529336e-06,0.919253778306528,0.999999999969813
845,1.14715,1.6383,1.39759940448067e-06,1.49349370980264e-06,0.909485669429915,-0.111102085282135
844,1.11839,1.65808,1.3756909223008e-06,1.59241690313597e-06,0.915346582364625,0.777752503855763
844,1.08928,1.67734,1.41736692263105e-06,1.64802365252452e-06,0.910462498171253,-0.333308963307521
843,1.05984,1.6961,1.38754204718873e-06,1.74867386784363e-06,0.912416143750542,0.555523964080906
843,1.03008,1.71433,1.426827509803e-06,1.80507947009097e-06,0.912416143751377,-0.555523964158847
842,1,1.73205,1.38880804562279e-06,1.9066891410166e-06,0.910462498170698,0.333308963230309
842,0.969619,1.74924,1.42552126584729e-06,1.96348482137103e-06,0.915346582365766,-0.777752503931825
841,0.938943,1.7659,1.37909651656987e-06,2.06523533168202e-06,0.909485669429764,0.111102085205048
840,0.907981,1.78201,1.3270085938275e-06,2.16585073851737e-06,0.919253778306164,0.99999999995148
840,0.876742,1.79759,1.35811942342116e-06,2.22301842921348e-06,0.909485669429979,-0.11110208530158
839,0.845237,1.81262,1.29750511854145e-06,2.32238332684609e-06,0.91534658236432,0.777752503835068
839,0.813473,1.82709,1.32570151907689e-06,2.37867848446225e-06,0.91046249817139,-0.33330896333004
838,0.781462,1.84101,1.25656723835281e-06,2.47586596500669e-06,0.912416143750255,0.555523964056983
838,0.749213,1.85437,1.28179186148264e-06,2.53079549261862e-06,0.912416143751674,-0.555523964183563
837,0.716736,1.86716,1.204240349136e-06,2.62484760404964e-06,0.910462498170584,0.333308963203304
837,0.68404,1.87939,1.22647705142143e-06,2.67791250087983e-06,0.915346582366261,-0.777752503962098
836,0.651136,1.89104,1.14071356485372e-06,2.76786448321466e-06,0.909485669429719,0.111102085173086
835,0.618034,1.90211,1.04992042055108e-06,2.85433713268137e-06,0.919253778305509,0.999999999918205
835,0.584743,1.91261,1.06632714467989e-06,2.90348029049996e-06,0.909485669430073,-0.111102085335132
834,0.551275,1.92252,9.67935723085521e-07,2.98441490365021e-06,0.915346582363819,0.777752503801204
834,0.517638,1.93185,9.81574158718918e-07,3.03032229227732e-06,0.910462498171637,-0.333308963364254
833,0.483844,1.94059,8.76059076674126e-07,3.10485295698276e-06,0.912416143749877,0.55552396402192
833,0.449902,1.94874,8.87094094787662e-07,3.14710542737617e-06,0.91241614375206,-0.555523964220202
832,0.415823,1.9563,7.75024959365054e-07,3.21442991299802e-06,0.910462498170279,0.333308963168166
832,0.381618,1.96325,7.83661639499342e-07,3.25264813597528e-06,0.915346582366717,-0.777752503993703
831,0.347296,1.96962,6.65695372270725e-07,3.31203855021523e-06,0.909485669429573,0.111102085145737
830,0.312869,1.97538,5.44482357224416e-07,3.36611204461577e-06,0.919253778305012,0.99999999989529
830,0.278346,1.98054,5.49046640036784e-07,3.39670201093192e-06,0.909485669430091,-0.111102085358547
829,0.243739,1.98509,4.23189010078289e-07,3.44191126120174e-06,0.915346582363415,0.77775250377766
829,0.209057,1.98904,4.26153374420012e-07,3.46759136851413e-06,0.910462498171767,-0.333308963386422
828,0.174311,1.99239,2.96483652482846e-07,3.50345531787048e-06,0.912416143749651,0.55552396400147
828,0.139513,1.99513,2.98169757800751e-07,3.52404197522935e-06,0.912416143752224,-0.555523964238419
827,0.104672,1.99726,1.65564936422404e-07,3.55019243588939e-06,0.910462498170184,0.33330896314881
827,0.069799,1.99878,1.66309292279312e-07,3.56556196792221e-06,0.915346582367074,-0.777752504016452
826,0.0349048,1.9997,3.16784234791439e-08,3.58174754347642e-06,0.909485669429527,0.111102085121841
825,1.27747e-16,2,-1.0373921704208e-07,3.59183699030199e-06,0.919253778304535,0.999999999870799
825,-0.0349048,1.9997,-1.03905343586761e-07,3.59792516890825e-06,0.909485669430051,-0.111102085378537
824,-0.069799,1.99878,-2.39843967976463e-07,3.59791167868179e-06,0.915346582363134,0.777752503762801
824,-0.104672,1.99726,-2.39913776180293e-07,3.59870439334787e-06,0.910462498171695,-0.333308963393583
823,-0.139513,1.99513,-3.75458605093855e-07,3.58863314316064e-06,0.912416143749585,0.555523964001401
823,-0.174311,1.99239,-3.75092479295605e-07,3.58422940345993e-06,0.912416143752112,-0.555523964232297
822,-0.209057,1.98904,-5.09349282828325e-07,3.56425153768875e-06,0.910462498170195,0.333308963161685
822,-0.243739,1.98509,-5.08221050205495e-07,3.55479814832296e-06,0.915346582366744,-0.777752503996403
821,-0.278346,1.98054,-6.40324918984956e-07,3.52516155044964e-06,0.909485669429538,0.111102085145537
820,-0.312869,1.97538,-7.70781980372054e-07,3.48983592610413e-06,0.919253778305041,0.999999999897278
820,-0.347296,1.96962,-7.67247398545512e-07,3.47188645326667e-06,0.90948566942996,-0.111102085350006
819,-0.381618,1.96325,-8.94225223916037e-07,3.42747292893277e-06,0.915346582363608,0.777752503792493
819,-0.415823,1.9563,-8.89041947312934e-07,3.40506166663706e-06,0.910462498171543,-0.333308963366333
818,-0.449902,1.94874,-1.01178304463794e-06,3.3520120076683e-06,0.912416143749872,0.555523964026316
818,-0.483844,1.94059,-1.00470407095571e-06,3.32541595551448e-06,0.912416143751875,-0.555523964209561
817,-0.517638,1.93185,-1.12250066974917e-06,3.26424164401059e-06,0.910462498170336,0.333308963182646
817,-0.551275,1.92252,-1.11330407284115e-06,3.23375800851543e-06,0.915346582366457,-0.777752503976948
816,-0.584743,1.91261,-1.22550107747395e-06,3.1650244510075e-06,0.909485669429562,0.111102085165907
815,-0.618034,1.90211,-1.33410385808358e-06,3.09194158164e-06,0.919253778305526,0.999999999919175
815,-0.651136,1.89104,-1.319991361987e-06,3.05528982760836e-06,0.909485669429935,-0.111102085328253
814,-0.68404,1.87939,-1.42204815808819e-06,2.97565561711479e-06,0.915346582363941,0.777752503814277
814,-0.716736,1.86716,-1.40527023679821e-06,2.93602596167063e-06,0.910462498171402,-0.333308963343933
813,-0.749213,1.85437,-1.50028955225366e-06,2.85052119869415e-06,0.912416143750117,0.555523964050053
813,-0.781462,1.84101,-1.48073231236427e-06,2.80827047614222e-06,0.912416143751584,-0.555523964183396
812,-0.813473,1.82709,-1.56828897961735e-06,2.71760831836998e-06,0.910462498170484,0.33330896321226
812,-0.845237,1.81262,-1.54586872710088e-06,2.67310198941967e-06,0.91534658236591,-0.7777525039432
811,-0.876742,1.79759,-1.6256052921487e-06,2.57802369104011e-06,0.909485669429639,0.111102085200672
810,-0.907981,1.78201,-1.70056395184207e-06,2.48053219091685e-06,0.919253778306197,0.999999999954239
810,-0.938943,1.7659,-1.67189987053277e-06,2.4329036129905e-06,0.909485669429848,-0.111102085292613
809,-0.969619,1.74924,-1.73859805573378e-06,2.33223585678106e-06,0.915346582364533,0.777752503850298
809,-1,1.73205,-1.70693900978444e-06,2.28340347433335e-06,0.910462498171205,-0.333308963308436
808,-1.03008,1.71433,-1.76520936568602e-06,2.18034421327295e-06,0.912416143750522,0.55552396408444
808,-1.05984,1.6961,-1.73059342024081e-06,2.13068851231944e-06,0.912416143751243,-0.555523964150944
807,-1.08928,1.67734,-1.7803412621262e-06,2.02602799221488e-06,0.910462498170733,0.33330896324243
807,-1.11839,1.65808,-1.74283883741026e-06,1.97592730872521e-06,0.915346582365511,-0.777752503915504
806,-1.14715,1.6383,-1.7840439958926e-06,1.87045646774756e-06,0.909485669429678,0.11110208522852
805,-1.17557,1.61803,-1.82019907867245e-06,1.76474731160082e-06,0.91925377830677,0.999999999982889
805,-1.20363,1.59727,-1.77647740906341e-06,1.71478849748955e-06,0.909485669429819,-0.111102085265551
804,-1.23132,1.57602,-1.80420314335555e-06,1.60952981956211e-06,0.915346582364893,0.777752503876544
804,-1.25864,1.55429,-1.75791117208693e-06,1.56016176218516e-06,0.910462498170937,-0.333308963279986
803,-1.28558,1.53209,-1.77738888110331e-06,1.45611069181621e-06,0.912416143750809,0.555523964114847
803,-1.31212,1.50942,-1.72872197928774e-06,1.40768256653566e-06,0.912416143750849,-0.555523964118962
802,-1.33826,1.48629,-1.74020645337891e-06,1.30557109915667e-06,0.910462498170897,0.333308963276791
802,-1.364,1.46271,-1.68938977974447e-06,1.25841687782186e-06,0.915346582364928,-0.77775250387821
801,-1.38932,1.43868,-1.69320648713483e-06,1.15894483697529e-06,0.909485669429954,0.111102085257172
801,-1.41421,1.41421,-1.64049309829617e-06,1.11338028922588e-06,0.919253778307104,-0.999999999999994
15850,-1.43868,1.38932,-1.6370345706727e-06,1.0172079270919e-06,0.909485669429991,-0.111102085260237
15849,-1.46271,1.364,-1.62944681887399e-06,9.23174083514035e-07,0.915346582364828,0.777752503871364
15849,-1.48629,1.33826,-1.57242427906836e-06,8.81268913930495e-07,0.910462498171103,-0.333308963290387
15848,-1.50942,1.31212,-1.55830238075656e-06,7.91497933982646e-07,0.912416143750729,0.555523964099008
15848,-1.53209,1.28558,-1.5001884961391e-06,7.5196034608928e-07,0.912416143751185,-0.555523964140586
15847,-1.55429,1.25864,-1.48007542005782e-06,6.6697873752931e-07,0.910462498170851,0.333308963247569
15847,-1.57602,1.23132,-1.4212110037469e-06,6.30030924576367e-07,0.915346582365555,-0.777752503916249
15846,-1.59727,1.20363,-1.39569700012413e-06,5.50304067457349e-07,0.909485669429784,0.111102085221639
15845,-1.61803,1.17557,-1.36723506747079e-06,4.73749719121104e-07,0.919253778306531,0.999999999969823
15845,-1.6383,1.14715,-1.30615388933931e-06,4.42065654435854e-07,0.909485669429917,-0.111102085282151
15844,-1.65808,1.11839,-1.27330093760771e-06,3.71375747130745e-07,0.915346582364627,0.777752503855772
15844,-1.67734,1.08928,-1.21247799844736e-06,3.42754624860506e-07,0.910462498171251,-0.333308963307506
15843,-1.6961,1.05984,-1.17591546957499e-06,2.78215869349502e-07,0.912416143750542,0.555523964080906
15843,-1.71433,1.03008,-1.11573712290998e-06,2.52758398022184e-07,0.912416143751375,-0.555523964158831
15842,-1.73205,1,-1.07616940859602e-06,1.9458433906998e-07,0.910462498170697,0.333308963230296
15842,-1.74924,0.969619,-1.01702533850252e-06,1.72357367589476e-07,0.915346582365764,-0.777752503931822
15841,-1.7659,0.938943,-9.75172180483888e-07,1.20686178499369e-07,0.909485669429762,0.111102085205035
15840,-1.78201,0.907981,-9.32217706036344e-07,7.27429469243329e-08,0.919253778306162,0.999999999951483
15840,-1.79759,0.876742,-8.74040236736769e-07,5.66164020464864e-08,0.909485669429984,-0.111102085301589
15839,-1.81262,0.845237,-8.29944409289746e-07,1.52403862630141e-08,0.915346582364318,0.777752503835071
15839,-1.82709,0.813473,-7.73886027793415e-07,2.36074917445699e-09,0.910462498171391,-0.333308963330024
15838,-1.84101,0.781462,-7.29371011239195e-07,-3.25064736261546e-08,0.912416143750253,0.555523964056986
15838,-1.85437,0.749213,-6.75808149493254e-07,-4.22027742074369e-08,0.912416143751674,-0.555523964183544
15837,-1.86716,0.716736,-6.31584669687461e-07,-7.06935998641595e-08,0.910462498170589,0.333308963203294
15837,-1.87939,0.68404,-5.80882183544503e-07,-7.73026273040052e-08,0.915346582366259,-0.777752503962095
15836,-1.89104,0.651136,-5.37642975425315e-07,-9.9622928279875e-08,0.909485669429715,0.111102085173074
15835,-1.90211,0.618034,-4.95131474476772e-07,-1.18600401480869e-07,0.919253778305508,0.999999999918209
15835,-1.91261,0.584743,-4.48563794618284e-07,-1.19699871353707e-07,0.909485669430068,-0.111102085335144
15834,-1.92252,0.551275,-4.08064011268003e-07,-1.32984263958489e-07,0.915346582363818,0.777752503801208
15834,-1.93185,0.517638,-3.65315094583854e-07,-1.31429435628627e-07,0.910462498171639,-0.333308963364235
15833,-1.94059,0.483844,-3.27438464064831e-07,-1.3940838058743e-07,0.912416143749876,0.555523964021923
15833,-1.94874,0.449902,-2.88804869191684e-07,-1.3541126416527e-07,0.912416143752063,-0.555523964220183
15832,-1.9563,0.415823,-2.54119217711589e-07,-1.38535700469489e-07,0.910462498170272,0.333308963168156
15832,-1.96325,0.381618,-2.19871343283383e-07,-1.32333670722351e-07,0.915346582366716,-0.7777525039937
15831,-1.96962,0.347296,-1.88894160650902e-07,-1.31112986503509e-07,0.909485669429575,0.111102085145728
15830,-1.97538,0.312869,-1.6003644912808e-07,-1.27782898983479e-07,0.91925377830502,0.999999999895294
15830,-1.98054,0.278346,-1.3246585379833e-07,-1.17962571836919e-07,0.909485669430092,-0.111102085358556
15829,-1.98509,0.243739,-1.07993011152106e-07,-1.11205969368588e-07,0.915346582363415,0.777752503777664
15829,-1.98904,0.209057,-8.54437471122682e-08,-9.99733699208153e-08,0.910462498171765,-0.333308963386404
15828,-1.99239,0.174311,-6.57142223860906e-08,-9.04227144299709e-08,0.912416143749651,0.555523964001473
15828,-1.99513,0.139513,-4.83374458159342e-08,-7.8091372896314e-08,0.912416143752222,-0.5555239642384
15827,-1.99726,0.104672,-3.36404576555961e-08,-6.64141510602722e-08,0.910462498170184,0.3333089631488
15827,-1.99878,0.069799,-2.15508735636809e-08,-5.330936502524e-08,0.915346582367074,-0.777752504016448
15826,-1.9997,0.0349048,-1.21027355229188e-08,-4.02005046745602e-08,0.909485669429527,0.111102085121831
15825,-2,2.46315e-16,-5.37744364565351e-09,-2.67631999280037e-08,0.919253778304535,0.999999999870803
15825,-1.9997,-0.0349048,-1.31881328320083e-09,-1.28299583821326e-08,0.909485669430051,-0.111102085378547
15824,-1.99878,-0.069799,3.85335186832041e-12,9.01143533276141e-10,0.915346582363134,0.777752503762804
15824,-1.99726,-0.104672,-1.39060272437976e-09,1.46327496702683e-08,0.910462498171696,-0.333308963393566
15823,-1.99513,-0.139513,-5.48640902899265e-09,2.79297628181945e-08,0.912416143749586,0.555523964001405
15823,-1.99239,-0.174311,-1.23029055383971e-08,4.1118086596953e-08,0.912416143752114,-0.555523964232279
15822,-1.98904,-0.209057,-2.17546061777798e-08,5.32547570937563e-08,0.910462498170195,0.333308963161688
15822,-1.98509,-0.243739,-3.39235632441893e-08,6.55633086881618e-08,0.915346582366744,-0.7777525039964
15821,-1.98054,-0.278346,-4.85906087376903e-08,7.58231190789435e-08,0.909485669429545,0.111102085145526
15820,-1.97538,-0.312869,-6.56254426759639e-08,8.45299991815082e-08,0.919253778305042,0.999999999897283
15820,-1.96962,-0.347296,-8.56698353171924e-08,9.46086747576443e-08,0.909485669429957,-0.111102085350017
15819,-1.96325,-0.381618,-1.07505406927587e-07,1.00355514645417e-07,0.915346582363609,0.777752503792499
15819,-1.9563,-0.415823,-1.32556551955096e-07,1.08623637453276e-07,0.910462498171549,-0.333308963366345
15818,-1.94874,-0.449902,-1.58858808228408e-07,1.10760357111996e-07,0.912416143749872,0.555523964026319
15818,-1.94059,-0.483844,-1.88708231076953e-07,1.16929730564554e-07,0.91241614375188,-0.555523964209544
15817,-1.93185,-0.517638,-2.19074376106213e-07,1.14845549848613e-07,0.910462498170337,0.33330896318265
15817,-1.92252,-0.551275,-2.53481733737915e-07,1.1864928597106e-07,0.915346582366458,-0.777752503976945
15816,-1.91261,-0.584743,-2.87445106859706e-07,1.11780202787408e-07,0.909485669429567,0.111102085165898
15815,-1.90211,-0.618034,-3.22528144891147e-07,1.01856805554588e-07,0.919253778305528,0.999999999919178
15815,-1.89104,-0.651136,-3.63176425716924e-07,1.00810883432172e-07,0.90948566942994,-0.111102085328262
15814,-1.87939,-0.68404,-4.00969133986009e-07,8.53473198275024e-08,0.915346582363942,0.77775250381428
15814,-1.86716,-0.716736,-4.45395444991801e-07,8.12698454738558e-08,0.910462498171397,-0.333308963343943
15813,-1.85437,-0.749213,-4.85294811595176e-07,5.98550501607114e-08,0.912416143750119,0.555523964050056
15813,-1.84101,-0.781462,-5.33160471737796e-07,5.25816954343507e-08,0.912416143751582,-0.555523964183381
15812,-1.82709,-0.813473,-5.7452182794524e-07,2.48707971931091e-08,0.910462498170486,0.333308963212263
15812,-1.81262,-0.845237,-6.25470330139879e-07,1.42687478778054e-08,0.915346582365912,-0.777752503943197
15811,-1.79759,-0.876742,-6.67613885493688e-07,-2.00137798995789e-08,0.909485669429641,0.111102085200675
15810,-1.78201,-0.907981,-7.09028774329622e-07,-5.80778513150457e-08,0.919253778306197,0.999999999954239
15810,-1.7659,-0.938943,-7.63491516560905e-07,-7.51027683115787e-08,0.90948566942985,-0.11110208529261
15809,-1.74924,-0.969619,-8.04535565462962e-07,-1.19989283973449e-07,0.915346582364535,0.777752503850301
15809,-1.73205,-1,-8.61042078682153e-07,-1.40592796712895e-07,0.9104624981712,-0.333308963308458
15808,-1.71433,-1.03008,-9.0097869821519e-07,-1.92384742127699e-07,0.912416143750526,0.555523964084446
15808,-1.6961,-1.05984,-9.59129851657115e-07,-2.16569955682595e-07,0.912416143751243,-0.555523964150944
15807,-1.67734,-1.08928,-9.97212715400828e-07,-2.7527249961194e-07,0.910462498170725,0.333308963242434
15807,-1.65808,-1.11839,-1.05660724352008e-06,-3.03007461637364e-07,0.915346582365503,-0.7777525039155
15806,-1.6383,-1.14715,-1.09208888919246e-06,-3.68546812055598e-07,0.90948566942967,0.111102085228524
15805,-1.61803,-1.17557,-1.1248008383637e-06,-4.37651120385663e-07,0.919253778306763,0.999999999982893
15805,-1.59727,-1.20363,-1.18446636816296e-06,-4.71988439801881e-07,0.909485669429812,-0.111102085265547
15804,-1.57602,-1.23132,-1.21340669313096e-06,-5.47608084825109e-07,0.915346582364898,0.777752503876549
15804,-1.55429,-1.25864,-1.27322158117449e-06,-5.85266007207163e-07,0.910462498170935,-0.333308963280012
15803,-1.53209,-1.28558,-1.29767771938861e-06,-6.6712453793127e-07,0.912416143750815,0.555523964114853
15803,-1.50942,-1.31212,-1.35725823413158e-06,-7.07937589358088e-07,0.912416143750855,-0.555523964118957
15802,-1.48629,-1.33826,-1.37654282597301e-06,-7.95683355380439e-07,0.910462498170897,0.333308963276791
15802,-1.46271,-1.364,-1.43551816175572e-06,-8.39453958134236e-07,0.915346582364928,-0.77775250387821
15801,-1.43868,-1.38932,-1.44897589623447e-06,-9.3266297031267e-07,0.909485669429954,0.111102085257172
15801,-1.41421,-1.41421,-1.50699090864945e-06,-9.79162830971105e-07,0.919253778307098,-0.999999999999989
10084,-1.38932,-1.43868,-1.51400506329064e-06,-1.07734207262839e-06,-0.909485669429983,0.111102085260242
10184,-1.364,-1.46271,-1.51614022281666e-06,-1.17756847535298e-06,-0.915346582364814,-0.777752503871363
10184,-1.33826,-1.48629,-1.57072259023624e-06,-1.22890546723531e-06,-0.910462498171062,0.333308963290425
10284,-1.31212,-1.50942,-1.56555617929867e-06,-1.3331506208981e-06,-0.912416143750702,-0.555523964098991
10284,-1.28558,-1.53209,-1.61829457417904e-06,-1.38645017288478e-06,-0.912416143751175,0.55552396414059
10384,-1.25864,-1.55429,-1.60534674963369e-06,-1.49406289500123e-06,-0.910462498170858,-0.333308963247603
10384,-1.23132,-1.57602,-1.65596959718224e-06,-1.54899238849968e-06,-0.915346582365569,0.777752503916277
10484,-1.20363,-1.59727,-1.63482347797308e-06,-1.65926939343611e-06,-0.909485669429755,-0.111102085221656
10584,-1.17557,-1.61803,-1.6079769692213e-06,-1.77004756479071e-06,-0.919253778306467,-0.999999999969833
10584,-1.14715,-1.6383,-1.65339546539779e-06,-1.82766873980626e-06,-0.909485669429891,0.111102085282108
10684,-1.11839,-1.65808,-1.61787037045761e-06,-1.93987473441588e-06,-0.915346582364624,-0.777752503855743
10684,-1.08928,-1.67734,-1.66057627775873e-06,-1.99810281700881e-06,-0.910462498171255,0.333308963307532
10784,-1.05984,-1.6961,-1.61614959165942e-06,-2.11092967952418e-06,-0.912416143750544,-0.555523964080908
10784,-1.03008,-1.71433,-1.65599055474855e-06,-2.16936762793144e-06,-0.912416143751393,0.555523964158839
10884,-1,-1.73205,-1.60251946928143e-06,-2.28198283076573e-06,-0.910462498170715,-0.333308963230315
10884,-0.969619,-1.74924,-1.63937802182555e-06,-2.34022642954851e-06,-0.915346582365772,0.777752503931858
10984,-0.938943,-1.7659,-1.57680078189845e-06,-2.45178030736088e-06,-0.909485669429763,-0.111102085205032
11084,-0.907981,-1.78201,-1.50834308185874e-06,-2.56152130187693e-06,-0.919253778306154,-0.99999999995149
11084,-0.876742,-1.79759,-1.53893121248284e-06,-2.61905398009975e-06,-0.909485669429981,0.111102085301552
11184,-0.845237,-1.81262,-1.46148844902463e-06,-2.72635364595368e-06,-0.915346582364332,-0.777752503835052
11184,-0.813473,-1.82709,-1.48896725589168e-06,-2.78253244611404e-06,-0.910462498171421,0.333308963330044
11284,-0.781462,-1.84101,-1.40269670801029e-06,-2.8865354154126e-06,-0.912416143750289,-0.555523964056998
11284,-0.749213,-1.85437,-1.42708648551472e-06,-2.94095492314688e-06,-0.912416143751684,0.555523964183542
11384,-0.716736,-1.86716,-1.33222985343045e-06,-3.04081937298051e-06,-0.910462498170579,-0.333308963203316
11384,-0.68404,-1.87939,-1.35358686319242e-06,-3.09308573313136e-06,-0.915346582366256,0.777752503962127
11484,-0.651136,-1.89104,-1.25046770783093e-06,-3.18799260691969e-06,-0.9094856694297,-0.111102085173069
11584,-0.618034,-1.90211,-1.14234422806877e-06,-3.27884098847122e-06,-0.919253778305473,-0.9999999999182
11584,-0.584743,-1.91261,-1.15790482079044e-06,-3.32688669417392e-06,-0.909485669430035,0.111102085335111
11684,-0.551275,-1.92252,-1.04225422129332e-06,-3.41154615025443e-06,-0.915346582363772,-0.777752503801188
11684,-0.517638,-1.93185,-1.05514799781468e-06,-3.45639059524658e-06,-0.910462498171642,0.333308963364261
11784,-0.483844,-1.94059,-9.32498763347587e-07,-3.53414182585373e-06,-0.912416143749915,-0.555523964021929
11784,-0.449902,-1.94874,-9.429090069307e-07,-3.57546100050727e-06,-0.912416143752077,0.555523964220183
11884,-0.415823,-1.9563,-8.13856870981674e-07,-3.64563390300763e-06,-0.910462498170266,-0.33330896316818
11884,-0.381618,-1.96325,-8.21993941093728e-07,-3.68312827348102e-06,-0.915346582366712,0.777752503993725
11984,-0.347296,-1.96962,-6.87195222658494e-07,-3.74510558218505e-06,-0.909485669429565,-0.111102085145729
12084,-0.312869,-1.97538,-5.49199958537985e-07,-3.8013228744378e-06,-0.919253778305011,-0.999999999895287
12084,-0.278346,-1.98054,-5.5346045119406e-07,-3.83171987941543e-06,-0.909485669430107,0.111102085358526
12184,-0.243739,-1.98509,-4.10926384779166e-07,-3.87890309223243e-06,-0.915346582363447,-0.777752503777644
12184,-0.209057,-1.98904,-4.1367268759997e-07,-3.90472345504323e-06,-0.910462498171781,0.333308963386432
12284,-0.174311,-1.99239,-2.67391010302049e-07,-3.94241319183241e-06,-0.912416143749663,-0.555523964001473
12284,-0.139513,-1.99513,-2.68918887310723e-07,-3.96345839014611e-06,-0.912416143752267,0.555523964238395
12384,-0.104672,-1.99726,-1.19723200043622e-07,-3.99126854916525e-06,-0.910462498170238,-0.333308963148834
12384,-0.069799,-1.99878,-1.20343899889565e-07,-4.00737548646709e-06,-0.915346582367131,0.777752504016471
12484,-0.0349048,-1.9997,3.08942135186503e-08,-4.02500314460328e-06,-0.909485669429557,-0.111102085121833
12584,-4.35203e-16,-2,1.82938771050163e-07,-4.03605018064784e-06,-0.919253778304537,-0.999999999870803
12584,0.0349048,-1.9997,1.83236914288962e-07,-4.04328711841264e-06,-0.909485669430058,0.111102085378513
12684,0.069799,-1.99878,3.35838457489822e-07,-4.04389899645276e-06,-0.915346582363139,-0.777752503762792
12684,0.104672,-1.99726,3.36052778493279e-07,-4.04593851849216e-06,-0.9104624981717,0.333308963393593
12784,0.139513,-1.99513,4.88283462589994e-07,-4.03606967870658e-06,-0.912416143749591,-0.555523964001403
12784,0.174311,-1.99239,4.88076786763156e-07,-4.03293082009138e-06,-0.912416143752134,0.555523964232273
12884,0.209057,-1.98904,6.39007483513413e-07,-4.01264340024569e-06,-0.91046249817019,-0.333308963161724
12884,0.243739,-1.98509,6.38048992337796e-07,-4.00439657659759e-06,-0.915346582366752,0.777752503996427
12984,0.278346,-1.98054,7.86763808315564e-07,-3.97385829976178e-06,-0.909485669429543,-0.111102085145531
13084,0.312869,-1.97538,9.3369434396318e-07,-3.93703012522609e-06,-0.919253778305079,-0.999999999897294
13084,0.347296,-1.96962,9.30342289669821e-07,-3.92010366793298e-06,-0.909485669429971,0.111102085349981
13184,0.381618,-1.96325,1.07361808453044e-06,-3.87351653373517e-06,-0.915346582363621,-0.777752503792476
13184,0.415823,-1.9563,1.068587292924e-06,-3.85191231906914e-06,-0.910462498171561,0.33330896336634
13284,0.449902,-1.94874,1.20738538924786e-06,-3.79598453530938e-06,-0.912416143749886,-0.555523964026324
13284,0.483844,-1.94059,1.20041115172643e-06,-3.76994858942311e-06,-0.912416143751904,0.555523964209538
13384,0.517638,-1.93185,1.3339604194262e-06,-3.7051814655585e-06,-0.910462498170363,-0.333308963182687
13384,0.551275,-1.92252,1.32480519178917e-06,-3.67499650631969e-06,-0.915346582366464,0.777752503976962
13484,0.584743,-1.91261,1.45239373416162e-06,-3.60196511797398e-06,-0.909485669429569,-0.111102085165906
13584,0.618034,-1.90211,1.57603415099381e-06,-3.52402093185397e-06,-0.919253778305519,-0.999999999919186
13584,0.651136,-1.89104,1.56183143192696e-06,-3.48728674789054e-06,-0.909485669429928,0.111102085328226
13684,0.68404,-1.87939,1.67848583472183e-06,-3.40213707359076e-06,-0.915346582363942,-0.777752503814258
13684,0.716736,-1.86716,1.66152260589123e-06,-3.36217554719829e-06,-0.910462498171394,0.333308963343945
13784,0.749213,-1.85437,1.77066367455064e-06,-3.27053914848774e-06,-0.912416143750121,-0.555523964050058
13784,0.781462,-1.84101,1.75082318973677e-06,-3.22772469625804e-06,-0.91241614375158,0.555523964183364
13884,0.813473,-1.82709,1.85199697183984e-06,-3.13035696778707e-06,-0.91046249817049,-0.333308963212306
13884,0.845237,-1.81262,1.82919580085635e-06,-3.08507456761556e-06,-0.915346582365913,0.777752503943214
13984,0.876742,-1.79759,1.92202245317639e-06,-2.98275410002327e-06,-0.909485669429626,-0.1111020852007
14084,0.907981,-1.78201,2.00962745826934e-06,-2.87760230615586e-06,-0.919253778306215,-0.999999999954254
14084,0.938943,-1.7659,1.98038225428633e-06,-2.82890435586226e-06,-0.909485669429858,0.111102085292581
14184,0.969619,-1.74924,2.05918156199129e-06,-2.72008323780562e-06,-0.915346582364524,-0.777752503850263
14184,1,-1.73205,2.02681859732043e-06,-2.66997422052072e-06,-0.910462498171194,0.333308963308465
14284,1.03008,-1.71433,2.09662608673283e-06,-2.55826792067697e-06,-0.91241614375052,-0.55552396408445
14284,1.05984,-1.6961,2.06117127933952e-06,-2.50712326360459e-06,-0.912416143751235,0.55552396415093
14384,1.08928,-1.67734,2.12186878175475e-06,-2.39332073301177e-06,-0.910462498170724,-0.333308963242461
14384,1.11839,-1.65808,2.08338139806855e-06,-2.34151575240091e-06,-0.915346582365498,0.777752503915531
14484,1.14715,-1.6383,2.13492195968653e-06,-2.22641297001964e-06,-0.909485669429676,-0.111102085228531
14584,1.17557,-1.61803,2.18099300939362e-06,-2.11074785075776e-06,-0.919253778306762,-0.999999999982903
14584,1.20363,-1.59727,2.13590149365905e-06,-2.05870403355727e-06,-0.909485669429825,0.1111020852655
14684,1.23132,-1.57602,2.17289386572669e-06,-1.94301285299223e-06,-0.91534658236492,-0.777752503876537
14684,1.25864,-1.55429,2.12501438474362e-06,-1.89131068223703e-06,-0.910462498170955,0.333308963280004
14784,1.28558,-1.53209,2.15306062715616e-06,-1.7763282938098e-06,-0.912416143750819,-0.555523964114867
14784,1.31212,-1.50942,2.10254684256363e-06,-1.72529242630994e-06,-0.912416143750872,0.555523964118932
14884,1.33826,-1.48629,2.12183668336699e-06,-1.6117211146332e-06,-0.910462498170903,-0.333308963276861
14884,1.364,-1.46271,2.068863869926e-06,-1.56166003119132e-06,-0.915346582364901,0.777752503878194
14984,1.38932,-1.43868,2.07964612635599e-06,-1.45017828492731e-06,-0.909485669429939,-0.111102085257194
14984,1.41421,-1.41421,2.02441426004544e-06,-1.40138693867533e-06,-0.919253778307102,0.999999999999985
5850,1.43868,-1.38932,2.02699919086663e-06,-1.29265023001169e-06,0.909485669429985,-0.111102085260202
5849,1.46271,-1.364,2.0250245227343e-06,-1.18577229314339e-06,0.915346582364833,0.777752503871339
5849,1.48629,-1.33826,1.96449395968154e-06,-1.14004605132113e-06,0.910462498171102,-0.333308963290407
5848,1.50942,-1.31212,1.95495846497972e-06,-1.03691423185605e-06,0.91241614375073,0.555523964099018
5848,1.53209,-1.28558,1.89281719016605e-06,-9.93229963741795e-07,0.912416143751186,-0.555523964140576
5847,1.55429,-1.25864,1.87619088186474e-06,-8.94419368076351e-07,0.91046249817085,0.333308963247604
5847,1.57602,-1.23132,1.81274397717141e-06,-8.53015945348385e-07,0.91534658236556,-0.777752503916265
5846,1.59727,-1.20363,1.78955692709829e-06,-7.59060999886041e-07,0.909485669429786,0.111102085221649
5845,1.61803,-1.17557,1.76294384096861e-06,-6.68110913166573e-07,0.919253778306525,0.999999999969829
5845,1.6383,-1.14715,1.69596802769173e-06,-6.31538486942887e-07,0.909485669429914,-0.11110208528211
5844,1.65808,-1.11839,1.66374090639938e-06,-5.46184757950451e-07,0.915346582364627,0.777752503855747
5844,1.67734,-1.08928,1.59640103954529e-06,-5.12467364933925e-07,0.910462498171258,-0.333308963307527
5843,1.6961,-1.05984,1.55921432339523e-06,-4.3309434990565e-07,0.912416143750537,0.555523964080912
5843,1.71433,-1.03008,1.49188796130338e-06,-4.02372719483569e-07,0.912416143751378,-0.555523964158821
5842,1.73205,-1,1.45043151114879e-06,-3.29298051271802e-07,0.910462498170701,0.333308963230334
5842,1.74924,-0.969619,1.38350417449017e-06,-3.01681810618237e-07,0.915346582365767,-0.777752503931841
5841,1.7659,-0.938943,1.3384967494399e-06,-2.3515461477869e-07,0.909485669429766,0.111102085205045
5840,1.78201,-0.907981,1.29188302025049e-06,-1.72410539347078e-07,0.919253778306158,0.99999999995149
5840,1.79759,-0.876742,1.22454877639451e-06,-1.50925567746127e-07,0.909485669429983,-0.111102085301555
5839,1.81262,-0.845237,1.17555252976206e-06,-9.49821587767723e-08,0.915346582364319,0.777752503835052
5839,1.82709,-0.813473,1.10975438997066e-06,-7.67717923577888e-08,0.910462498171384,-0.333308963330046
5838,1.84101,-0.781462,1.05914328810309e-06,-2.76961531277688e-08,0.912416143750258,0.555523964056995
5838,1.85437,-0.749213,9.95289364250832e-07,-1.27442000003202e-08,0.91241614375167,-0.555523964183538
5837,1.86716,-0.716736,9.43830655368663e-07,2.94759183841562e-08,0.91046249817059,0.333308963203332
5837,1.87939,-0.68404,8.82319551805805e-07,4.12206405631636e-08,0.915346582366259,-0.777752503962114
5836,1.89104,-0.651136,8.30770850513477e-07,7.66763291064996e-08,0.909485669429712,0.11110208517308
5835,1.90211,-0.618034,7.79512111981318e-07,1.08453295209244e-07,0.919253778305505,0.999999999918216
5835,1.91261,-0.584743,7.21090042970468e-07,1.14159286581676e-07,0.909485669430072,-0.111102085335106
5834,1.92252,-0.551275,6.70872621138714e-07,1.39480319653399e-07,0.915346582363824,0.777752503801191
5834,1.93185,-0.517638,6.1587181642351e-07,1.42288234678431e-07,0.910462498171638,-0.333308963364257
5833,1.94059,-0.483844,5.67389602056787e-07,1.6144227720602e-07,0.912416143749874,0.555523964021932
5833,1.94874,-0.449902,5.16146910513525e-07,1.61530627302788e-07,0.91241614375206,-0.555523964220175
5832,1.9563,-0.415823,4.70057010255346e-07,1.74875854527708e-07,0.910462498170272,0.333308963168192
5832,1.96325,-0.381618,4.2288616397479e-07,1.72451485957996e-07,0.915346582366721,-0.777752503993719
5831,1.96962,-0.347296,3.79803023132013e-07,1.80411339419474e-07,0.909485669429573,0.111102085145735
5830,1.97538,-0.312869,3.38571090230615e-07,1.8568012646644e-07,0.919253778305019,0.999999999895301
5830,1.98054,-0.278346,2.97479412416842e-07,1.78766417347413e-07,0.909485669430095,-0.11110208535852
5829,1.98509,-0.243739,2.60086437634806e-07,1.79444376638848e-07,0.915346582363408,0.777752503777643
5829,1.98904,-0.209057,2.23851376925851e-07,1.70738297556677e-07,0.910462498171767,-0.333308963386425
5828,1.99239,-0.174311,1.90767742729155e-07,1.67396311084497e-07,0.91241614374965,0.555523964001481
5828,1.99513,-0.139513,1.59589224885197e-07,1.57195419303532e-07,0.912416143752221,-0.555523964238393
5827,1.99726,-0.104672,1.31219023403167e-07,1.50451228261403e-07,0.910462498170182,0.333308963148836
5827,1.99878,-0.069799,1.05260428149383e-07,1.39068363027324e-07,0.915346582367075,-0.777752504016468
5826,1.9997,-0.0349048,8.19358913970378e-08,1.29578391147138e-07,0.909485669429527,0.111102085121839
