origElemNum,globCoord-x,globCoord-y,acouPotentialD1-,locCoord-xi,locCoord-eta
5825,2,-2.20442e-18,5.05465072053496e-06,0.919253778304535,0.999999999870795
5825,1.9997,0.0349048,5.07358235535344e-06,0.909485669430051,-0.11110208537854
5824,1.99878,0.069799,5.09850830592452e-06,0.915346582363134,0.7777525037628
5824,1.99726,0.104672,5.11460472597131e-06,0.910462498171695,-0.333308963393583
5823,1.99513,0.139513,5.1308726433714e-06,0.912416143749585,0.555523964001403
5823,1.99239,0.174311,5.14203616887849e-06,0.912416143752112,-0.555523964232293
5822,1.98904,0.209057,5.14787255137257e-06,0.910462498170195,0.33330896316169
5822,1.98509,0.243739,5.15352291406666e-06,0.915346582366752,-0.777752503996411
5821,1.98054,0.278346,5.14949476327013e-06,0.909485669429537,0.111102085145532
5820,1.97538,0.312869,5.15035833977032e-06,0.91925377830504,0.999999999897275
5820,1.96962,0.347296,5.13856335043327e-06,0.909485669429959,-0.111102085350008
5819,1.96325,0.381618,5.1321079785747e-06,0.915346582363608,0.777752503792493
5819,1.9563,0.415823,5.11897623773998e-06,0.910462498171543,-0.333308963366333
5818,1.94874,0.449902,5.10759388087433e-06,0.912416143749872,0.555523964026318
5818,1.94059,0.483844,5.09436204701036e-06,0.912416143751876,-0.555523964209557
5817,1.93185,0.517638,5.07998820448731e-06,0.910462498170338,0.333308963182653
5817,1.92252,0.551275,5.06755289243581e-06,0.915346582366455,-0.777752503976955
5816,1.91261,0.584743,5.05163212398637e-06,0.909485669429567,0.111102085165898
5815,1.90211,0.618034,5.04061629780398e-06,0.919253778305533,0.999999999919169
5815,1.89104,0.651136,5.02423666309492e-06,0.909485669429933,-0.111102085328256
5814,1.87939,0.68404,5.01277079114794e-06,0.915346582363941,0.777752503814277
5814,1.86716,0.716736,4.99909623534006e-06,0.910462498171402,-0.333308963343933
5813,1.85437,0.749213,4.98796853886517e-06,0.912416143750119,0.555523964050056
5813,1.84101,0.781462,4.97720770802596e-06,0.912416143751575,-0.555523964183394
5812,1.82709,0.813473,4.96705589520528e-06,0.910462498170486,0.333308963212263
5812,1.81262,0.845237,4.95935731923914e-06,0.915346582365915,-0.777752503943209
5811,1.79759,0.876742,4.95072733100647e-06,0.909485669429635,0.111102085200681
5810,1.78201,0.907981,4.94621372185465e-06,0.919253778306195,0.999999999954235
5810,1.7659,0.938943,4.93957789160942e-06,0.909485669429844,-0.111102085292603
5809,1.74924,0.969619,4.93695943313286e-06,0.915346582364538,0.777752503850291
5809,1.73205,1,4.93405658171889e-06,0.910462498171199,-0.333308963308445
5808,1.71433,1.03008,4.93364993211431e-06,0.912416143750526,0.555523964084446
5808,1.6961,1.05984,4.93441654393335e-06,0.912416143751246,-0.555523964150953
5807,1.67734,1.08928,4.93642041960233e-06,0.910462498170725,0.333308963242434
5807,1.65808,1.11839,4.94075893896538e-06,0.915346582365508,-0.777752503915519
5806,1.6383,1.14715,4.94531124791034e-06,0.909485669429676,0.11110208522853
5805,1.61803,1.17557,4.95312252398122e-06,0.919253778306765,0.999999999982884
5805,1.59727,1.20363,4.96031999510293e-06,0.909485669429817,-0.111102085265541
5804,1.57602,1.23132,4.97063342682135e-06,0.9153465823649,0.777752503876539
5804,1.55429,1.25864,4.98135302596281e-06,0.910462498170939,-0.333308963279996
5803,1.53209,1.28558,4.99415725435104e-06,0.912416143750815,0.555523964114853
5803,1.50942,1.31212,5.00818716201839e-06,0.91241614375085,-0.555523964118972
5802,1.48629,1.33826,5.0234099512247e-06,0.910462498170897,0.333308963276791
5802,1.46271,1.364,5.04055031193447e-06,0.915346582364929,-0.77775250387822
5801,1.43868,1.38932,5.05812846646954e-06,0.909485669429954,0.111102085257182
5801,1.41421,1.41421,5.07821957313463e-06,0.919253778307104,-0.999999999999994
850,1.38932,1.43868,5.09811022119128e-06,0.909485669429991,-0.111102085260227
849,1.364,1.46271,5.12040359803502e-06,0.915346582364834,0.777752503871359
849,1.33826,1.48629,5.14317488466285e-06,0.910462498171096,-0.333308963290402
848,1.31212,1.50942,5.16762945779163e-06,0.912416143750729,0.555523964099008
848,1.28558,1.53209,5.19315005173003e-06,0.912416143751184,-0.555523964140596
847,1.25864,1.55429,5.21972819313317e-06,0.910462498170846,0.333308963247574
847,1.23132,1.57602,5.24789540664492e-06,0.915346582365554,-0.777752503916259
846,1.20363,1.59727,5.27655035407564e-06,0.90948566942978,0.111102085221654
845,1.17557,1.61803,5.30726104033036e-06,0.919253778306528,0.999999999969813
845,1.14715,1.6383,5.33787311631559e-06,0.909485669429915,-0.111102085282135
844,1.11839,1.65808,5.37045084646659e-06,0.915346582364625,0.777752503855763
844,1.08928,1.67734,5.40336360634403e-06,0.910462498171253,-0.333308963307521
843,1.05984,1.6961,5.43763417609531e-06,0.912416143750542,0.555523964080906
843,1.03008,1.71433,5.47270656744792e-06,0.912416143751377,-0.555523964158847
842,1,1.73205,5.50855135081007e-06,0.910462498170698,0.333308963230309
842,0.969619,1.74924,5.54570084078925e-06,0.915346582365766,-0.777752503931825
841,0.938943,1.7659,5.58301199407136e-06,0.909485669429764,0.111102085205048
840,0.907981,1.78201,5.62214733945845e-06,0.919253778306164,0.99999999995148
840,0.876742,1.79759,5.66070744592261e-06,0.909485669429979,-0.11110208530158
839,0.845237,1.81262,5.70101521430485e-06,0.91534658236432,0.777752503835068
839,0.813473,1.82709,5.74113329193943e-06,0.91046249817139,-0.33330896333004
838,0.781462,1.84101,5.78227393861274e-06,0.912416143750255,0.555523964056983
838,0.749213,1.85437,5.82373187129434e-06,0.912416143751674,-0.555523964183563
837,0.716736,1.86716,5.8653855107761e-06,0.910462498170584,0.333308963203304
837,0.68404,1.87939,5.90799786598795e-06,0.915346582366261,-0.777752503962098
836,0.651136,1.89104,5.94980728664136e-06,0.909485669429719,0.111102085173086
835,0.618034,1.90211,5.9933398172809e-06,0.919253778305509,0.999999999918205
835,0.584743,1.91261,6.03481796840738e-06,0.909485669430073,-0.111102085335132
834,0.551275,1.92252,6.07792012252993e-06,0.915346582363819,0.777752503801204
834,0.517638,1.93185,6.11956867690553e-06,0.910462498171637,-0.333308963364254
833,0.483844,1.94059,6.16173194411091e-06,0.912416143749877,0.55552396402192
833,0.449902,1.94874,6.20329249342916e-06,0.91241614375206,-0.555523964220202
832,0.415823,1.9563,6.2440863503643e-06,0.910462498170279,0.333308963168166
832,0.381618,1.96325,6.28533947549969e-06,0.915346582366717,-0.777752503993703
831,0.347296,1.96962,6.32432703093335e-06,0.909485669429573,0.111102085145737
830,0.312869,1.97538,6.36502291457525e-06,0.919253778305012,0.99999999989529
830,0.278346,1.98054,6.40170852924591e-06,0.909485669430091,-0.111102085358547
829,0.243739,1.98509,6.44003513642037e-06,0.915346582363415,0.77775250377766
829,0.209057,1.98904,6.47545879879527e-06,0.910462498171767,-0.333308963386422
828,0.174311,1.99239,6.5109412248345e-06,0.912416143749651,0.55552396400147
828,0.139513,1.99513,6.54487019997635e-06,0.912416143752224,-0.555523964238419
827,0.104672,1.99726,6.5770675070499e-06,0.910462498170184,0.33330896314881
827,0.069799,1.99878,6.60927757569486e-06,0.915346582367074,-0.777752504016452
826,0.0349048,1.9997,6.63776555582531e-06,0.909485669429527,0.111102085121841
825,1.27747e-16,2,6.6680481145553e-06,0.919253778304535,0.999999999870799
825,-0.0349048,1.9997,6.69247164327688e-06,0.909485669430051,-0.111102085378537
824,-0.069799,1.99878,6.71869170861285e-06,0.915346582363134,0.777752503762801
824,-0.104672,1.99726,6.74080926075173e-06,0.910462498171695,-0.333308963393583
823,-0.139513,1.99513,6.76278128452293e-06,0.912416143749585,0.555523964001401
823,-0.174311,1.99239,6.7825912488572e-06,0.912416143752112,-0.555523964232297
822,-0.209057,1.98904,6.80020590905315e-06,0.910462498170195,0.333308963161685
822,-0.243739,1.98509,6.81772837741557e-06,0.915346582366744,-0.777752503996403
821,-0.278346,1.98054,6.83090390717002e-06,0.909485669429538,0.111102085145537
820,-0.312869,1.97538,6.84616819523063e-06,0.919253778305041,0.999999999897278
820,-0.347296,1.96962,6.85486218685771e-06,0.90948566942996,-0.111102085350006
819,-0.381618,1.96325,6.86572168305306e-06,0.915346582363608,0.777752503792493
819,-0.415823,1.9563,6.87218013191321e-06,0.910462498171543,-0.333308963366333
818,-0.449902,1.94874,6.87871112569991e-06,0.912416143749872,0.555523964026316
818,-0.483844,1.94059,6.88311783852026e-06,0.912416143751875,-0.555523964209561
817,-0.517638,1.93185,6.88549453870874e-06,0.910462498170336,0.333308963182646
817,-0.551275,1.92252,6.88808343348057e-06,0.915346582366457,-0.777752503976948
816,-0.584743,1.91261,6.88653817691763e-06,0.909485669429562,0.111102085165907
815,-0.618034,1.90211,6.88756517840099e-06,0.919253778305526,0.999999999919175
815,-0.651136,1.89104,6.88232785152393e-06,0.909485669429935,-0.111102085328253
814,-0.68404,1.87939,6.8797904854937e-06,0.915346582363941,0.777752503814277
814,-0.716736,1.86716,6.87327163640675e-06,0.910462498171402,-0.333308963343933
813,-0.749213,1.85437,6.86730498951156e-06,0.912416143750117,0.555523964050053
813,-0.781462,1.84101,6.85964718335679e-06,0.912416143751584,-0.555523964183396
812,-0.813473,1.82709,6.8503329632497e-06,0.910462498170484,0.33330896321226
812,-0.845237,1.81262,6.84168294923319e-06,0.91534658236591,-0.7777525039432
811,-0.876742,1.79759,6.82915865906722e-06,0.909485669429639,0.111102085200672
810,-0.907981,1.78201,6.81973544177612e-06,0.919253778306197,0.999999999954239
810,-0.938943,1.7659,6.80425565697765e-06,0.909485669429848,-0.111102085292613
809,-0.969619,1.74924,6.79204834077181e-06,0.915346582364533,0.777752503850298
809,-1,1.73205,6.77624717553582e-06,0.910462498171205,-0.333308963308436
808,-1.03008,1.71433,6.76158877905401e-06,0.912416143750522,0.55552396408444
808,-1.05984,1.6961,6.74580082469589e-06,0.912416143751243,-0.555523964150944
807,-1.08928,1.67734,6.72901598769657e-06,0.910462498170733,0.33330896324243
807,-1.11839,1.65808,6.71357076664268e-06,0.915346582365511,-0.777752503915504
806,-1.14715,1.6383,6.69494821188192e-06,0.909485669429678,0.11110208522852
805,-1.17557,1.61803,6.68015245050762e-06,0.91925377830677,0.999999999982889
805,-1.20363,1.59727,6.65990731475436e-06,0.909485669429819,-0.111102085265551
804,-1.23132,1.57602,6.64363952944713e-06,0.915346582364893,0.777752503876544
804,-1.25864,1.55429,6.62427711825335e-06,0.910462498170937,-0.333308963279986
803,-1.28558,1.53209,6.60663767819179e-06,0.912416143750809,0.555523964114847
803,-1.31212,1.50942,6.58833255122527e-06,0.912416143750849,-0.555523964118962
802,-1.33826,1.48629,6.56938892400404e-06,0.910462498170897,0.333308963276791
802,-1.364,1.46271,6.55232784776969e-06,0.915346582364928,-0.77775250387821
801,-1.38932,1.43868,6.53215888118595e-06,0.909485669429954,0.111102085257172
801,-1.41421,1.41421,6.51655216859803e-06,0.919253778307104,-0.999999999999994
15850,-1.43868,1.38932,6.49524179247474e-06,0.909485669429991,-0.111102085260237
15849,-1.46271,1.364,6.47865241821668e-06,0.915346582364828,0.777752503871364
15849,-1.48629,1.33826,6.45892141430299e-06,0.910462498171103,-0.333308963290387
15848,-1.50942,1.31212,6.44140968307903e-06,0.912416143750729,0.555523964099008
15848,-1.53209,1.28558,6.42344968212786e-06,0.912416143751185,-0.555523964140586
15847,-1.55429,1.25864,6.40504858086856e-06,0.910462498170851,0.333308963247569
15847,-1.57602,1.23132,6.38904702805406e-06,0.915346582365555,-0.777752503916249
15846,-1.59727,1.20363,6.36977381248703e-06,0.909485669429784,0.111102085221639
15845,-1.61803,1.17557,6.35592514531133e-06,0.919253778306531,0.999999999969823
15845,-1.6383,1.14715,6.33580143586462e-06,0.909485669429917,-0.111102085282151
15844,-1.65808,1.11839,6.321277929232e-06,0.915346582364627,0.777752503855772
15844,-1.67734,1.08928,6.30336219495649e-06,0.910462498171251,-0.333308963307506
15843,-1.6961,1.05984,6.28817509224284e-06,0.912416143750542,0.555523964080906
15843,-1.71433,1.03008,6.27265146044472e-06,0.912416143751375,-0.555523964158831
15842,-1.73205,1,6.2567608799051e-06,0.910462498170697,0.333308963230296
15842,-1.74924,0.969619,6.24378744257231e-06,0.915346582365764,-0.777752503931822
15841,-1.7659,0.938943,6.22711274240683e-06,0.909485669429762,0.111102085205035
15840,-1.78201,0.907981,6.21684393810647e-06,0.919253778306162,0.999999999951483
15840,-1.79759,0.876742,6.19930941570367e-06,0.909485669429984,-0.111102085301589
15839,-1.81262,0.845237,6.18835934213256e-06,0.915346582364318,0.777752503835071
15839,-1.82709,0.813473,6.17345325742898e-06,0.910462498171391,-0.333308963330024
15838,-1.84101,0.781462,6.16173036281781e-06,0.912416143750253,0.555523964056986
15838,-1.85437,0.749213,6.1495800702068e-06,0.912416143751674,-0.555523964183544
15837,-1.86716,0.716736,6.13692287723941e-06,0.910462498170589,0.333308963203294
15837,-1.87939,0.68404,6.12763290786139e-06,0.915346582366259,-0.777752503962095
15836,-1.89104,0.651136,6.1138988606256e-06,0.909485669429715,0.111102085173074
15835,-1.90211,0.618034,6.10763607939354e-06,0.919253778305508,0.999999999918209
15835,-1.91261,0.584743,6.09279809167731e-06,0.909485669430068,-0.111102085335144
15834,-1.92252,0.551275,6.08565350114254e-06,0.915346582363818,0.777752503801208
15834,-1.93185,0.517638,6.07387266235151e-06,0.910462498171639,-0.333308963364235
15833,-1.94059,0.483844,6.06580462120213e-06,0.912416143749876,0.555523964021923
15833,-1.94874,0.449902,6.05723385469353e-06,0.912416143752063,-0.555523964220183
15832,-1.9563,0.415823,6.04806058807754e-06,0.910462498170272,0.333308963168156
15832,-1.96325,0.381618,6.04279140887842e-06,0.915346582366716,-0.7777525039937
15831,-1.96962,0.347296,6.03229564686656e-06,0.909485669429575,0.111102085145728
15830,-1.97538,0.312869,6.03044895389722e-06,0.91925377830502,0.999999999895294
15830,-1.98054,0.278346,6.01846285399452e-06,0.909485669430092,-0.111102085358556
15829,-1.98509,0.243739,6.01531772200521e-06,0.915346582363415,0.777752503777664
15829,-1.98904,0.209057,6.00654909034023e-06,0.910462498171765,-0.333308963386404
15828,-1.99239,0.174311,6.00193012662466e-06,0.912416143749651,0.555523964001473
15828,-1.99513,0.139513,5.99652223198079e-06,0.912416143752222,-0.5555239642384
15827,-1.99726,0.104672,5.99029116222375e-06,0.910462498170184,0.3333089631488
15827,-1.99878,0.069799,5.98845523316568e-06,0.915346582367074,-0.777752504016448
15826,-1.9997,0.0349048,5.98057031111362e-06,0.909485669429527,0.111102085121831
15825,-2,2.46315e-16,5.98257451573553e-06,0.919253778304535,0.999999999870803
15825,-1.9997,-0.0349048,5.97297347751881e-06,0.909485669430051,-0.111102085378547
15824,-1.99878,-0.069799,5.9734592502995e-06,0.915346582363134,0.777752503762804
15824,-1.99726,-0.104672,5.96748681761754e-06,0.910462498171696,-0.333308963393566
15823,-1.99513,-0.139513,5.96617896245833e-06,0.912416143749586,0.555523964001405
15823,-1.99239,-0.174311,5.96387948850192e-06,0.912416143752114,-0.555523964232279
15822,-1.98904,-0.209057,5.96049288773991e-06,0.910462498170195,0.333308963161688
15822,-1.98509,-0.243739,5.96197859547445e-06,0.915346582366744,-0.7777525039964
15821,-1.98054,-0.278346,5.95634132786391e-06,0.909485669429545,0.111102085145526
15820,-1.97538,-0.312869,5.96179542585903e-06,0.919253778305042,0.999999999897283
15820,-1.96962,-0.347296,5.95376015400467e-06,0.909485669429957,-0.111102085350017
15819,-1.96325,-0.381618,5.95701281226759e-06,0.915346582363609,0.777752503792499
15819,-1.9563,-0.415823,5.9527402542654e-06,0.910462498171549,-0.333308963366345
15818,-1.94874,-0.449902,5.95365362228523e-06,0.912416143749872,0.555523964026319
15818,-1.94059,-0.483844,5.95338253153662e-06,0.91241614375188,-0.555523964209544
15817,-1.93185,-0.517638,5.95194666115351e-06,0.910462498170337,0.33330896318265
15817,-1.92252,-0.551275,5.95597166164946e-06,0.915346582366458,-0.777752503976945
15816,-1.91261,-0.584743,5.95210248912093e-06,0.909485669429567,0.111102085165898
15815,-1.90211,-0.618034,5.96056389805129e-06,0.919253778305528,0.999999999919178
15815,-1.89104,-0.651136,5.9538574618724e-06,0.90948566942994,-0.111102085328262
15814,-1.87939,-0.68404,5.95957535853096e-06,0.915346582363942,0.77775250381428
15814,-1.86716,-0.716736,5.9566297048842e-06,0.910462498171397,-0.333308963343943
15813,-1.85437,-0.749213,5.95921408799582e-06,0.912416143750119,0.555523964050056
15813,-1.84101,-0.781462,5.96019126458239e-06,0.912416143751582,-0.555523964183381
15812,-1.82709,-0.813473,5.95959868937618e-06,0.910462498170486,0.333308963212263
15812,-1.81262,-0.845237,5.96480429068416e-06,0.915346582365912,-0.777752503943197
15811,-1.79759,-0.876742,5.96100912123243e-06,0.909485669429641,0.111102085200675
15810,-1.78201,-0.907981,5.97061020714879e-06,0.919253778306197,0.999999999954239
15810,-1.7659,-0.938943,5.96336174592805e-06,0.90948566942985,-0.11110208529261
15809,-1.74924,-0.969619,5.96964672213958e-06,0.915346582364535,0.777752503850301
15809,-1.73205,-1,5.96645110671989e-06,0.9104624981712,-0.333308963308458
15808,-1.71433,-1.03008,5.96927651803501e-06,0.912416143750526,0.555523964084446
15808,-1.6961,-1.05984,5.97037490031509e-06,0.912416143751243,-0.555523964150944
15807,-1.67734,-1.08928,5.96974642239508e-06,0.910462498170725,0.333308963242434
15807,-1.65808,-1.11839,5.97535362761016e-06,0.915346582365503,-0.7777525039155
15806,-1.6383,-1.14715,5.9711067726971e-06,0.90948566942967,0.111102085228524
15805,-1.61803,-1.17557,5.98123145510536e-06,0.919253778306763,0.999999999982893
15805,-1.59727,-1.20363,5.97296392322504e-06,0.909485669429812,-0.111102085265547
15804,-1.57602,-1.23132,5.97914916909241e-06,0.915346582364898,0.777752503876549
15804,-1.55429,-1.25864,5.97492130989958e-06,0.910462498170935,-0.333308963280012
15803,-1.53209,-1.28558,5.97700580458067e-06,0.912416143750815,0.555523964114853
15803,-1.50942,-1.31212,5.97705637887832e-06,0.912416143750855,-0.555523964118957
15802,-1.48629,-1.33826,5.97512496162468e-06,0.910462498170897,0.333308963276791
15802,-1.46271,-1.364,5.97971633161218e-06,0.915346582364928,-0.77775250387821
15801,-1.43868,-1.38932,5.973805470925e-06,0.909485669429954,0.111102085257172
15801,-1.41421,-1.41421,5.98308855945085e-06,0.919253778307098,-0.999999999999989
10084,-1.38932,-1.43868,5.97311455809447e-06,-0.909485669429983,0.111102085260242
10184,-1.364,-1.46271,5.97844246604251e-06,-0.915346582364814,-0.777752503871363
10184,-1.33826,-1.48629,5.97300383525494e-06,-0.910462498171062,0.333308963290425
10284,-1.31212,-1.50942,5.97421921993812e-06,-0.912416143750702,-0.555523964098991
10284,-1.28558,-1.53209,5.97331676561711e-06,-0.912416143751175,0.55552396414059
10384,-1.25864,-1.55429,5.97015614840214e-06,-0.910462498170858,-0.333308963247603
10384,-1.23132,-1.57602,5.97369163899596e-06,-0.915346582365569,0.777752503916277
10484,-1.20363,-1.59727,5.96587350061809e-06,-0.909485669429755,-0.111102085221656
10584,-1.17557,-1.61803,5.97379373125436e-06,-0.919253778306467,-0.999999999969833
10584,-1.14715,-1.6383,5.96130775611315e-06,-0.909485669429891,0.111102085282108
10684,-1.11839,-1.65808,5.96470366301869e-06,-0.915346582364624,-0.777752503855743
10684,-1.08928,-1.67734,5.95683759620775e-06,-0.910462498171255,0.333308963307532
10784,-1.05984,-1.6961,5.95585771487579e-06,-0.912416143750544,-0.555523964080908
10784,-1.03008,-1.71433,5.95267377521881e-06,-0.912416143751393,0.555523964158839
10884,-1,-1.73205,5.94708247418018e-06,-0.910462498170715,-0.333308963230315
10884,-0.969619,-1.74924,5.94832983681239e-06,-0.915346582365772,0.777752503931858
10984,-0.938943,-1.7659,5.93756322508972e-06,-0.909485669429763,-0.111102085205032
11084,-0.907981,-1.78201,5.94286416328775e-06,-0.919253778306154,-0.99999999995149
11084,-0.876742,-1.79759,5.92640674308858e-06,-0.909485669429981,0.111102085301552
11184,-0.845237,-1.81262,5.92595859872979e-06,-0.915346582364332,-0.777752503835052
11184,-0.813473,-1.82709,5.91300182835212e-06,-0.910462498171421,0.333308963330044
11284,-0.781462,-1.84101,5.90647838860917e-06,-0.912416143750289,-0.555523964056998
11284,-0.749213,-1.85437,5.89681660336897e-06,-0.912416143751684,0.555523964183542
11384,-0.716736,-1.86716,5.88387785211887e-06,-0.910462498170579,-0.333308963203316
11384,-0.68404,-1.87939,5.87730769961824e-06,-0.915346582366256,0.777752503962127
11484,-0.651136,-1.89104,5.85788238511235e-06,-0.9094856694297,-0.111102085173069
11584,-0.618034,-1.90211,5.8544838918047e-06,-0.919253778305473,-0.9999999999182
11584,-0.584743,-1.91261,5.82902654215914e-06,-0.909485669430035,0.111102085335111
11684,-0.551275,-1.92252,5.81974088768129e-06,-0.915346582363772,-0.777752503801188
11684,-0.517638,-1.93185,5.79824866527287e-06,-0.910462498171642,0.333308963364261
11784,-0.483844,-1.94059,5.7834654922536e-06,-0.912416143749915,-0.555523964021929
11784,-0.449902,-1.94874,5.76595120233971e-06,-0.912416143752077,0.555523964220183
11884,-0.415823,-1.9563,5.74561702460067e-06,-0.910462498170266,-0.33330896316818
11884,-0.381618,-1.96325,5.73189747463553e-06,-0.915346582366712,0.777752503993725
11984,-0.347296,-1.96962,5.70592972809181e-06,-0.909485669429565,-0.111102085145729
12084,-0.312869,-1.97538,5.6959444635152e-06,-0.919253778305011,-0.999999999895287
12084,-0.278346,-1.98054,5.66451443577341e-06,-0.909485669430107,0.111102085358526
12184,-0.243739,-1.98509,5.64906583051081e-06,-0.915346582363447,-0.777752503777644
12184,-0.209057,-1.98904,5.62169229186721e-06,-0.910462498171781,0.333308963386432
12284,-0.174311,-1.99239,5.60100136063088e-06,-0.912416143749663,-0.555523964001473
12284,-0.139513,-1.99513,5.57775441430554e-06,-0.912416143752267,0.555523964238395
12384,-0.104672,-1.99726,5.55212831858455e-06,-0.910462498170238,-0.333308963148834
12384,-0.069799,-1.99878,5.53321081556498e-06,-0.915346582367131,0.777752504016471
12484,-0.0349048,-1.9997,5.50318924041323e-06,-0.909485669429557,-0.111102085121833
12584,-4.35203e-16,-2,5.48892800629785e-06,-0.919253778304537,-0.999999999870803
12584,0.0349048,-1.9997,5.45506658725521e-06,-0.909485669430058,0.111102085378513
12684,0.069799,-1.99878,5.43696315211704e-06,-0.915346582363139,-0.777752503762792
12684,0.104672,-1.99726,5.40829514945535e-06,-0.9104624981717,0.333308963393593
12784,0.139513,-1.99513,5.38655549330723e-06,-0.912416143749591,-0.555523964001403
12784,0.174311,-1.99239,5.36303491242652e-06,-0.912416143752134,0.555523964232273
12884,0.209057,-1.98904,5.33783593333628e-06,-0.91046249817019,-0.333308963161724
12884,0.243739,-1.98509,5.31950492076581e-06,-0.915346582366752,0.777752503996427
12984,0.278346,-1.98054,5.29119177513869e-06,-0.909485669429543,-0.111102085145531
13084,0.312869,-1.97538,5.27819425332842e-06,-0.919253778305079,-0.999999999897294
13084,0.347296,-1.96962,5.24715472208016e-06,-0.909485669429971,0.111102085349981
13184,0.381618,-1.96325,5.231390466189e-06,-0.915346582363621,-0.777752503792476
13184,0.415823,-1.9563,5.20616156601529e-06,-0.910462498171561,0.33330896336634
13284,0.449902,-1.94874,5.18796987948706e-06,-0.912416143749886,-0.555523964026324
13284,0.483844,-1.94059,5.16868399970518e-06,-0.912416143751904,0.555523964209538
13384,0.517638,-1.93185,5.14849907840216e-06,-0.910462498170363,-0.333308963182687
13384,0.551275,-1.92252,5.13532955884906e-06,-0.915346582366464,0.777752503976962
13484,0.584743,-1.91261,5.11348709635483e-06,-0.909485669429569,-0.111102085165906
13584,0.618034,-1.90211,5.10643792597177e-06,-0.919253778305519,-0.999999999919186
13584,0.651136,-1.89104,5.08292274790771e-06,-0.909485669429928,0.111102085328226
13684,0.68404,-1.87939,5.0740137443217e-06,-0.915346582363942,-0.777752503814258
13684,0.716736,-1.86716,5.0564022309531e-06,-0.910462498171394,0.333308963343945
13784,0.749213,-1.85437,5.0455454650286e-06,-0.912416143750121,-0.555523964050058
13784,0.781462,-1.84101,5.0337476333723e-06,-0.91241614375158,0.555523964183364
13884,0.813473,-1.82709,5.02111951958152e-06,-0.91046249817049,-0.333308963212306
13884,0.845237,-1.81262,5.01515857286876e-06,-0.915346582365913,0.777752503943214
13984,0.876742,-1.79759,5.00093499825941e-06,-0.909485669429626,-0.1111020852007
14084,0.907981,-1.78201,5.00071532352608e-06,-0.919253778306215,-0.999999999954254
14084,0.938943,-1.7659,4.98486131525863e-06,-0.909485669429858,0.111102085292581
14184,0.969619,-1.74924,4.98283807534156e-06,-0.915346582364524,-0.777752503850263
14184,1,-1.73205,4.97260882863809e-06,-0.910462498171194,0.333308963308465
14284,1.03008,-1.71433,4.96877561842906e-06,-0.91241614375052,-0.55552396408445
14284,1.05984,-1.6961,4.96406639881096e-06,-0.912416143751235,0.55552396415093
14384,1.08928,-1.67734,4.95851223532951e-06,-0.910462498170724,-0.333308963242461
14384,1.11839,-1.65808,4.95920574943472e-06,-0.915346582365498,0.777752503915531
14484,1.14715,-1.6383,4.95191040562478e-06,-0.909485669429676,-0.111102085228531
14584,1.17557,-1.61803,4.95776270471951e-06,-0.919253778306762,-0.999999999982903
14584,1.20363,-1.59727,4.94854312531313e-06,-0.909485669429825,0.1111020852655
14684,1.23132,-1.57602,4.95226325621988e-06,-0.91534658236492,-0.777752503876537
14684,1.25864,-1.55429,4.9479334521128e-06,-0.910462498170955,0.333308963280004
14784,1.28558,-1.53209,4.94943213199296e-06,-0.912416143750819,-0.555523964114867
14784,1.31212,-1.50942,4.94982673236353e-06,-0.912416143750872,0.555523964118932
14884,1.33826,-1.48629,4.94912807036401e-06,-0.910462498170903,-0.333308963276861
14884,1.364,-1.46271,4.95408649544349e-06,-0.915346582364901,0.777752503878194
14984,1.38932,-1.43868,4.95116621149562e-06,-0.909485669429939,-0.111102085257194
14984,1.41421,-1.41421,4.96045636078197e-06,-0.919253778307102,0.999999999999985
5850,1.43868,-1.38932,4.95519955783123e-06,0.909485669429985,-0.111102085260202
5849,1.46271,-1.364,4.96194308150956e-06,0.915346582364833,0.777752503871339
5849,1.48629,-1.33826,4.96078045527583e-06,0.910462498171102,-0.333308963290407
5848,1.50942,-1.31212,4.96479171337128e-06,0.91241614375073,0.555523964099018
5848,1.53209,-1.28558,4.96737348653733e-06,0.912416143751186,-0.555523964140576
5847,1.55429,-1.25864,4.96839693206071e-06,0.91046249817085,0.333308963247604
5847,1.57602,-1.23132,4.97431825688508e-06,0.91534658236556,-0.777752503916265
5846,1.59727,-1.20363,4.9720689471056e-06,0.909485669429786,0.111102085221649
5845,1.61803,-1.17557,4.98093184219649e-06,0.919253778306525,0.999999999969829
5845,1.6383,-1.14715,4.97523257941028e-06,0.909485669429914,-0.11110208528211
5844,1.65808,-1.11839,4.98043877114871e-06,0.915346582364627,0.777752503855747
5844,1.67734,-1.08928,4.97753904408902e-06,0.910462498171258,-0.333308963307527
5843,1.6961,-1.05984,4.97905090168129e-06,0.912416143750537,0.555523964080912
5843,1.71433,-1.03008,4.9787010815757e-06,0.912416143751378,-0.555523964158821
5842,1.73205,-1,4.97643899468042e-06,0.910462498170701,0.333308963230334
5842,1.74924,-0.969619,4.9783422860003e-06,0.915346582365767,-0.777752503931841
5841,1.7659,-0.938943,4.97222687887776e-06,0.909485669429766,0.111102085205045
5840,1.78201,-0.907981,4.97611696350926e-06,0.919253778306158,0.99999999995149
5840,1.79759,-0.876742,4.96620197149019e-06,0.909485669429983,-0.111102085301555
5839,1.81262,-0.845237,4.96612904283645e-06,0.915346582364319,0.777752503835052
5839,1.82709,-0.813473,4.95839401777922e-06,0.910462498171384,-0.333308963330046
5838,1.84101,-0.781462,4.95457075307358e-06,0.912416143750258,0.555523964056995
5838,1.85437,-0.749213,4.94893862749863e-06,0.91241614375167,-0.555523964183538
5837,1.86716,-0.716736,4.94161098636389e-06,0.91046249817059,0.333308963203332
5837,1.87939,-0.68404,4.93803248520699e-06,0.915346582366259,-0.777752503962114
5836,1.89104,-0.651136,4.9276121292267e-06,0.909485669429712,0.11110208517308
5835,1.90211,-0.618034,4.92619959040031e-06,0.919253778305505,0.999999999918216
5835,1.91261,-0.584743,4.91345741427385e-06,0.909485669430072,-0.111102085335106
5834,1.92252,-0.551275,4.90978675201153e-06,0.915346582363824,0.777752503801191
5834,1.93185,-0.517638,4.90065725958093e-06,0.910462498171638,-0.333308963364257
5833,1.94059,-0.483844,4.89599575687494e-06,0.912416143749874,0.555523964021932
5833,1.94874,-0.449902,4.89125703351554e-06,0.91241614375206,-0.555523964220175
5832,1.9563,-0.415823,4.88717700036098e-06,0.910462498170272,0.333308963168192
5832,1.96325,-0.381618,4.88780352761604e-06,0.915346582366721,-0.777752503993719
5831,1.96962,-0.347296,4.88615607902198e-06,0.909485669429573,0.111102085145735
5830,1.97538,-0.312869,4.89328867400715e-06,0.919253778305019,0.999999999895301
5830,1.98054,-0.278346,4.89594742532508e-06,0.909485669430095,-0.11110208535852
5829,1.98509,-0.243739,4.90760884398449e-06,0.915346582363408,0.777752503777643
5829,1.98904,-0.209057,4.91889374859327e-06,0.910462498171767,-0.333308963386425
5828,1.99239,-0.174311,4.93584414987967e-06,0.91241614374965,0.555523964001481
5828,1.99513,-0.139513,4.95536784860434e-06,0.912416143752221,-0.555523964238393
5827,1.99726,-0.104672,4.97655527076723e-06,0.910462498170182,0.333308963148836
5827,1.99878,-0.069799,5.00262831530296e-06,0.915346582367075,-0.777752504016468
5826,1.9997,-0.0349048,5.02493170951541e-06,0.909485669429527,0.111102085121839
