origElemNum,globCoord-x,globCoord-y,acouPotentialD1-,locCoord-xi,locCoord-eta
5825,2,-2.20442e-18,0.00716475759403644,0.919253778304535,0.999999999870795
5825,1.9997,0.0349048,0.00658629781643593,0.909485669430051,-0.11110208537854
5824,1.99878,0.069799,0.00600840992184059,0.915346582363134,0.7777525037628
5824,1.99726,0.104672,0.0054287411888986,0.910462498171695,-0.333308963393583
5823,1.99513,0.139513,0.00484873543373535,0.912416143749585,0.555523964001403
5823,1.99239,0.174311,0.00426802851780063,0.912416143752112,-0.555523964232293
5822,1.98904,0.209057,0.00368692267265331,0.910462498170195,0.33330896316169
5822,1.98509,0.243739,0.00310535658625214,0.915346582366752,-0.777752503996411
5821,1.98054,0.278346,0.00252416503260046,0.909485669429537,0.111102085145532
5820,1.97538,0.312869,0.00194190853540748,0.91925377830504,0.999999999897275
5820,1.96962,0.347296,0.00136160641619613,0.909485669429959,-0.111102085350008
5819,1.96325,0.381618,0.000779988947310386,0.915346582363608,0.777752503792493
5819,1.9563,0.415823,0.000200306111803696,0.910462498171543,-0.333308963366333
5818,1.94874,0.449902,-0.00037976291959709,0.912416143749872,0.555523964026318
5818,1.94059,0.483844,-0.000958733516203247,0.912416143751876,-0.555523964209557
5817,1.93185,0.517638,-0.00153635429037622,0.910462498170338,0.333308963182653
5817,1.92252,0.551275,-0.00211451093910234,0.915346582366455,-0.777752503976955
5816,1.91261,0.584743,-0.00268878649142745,0.909485669429567,0.111102085165898
5815,1.90211,0.618034,-0.00326603211704942,0.919253778305533,0.999999999919169
5815,1.89104,0.651136,-0.00383608839767139,0.909485669429933,-0.111102085328256
5814,1.87939,0.68404,-0.00440937257756332,0.915346582363941,0.777752503814277
5814,1.86716,0.716736,-0.0049773005442595,0.910462498171402,-0.333308963343933
5813,1.85437,0.749213,-0.00554572679443554,0.912416143750119,0.555523964050056
5813,1.84101,0.781462,-0.00611138905919868,0.912416143751575,-0.555523964183394
5812,1.82709,0.813473,-0.00667397991421442,0.910462498170486,0.333308963212263
5812,1.81262,0.845237,-0.00723717069092061,0.915346582365915,-0.777752503943209
5811,1.79759,0.876742,-0.0077928625339018,0.909485669429635,0.111102085200681
5810,1.78201,0.907981,-0.00835332354695596,0.919253778306195,0.999999999954235
5810,1.7659,0.938943,-0.00890101778017785,0.909485669429844,-0.111102085292603
5809,1.74924,0.969619,-0.00945365849465696,0.915346582364538,0.777752503850291
5809,1.73205,1,-0.009997101972151,0.910462498171199,-0.333308963308445
5808,1.71433,1.03008,-0.0105408718364548,0.912416143750526,0.555523964084446
5808,1.6961,1.05984,-0.0110798556199162,0.912416143751246,-0.555523964150953
5807,1.67734,1.08928,-0.0116137675662003,0.910462498170725,0.333308963242434
5807,1.65808,1.11839,-0.0121480995951171,0.915346582365508,-0.777752503915519
5806,1.6383,1.14715,-0.0126712023112803,0.909485669429676,0.11110208522853
5805,1.61803,1.17557,-0.0132006867704309,0.919253778306765,0.999999999982884
5805,1.59727,1.20363,-0.013712059663683,0.909485669429817,-0.111102085265541
5804,1.57602,1.23132,-0.0142300055593649,0.9153465823649,0.777752503876539
5804,1.55429,1.25864,-0.0147353004450314,0.910462498170939,-0.333308963279996
5803,1.53209,1.28558,-0.0152408934166543,0.912416143750815,0.555523964114853
5803,1.50942,1.31212,-0.0157400420396366,0.91241614375085,-0.555523964118972
5802,1.48629,1.33826,-0.0162325935261515,0.910462498170897,0.333308963276791
5802,1.46271,1.364,-0.0167255774464584,0.915346582364929,-0.77775250387822
5801,1.43868,1.38932,-0.0172044775629068,0.909485669429954,0.111102085257182
5801,1.41421,1.41421,-0.0176912760460955,0.919253778307104,-0.999999999999994
850,1.38932,1.43868,-0.0181558927090172,0.909485669429991,-0.111102085260227
849,1.364,1.46271,-0.0186285804831828,0.915346582364834,0.777752503871359
849,1.33826,1.48629,-0.0190860348947774,0.910462498171096,-0.333308963290402
848,1.31212,1.50942,-0.0195438500874622,0.912416143750729,0.555523964099008
848,1.28558,1.53209,-0.0199939480486041,0.912416143751184,-0.555523964140596
847,1.25864,1.55429,-0.0204361013258458,0.910462498170846,0.333308963247574
847,1.23132,1.57602,-0.0208786426714928,0.915346582365554,-0.777752503916259
846,1.20363,1.59727,-0.0213044096118099,0.90948566942978,0.111102085221654
845,1.17557,1.61803,-0.0217392352288726,0.919253778306528,0.999999999969813
845,1.14715,1.6383,-0.0221479941310513,0.909485669429915,-0.111102085282135
844,1.11839,1.65808,-0.0225659506606656,0.915346582364625,0.777752503855763
844,1.08928,1.67734,-0.0229661712199448,0.910462498171253,-0.333308963307521
843,1.05984,1.6961,-0.0233666693431143,0.912416143750542,0.555523964080906
843,1.03008,1.71433,-0.0237582134801965,0.912416143751377,-0.555523964158847
842,1,1.73205,-0.0241405677455661,0.910462498170698,0.333308963230309
842,0.969619,1.74924,-0.0245231877279084,0.915346582365766,-0.777752503931825
841,0.938943,1.7659,-0.0248865410500087,0.909485669429764,0.111102085205048
840,0.907981,1.78201,-0.0252598652300642,0.919253778306164,0.99999999995148
840,0.876742,1.79759,-0.0256031872716417,0.909485669429979,-0.11110208530158
839,0.845237,1.81262,-0.0259564383863041,0.91534658236432,0.777752503835068
839,0.813473,1.82709,-0.02628887865863,0.91046249817139,-0.33330896333004
838,0.781462,1.84101,-0.0266208809718635,0.912416143750255,0.555523964056983
838,0.749213,1.85437,-0.0269418793809165,0.912416143751674,-0.555523964183563
837,0.716736,1.86716,-0.0272514441460246,0.910462498170584,0.333308963203304
837,0.68404,1.87939,-0.0275604566376263,0.915346582366261,-0.777752503962098
836,0.651136,1.89104,-0.0278464259526321,0.909485669429719,0.111102085173086
835,0.618034,1.90211,-0.0281429367055052,0.919253778305509,0.999999999918205
835,0.584743,1.91261,-0.0284042054153813,0.909485669430073,-0.111102085335132
834,0.551275,1.92252,-0.028675993921483,0.915346582363819,0.777752503801204
834,0.517638,1.93185,-0.0289232596871689,0.910462498171637,-0.333308963364254
833,0.483844,1.94059,-0.029169303006457,0.912416143749877,0.55552396402192
833,0.449902,1.94874,-0.0294021649780378,0.91241614375206,-0.555523964220202
832,0.415823,1.9563,-0.0296215109863544,0.910462498170279,0.333308963168166
832,0.381618,1.96325,-0.0298396128474239,0.915346582366717,-0.777752503993703
831,0.347296,1.96962,-0.0300313988738293,0.909485669429573,0.111102085145737
830,0.312869,1.97538,-0.0302344318668306,0.919253778305012,0.99999999989529
830,0.278346,1.98054,-0.0303979066394045,0.909485669430091,-0.111102085358547
829,0.243739,1.98509,-0.0305726900386461,0.915346582363415,0.77775250377766
829,0.209057,1.98904,-0.0307201668300334,0.910462498171767,-0.333308963386422
828,0.174311,1.99239,-0.0308661297551082,0.912416143749651,0.55552396400147
828,0.139513,1.99513,-0.0309975312414491,0.912416143752224,-0.555523964238419
827,0.104672,1.99726,-0.0311142633183591,0.910462498170184,0.33330896314881
827,0.069799,1.99878,-0.0312295851188122,0.915346582367074,-0.777752504016452
826,0.0349048,1.9997,-0.0313168419106468,0.909485669429527,0.111102085121841
825,1.27747e-16,2,-0.031416145173928,0.919253778304535,0.999999999870799
825,-0.0349048,1.9997,-0.0314738422271738,0.909485669430051,-0.111102085378537
824,-0.069799,1.99878,-0.0315437412060697,0.915346582363134,0.777752503762801
824,-0.104672,1.99726,-0.0315854465406451,0.910462498171695,-0.333308963393583
823,-0.139513,1.99513,-0.0316260341683945,0.912416143749585,0.555523964001401
823,-0.174311,1.99239,-0.0316520115928136,0.912416143752112,-0.555523964232297
822,-0.209057,1.98904,-0.0316634996276765,0.910462498170195,0.333308963161685
822,-0.243739,1.98509,-0.0316740287927348,0.915346582366744,-0.777752503996403
821,-0.278346,1.98054,-0.0316567262878021,0.909485669429538,0.111102085145537
820,-0.312869,1.97538,-0.0316520877319379,0.919253778305041,0.999999999897278
820,-0.347296,1.96962,-0.0316063770793677,0.90948566942996,-0.111102085350006
819,-0.381618,1.96325,-0.0315734506630795,0.915346582363608,0.777752503792493
819,-0.415823,1.9563,-0.0315131501615387,0.910462498171543,-0.333308963366333
818,-0.449902,1.94874,-0.031452350102609,0.912416143749872,0.555523964026316
818,-0.483844,1.94059,-0.0313777448833054,0.912416143751875,-0.555523964209561
817,-0.517638,1.93185,-0.0312895051495303,0.910462498170336,0.333308963182646
817,-0.551275,1.92252,-0.0312008358495019,0.915346582366457,-0.777752503976948
816,-0.584743,1.91261,-0.0310855969017279,0.909485669429562,0.111102085165907
815,-0.618034,1.90211,-0.0309830578252294,0.919253778305526,0.999999999919175
815,-0.651136,1.89104,-0.0308412515917048,0.909485669429935,-0.111102085328253
814,-0.68404,1.87939,-0.0307121268238945,0.915346582363941,0.777752503814277
814,-0.716736,1.86716,-0.0305570255919925,0.910462498171402,-0.333308963343933
813,-0.749213,1.85437,-0.0304017030718923,0.912416143750117,0.555523964050053
813,-0.781462,1.84101,-0.0302334103041898,0.912416143751584,-0.555523964183396
812,-0.813473,1.82709,-0.0300522634004495,0.910462498170484,0.33330896321226
812,-0.845237,1.81262,-0.0298708336416104,0.91534658236591,-0.7777525039432
811,-0.876742,1.79759,-0.0296642253919529,0.909485669429639,0.111102085200672
810,-0.907981,1.78201,-0.0294696766837878,0.919253778306197,0.999999999954239
810,-0.938943,1.7659,-0.0292379725204374,0.909485669429848,-0.111102085292613
809,-0.969619,1.74924,-0.0290181917772392,0.915346582364533,0.777752503850298
809,-1,1.73205,-0.0287738683407223,0.910462498171205,-0.333308963308436
808,-1.03008,1.71433,-0.028529218917807,0.912416143750522,0.55552396408444
808,-1.05984,1.6961,-0.0282722736309667,0.912416143751243,-0.555523964150944
807,-1.08928,1.67734,-0.0280031428548998,0.910462498170733,0.33330896324243
807,-1.11839,1.65808,-0.027733562653887,0.915346582365511,-0.777752503915504
806,-1.14715,1.6383,-0.02744036588044,0.909485669429678,0.11110208522852
805,-1.17557,1.61803,-0.0271581321500254,0.91925377830677,0.999999999982889
805,-1.20363,1.59727,-0.0268413194286519,0.909485669429819,-0.111102085265551
804,-1.23132,1.57602,-0.0265352898928805,0.915346582364893,0.777752503876544
804,-1.25864,1.55429,-0.0262064709300643,0.910462498170937,-0.333308963279986
803,-1.28558,1.53209,-0.0258771322738863,0.912416143750809,0.555523964114847
803,-1.31212,1.50942,-0.0255363251868744,0.912416143750849,-0.555523964118962
802,-1.33826,1.48629,-0.0251842036016646,0.910462498170897,0.333308963276791
802,-1.364,1.46271,-0.0248314327087733,0.915346582364928,-0.77775250387821
801,-1.38932,1.43868,-0.0244570963972378,0.909485669429954,0.111102085257172
801,-1.41421,1.41421,-0.0240923924552575,0.919253778307104,-0.999999999999994
15850,-1.43868,1.38932,-0.0236964513651397,0.909485669429991,-0.111102085260237
15849,-1.46271,1.364,-0.023309952124161,0.915346582364828,0.777752503871364
15849,-1.48629,1.33826,-0.0229029594391828,0.910462498171103,-0.333308963290387
15848,-1.50942,1.31212,-0.0224953228028166,0.912416143750729,0.555523964099008
15848,-1.53209,1.28558,-0.0220773622243127,0.912416143751185,-0.555523964140586
15847,-1.55429,1.25864,-0.0216492890100041,0.910462498170851,0.333308963247569
15847,-1.57602,1.23132,-0.0212204547170115,0.915346582365555,-0.777752503916249
15846,-1.59727,1.20363,-0.0207726910456816,0.909485669429784,0.111102085221639
15845,-1.61803,1.17557,-0.0203330890960616,0.919253778306531,0.999999999969823
15845,-1.6383,1.14715,-0.0198664257306708,0.909485669429917,-0.111102085282151
15844,-1.65808,1.11839,-0.0194077362485295,0.915346582364627,0.777752503855772
15844,-1.67734,1.08928,-0.0189314469139068,0.910462498171251,-0.333308963307506
15843,-1.6961,1.05984,-0.0184545151808991,0.912416143750542,0.555523964080906
15843,-1.71433,1.03008,-0.0179687695807407,0.912416143751375,-0.555523964158831
15842,-1.73205,1,-0.0174744881523394,0.910462498170697,0.333308963230296
15842,-1.74924,0.969619,-0.0169794696335058,0.915346582365764,-0.777752503931822
15841,-1.7659,0.938943,-0.0164687762629753,0.909485669429762,0.111102085205035
15840,-1.78201,0.907981,-0.0159646815905696,0.919253778306162,0.999999999951483
15840,-1.79759,0.876742,-0.0154385561279047,0.909485669429984,-0.111102085301589
15839,-1.81262,0.845237,-0.0149188512954523,0.915346582364318,0.777752503835071
15839,-1.82709,0.813473,-0.0143850519069083,0.910462498171391,-0.333308963330024
15838,-1.84101,0.781462,-0.0138507564610599,0.912416143750253,0.555523964056986
15838,-1.85437,0.749213,-0.0133095258487361,0.912416143751674,-0.555523964183544
15837,-1.86716,0.716736,-0.0127616857382587,0.910462498170589,0.333308963203294
15837,-1.87939,0.68404,-0.0122132676950182,0.915346582366259,-0.777752503962095
15836,-1.89104,0.651136,-0.0116529474729635,0.909485669429715,0.111102085173074
15835,-1.90211,0.618034,-0.0110975839578059,0.919253778305508,0.999999999918209
15835,-1.91261,0.584743,-0.0105258629682079,0.909485669430068,-0.111102085335144
15834,-1.92252,0.551275,-0.00995890984041895,0.915346582363818,0.777752503801208
15834,-1.93185,0.517638,-0.00938176395994284,0.910462498171639,-0.333308963364235
15833,-1.94059,0.483844,-0.00880431184652707,0.912416143749876,0.555523964021923
15833,-1.94874,0.449902,-0.00822199267907464,0.912416143752063,-0.555523964220183
15832,-1.9563,0.415823,-0.00763514679615037,0.910462498170272,0.333308963168156
15832,-1.96325,0.381618,-0.00704790667475112,0.915346582366716,-0.7777525039937
15831,-1.96962,0.347296,-0.00645278962104971,0.909485669429575,0.111102085145728
15830,-1.97538,0.312869,-0.00586088421035593,0.91925377830502,0.999999999895294
15830,-1.98054,0.278346,-0.00525863892602673,0.909485669430092,-0.111102085358556
15829,-1.98509,0.243739,-0.00465941142237175,0.915346582363415,0.777752503777664
15829,-1.98904,0.209057,-0.00405412256834954,0.910462498171765,-0.333308963386404
15828,-1.99239,0.174311,-0.0034487434963057,0.912416143749651,0.555523964001473
15828,-1.99513,0.139513,-0.00284069824226928,0.912416143752222,-0.5555239642384
15827,-1.99726,0.104672,-0.0022303583471291,0.910462498170184,0.3333089631488
15827,-1.99878,0.069799,-0.00161985005634105,0.915346582367074,-0.777752504016448
15826,-1.9997,0.0349048,-0.00100575703420097,0.909485669429527,0.111102085121831
15825,-2,2.46315e-16,-0.000393084184136317,0.919253778304535,0.999999999870803
15825,-1.9997,-0.0349048,0.000223542207211271,0.909485669430051,-0.111102085378547
15824,-1.99878,-0.069799,0.000838937576956709,0.915346582363134,0.777752503762804
15824,-1.99726,-0.104672,0.00145601261526238,0.910462498171696,-0.333308963393566
15823,-1.99513,-0.139513,0.00207290556168595,0.912416143749586,0.555523964001405
15823,-1.99239,-0.174311,0.0026901242711071,0.912416143752114,-0.555523964232279
15822,-1.98904,-0.209057,0.00330728907577097,0.910462498170195,0.333308963161688
15822,-1.98509,-0.243739,0.00392435010633425,0.915346582366744,-0.7777525039964
15821,-1.98054,-0.278346,0.00454056579593351,0.909485669429545,0.111102085145526
15820,-1.97538,-0.312869,0.00515717219685026,0.919253778305042,0.999999999897283
15820,-1.96962,-0.347296,0.00577122661977895,0.909485669429957,-0.111102085350017
15819,-1.96325,-0.381618,0.00638586894020029,0.915346582363609,0.777752503792499
15819,-1.9563,-0.415823,0.00699777862277929,0.910462498171549,-0.333308963366345
15818,-1.94874,-0.449902,0.0076092579674023,0.912416143749872,0.555523964026319
15818,-1.94059,-0.483844,0.00821874334727471,0.91241614375188,-0.555523964209544
15817,-1.93185,-0.517638,0.00882586953338184,0.910462498170337,0.33330896318265
15817,-1.92252,-0.551275,0.00943265349237011,0.915346582366458,-0.777752503976945
15816,-1.91261,-0.584743,0.0100342466073418,0.909485669429567,0.111102085165898
15815,-1.90211,-0.618034,0.0106380565694076,0.919253778305528,0.999999999919178
15815,-1.89104,-0.651136,0.0112329439147839,0.90948566942994,-0.111102085328262
15814,-1.87939,-0.68404,0.0118302469401044,0.915346582363942,0.77775250381428
15814,-1.86716,-0.716736,0.0124205206720057,0.910462498171397,-0.333308963343943
15813,-1.85437,-0.749213,0.0130101515058186,0.912416143750119,0.555523964050056
15813,-1.84101,-0.781462,0.0135955465181401,0.912416143751582,-0.555523964183381
15812,-1.82709,-0.813473,0.0141763497985771,0.910462498170486,0.333308963212263
15812,-1.81262,-0.845237,0.0147565998914437,0.915346582365912,-0.777752503943197
15811,-1.79759,-0.876742,0.015327436077157,0.909485669429641,0.111102085200675
15810,-1.78201,-0.907981,0.0159022835951434,0.919253778306197,0.999999999954239
15810,-1.7659,-0.938943,0.0164620424221981,0.90948566942985,-0.11110208529261
15809,-1.74924,-0.969619,0.0170260159304146,0.915346582364535,0.777752503850301
15809,-1.73205,-1,0.0175788446358492,0.9104624981712,-0.333308963308458
15808,-1.71433,-1.03008,0.0181308745512894,0.912416143750526,0.555523964084446
15808,-1.6961,-1.05984,0.0186765703521994,0.912416143751243,-0.555523964150944
15807,-1.67734,-1.08928,0.0192156312128294,0.910462498170725,0.333308963242434
15807,-1.65808,-1.11839,0.0197540123589467,0.915346582365503,-0.7777525039155
15806,-1.6383,-1.14715,0.0202791240814203,0.90948566942967,0.111102085228524
15805,-1.61803,-1.17557,0.020810026728748,0.919253778306763,0.999999999982893
15805,-1.59727,-1.20363,0.0213202589337372,0.909485669429812,-0.111102085265547
15804,-1.57602,-1.23132,0.021836513930133,0.915346582364898,0.777752503876549
15804,-1.55429,-1.25864,0.0223380118552039,0.910462498170935,-0.333308963280012
15803,-1.53209,-1.28558,0.0228387449848729,0.912416143750815,0.555523964114853
15803,-1.50942,-1.31212,0.0233314162113418,0.912416143750855,-0.555523964118957
15802,-1.48629,-1.33826,0.0238157949867407,0.910462498170897,0.333308963276791
15802,-1.46271,-1.364,0.0242995650785308,0.915346582364928,-0.77775250387821
15801,-1.43868,-1.38932,0.0247668010218383,0.909485669429954,0.111102085257172
15801,-1.41421,-1.41421,0.025241610055415,0.919253778307098,-0.999999999999989
10084,-1.38932,-1.43868,0.0256909533586486,-0.909485669429983,0.111102085260242
10184,-1.364,-1.46271,0.02614811816557,-0.915346582364814,-0.777752503871363
10184,-1.33826,-1.48629,0.0265874916385622,-0.910462498171062,0.333308963290425
10284,-1.31212,-1.50942,0.0270263067022961,-0.912416143750702,-0.555523964098991
10284,-1.28558,-1.53209,0.0274557002083619,-0.912416143751175,0.55552396414059
10384,-1.25864,-1.55429,0.0278754915433903,-0.910462498170858,-0.333308963247603
10384,-1.23132,-1.57602,0.0282948997458136,-0.915346582365569,0.777752503916277
10484,-1.20363,-1.59727,0.0286950240537391,-0.909485669429755,-0.111102085221656
10584,-1.17557,-1.61803,0.0291044453934591,-0.919253778306467,-0.999999999969833
10584,-1.14715,-1.6383,0.029484283758629,-0.909485669429891,0.111102085282108
10684,-1.11839,-1.65808,0.0298736573888987,-0.915346582364624,-0.777752503855743
10684,-1.08928,-1.67734,0.0302426660478901,-0.910462498171255,0.333308963307532
10784,-1.05984,-1.6961,0.0306113923247232,-0.912416143750544,-0.555523964080908
10784,-1.03008,-1.71433,0.030969585717335,-0.912416143751393,0.555523964158839
10884,-1,-1.73205,0.0313170853189785,-0.910462498170715,-0.333308963230315
10884,-0.969619,-1.74924,0.0316644630509553,-0.915346582365772,0.777752503931858
10984,-0.938943,-1.7659,0.0319901687091811,-0.909485669429763,-0.111102085205032
11084,-0.907981,-1.78201,0.0323267147254011,-0.919253778306154,-0.99999999995149
11084,-0.876742,-1.79759,0.0326300700104352,-0.909485669429981,0.111102085301552
11184,-0.845237,-1.81262,0.0329444505128123,-0.915346582364332,-0.777752503835052
11184,-0.813473,-1.82709,0.03323619110415,-0.910462498171421,0.333308963330044
11284,-0.781462,-1.84101,0.0335278282104304,-0.912416143750289,-0.555523964056998
11284,-0.749213,-1.85437,0.0338078946276253,-0.912416143751684,0.555523964183542
11384,-0.716736,-1.86716,0.0340762055001215,-0.910462498170579,-0.333308963203316
11384,-0.68404,-1.87939,0.0343444995031469,-0.915346582366256,0.777752503962127
11484,-0.651136,-1.89104,0.0345888848618573,-0.9094856694297,-0.111102085173069
11584,-0.618034,-1.90211,0.0348452544705092,-0.919253778305473,-0.9999999999182
11584,-0.584743,-1.91261,0.0350650999812759,-0.909485669430035,0.111102085335111
11684,-0.551275,-1.92252,0.0352969934990792,-0.915346582363772,-0.777752503801188
11684,-0.517638,-1.93185,0.0355040329630509,-0.910462498171642,0.333308963364261
11784,-0.483844,-1.94059,0.0357108095729956,-0.912416143749915,-0.555523964021929
11784,-0.449902,-1.94874,0.0359048224118393,-0.912416143752077,0.555523964220183
11884,-0.415823,-1.9563,0.0360858551726765,-0.910462498170266,-0.33330896316818
11884,-0.381618,-1.96325,0.0362665929853842,-0.915346582366712,0.777752503993725
11984,-0.347296,-1.96962,0.0364212912067235,-0.909485669429565,-0.111102085145729
12084,-0.312869,-1.97538,0.0365884818799617,-0.919253778305011,-0.999999999895287
12084,-0.278346,-1.98054,0.0367163089062222,-0.909485669430107,0.111102085358526
12184,-0.243739,-1.98509,0.0368565919548298,-0.915346582363447,-0.777752503777644
12184,-0.209057,-1.98904,0.036970162084503,-0.910462498171781,0.333308963386432
12284,-0.174311,-1.99239,0.0370830831357383,-0.912416143749663,-0.555523964001473
12284,-0.139513,-1.99513,0.0371821997151849,-0.912416143752267,0.555523964238395
12384,-0.104672,-1.99726,0.0372674076177262,-0.910462498170238,-0.333308963148834
12384,-0.069799,-1.99878,0.0373518951595854,-0.915346582367131,0.777752504016471
12484,-0.0349048,-1.9997,0.0374091551704271,-0.909485669429557,-0.111102085121833
12584,-4.35203e-16,-2,0.037478869407085,-0.919253778304537,-0.999999999870803
12584,0.0349048,-1.9997,0.0375080711394483,-0.909485669430058,0.111102085378513
12684,0.069799,-1.99878,0.0375496937372218,-0.915346582363139,-0.777752503762792
12684,0.104672,-1.99726,0.0375640751588544,-0.9104624981717,0.333308963393593
12784,0.139513,-1.99513,0.0375776621330255,-0.912416143749591,-0.555523964001403
12784,0.174311,-1.99239,0.0375772717079118,-0.912416143752134,0.555523964232273
12884,0.209057,-1.98904,0.037563011944915,-0.91046249817019,-0.333308963161724
12884,0.243739,-1.98509,0.0375479490930609,-0.915346582366752,0.777752503996427
12984,0.278346,-1.98054,0.0375061592632789,-0.909485669429543,-0.111102085145531
13084,0.312869,-1.97538,0.0374765745886893,-0.919253778305079,-0.999999999897294
13084,0.347296,-1.96962,0.0374076854944792,-0.909485669429971,0.111102085349981
13184,0.381618,-1.96325,0.0373510323601263,-0.915346582363621,-0.777752503792476
13184,0.415823,-1.9563,0.0372683076359528,-0.910462498171561,0.33330896336634
13284,0.449902,-1.94874,0.0371851183616337,-0.912416143749886,-0.555523964026324
13284,0.483844,-1.94059,0.0370888345969554,-0.912416143751904,0.555523964209538
13384,0.517638,-1.93185,0.0369796841448127,-0.910462498170363,-0.333308963182687
13384,0.551275,-1.92252,0.036870116322216,-0.915346582366464,0.777752503976962
13484,0.584743,-1.91261,0.0367355904711373,-0.909485669429569,-0.111102085165906
13584,0.618034,-1.90211,0.0366129993644689,-0.919253778305519,-0.999999999919186
13584,0.651136,-1.89104,0.0364536661348726,-0.909485669429928,0.111102085328226
13684,0.68404,-1.87939,0.0363062705985499,-0.915346582363942,-0.777752503814258
13684,0.716736,-1.86716,0.0361346840250944,-0.910462498171394,0.333308963343945
13784,0.749213,-1.85437,0.0359630138917084,-0.912416143750121,-0.555523964050058
13784,0.781462,-1.84101,0.035779378029291,-0.91241614375158,0.555523964183364
13884,0.813473,-1.82709,0.0355839586711492,-0.91046249817049,-0.333308963212306
13884,0.845237,-1.81262,0.0353884637229048,-0.915346582365913,0.777752503943214
13984,0.876742,-1.79759,0.0351698327436406,-0.909485669429626,-0.1111020852007
14084,0.907981,-1.78201,0.0349626665984012,-0.919253778306215,-0.999999999954254
14084,0.938943,-1.7659,0.0347213768571949,-0.909485669429858,0.111102085292581
14184,0.969619,-1.74924,0.0344915055524168,-0.915346582364524,-0.777752503850263
14184,1,-1.73205,0.034239299648539,-0.910462498171194,0.333308963308465
14284,1.03008,-1.71433,0.0339872238044808,-0.91241614375052,-0.55552396408445
14284,1.05984,-1.6961,0.0337242077635151,-0.912416143751235,0.55552396415093
14384,1.08928,-1.67734,0.033450351192564,-0.910462498170724,-0.333308963242461
14384,1.11839,-1.65808,0.0331765480798479,-0.915346582365498,0.777752503915531
14484,1.14715,-1.6383,0.0328812448887272,-0.909485669429676,-0.111102085228531
14584,1.17557,-1.61803,0.032596596335564,-0.919253778306762,-0.999999999982903
14584,1.20363,-1.59727,0.0322801401968393,-0.909485669429825,0.1111020852655
14684,1.23132,-1.57602,0.0319741537609676,-0.91534658236492,-0.777752503876537
14684,1.25864,-1.55429,0.0316472824644922,-0.910462498170955,0.333308963280004
14784,1.28558,-1.53209,0.0313203296344169,-0.912416143750819,-0.555523964114867
14784,1.31212,-1.50942,0.0309830654447579,-0.912416143750872,0.555523964118932
14884,1.33826,-1.48629,0.0306356730887333,-0.910462498170903,-0.333308963276861
14884,1.364,-1.46271,0.0302881160110808,-0.915346582364901,0.777752503878194
14984,1.38932,-1.43868,0.0299209594770204,-0.909485669429939,-0.111102085257194
14984,1.41421,-1.41421,0.0295632600747606,-0.919253778307102,0.999999999999985
5850,1.43868,-1.38932,0.029177086199804,0.909485669429985,-0.111102085260202
5849,1.46271,-1.364,0.028800223562987,0.915346582364833,0.777752503871339
5849,1.48629,-1.33826,0.028404935082009,0.910462498171102,-0.333308963290407
5848,1.50942,-1.31212,0.0280096072335723,0.91241614375073,0.555523964099018
5848,1.53209,-1.28558,0.0276052825217959,0.912416143751186,-0.555523964140576
5847,1.55429,-1.25864,0.0271921343725743,0.91046249817085,0.333308963247604
5847,1.57602,-1.23132,0.0267788062699728,0.91534658236556,-0.777752503916265
5846,1.59727,-1.20363,0.0263484755534212,0.909485669429786,0.111102085221649
5845,1.61803,-1.17557,0.0259261669236512,0.919253778306525,0.999999999969829
5845,1.6383,-1.14715,0.0254793380737033,0.909485669429914,-0.11110208528211
5844,1.65808,-1.11839,0.025040318696053,0.915346582364627,0.777752503855747
5844,1.67734,-1.08928,0.0245855297132091,0.910462498171258,-0.333308963307527
5843,1.6961,-1.05984,0.0241305901357106,0.912416143750537,0.555523964080912
5843,1.71433,-1.03008,0.0236679876666856,0.912416143751378,-0.555523964158821
5842,1.73205,-1,0.0231980027879853,0.910462498170701,0.333308963230334
5842,1.74924,-0.969619,0.0227277593981528,0.915346582365767,-0.777752503931841
5841,1.7659,-0.938943,0.0222436581977641,0.909485669429766,0.111102085205045
5840,1.78201,-0.907981,0.0217659556918355,0.919253778306158,0.99999999995149
5840,1.79759,-0.876742,0.0212686850560787,0.909485669429983,-0.111102085301555
5839,1.81262,-0.845237,0.0207776126008552,0.915346582364319,0.777752503835052
5839,1.82709,-0.813473,0.0202741964469285,0.910462498171384,-0.333308963330046
5838,1.84101,-0.781462,0.0197706880000109,0.912416143750258,0.555523964056995
5838,1.85437,-0.749213,0.0192612890589441,0.91241614375167,-0.555523964183538
5837,1.86716,-0.716736,0.0187462776883465,0.91046249817059,0.333308963203332
5837,1.87939,-0.68404,0.0182310430288795,0.915346582366259,-0.777752503962114
5836,1.89104,-0.651136,0.0177054300637207,0.909485669429712,0.11110208517308
5835,1.90211,-0.618034,0.0171844622808787,0.919253778305505,0.999999999918216
5835,1.91261,-0.584743,0.0166490764219496,0.909485669430072,-0.111102085335106
5834,1.92252,-0.551275,0.0161180607677436,0.915346582363824,0.777752503801191
5834,1.93185,-0.517638,0.0155780316832133,0.910462498171638,-0.333308963364257
5833,1.94059,-0.483844,0.0150377353801495,0.912416143749874,0.555523964021932
5833,1.94874,-0.449902,0.0144930860171097,0.91241614375206,-0.555523964220175
5832,1.9563,-0.415823,0.0139443115590509,0.910462498170272,0.333308963168192
5832,1.96325,-0.381618,0.0133950940523807,0.915346582366721,-0.777752503993719
5831,1.96962,-0.347296,0.0128386972397092,0.909485669429573,0.111102085145735
5830,1.97538,-0.312869,0.0122849884431673,0.919253778305019,0.999999999895301
5830,1.98054,-0.278346,0.0117218704933102,0.909485669430095,-0.11110208535852
5829,1.98509,-0.243739,0.0111611899047575,0.915346582363408,0.777752503777643
5829,1.98904,-0.209057,0.0105948835550649,0.910462498171767,-0.333308963386425
5828,1.99239,-0.174311,0.0100282038334802,0.91241614374965,0.555523964001481
5828,1.99513,-0.139513,0.00945888069619467,0.912416143752221,-0.555523964238393
5827,1.99726,-0.104672,0.008887231142567,0.910462498170182,0.333308963148836
5827,1.99878,-0.069799,0.00831508970033251,0.915346582367075,-0.777752504016468
5826,1.9997,-0.0349048,0.00773952121188731,0.909485669429527,0.111102085121839
