origElemNum,globCoord-x,globCoord-y,acouIntensity-x,acouIntensity-y,locCoord-xi,locCoord-eta
5825,2,-2.20442e-18,5.59886055723064e-10,9.37751331657857e-09,0.919253778304535,0.999999999870795
5825,1.9997,0.0349048,1.41159939611101e-10,8.14002585004044e-09,0.909485669430051,-0.11110208537854
5824,1.99878,0.069799,-1.73223166237397e-10,6.89951206305732e-09,0.915346582363134,0.7777525037628
5824,1.99726,0.104672,-3.82138388182637e-10,5.65202285259762e-09,0.910462498171695,-0.333308963393583
5823,1.99513,0.139513,-4.85668203429831e-10,4.4010759231198e-09,0.912416143749585,0.555523964001403
5823,1.99239,0.174311,-4.85056415667435e-10,3.16301256366753e-09,0.912416143752112,-0.555523964232293
5822,1.98904,0.209057,-3.7984976289998e-10,1.92772876020437e-09,0.910462498170195,0.33330896316169
5822,1.98509,0.243739,-1.72954751446884e-10,7.17858052278805e-10,0.915346582366752,-0.777752503996411
5821,1.98054,0.278346,1.36615998839153e-10,-4.77184058792042e-10,0.909485669429537,0.111102085145532
5820,1.97538,0.312869,5.41898905562534e-10,-1.6277732279048e-09,0.91925377830504,0.999999999897275
5820,1.96962,0.347296,1.05177567884644e-09,-2.77261789580402e-09,0.909485669429959,-0.111102085350008
5819,1.96325,0.381618,1.64741461193648e-09,-3.84042981878191e-09,0.915346582363608,0.777752503792493
5819,1.9563,0.415823,2.34980020165494e-09,-4.91986084000409e-09,0.910462498171543,-0.333308963366333
5818,1.94874,0.449902,3.12606405284999e-09,-5.88359267635654e-09,0.912416143749872,0.555523964026318
5818,1.94059,0.483844,4.01125505161081e-09,-6.88252137983971e-09,0.912416143751876,-0.555523964209557
5817,1.93185,0.517638,4.95696754592129e-09,-7.72192535232777e-09,0.910462498170338,0.333308963182653
5817,1.92252,0.551275,6.01322083958147e-09,-8.62645293746907e-09,0.915346582366455,-0.777752503976955
5816,1.91261,0.584743,7.11571815945665e-09,-9.32222964459276e-09,0.909485669429567,0.111102085165898
5815,1.90211,0.618034,8.25420173472026e-09,-9.88867516688707e-09,0.919253778305533,0.999999999919169
5815,1.89104,0.651136,9.57431696052002e-09,-1.06535384410159e-08,0.909485669429933,-0.111102085328256
5814,1.87939,0.68404,1.08378003921901e-08,-1.10441480313366e-08,0.915346582363941,0.777752503814277
5814,1.86716,0.716736,1.23011202815598e-08,-1.16874046378256e-08,0.910462498171402,-0.333308963343933
5813,1.85437,0.749213,1.3671961784908e-08,-1.18864296458127e-08,0.912416143750119,0.555523964050056
5813,1.84101,0.781462,1.52608891906562e-08,-1.23983853929517e-08,0.912416143751575,-0.555523964183394
5812,1.82709,0.813473,1.6719906756115e-08,-1.23916713397714e-08,0.910462498170486,0.333308963212263
5812,1.81262,0.845237,1.84150466933437e-08,-1.2764651951812e-08,0.915346582365915,-0.777752503943209
5811,1.79759,0.876742,1.99417249591146e-08,-1.25399599609052e-08,0.909485669429635,0.111102085200681
5810,1.78201,0.907981,2.14022285933816e-08,-1.21406460637019e-08,0.919253778306195,0.999999999954235
5810,1.7659,0.938943,2.32949236649382e-08,-1.23157844098115e-08,0.909485669429844,-0.111102085292603
5809,1.74924,0.969619,2.4777566649154e-08,-1.16848012211567e-08,0.915346582364538,0.777752503850291
5809,1.73205,1,2.6735010089763e-08,-1.17083857539767e-08,0.910462498171199,-0.333308963308445
5808,1.71433,1.03008,2.82167128967959e-08,-1.08402134507317e-08,0.912416143750526,0.555523964084446
5808,1.6961,1.05984,3.0216117516898e-08,-1.07120459526946e-08,0.912416143751246,-0.555523964150953
5807,1.67734,1.08928,3.16735592614454e-08,-9.60366693834638e-09,0.910462498170725,0.333308963242434
5807,1.65808,1.11839,3.36917111084487e-08,-9.32626552641461e-09,0.915346582365508,-0.777752503915519
5806,1.6383,1.14715,3.51016673053071e-08,-7.97717061822272e-09,0.909485669429676,0.11110208522853
5805,1.61803,1.17557,3.6324902965556e-08,-6.46787092200916e-09,0.919253778306765,0.999999999982884
5805,1.59727,1.20363,3.84549064602039e-08,-5.96785934294274e-09,0.909485669429817,-0.111102085265541
5804,1.57602,1.23132,3.95834512475137e-08,-4.22847631103632e-09,0.9153465823649,0.777752503876539
5804,1.55429,1.25864,4.16879711625634e-08,-3.58786263900457e-09,0.910462498170939,-0.333308963279996
5803,1.53209,1.28558,4.2699965503113e-08,-1.62486392276046e-09,0.912416143750815,0.555523964114853
5803,1.50942,1.31212,4.47569022871436e-08,-8.54222306190459e-10,0.91241614375085,-0.555523964118972
5802,1.48629,1.33826,4.5631491796483e-08,1.32364760330901e-09,0.910462498170897,0.333308963276791
5802,1.46271,1.364,4.76196972242084e-08,2.21126489592841e-09,0.915346582364929,-0.77775250387822
5801,1.43868,1.38932,4.8337277511217e-08,4.59313229881422e-09,0.909485669429954,0.111102085257182
5801,1.41421,1.41421,5.02368721923138e-08,5.58235693529494e-09,0.919253778307104,-0.999999999999994
850,1.38932,1.43868,5.07792507049785e-08,8.15540059356971e-09,0.909485669429991,-0.111102085260227
849,1.364,1.46271,5.10085705831605e-08,1.07924341864891e-08,0.915346582364834,0.777752503871359
849,1.33826,1.48629,5.2922452638135e-08,1.197831777008e-08,0.910462498171096,-0.333308963290402
848,1.31212,1.50942,5.29427303176187e-08,1.4770516330618e-08,0.912416143750729,0.555523964099008
848,1.28558,1.53209,5.47354920759924e-08,1.60261611828425e-08,0.912416143751184,-0.555523964140596
847,1.25864,1.55429,5.4533582623216e-08,1.89557065170551e-08,0.910462498170846,0.333308963247574
847,1.23132,1.57602,5.61909653979491e-08,2.02600863073025e-08,0.915346582365554,-0.777752503916259
846,1.20363,1.59727,5.57557085397601e-08,2.33079353600054e-08,0.90948566942978,0.111102085221654
845,1.17557,1.61803,5.49605622635744e-08,2.63134077520579e-08,0.919253778306528,0.999999999969813
845,1.14715,1.6383,5.6587942294855e-08,2.7784669811717e-08,0.909485669429915,-0.111102085282135
844,1.11839,1.65808,5.55416754856532e-08,3.08616911785096e-08,0.915346582364625,0.777752503855763
844,1.08928,1.67734,5.70137169408104e-08,3.2341259660498e-08,0.910462498171253,-0.333308963307521
843,1.05984,1.6961,5.57117111843514e-08,3.54679352703716e-08,0.912416143750542,0.555523964080906
843,1.03008,1.71433,5.70214891117594e-08,3.69315274806295e-08,0.912416143751377,-0.555523964158847
842,1,1.73205,5.54616041196531e-08,4.00855921260136e-08,0.910462498170698,0.333308963230309
842,0.969619,1.74924,5.66049066566339e-08,4.15085487208084e-08,0.915346582365766,-0.777752503931825
841,0.938943,1.7659,5.47873447381006e-08,4.46677098677651e-08,0.909485669429764,0.111102085205048
840,0.907981,1.78201,5.26063743831497e-08,4.76335285558727e-08,0.919253778306164,0.99999999995148
840,0.876742,1.79759,5.36899362963127e-08,4.91673937933589e-08,0.909485669429979,-0.11110208530158
839,0.845237,1.81262,5.12577666129251e-08,5.2088212617914e-08,0.91534658236432,0.777752503835068
839,0.813473,1.82709,5.21755317055562e-08,5.35382599266345e-08,0.91046249817139,-0.33330896333004
838,0.781462,1.84101,4.94995052917583e-08,5.63926354899138e-08,0.912416143750255,0.555523964056983
838,0.749213,1.85437,5.02555602163319e-08,5.77351936274795e-08,0.912416143751674,-0.555523964183563
837,0.716736,1.86716,4.73452854085827e-08,6.05027104009077e-08,0.910462498170584,0.333308963203304
837,0.68404,1.87939,4.79464020070331e-08,6.17151857544373e-08,0.915346582366261,-0.777752503962098
836,0.651136,1.89104,4.48133101227262e-08,6.4376677631123e-08,0.909485669429719,0.111102085173086
835,0.618034,1.90211,4.13810464796278e-08,6.67009407171856e-08,0.919253778305509,0.999999999918205
835,0.584743,1.91261,4.19260477385684e-08,6.79752493872108e-08,0.909485669430073,-0.111102085335132
834,0.551275,1.92252,3.82999180609176e-08,7.01525590312964e-08,0.915346582363819,0.777752503801204
834,0.517638,1.93185,3.87103002867963e-08,7.12620478421853e-08,0.910462498171637,-0.333308963364254
833,0.483844,1.94059,3.49074630808284e-08,7.32773836282567e-08,0.912416143749877,0.55552396402192
833,0.449902,1.94874,3.51969420563175e-08,7.42044581625804e-08,0.91241614375206,-0.555523964220202
832,0.415823,1.9563,3.12358798478423e-08,7.60448941562713e-08,0.910462498170279,0.333308963168166
832,0.381618,1.96325,3.14201207179788e-08,7.67742165922734e-08,0.915346582366717,-0.777752503993703
831,0.347296,1.96962,2.73201527270545e-08,7.84289007282302e-08,0.909485669429573,0.111102085145737
830,0.312869,1.97538,2.30426457552587e-08,7.964021045347e-08,0.919253778305012,0.99999999989529
830,0.278346,1.98054,2.3197689422924e-08,8.04075090400193e-08,0.909485669430091,-0.111102085358547
829,0.243739,1.98509,1.88249681957031e-08,8.14111914258236e-08,0.915346582363415,0.77775250377766
829,0.209057,1.98904,1.89079874966471e-08,8.19633940384993e-08,0.910462498171767,-0.333308963386422
828,0.174311,1.99239,1.44615383043639e-08,8.27547870074076e-08,0.912416143749651,0.55552396400147
828,0.139513,1.99513,1.44919609025668e-08,8.30840723476351e-08,0.912416143752224,-0.555523964238419
827,0.104672,1.99726,9.99321977455829e-09,8.36606102171651e-08,0.910462498170184,0.33330896314881
827,0.069799,1.99878,9.99123322790448e-09,8.37618013540854e-08,0.915346582367074,-0.777752504016452
826,0.0349048,1.9997,5.46151691785984e-09,8.41228345428849e-08,0.909485669429527,0.111102085121841
825,1.27747e-16,2,9.08331162546096e-10,8.39934468979676e-08,0.919253778304535,0.999999999870799
825,-0.0349048,1.9997,9.08286312137968e-10,8.41402789712367e-08,0.909485669430051,-0.111102085378537
824,-0.069799,1.99878,-3.62849770644495e-09,8.37957643537335e-08,0.915346582363134,0.777752503762801
824,-0.104672,1.99726,-3.62486056552222e-09,8.37166216133801e-08,0.910462498171695,-0.333308963393583
823,-0.139513,1.99513,-8.12492554496971e-09,8.316250675184e-08,0.912416143749585,0.555523964001401
823,-0.174311,1.99239,-8.09737780084838e-09,8.28602409916203e-08,0.912416143752112,-0.555523964232297
822,-0.209057,1.98904,-1.2541600058232e-08,8.21036784001374e-08,0.910462498170195,0.333308963161685
822,-0.243739,1.98509,-1.24703479829051e-08,8.15836629469569e-08,0.915346582366744,-0.777752503996403
821,-0.278346,1.98054,-1.68406932076151e-08,8.0633123834219e-08,0.909485669429538,0.111102085145537
820,-0.312869,1.97538,-2.10768198363744e-08,7.92109790162342e-08,0.919253778305041,0.999999999897278
820,-0.347296,1.96962,-2.09860523763607e-08,7.87683965167071e-08,0.90948566942996,-0.111102085350006
819,-0.381618,1.96325,-2.51082899555178e-08,7.71725015053398e-08,0.915346582363608,0.777752503792493
819,-0.415823,1.9563,-2.4943721361411e-08,7.65306764254251e-08,0.910462498171543,-0.333308963366333
818,-0.449902,1.94874,-2.89375015345873e-08,7.47736483725669e-08,0.912416143749872,0.555523964026316
818,-0.483844,1.94059,-2.86824365128924e-08,7.39442920930818e-08,0.912416143751875,-0.555523964209561
817,-0.517638,1.93185,-3.25345756119196e-08,7.20394943884305e-08,0.910462498170336,0.333308963182646
817,-0.551275,1.92252,-3.21736838436893e-08,7.10362662455656e-08,0.915346582366457,-0.777752503976948
816,-0.584743,1.91261,-3.58721846913654e-08,6.89978386973713e-08,0.909485669429562,0.111102085165907
815,-0.618034,1.90211,-3.93021253428674e-08,6.65657569565536e-08,0.919253778305526,0.999999999919175
815,-0.651136,1.89104,-3.89260839146973e-08,6.56791746599384e-08,0.909485669429935,-0.111102085328253
814,-0.68404,1.87939,-4.2176085444057e-08,6.31475745977141e-08,0.915346582363941,0.777752503814277
814,-0.716736,1.86716,-4.1675697626273e-08,6.21160996795183e-08,0.910462498171402,-0.333308963343933
813,-0.749213,1.85437,-4.47389385395916e-08,5.95010609439226e-08,0.912416143750117,0.555523964050053
813,-0.781462,1.84101,-4.41040765287493e-08,5.8342491012372e-08,0.912416143751584,-0.555523964183396
812,-0.813473,1.82709,-4.69750402789624e-08,5.56600190534059e-08,0.910462498170484,0.33330896321226
812,-0.845237,1.81262,-4.61975287905648e-08,5.43932414186188e-08,0.91534658236591,-0.7777525039432
811,-0.876742,1.79759,-4.88719137860543e-08,5.16594176645044e-08,0.909485669429639,0.111102085200672
810,-0.907981,1.78201,-5.11883249412076e-08,4.8652112723845e-08,0.919253778306197,0.999999999954239
810,-0.938943,1.7659,-5.04207394212673e-08,4.75351262878231e-08,0.909485669429848,-0.111102085292613
809,-0.969619,1.74924,-5.25317531381927e-08,4.45161872235098e-08,0.915346582364533,0.777752503850298
809,-1,1.73205,-5.16164672068517e-08,4.33232254462254e-08,0.910462498171205,-0.333308963308436
808,-1.03008,1.71433,-5.35226804193895e-08,4.03082642284035e-08,0.912416143750522,0.55552396408444
808,-1.05984,1.6961,-5.24574849828894e-08,3.90595359273293e-08,0.912416143751243,-0.555523964150944
807,-1.08928,1.67734,-5.41605538874822e-08,3.60636420727318e-08,0.910462498170733,0.33330896324243
807,-1.11839,1.65808,-5.2945409910894e-08,3.4779544816965e-08,0.915346582365511,-0.777752503915504
806,-1.14715,1.6383,-5.44480931034212e-08,3.18173569585035e-08,0.909485669429678,0.11110208522852
805,-1.17557,1.61803,-5.55591760809247e-08,2.87208155980857e-08,0.91925377830677,0.999999999982889
805,-1.20363,1.59727,-5.43914632421602e-08,2.76038201743399e-08,0.909485669429819,-0.111102085265551
804,-1.23132,1.57602,-5.53101745709033e-08,2.4578936964746e-08,0.915346582364893,0.777752503876544
804,-1.25864,1.55429,-5.4000152747483e-08,2.34562541774237e-08,0.910462498170937,-0.333308963279986
803,-1.28558,1.53209,-5.47332168791914e-08,2.05155666021762e-08,0.912416143750809,0.555523964114847
803,-1.31212,1.50942,-5.32865709269694e-08,1.9406350791232e-08,0.912416143750849,-0.555523964118962
802,-1.33826,1.48629,-5.38414261332094e-08,1.65615474579498e-08,0.910462498170897,0.333308963276791
802,-1.364,1.46271,-5.22658033826721e-08,1.54842222381171e-08,0.915346582364928,-0.77775250387821
801,-1.38932,1.43868,-5.26506484839343e-08,1.27461821238608e-08,0.909485669429954,0.111102085257172
801,-1.41421,1.41421,-5.09555858913565e-08,1.17182471835522e-08,0.919253778307104,-0.999999999999994
15850,-1.43868,1.38932,-5.11794084868575e-08,9.09693009369901e-09,0.909485669429991,-0.111102085260237
15849,-1.46271,1.364,-5.10470140620705e-08,6.49490885988051e-09,0.915346582364828,0.777752503871364
15849,-1.48629,1.33826,-4.94486569190286e-08,5.63911184857943e-09,0.910462498171103,-0.333308963290387
15848,-1.50942,1.31212,-4.91788213170122e-08,3.18182073801643e-09,0.912416143750729,0.555523964099008
15848,-1.53209,1.28558,-4.74815029614613e-08,2.39571917785694e-09,0.912416143751185,-0.555523964140586
15847,-1.55429,1.25864,-4.70855503754822e-08,9.00165073636554e-11,0.910462498170851,0.333308963247569
15847,-1.57602,1.23132,-4.53029998881334e-08,-6.12758707190669e-10,0.915346582365555,-0.777752503916249
15846,-1.59727,1.20363,-4.47927174854523e-08,-2.76112113139417e-09,0.909485669429784,0.111102085221639
15845,-1.61803,1.17557,-4.39830780954662e-08,-4.80442662960636e-09,0.919253778306531,0.999999999969823
15845,-1.6383,1.14715,-4.23273712924631e-08,-5.35501091685384e-09,0.909485669429917,-0.111102085282151
15844,-1.65808,1.11839,-4.14344369656773e-08,-7.22346806156638e-09,0.915346582364627,0.777752503855772
15844,-1.67734,1.08928,-3.97176886298263e-08,-7.67790748992585e-09,0.910462498171251,-0.333308963307506
15843,-1.6961,1.05984,-3.87541871022481e-08,-9.36932221565943e-09,0.912416143750542,0.555523964080906
15843,-1.71433,1.03008,-3.69927695111468e-08,-9.71886106063788e-09,0.912416143751375,-0.555523964158831
15842,-1.73205,1,-3.59715526826984e-08,-1.12320369391808e-08,0.910462498170697,0.333308963230296
15842,-1.74924,0.969619,-3.41825025874056e-08,-1.14698258313208e-08,0.915346582365764,-0.777752503931822
15841,-1.7659,0.938943,-3.31165211585306e-08,-1.28046506258551e-08,0.909485669429762,0.111102085205035
15840,-1.78201,0.907981,-3.1850404464265e-08,-1.39721680017393e-08,0.919253778306162,0.999999999951483
15840,-1.79759,0.876742,-3.02194411127725e-08,-1.40832722869235e-08,0.909485669429984,-0.111102085301589
15839,-1.81262,0.845237,-2.89427546236824e-08,-1.50693244025933e-08,0.915346582364318,0.777752503835071
15839,-1.82709,0.813473,-2.73106591512175e-08,-1.50670251766188e-08,0.910462498171391,-0.333308963330024
15838,-1.84101,0.781462,-2.60360114839569e-08,-1.58750877446721e-08,0.912416143750253,0.555523964056986
15838,-1.85437,0.749213,-2.44202860706973e-08,-1.57579743135884e-08,0.912416143751674,-0.555523964183544
15837,-1.86716,0.716736,-2.31600731424378e-08,-1.63924795980328e-08,0.910462498170589,0.333308963203294
15837,-1.87939,0.68404,-2.15779670924312e-08,-1.61611338953761e-08,0.915346582366259,-0.777752503962095
15836,-1.89104,0.651136,-2.03443038965831e-08,-1.66275039627599e-08,0.909485669429715,0.111102085173074
15835,-1.90211,0.618034,-1.90173483505661e-08,-1.69148042966174e-08,0.919253778305508,0.999999999918209
15835,-1.91261,0.584743,-1.76171492323994e-08,-1.65890361169167e-08,0.909485669430068,-0.111102085335144
15834,-1.92252,0.551275,-1.63480066711615e-08,-1.67193583454805e-08,0.915346582363818,0.777752503801208
15834,-1.93185,0.517638,-1.50058716630881e-08,-1.62886522972091e-08,0.910462498171639,-0.333308963364235
15833,-1.94059,0.483844,-1.38050135617651e-08,-1.62705293405009e-08,0.912416143749876,0.555523964021923
15833,-1.94874,0.449902,-1.25363691291999e-08,-1.57405194914331e-08,0.912416143752063,-0.555523964220183
15832,-1.9563,0.415823,-1.14137639318666e-08,-1.55832926416132e-08,0.910462498170272,0.333308963168156
15832,-1.96325,0.381618,-1.0232937016097e-08,-1.49613005547603e-08,0.915346582366716,-0.7777525039937
15831,-1.96962,0.347296,-9.19797919753861e-09,-1.46750957983876e-08,0.909485669429575,0.111102085145728
15830,-1.97538,0.312869,-8.16157233828001e-09,-1.42451801019035e-08,0.91925377830502,0.999999999895294
15830,-1.98054,0.278346,-7.17943169454226e-09,-1.35656501200336e-08,0.909485669430092,-0.111102085358556
15829,-1.98509,0.243739,-6.25355716781283e-09,-1.30297026982895e-08,0.915346582363415,0.777752503777664
15829,-1.98904,0.209057,-5.37773283843266e-09,-1.22767097099001e-08,0.910462498171765,-0.333308963386404
15828,-1.99239,0.174311,-4.56909406554857e-09,-1.16472020117323e-08,0.912416143749651,0.555523964001473
15828,-1.99513,0.139513,-3.81014978878912e-09,-1.08318515220209e-08,0.912416143752222,-0.5555239642384
15827,-1.99726,0.104672,-3.12467055664151e-09,-1.01217956184075e-08,0.910462498170184,0.3333089631488
15827,-1.99878,0.069799,-2.49143148918486e-09,-9.25623293077743e-09,0.915346582367074,-0.777752504016448
15826,-1.9997,0.0349048,-1.93421809419505e-09,-8.47912989386444e-09,0.909485669429527,0.111102085121831
15825,-2,2.46315e-16,-1.43366064398904e-09,-7.62824895611376e-09,0.919253778304535,0.999999999870803
15825,-1.9997,-0.0349048,-1.0089676126135e-09,-6.74612392423211e-09,0.909485669430051,-0.111102085378547
15824,-1.99878,-0.069799,-6.47002407732611e-10,-5.85845892146343e-09,0.915346582363134,0.777752503762804
15824,-1.99726,-0.104672,-3.57329729935656e-10,-4.95070065033744e-09,0.910462498171696,-0.333308963393566
15823,-1.99513,-0.139513,-1.35638288977332e-10,-4.04092865516928e-09,0.912416143749586,0.555523964001405
15823,-1.99239,-0.174311,1.51976220434856e-11,-3.12149584082404e-09,0.912416143752114,-0.555523964232279
15822,-1.98904,-0.209057,9.58800121186368e-11,-2.20450772247038e-09,0.910462498170195,0.333308963161688
15822,-1.98509,-0.243739,1.06090450547269e-10,-1.28755605658963e-09,0.915346582366744,-0.7777525039964
15821,-1.98054,-0.278346,4.59999216483418e-11,-3.78391408770233e-10,0.909485669429545,0.111102085145526
15820,-1.97538,-0.312869,-8.37973182738008e-11,5.19623909514977e-10,0.919253778305042,0.999999999897283
15820,-1.96962,-0.347296,-2.83801130948894e-10,1.4081868792946e-09,0.909485669429957,-0.111102085350017
15819,-1.96325,-0.381618,-5.50098309112717e-10,2.26661608541149e-09,0.915346582363609,0.777752503792499
15819,-1.9563,-0.415823,-8.89021090728287e-10,3.1262661523477e-09,0.910462498171549,-0.333308963366345
15818,-1.94874,-0.449902,-1.28787411057744e-09,3.93033691857158e-09,0.912416143749872,0.555523964026319
15818,-1.94059,-0.483844,-1.7621659631554e-09,4.74745699140262e-09,0.91241614375188,-0.555523964209544
15817,-1.93185,-0.517638,-2.28862151778667e-09,5.48257867168052e-09,0.910462498170337,0.33330896318265
15817,-1.92252,-0.551275,-2.89280435973571e-09,6.24423925793453e-09,0.915346582366458,-0.777752503976945
15816,-1.91261,-0.584743,-3.54089987214949e-09,6.89609429880327e-09,0.909485669429567,0.111102085165898
15815,-1.90211,-0.618034,-4.22513339816871e-09,7.45935260274819e-09,0.919253778305528,0.999999999919178
15815,-1.89104,-0.651136,-5.03045088470101e-09,8.14489330557087e-09,0.90948566942994,-0.111102085328262
15814,-1.87939,-0.68404,-5.81795668072103e-09,8.59793543389991e-09,0.915346582363942,0.77775250381428
15814,-1.86716,-0.716736,-6.74033215506211e-09,9.20449877983844e-09,0.910462498171397,-0.333308963343943
15813,-1.85437,-0.749213,-7.62173090316619e-09,9.53474549675869e-09,0.912416143750119,0.555523964050056
15813,-1.84101,-0.781462,-8.65103432293545e-09,1.00522071581052e-08,0.912416143751582,-0.555523964183381
15812,-1.82709,-0.813473,-9.61600570481155e-09,1.02477035195189e-08,0.910462498170486,0.333308963212263
15812,-1.81262,-0.845237,-1.07406473822654e-08,1.0667384778708e-08,0.915346582365912,-0.777752503943197
15811,-1.79759,-0.876742,-1.17779888352323e-08,1.07169211320589e-08,0.909485669429641,0.111102085200675
15810,-1.78201,-0.907981,-1.27797582653606e-08,1.06286827395016e-08,0.919253778306197,0.999999999954239
15810,-1.7659,-0.938943,-1.40827952188654e-08,1.09248935919063e-08,0.90948566942985,-0.11110208529261
15809,-1.74924,-0.969619,-1.51275021385904e-08,1.06742239785996e-08,0.915346582364535,0.777752503850301
15809,-1.73205,-1,-1.65036464045283e-08,1.085667258021e-08,0.9104624981712,-0.333308963308458
15808,-1.71433,-1.03008,-1.75775177532899e-08,1.04354727483587e-08,0.912416143750526,0.555523964084446
15808,-1.6961,-1.05984,-1.90120894883271e-08,1.05001008351934e-08,0.912416143751243,-0.555523964150944
15807,-1.67734,-1.08928,-2.0100692491832e-08,9.90136404508888e-09,0.910462498170725,0.333308963242434
15807,-1.65808,-1.11839,-2.15783229222051e-08,9.84603718745326e-09,0.915346582365503,-0.7777525039155
15806,-1.6383,-1.14715,-2.26666833523529e-08,9.06392443140642e-09,0.90948566942967,0.111102085228524
15805,-1.61803,-1.17557,-2.36264833521231e-08,8.13822137198204e-09,0.919253778306763,0.999999999982893
15805,-1.59727,-1.20363,-2.52442263443902e-08,7.91831052956196e-09,0.909485669429812,-0.111102085265547
15804,-1.57602,-1.23132,-2.6168598791373e-08,6.80740762523511e-09,0.915346582364898,0.777752503876549
15804,-1.55429,-1.25864,-2.7801346107459e-08,6.4628751601039e-09,0.910462498170935,-0.333308963280012
15803,-1.53209,-1.28558,-2.86741223650715e-08,5.16500455971618e-09,0.912416143750815,0.555523964114853
15803,-1.50942,-1.31212,-3.03056250053024e-08,4.69934532571934e-09,0.912416143750855,-0.555523964118957
15802,-1.48629,-1.33826,-3.11104270682356e-08,3.21420232671449e-09,0.910462498170897,0.333308963276791
15802,-1.46271,-1.364,-3.27246410079622e-08,2.6329448959351e-09,0.915346582364928,-0.77775250387821
15801,-1.43868,-1.38932,-3.34450481439171e-08,9.61711295086237e-10,0.909485669429954,0.111102085257172
15801,-1.41421,-1.41421,-3.50263926239733e-08,2.72349140279168e-10,0.919253778307098,-0.999999999999989
10084,-1.38932,-1.43868,-3.56460275229692e-08,-1.58232049305269e-09,-0.909485669429983,0.111102085260242
10184,-1.364,-1.46271,-3.60269658482529e-08,-3.52492302793222e-09,-0.915346582364814,-0.777752503871363
10184,-1.33826,-1.48629,-3.76822377692871e-08,-4.40433883737616e-09,-0.910462498171062,0.333308963290425
10284,-1.31212,-1.50942,-3.79291101041249e-08,-6.51249133439872e-09,-0.912416143750702,-0.555523964098991
10284,-1.28558,-1.53209,-3.95237726883057e-08,-7.48744408318669e-09,-0.912416143751175,0.55552396414059
10384,-1.25864,-1.55429,-3.96214981380706e-08,-9.75387027582948e-09,-0.910462498170858,-0.333308963247603
10384,-1.23132,-1.57602,-4.11423350910308e-08,-1.08115677259917e-08,-0.915346582365569,0.777752503916277
10484,-1.20363,-1.59727,-4.10763495050063e-08,-1.32275852812632e-08,-0.909485669429755,-0.111102085221656
10584,-1.17557,-1.61803,-4.07206139434752e-08,-1.56547893089613e-08,-0.919253778306467,-0.999999999969833
10584,-1.14715,-1.6383,-4.22677159801482e-08,-1.69091444853145e-08,-0.909485669429891,0.111102085282108
10684,-1.11839,-1.65808,-4.17223751629965e-08,-1.94563046467445e-08,-0.915346582364624,-0.777752503855743
10684,-1.08928,-1.67734,-4.31718723617459e-08,-2.07710172305744e-08,-0.910462498171255,0.333308963307532
10784,-1.05984,-1.6961,-4.24251896071137e-08,-2.34251250664999e-08,-0.912416143750544,-0.555523964080908
10784,-1.03008,-1.71433,-4.3767851987777e-08,-2.4782893886399e-08,-0.912416143751393,0.555523964158839
10884,-1,-1.73205,-4.28092891492003e-08,-2.75296342300466e-08,-0.910462498170715,-0.333308963230315
10884,-0.969619,-1.74924,-4.40376991591755e-08,-2.89121553476425e-08,-0.915346582365772,0.777752503931858
10984,-0.938943,-1.7659,-4.28578685872045e-08,-3.17360271937839e-08,-0.909485669429763,-0.111102085205032
11084,-0.907981,-1.78201,-4.13619158860944e-08,-3.44512481423078e-08,-0.919253778306154,-0.99999999995149
11084,-0.876742,-1.79759,-4.25572675697242e-08,-3.60083997920166e-08,-0.909485669429981,0.111102085301552
11184,-0.845237,-1.81262,-4.0829248016942e-08,-3.87602270789011e-08,-0.915346582364332,-0.777752503835052
11184,-0.813473,-1.82709,-4.18974066388002e-08,-4.03089453479222e-08,-0.910462498171421,0.333308963330044
11284,-0.781462,-1.84101,-3.99328783530858e-08,-4.30788746004533e-08,-0.912416143750289,-0.555523964056998
11284,-0.749213,-1.85437,-4.08721876972213e-08,-4.45985360050344e-08,-0.912416143751684,0.555523964183542
11384,-0.716736,-1.86716,-3.86684759353805e-08,-4.73674039369047e-08,-0.910462498170579,-0.333308963203316
11384,-0.68404,-1.87939,-3.94794526432692e-08,-4.88373603073263e-08,-0.915346582366256,0.777752503962127
11484,-0.651136,-1.89104,-3.70354564908764e-08,-5.15854450558586e-08,-0.9094856694297,-0.111102085173069
11584,-0.618034,-1.90211,-3.43033657916744e-08,-5.40955096312721e-08,-0.919253778305473,-0.9999999999182
11584,-0.584743,-1.91261,-3.50371454084801e-08,-5.56920473647641e-08,-0.909485669430035,0.111102085335111
11684,-0.551275,-1.92252,-3.20733730255029e-08,-5.81374913037215e-08,-0.915346582363772,-0.777752503801188
11684,-0.517638,-1.93185,-3.26812696022064e-08,-5.96460749812338e-08,-0.910462498171642,0.333308963364261
11784,-0.483844,-1.94059,-2.94910971601925e-08,-6.20064718880061e-08,-0.912416143749915,-0.555523964021929
11784,-0.449902,-1.94874,-2.99801257026927e-08,-6.34071032344433e-08,-0.912416143752077,0.555523964220183
11884,-0.415823,-1.9563,-2.65709388913382e-08,-6.56623464286716e-08,-0.910462498170266,-0.33330896316818
11884,-0.381618,-1.96325,-2.69501906890294e-08,-6.69361304836181e-08,-0.915346582366712,0.777752503993725
11984,-0.347296,-1.96962,-2.3331226078443e-08,-6.90665327792201e-08,-0.909485669429565,-0.111102085145729
12084,-0.312869,-1.97538,-1.95081847012722e-08,-7.084572788144e-08,-0.919253778305011,-0.999999999895287
12084,-0.278346,-1.98054,-1.97942259645029e-08,-7.21821145194149e-08,-0.909485669430107,0.111102085358526
12184,-0.243739,-1.98509,-1.57904389536378e-08,-7.37992505537451e-08,-0.915346582363447,-0.777752503777644
12184,-0.209057,-1.98904,-1.59862117378992e-08,-7.49743740896654e-08,-0.910462498171781,0.333308963386432
12284,-0.174311,-1.99239,-1.18168290160073e-08,-7.64124000815353e-08,-0.912416143749663,-0.555523964001473
12284,-0.139513,-1.99513,-1.19371372654643e-08,-7.74114468605416e-08,-0.912416143752267,0.555523964238395
12384,-0.104672,-1.99726,-7.61908744222042e-09,-7.86545263205374e-08,-0.910462498170238,-0.333308963148834
12384,-0.069799,-1.99878,-7.68016605015633e-09,-7.94646584532749e-08,-0.915346582367131,0.777752504016471
12484,-0.0349048,-1.9997,-3.23216733811332e-09,-8.04982833373848e-08,-0.909485669429557,-0.111102085121833
12584,-4.35203e-16,-2,1.29152996673122e-09,-8.11088225351943e-08,-0.919253778304537,-0.999999999870803
12584,0.0349048,-1.9997,1.30592381189885e-09,-8.19201327746571e-08,-0.909485669430058,0.111102085378513
12684,0.069799,-1.99878,5.91431611992535e-09,-8.23001877314037e-08,-0.915346582363139,-0.777752503762792
12684,0.104672,-1.99726,5.95462327556974e-09,-8.29009915335068e-08,-0.9104624981717,0.333308963393593
12784,0.139513,-1.99513,1.06248691390002e-08,-8.30419270091165e-08,-0.912416143749591,-0.555523964001403
12784,0.174311,-1.99239,1.06715814275182e-08,-8.3426562087825e-08,-0.912416143752134,0.555523964232273
12884,0.209057,-1.98904,1.53800256904652e-08,-8.3321888652033e-08,-0.91046249817019,-0.333308963161724
12884,0.243739,-1.98509,1.54132769588979e-08,-8.34873082300186e-08,-0.915346582366752,0.777752503996427
12984,0.278346,-1.98054,2.01355004393715e-08,-8.31326969820195e-08,-0.909485669429543,-0.111102085145531
13084,0.312869,-1.97538,2.47825950911809e-08,-8.23424628805339e-08,-0.919253778305079,-0.999999999897294
13084,0.347296,-1.96962,2.48462717870996e-08,-8.24720021956597e-08,-0.909485669429971,0.111102085349981
13184,0.381618,-1.96325,2.94561431868362e-08,-8.143395021741e-08,-0.915346582363621,-0.777752503792476
13184,0.415823,-1.9563,2.94672943702995e-08,-8.13427012471871e-08,-0.910462498171561,0.33330896336634
13284,0.449902,-1.94874,3.40150005402318e-08,-8.00596567989668e-08,-0.912416143749886,-0.555523964026324
13284,0.483844,-1.94059,3.39541999640363e-08,-7.97527985366122e-08,-0.912416143751904,0.555523964209538
13384,0.517638,-1.93185,3.84149850997984e-08,-7.82299407396189e-08,-0.910462498170363,-0.333308963182687
13384,0.551275,-1.92252,3.82636862048745e-08,-7.77152495041187e-08,-0.915346582366464,0.777752503976962
13484,0.584743,-1.91261,4.2613078040858e-08,-7.59602456146889e-08,-0.909485669429569,-0.111102085165906
13584,0.618034,-1.90211,4.67436366770584e-08,-7.38218067418699e-08,-0.919253778305519,-0.999999999919186
13584,0.651136,-1.89104,4.65682338095223e-08,-7.3271182699934e-08,-0.909485669429928,0.111102085328226
13684,0.68404,-1.87939,5.05423053271089e-08,-7.09266933827577e-08,-0.915346582363942,-0.777752503814258
13684,0.716736,-1.86716,5.02422467104041e-08,-7.01881017236943e-08,-0.910462498171394,0.333308963343945
13784,0.749213,-1.85437,5.40391043635999e-08,-6.76517836169111e-08,-0.912416143750121,-0.555523964050058
13784,0.781462,-1.84101,5.36001179639854e-08,-6.67403795891599e-08,-0.91241614375158,0.555523964183364
13884,0.813473,-1.82709,5.72003572265441e-08,-6.40282721093638e-08,-0.91046249817049,-0.333308963212306
13884,0.845237,-1.81262,5.6610093656495e-08,-6.29610988720056e-08,-0.915346582365913,0.777752503943214
13984,0.876742,-1.79759,5.99957335309169e-08,-6.0091148019905e-08,-0.909485669429626,-0.1111020852007
14084,0.907981,-1.78201,6.30558272813924e-08,-5.69448107293008e-08,-0.919253778306215,-0.999999999954254
14084,0.938943,-1.7659,6.23989750063525e-08,-5.58789238779018e-08,-0.909485669429858,0.111102085292581
14184,0.969619,-1.74924,6.52164528795341e-08,-5.26185295498588e-08,-0.915346582364524,-0.777752503850263
14184,1,-1.73205,6.43883666475798e-08,-5.14329257703653e-08,-0.910462498171194,0.333308963308465
14284,1.03008,-1.71433,6.69515059246764e-08,-4.80804082365756e-08,-0.91241614375052,-0.55552396408445
14284,1.05984,-1.6961,6.59467763654442e-08,-4.67966412265497e-08,-0.912416143751235,0.55552396415093
14384,1.08928,-1.67734,6.82459626349567e-08,-4.33749055977403e-08,-0.910462498170724,-0.333308963242461
14384,1.11839,-1.65808,6.70617012648884e-08,-4.20153631611221e-08,-0.915346582365498,0.777752503915531
14484,1.14715,-1.6383,6.90895953287331e-08,-3.85481655933827e-08,-0.909485669429676,-0.111102085228531
14584,1.17557,-1.61803,7.07423958292906e-08,-3.49439243842155e-08,-0.919253778306762,-0.999999999982903
14584,1.20363,-1.59727,6.94772864341354e-08,-3.3647454757571e-08,-0.909485669429825,0.1111020852655
14684,1.23132,-1.57602,7.08540376016497e-08,-3.00490877354062e-08,-0.91534658236492,-0.777752503876537
14684,1.25864,-1.55429,6.94090925688501e-08,-2.87204289210802e-08,-0.910462498170955,0.333308963280004
14784,1.28558,-1.53209,7.05098048879582e-08,-2.51522388739559e-08,-0.912416143750819,-0.555523964114867
14784,1.31212,-1.50942,6.88900543819821e-08,-2.38145604786879e-08,-0.912416143750872,0.555523964118932
14884,1.33826,-1.48629,6.97170789263773e-08,-2.03007134809919e-08,-0.910462498170903,-0.333308963276861
14884,1.364,-1.46271,6.79300975192764e-08,-1.89767994278632e-08,-0.915346582364901,0.777752503878194
14984,1.38932,-1.43868,6.84882308120998e-08,-1.55411640543289e-08,-0.909485669429939,-0.111102085257194
14984,1.41421,-1.41421,6.6544092576022e-08,-1.42531523988328e-08,-0.919253778307102,0.999999999999985
5850,1.43868,-1.38932,6.68406626149429e-08,-1.09190076617887e-08,0.909485669429985,-0.111102085260202
5849,1.46271,-1.364,6.67889150474246e-08,-7.61470603907989e-09,0.915346582364833,0.777752503871339
5849,1.48629,-1.33826,6.47966580558504e-08,-6.47785975941436e-09,0.910462498171102,-0.333308963290407
5848,1.50942,-1.31212,6.45068765745872e-08,-3.32084340636738e-09,0.91241614375073,0.555523964099018
5848,1.53209,-1.28558,6.23831851453557e-08,-2.25903604834013e-09,0.912416143751186,-0.555523964140576
5847,1.55429,-1.25864,6.18695329517515e-08,7.30607226979033e-10,0.91046249817085,0.333308963247604
5847,1.57602,-1.23132,5.96317037619217e-08,1.6989496470362e-09,0.91534658236556,-0.777752503916265
5846,1.59727,-1.20363,5.89106517329022e-08,4.50270028399743e-09,0.909485669429786,0.111102085221649
5845,1.61803,-1.17557,5.79020060179206e-08,7.18345759329885e-09,0.919253778306525,0.999999999969829
5845,1.6383,-1.14715,5.56680460769489e-08,7.96217707048047e-09,0.909485669429914,-0.11110208528211
5844,1.65808,-1.11839,5.44915460066759e-08,1.04237078559162e-08,0.915346582364627,0.777752503855747
5844,1.67734,-1.08928,5.21830689737063e-08,1.10799116777739e-08,0.910462498171258,-0.333308963307527
5843,1.6961,-1.05984,5.08604331547699e-08,1.33095529287823e-08,0.912416143750537,0.555523964080912
5843,1.71433,-1.03008,4.85001581466519e-08,1.38312890737645e-08,0.912416143751378,-0.555523964158821
5842,1.73205,-1,4.70546696192689e-08,1.5818815340226e-08,0.910462498170701,0.333308963230334
5842,1.74924,-0.969619,4.46663379415333e-08,1.61966614649583e-08,0.915346582365767,-0.777752503931841
5841,1.7659,-0.938943,4.31225478967438e-08,1.79345746755524e-08,0.909485669429766,0.111102085205045
5840,1.78201,-0.907981,4.14023578835181e-08,1.94803711292101e-08,0.919253778306158,0.99999999995149
5840,1.79759,-0.876742,3.91138008223547e-08,1.96454945250343e-08,0.909485669429983,-0.111102085301555
5839,1.81262,-0.845237,3.73459075134417e-08,2.09320837695112e-08,0.915346582364319,0.777752503835052
5839,1.82709,-0.813473,3.50786977389383e-08,2.09459337477774e-08,0.910462498171384,-0.333308963330046
5838,1.84101,-0.781462,3.32887965428286e-08,2.19741374897478e-08,0.912416143750258,0.555523964056995
5838,1.85437,-0.749213,3.10671893641089e-08,2.18358963728223e-08,0.91241614375167,-0.555523964183538
5837,1.86716,-0.716736,2.92806291534442e-08,2.26094132653087e-08,0.91046249817059,0.333308963203332
5837,1.87939,-0.68404,2.71280767192731e-08,2.23208763604531e-08,0.915346582366259,-0.777752503962114
5836,1.89104,-0.651136,2.53694317574812e-08,2.28461436694175e-08,0.909485669429712,0.11110208517308
5835,1.90211,-0.618034,2.35558280131618e-08,2.31736926008839e-08,0.919253778305505,0.999999999918216
5835,1.91261,-0.584743,2.1600892842688e-08,2.26974556040179e-08,0.909485669430072,-0.111102085335106
5834,1.92252,-0.551275,1.98613566524935e-08,2.27931502992481e-08,0.915346582363824,0.777752503801191
5834,1.93185,-0.517638,1.80178779487609e-08,2.21808165289245e-08,0.910462498171638,-0.333308963364257
5833,1.94059,-0.483844,1.63732041924666e-08,2.20576037021472e-08,0.912416143749874,0.555523964021932
5833,1.94874,-0.449902,1.46602232692204e-08,2.13175685992764e-08,0.91241614375206,-0.555523964220175
5832,1.9563,-0.415823,1.31297553853945e-08,2.09901257982476e-08,0.910462498170272,0.333308963168192
5832,1.96325,-0.381618,1.15646788152524e-08,2.01326331738743e-08,0.915346582366721,-0.777752503993719
5831,1.96962,-0.347296,1.01663669080922e-08,1.9617291160895e-08,0.909485669429573,0.111102085145735
5830,1.97538,-0.312869,8.81272847281957e-09,1.89564331607863e-08,0.919253778305019,0.999999999895301
5830,1.98054,-0.278346,7.51532265295306e-09,1.79691295661549e-08,0.909485669430095,-0.11110208535852
5829,1.98509,-0.243739,6.32562763062001e-09,1.71542568046142e-08,0.915346582363408,0.777752503777643
5829,1.98904,-0.209057,5.20568286171127e-09,1.60791439421123e-08,0.910462498171767,-0.333308963386425
5828,1.99239,-0.174311,4.19330657073704e-09,1.5131129129769e-08,0.91241614374965,0.555523964001481
5828,1.99513,-0.139513,3.26298694697792e-09,1.39842826112972e-08,0.912416143752221,-0.555523964238393
5827,1.99726,-0.104672,2.4396611626578e-09,1.29257381167211e-08,0.910462498170182,0.333308963148836
5827,1.99878,-0.069799,1.708793219749e-09,1.17248385347438e-08,0.915346582367075,-0.777752504016468
5826,1.9997,-0.0349048,1.0842468237884e-09,1.05802753904614e-08,0.909485669429527,0.111102085121839
