origElemNum,globCoord-x,globCoord-y,acouIntensity-x,acouIntensity-y,locCoord-xi,locCoord-eta
5825,2,-2.20442e-18,7.50497534163319e-08,-1.45588291044189e-07,0.919253778304535,0.999999999870795
5825,1.9997,0.0349048,9.46876585930711e-08,-1.57886303447051e-07,0.909485669430051,-0.11110208537854
5824,1.99878,0.069799,1.16313759284744e-07,-1.6663303232721e-07,0.915346582363134,0.7777525037628
5824,1.99726,0.104672,1.39992641211619e-07,-1.78086116732429e-07,0.910462498171695,-0.333308963393583
5823,1.99513,0.139513,1.65362787351367e-07,-1.84304069202324e-07,0.912416143749585,0.555523964001403
5823,1.99239,0.174311,1.92942045554376e-07,-1.94660483197897e-07,0.912416143752112,-0.555523964232293
5822,1.98904,0.209057,2.21761454066135e-07,-1.97861535649738e-07,0.910462498170195,0.33330896316169
5822,1.98509,0.243739,2.53068763385995e-07,-2.06883091251537e-07,0.915346582366752,-0.777752503996411
5821,1.98054,0.278346,2.84990345681387e-07,-2.06606216809564e-07,0.909485669429537,0.111102085145532
5820,1.97538,0.312869,3.18261741791111e-07,-2.04207693783926e-07,0.91925377830504,0.999999999897275
5820,1.96962,0.347296,3.54453490595697e-07,-2.09889117435054e-07,0.909485669429959,-0.111102085350008
5819,1.96325,0.381618,3.90178687115278e-07,-2.0334758232936e-07,0.915346582363608,0.777752503792493
5819,1.9563,0.415823,4.29488362358659e-07,-2.07121128909767e-07,0.910462498171543,-0.333308963366333
5818,1.94874,0.449902,4.67207534301582e-07,-1.96079416211455e-07,0.912416143749872,0.555523964026318
5818,1.94059,0.483844,5.0937468187731e-07,-1.97781049767455e-07,0.912416143751876,-0.555523964209557
5817,1.93185,0.517638,5.48596880487304e-07,-1.81933958032273e-07,0.910462498170338,0.333308963182653
5817,1.92252,0.551275,5.93343711928959e-07,-1.81423731780418e-07,0.915346582366455,-0.777752503976955
5816,1.91261,0.584743,6.33553769481085e-07,-1.60522807898413e-07,0.909485669429567,0.111102085165898
5815,1.90211,0.618034,6.73760390024388e-07,-1.36673052108253e-07,0.919253778305533,0.999999999919169
5815,1.89104,0.651136,7.2125403213904e-07,-1.31542132842783e-07,0.909485669429933,-0.111102085328256
5814,1.87939,0.68404,7.615796302804e-07,-1.0237518330141e-07,0.915346582363941,0.777752503814277
5814,1.86716,0.716736,8.10851181344836e-07,-9.47730656122887e-08,0.910462498171402,-0.333308963343933
5813,1.85437,0.749213,8.50744704448407e-07,-6.01963885752749e-08,0.912416143750119,0.555523964050056
5813,1.84101,0.781462,9.01479275446879e-07,-5.00811920298923e-08,0.912416143751575,-0.555523964183394
5812,1.82709,0.813473,9.40382345100292e-07,-1.00595606434107e-08,0.910462498170486,0.333308963212263
5812,1.81262,0.845237,9.92257683944321e-07,2.58353152980547e-09,0.915346582365915,-0.777752503943209
5811,1.79759,0.876742,1.02961084905349e-06,4.80300245012108e-08,0.909485669429635,0.111102085200681
5810,1.78201,0.907981,1.06535376016852e-06,9.64512648714475e-08,0.919253778306195,0.999999999954235
5810,1.7659,0.938943,1.11755178003098e-06,1.13987541689651e-07,0.909485669429844,-0.111102085292603
5809,1.74924,0.969619,1.15084416441554e-06,1.67669726517928e-07,0.915346582364538,0.777752503850291
5809,1.73205,1,1.20333734865545e-06,1.8765118406227e-07,0.910462498171199,-0.333308963308445
5808,1.71433,1.03008,1.23364187326064e-06,2.46440078110504e-07,0.912416143750526,0.555523964084446
5808,1.6961,1.05984,1.28611659951534e-06,2.6878364176223e-07,0.912416143751246,-0.555523964150953
5807,1.67734,1.08928,1.31291350322229e-06,3.32477062864548e-07,0.910462498170725,0.333308963242434
5807,1.65808,1.11839,1.36506342906066e-06,3.57074366437441e-07,0.915346582365508,-0.777752503915519
5806,1.6383,1.14715,1.38785404736501e-06,4.25422766499748e-07,0.909485669429676,0.11110208522853
5805,1.61803,1.17557,1.40748025604461e-06,4.96046964674856e-07,0.919253778306765,0.999999999982884
5805,1.59727,1.20363,1.45769118108384e-06,5.24846178098467e-07,0.909485669429817,-0.111102085265541
5804,1.57602,1.23132,1.4725450300577e-06,5.99589011447771e-07,0.9153465823649,0.777752503876539
5804,1.55429,1.25864,1.52169657511504e-06,6.30246259326798e-07,0.910462498170939,-0.333308963279996
5803,1.53209,1.28558,1.53135960879571e-06,7.08737272879026e-07,0.912416143750815,0.555523964114853
5803,1.50942,1.31212,1.57919387338792e-06,7.41057533436646e-07,0.91241614375085,-0.555523964118972
5802,1.48629,1.33826,1.58328468088238e-06,8.22884979571702e-07,0.910462498170897,0.333308963276791
5802,1.46271,1.364,1.62955838015464e-06,8.56650292819949e-07,0.915346582364929,-0.77775250387822
5801,1.43868,1.38932,1.62773254564477e-06,9.41360880974595e-07,0.909485669429954,0.111102085257182
5801,1.41421,1.41421,1.67221773886667e-06,9.76330579052452e-07,0.919253778307104,-0.999999999999994
850,1.38932,1.43868,1.66416604351337e-06,1.06342972162686e-06,0.909485669429991,-0.111102085260227
849,1.364,1.46271,1.65159259348848e-06,1.15107999576234e-06,0.915346582364834,0.777752503871359
849,1.33826,1.48629,1.69210091055279e-06,1.18829250767246e-06,0.910462498171096,-0.333308963290402
848,1.31212,1.50942,1.67288270865982e-06,1.27741272907281e-06,0.912416143750729,0.555523964099008
848,1.28558,1.53209,1.71111191325668e-06,1.31509388413843e-06,0.912416143751184,-0.555523964140596
847,1.25864,1.55429,1.68505028319159e-06,1.4050983719789e-06,0.910462498170846,0.333308963247574
847,1.23132,1.57602,1.72083956874562e-06,1.44292950437684e-06,0.915346582365554,-0.777752503916259
846,1.20363,1.59727,1.687781560218e-06,1.53320356246553e-06,0.90948566942978,0.111102085221654
845,1.17557,1.61803,1.64981435553589e-06,1.62256094674461e-06,0.919253778306528,0.999999999969813
845,1.14715,1.6383,1.68083578776131e-06,1.66074929540143e-06,0.909485669429915,-0.111102085282135
844,1.11839,1.65808,1.63574700342523e-06,1.74930307276708e-06,0.915346582364625,0.777752503855763
844,1.08928,1.67734,1.66405822964613e-06,1.78672818262867e-06,0.910462498171253,-0.333308963307521
843,1.05984,1.6961,1.61184541538022e-06,1.87382124938122e-06,0.912416143750542,0.555523964080906
843,1.03008,1.71433,1.63739168673852e-06,1.91012785265205e-06,0.912416143751377,-0.555523964158847
842,1,1.73205,1.57812112154065e-06,1.99510820459488e-06,0.910462498170698,0.333308963230309
842,0.969619,1.74924,1.60088417746341e-06,2.02994659666593e-06,0.915346582365766,-0.777752503931825
841,0.938943,1.7659,1.53469179449084e-06,2.11217347229492e-06,0.909485669429764,0.111102085205048
840,0.907981,1.78201,1.46382229588056e-06,2.19150109852181e-06,0.919253778306164,0.99999999995148
840,0.876742,1.79759,1.48178181549458e-06,2.22405350267989e-06,0.909485669429979,-0.11110208530158
839,0.845237,1.81262,1.40437240206078e-06,2.29959835945586e-06,0.91534658236432,0.777752503835068
839,0.813473,1.82709,1.41972097785896e-06,2.32982802329569e-06,0.91046249817139,-0.33330896333004
838,0.781462,1.84101,1.3360902546069e-06,2.40101701256362e-06,0.912416143750255,0.555523964056983
838,0.749213,1.85437,1.34893984371952e-06,2.42863460234411e-06,0.912416143751674,-0.555523964183563
837,0.716736,1.86716,1.25947089713132e-06,2.49493503686146e-06,0.910462498170584,0.333308963203304
837,0.68404,1.87939,1.26996358960879e-06,2.51967509623617e-06,0.915346582366261,-0.777752503962098
836,0.651136,1.89104,1.17509851176928e-06,2.58059188158424e-06,0.909485669429719,0.111102085173086
835,0.618034,1.90211,1.076712036982e-06,2.6368751276965e-06,0.919253778305509,0.999999999918205
835,0.584743,1.91261,1.08363562522213e-06,2.65728129767928e-06,0.909485669430073,-0.111102085335132
834,0.551275,1.92252,9.80716920342326e-07,2.7074160189977e-06,0.915346582363819,0.777752503801204
834,0.517638,1.93185,9.85814803502006e-07,2.72434976958295e-06,0.910462498171637,-0.333308963364254
833,0.483844,1.94059,8.78940427768278e-07,2.76793691385706e-06,0.912416143749877,0.55552396402192
833,0.449902,1.94874,8.82430163705181e-07,2.78120225191472e-06,0.91241614375206,-0.555523964220202
832,0.415823,1.9563,7.72215382821904e-07,2.81788668901122e-06,0.910462498170279,0.333308963168166
832,0.381618,1.96325,7.74331865223576e-07,2.82731186347386e-06,0.915346582366717,-0.777752503993703
831,0.347296,1.96962,6.61426776073953e-07,2.85678955565604e-06,0.909485669429573,0.111102085145737
830,0.312869,1.97538,5.46973256278454e-07,2.88051620095621e-06,0.919253778305012,0.99999999989529
830,0.278346,1.98054,5.47504165474928e-07,2.88425619752894e-06,0.909485669430091,-0.111102085358547
829,0.243739,1.98509,4.31523422264305e-07,2.90040318164443e-06,0.915346582363415,0.77775250377766
829,0.209057,1.98904,4.31413271709964e-07,2.89999099637828e-06,0.910462498171767,-0.333308963386422
828,0.174311,1.99239,3.1461411892971e-07,2.90842170259379e-06,0.912416143749651,0.55552396400147
828,0.139513,1.99513,3.14142700980337e-07,2.90380092665763e-06,0.912416143752224,-0.555523964238419
827,0.104672,1.99726,1.97240727336657e-07,2.90444867621916e-06,0.910462498170184,0.33330896314881
827,0.069799,1.99878,1.96693072966957e-07,2.89559823943663e-06,0.915346582367074,-0.777752504016452
826,0.0349048,1.9997,8.04023572886056e-08,2.88846559427107e-06,0.909485669429527,0.111102085121841
825,1.27747e-16,2,-3.51665497512214e-08,2.87540086380408e-06,0.919253778304535,0.999999999870799
825,-0.0349048,1.9997,-3.49085002275265e-08,2.86055668402416e-06,0.909485669430051,-0.111102085378537
824,-0.069799,1.99878,-1.48689039008368e-07,2.83986688694254e-06,0.915346582363134,0.777752503762801
824,-0.104672,1.99726,-1.4771200931412e-07,2.82090247705073e-06,0.910462498171695,-0.333308963393583
823,-0.139513,1.99513,-2.59022304515321e-07,2.79276219763348e-06,0.912416143749585,0.555523964001401
823,-0.174311,1.99239,-2.5705017179428e-07,2.76978174978728e-06,0.912416143752112,-0.555523964232297
822,-0.209057,1.98904,-3.65229138493496e-07,2.73443318323513e-06,0.910462498170195,0.333308963161685
822,-0.243739,1.98509,-3.61996187756743e-07,2.70758123354354e-06,0.915346582366744,-0.777752503996403
821,-0.278346,1.98054,-4.66413609210893e-07,2.66533824523459e-06,0.909485669429538,0.111102085145537
820,-0.312869,1.97538,-5.68063499617771e-07,2.61794915162806e-06,0.919253778305041,0.999999999897278
820,-0.347296,1.96962,-5.61735204021894e-07,2.58605130397766e-06,0.90948566942996,-0.111102085350006
819,-0.381618,1.96325,-6.5866183528768e-07,2.53244255122689e-06,0.915346582363608,0.777752503792493
819,-0.415823,1.9563,-6.5042125987288e-07,2.49726451953385e-06,0.910462498171543,-0.333308963366333
818,-0.449902,1.94874,-7.42118713009314e-07,2.4379390945427e-06,0.912416143749872,0.555523964026316
818,-0.483844,1.94059,-7.31781922124104e-07,2.3997828739115e-06,0.912416143751875,-0.555523964209561
817,-0.517638,1.93185,-8.17804825451265e-07,2.3353101758945e-06,0.910462498170336,0.333308963182646
817,-0.551275,1.92252,-8.05220389846813e-07,2.29451398857899e-06,0.915346582366457,-0.777752503976948
816,-0.584743,1.91261,-8.85190324274963e-07,2.2255193092729e-06,0.909485669429562,0.111102085165907
815,-0.618034,1.90211,-9.60958788854664e-07,2.15297455701497e-06,0.919253778305526,0.999999999919175
815,-0.651136,1.89104,-9.43851687391597e-07,2.10960382970731e-06,0.909485669429935,-0.111102085328253
814,-0.68404,1.87939,-1.01306443900807e-06,2.03363323570948e-06,0.915346582363941,0.777752503814277
814,-0.716736,1.86716,-9.93477410836377e-07,1.98865678445476e-06,0.910462498171402,-0.333308963343933
813,-0.749213,1.85437,-1.05594890873661e-06,1.90997711353135e-06,0.912416143750117,0.555523964050053
813,-0.781462,1.84101,-1.03387216198463e-06,1.86380500243727e-06,0.912416143751584,-0.555523964183396
812,-0.813473,1.82709,-1.0894945457903e-06,1.78314208115402e-06,0.910462498170484,0.33330896321226
812,-0.845237,1.81262,-1.06495382316364e-06,1.73618340880151e-06,0.91534658236591,-0.7777525039432
811,-0.876742,1.79759,-1.11369249132757e-06,1.65425607379734e-06,0.909485669429639,0.111102085200672
810,-0.907981,1.78201,-1.15765259248632e-06,1.57078355334657e-06,0.919253778306197,0.999999999954239
810,-0.938943,1.7659,-1.12863345967171e-06,1.52442030117948e-06,0.909485669429848,-0.111102085292613
809,-0.969619,1.74924,-1.16574688187268e-06,1.44081975709658e-06,0.915346582364533,0.777752503850298
809,-1,1.73205,-1.13449613816407e-06,1.39469431517973e-06,0.910462498171205,-0.333308963308436
808,-1.03008,1.71433,-1.16488891454826e-06,1.31162534658499e-06,0.912416143750522,0.55552396408444
808,-1.05984,1.6961,-1.13153912115393e-06,1.26608732473824e-06,0.912416143751243,-0.555523964150944
807,-1.08928,1.67734,-1.155388585855e-06,1.18417475628388e-06,0.910462498170733,0.33330896324243
807,-1.11839,1.65808,-1.12009439647705e-06,1.13955275685678e-06,0.915346582365511,-0.777752503915504
806,-1.14715,1.6383,-1.13762444404598e-06,1.0593842083537e-06,0.909485669429678,0.11110208522852
805,-1.17557,1.61803,-1.15063539892252e-06,9.79604956014945e-07,0.91925377830677,0.999999999982889
805,-1.20363,1.59727,-1.11204044415978e-06,9.38109356699963e-07,0.909485669429819,-0.111102085265551
804,-1.23132,1.57602,-1.11916024195869e-06,8.60989959876864e-07,0.915346582364893,0.777752503876544
804,-1.25864,1.55429,-1.07914094716176e-06,8.21143222758359e-07,0.910462498170937,-0.333308963279986
803,-1.28558,1.53209,-1.0807089985889e-06,7.47167133047709e-07,0.912416143750809,0.555523964114847
803,-1.31212,1.50942,-1.03948911186989e-06,7.09213680180884e-07,0.912416143750849,-0.555523964118962
802,-1.33826,1.48629,-1.03588426088399e-06,6.38817756575162e-07,0.910462498170897,0.333308963276791
802,-1.364,1.46271,-9.93702981201842e-07,6.02979339408633e-07,0.915346582364928,-0.77775250387821
801,-1.38932,1.43868,-9.85340114483551e-07,5.36551728069285e-07,0.909485669429954,0.111102085257172
801,-1.41421,1.41421,-9.4245196607219e-07,5.03027794195599e-07,0.919253778307104,-0.999999999999994
15850,-1.43868,1.38932,-9.29779094825826e-07,4.40906297188567e-07,0.909485669429991,-0.111102085260237
15849,-1.46271,1.364,-9.13844737503954e-07,3.80955566706505e-07,0.915346582364828,0.777752503871364
15849,-1.48629,1.33826,-8.69948991340449e-07,3.52344855838883e-07,0.910462498171103,-0.333308963290387
15848,-1.50942,1.31212,-8.50500075554122e-07,2.97189222958689e-07,0.912416143750729,0.555523964099008
15848,-1.53209,1.28558,-8.06639925336257e-07,2.71254057269606e-07,0.912416143751185,-0.555523964140586
15847,-1.55429,1.25864,-7.84203034864969e-07,2.21090125997591e-07,0.910462498170851,0.333308963247569
15847,-1.57602,1.23132,-7.4067824767145e-07,1.97941245956017e-07,0.915346582365555,-0.777752503916249
15846,-1.59727,1.20363,-7.15799880108267e-07,1.52908988637148e-07,0.909485669429784,0.111102085221639
15845,-1.61803,1.17557,-6.888825905826e-07,1.10658792440795e-07,0.919253778306531,0.999999999969823
15845,-1.6383,1.14715,-6.46158378258796e-07,9.2813794615749e-08,0.909485669429917,-0.111102085282151
15844,-1.65808,1.11839,-6.17724726204279e-07,5.58428396326817e-08,0.915346582364627,0.777752503855772
15844,-1.67734,1.08928,-5.76160015598115e-07,4.08894122265222e-08,0.910462498171251,-0.333308963307506
15843,-1.6961,1.05984,-5.46778874163474e-07,9.18774848514587e-09,0.912416143750542,0.555523964080906
15843,-1.71433,1.03008,-5.06689803663749e-07,-2.86280101685978e-09,0.912416143751375,-0.555523964158831
15842,-1.73205,1,-4.76924461885986e-07,-2.9359053965187e-08,0.910462498170697,0.333308963230296
15842,-1.74924,0.969619,-4.38624803409374e-07,-3.85234164031195e-08,0.915346582365764,-0.777752503931822
15841,-1.7659,0.938943,-4.09027063542511e-07,-5.99300926476642e-08,0.909485669429762,0.111102085205035
15840,-1.78201,0.907981,-3.7906333262591e-07,-7.84958439008478e-08,0.919253778306162,0.999999999951483
15840,-1.79759,0.876742,-3.43929907808793e-07,-8.27364918187474e-08,0.909485669429984,-0.111102085301589
15839,-1.81262,0.845237,-3.15006286940451e-07,-9.64697390387202e-08,0.915346582364318,0.777752503835071
15839,-1.82709,0.813473,-2.82444495241683e-07,-9.80669772694036e-08,0.910462498171391,-0.333308963330024
15838,-1.84101,0.781462,-2.55057111629893e-07,-1.07215226119482e-07,0.912416143750253,0.555523964056986
15838,-1.85437,0.749213,-2.25341861940865e-07,-1.06286807291675e-07,0.912416143751674,-0.555523964183544
15837,-1.86716,0.716736,-1.99956486326793e-07,-1.11146529435451e-07,0.910462498170589,0.333308963203294
15837,-1.87939,0.68404,-1.73345106500903e-07,-1.07836193956925e-07,0.915346582366259,-0.777752503962095
15836,-1.89104,0.651136,-1.50393023864012e-07,-1.08751483327451e-07,0.909485669429715,0.111102085173074
15835,-1.90211,0.618034,-1.28499032171787e-07,-1.07463296798325e-07,0.919253778305508,0.999999999918209
15835,-1.91261,0.584743,-1.06996919590966e-07,-1.00588329786309e-07,0.909485669430068,-0.111102085335144
15834,-1.92252,0.551275,-8.8175005092994e-08,-9.5982410011496e-08,0.915346582363818,0.777752503801208
15834,-1.93185,0.517638,-7.03342526599513e-08,-8.7281309245924e-08,0.910462498171639,-0.333308963364235
15833,-1.94059,0.483844,-5.49081493784285e-08,-7.98187229139756e-08,0.912416143749876,0.555523964021923
15833,-1.94874,0.449902,-4.09020969584093e-08,-6.95152370543577e-08,0.912416143752063,-0.555523964220183
15832,-1.9563,0.415823,-2.91478223922415e-08,-5.96931120161574e-08,0.910462498170272,0.333308963168156
15832,-1.96325,0.381618,-1.91230385509455e-08,-4.80284198060553e-08,0.915346582366716,-0.7777525039937
15831,-1.96962,0.347296,-1.12649964489569e-08,-3.63737308659469e-08,0.909485669429575,0.111102085145728
15830,-1.97538,0.312869,-5.36784170423679e-09,-2.37851536752951e-08,0.91925377830502,0.999999999895294
15830,-1.98054,0.278346,-1.54616603496889e-09,-1.0665673235824e-08,0.909485669430092,-0.111102085358556
15829,-1.98509,0.243739,1.90161292244353e-10,2.87504153384647e-09,0.915346582363415,0.777752503777664
15829,-1.98904,0.209057,-1.88188058013903e-10,1.66008624690372e-08,0.910462498171765,-0.333308963386404
15828,-1.99239,0.174311,-2.68462973884647e-09,3.05262039946132e-08,0.912416143749651,0.555523964001473
15828,-1.99513,0.139513,-7.29475120467847e-09,4.45821686869796e-08,0.912416143752222,-0.5555239642384
15827,-1.99726,0.104672,-1.40350020741863e-08,5.8324386732167e-08,0.910462498170184,0.3333089631488
15827,-1.99878,0.069799,-2.28745998934633e-08,7.24327483378502e-08,0.915346582367074,-0.777752504016448
15826,-1.9997,0.0349048,-3.3809042412226e-08,8.543029461586e-08,0.909485669429527,0.111102085121831
15825,-2,2.46315e-16,-4.68416535476475e-08,9.78433833229746e-08,0.919253778304535,0.999999999870803
15825,-1.9997,-0.0349048,-6.18610911450112e-08,1.11017209604944e-07,0.909485669430051,-0.111102085378547
15824,-1.99878,-0.069799,-7.88974244444029e-08,1.21812176132042e-07,0.915346582363134,0.777752503762804
15824,-1.99726,-0.104672,-9.79537431357827e-08,1.34277784805379e-07,0.910462498171696,-0.333308963393566
15823,-1.99513,-0.139513,-1.18790194473265e-07,1.42928046264379e-07,0.912416143749586,0.555523964001405
15823,-1.99239,-0.174311,-1.41760545250848e-07,1.54430159584145e-07,0.912416143752114,-0.555523964232279
15822,-1.98904,-0.209057,-1.66138909098734e-07,1.60429888064391e-07,0.910462498170195,0.333308963161688
15822,-1.98509,-0.243739,-1.92870105143483e-07,1.7072512747575e-07,0.915346582366744,-0.7777525039964
15821,-1.98054,-0.278346,-2.20480416611666e-07,1.73593663262299e-07,0.909485669429545,0.111102085145526
15820,-1.97538,-0.312869,-2.49528263751391e-07,1.74484314973012e-07,0.919253778305042,0.999999999897283
15820,-1.96962,-0.347296,-2.81275203125156e-07,1.81740960517728e-07,0.909485669429957,-0.111102085350017
15819,-1.96325,-0.381618,-3.12958843437579e-07,1.78794384730311e-07,0.915346582363609,0.777752503792499
15819,-1.9563,-0.415823,-3.4791526489136e-07,1.84248199051059e-07,0.910462498171549,-0.333308963366345
15818,-1.94874,-0.449902,-3.81807522348967e-07,1.77079415223077e-07,0.912416143749872,0.555523964026319
15818,-1.94059,-0.483844,-4.1973109228386e-07,1.80554374286356e-07,0.91241614375188,-0.555523964209544
15817,-1.93185,-0.517638,-4.55370615464759e-07,1.68826582889005e-07,0.910462498170337,0.33330896318265
15817,-1.92252,-0.551275,-4.96000079183717e-07,1.70169351374873e-07,0.915346582366458,-0.777752503976945
15816,-1.91261,-0.584743,-5.3289708344363e-07,1.53598407631634e-07,0.909485669429567,0.111102085165898
15815,-1.90211,-0.618034,-5.69925429736477e-07,1.34123496726315e-07,0.919253778305528,0.999999999919178
15815,-1.89104,-0.651136,-6.13597590992959e-07,1.3103792308113e-07,0.90948566942994,-0.111102085328262
15814,-1.87939,-0.68404,-6.51038820045031e-07,1.06392803345196e-07,0.915346582363942,0.77775250381428
15814,-1.86716,-0.716736,-6.96652775740884e-07,1.0087140389919e-07,0.910462498171397,-0.333308963343943
15813,-1.85437,-0.749213,-7.33968955852342e-07,7.09243938892649e-08,0.912416143750119,0.555523964050056
15813,-1.84101,-0.781462,-7.81219633620392e-07,6.29094869452734e-08,0.912416143751582,-0.555523964183381
15812,-1.82709,-0.813473,-8.17863983821326e-07,2.7586899619486e-08,0.910462498170486,0.333308963212263
15812,-1.81262,-0.845237,-8.6643868592967e-07,1.70481237666155e-08,0.915346582365912,-0.777752503943197
15811,-1.79759,-0.876742,-9.01860568702909e-07,-2.36662042160391e-08,0.909485669429641,0.111102085200675
15810,-1.78201,-0.907981,-9.35811473012722e-07,-6.74081501356019e-08,0.919253778306197,0.999999999954239
15810,-1.7659,-0.938943,-9.8509193568931e-07,-8.27979063450181e-08,0.90948566942985,-0.11110208529261
15809,-1.74924,-0.969619,-1.0169228038831e-06,-1.31814909638054e-07,0.915346582364535,0.777752503850301
15809,-1.73205,-1,-1.06669376987083e-06,-1.496899215484e-07,0.9104624981712,-0.333308963308458
15808,-1.71433,-1.03008,-1.09586489459119e-06,-2.0385438445325e-07,0.912416143750526,0.555523964084446
15808,-1.6961,-1.05984,-1.14581139690436e-06,-2.24144314040311e-07,0.912416143751243,-0.555523964150944
15807,-1.67734,-1.08928,-1.17179614834182e-06,-2.83276987936733e-07,0.910462498170725,0.333308963242434
15807,-1.65808,-1.11839,-1.2216080383171e-06,-3.05884579056899e-07,0.915346582365503,-0.7777525039155
15806,-1.6383,-1.14715,-1.2438971802081e-06,-3.69754241572768e-07,0.90948566942967,0.111102085228524
15805,-1.61803,-1.17557,-1.26316292451956e-06,-4.35995226840504e-07,0.919253778306763,0.999999999982893
15805,-1.59727,-1.20363,-1.31137734305288e-06,-4.62878816646786e-07,0.909485669429812,-0.111102085265547
15804,-1.57602,-1.23132,-1.3261679268807e-06,-5.3333786461871e-07,0.915346582364898,0.777752503876549
15804,-1.55429,-1.25864,-1.37348461462598e-06,-5.62164016179571e-07,0.910462498170935,-0.333308963280012
15803,-1.53209,-1.28558,-1.38336510297319e-06,-6.3647175610338e-07,0.912416143750815,0.555523964114853
15803,-1.50942,-1.31212,-1.42951232244367e-06,-6.6704619904016e-07,0.912416143750855,-0.555523964118957
15802,-1.48629,-1.33826,-1.43408323739169e-06,-7.4478406534347e-07,0.910462498170897,0.333308963276791
15802,-1.46271,-1.364,-1.47880322295038e-06,-7.76887258430375e-07,0.915346582364928,-0.77775250387821
15801,-1.43868,-1.38932,-1.47770483335571e-06,-8.57590150818712e-07,0.909485669429954,0.111102085257172
15801,-1.41421,-1.41421,-1.52075704406923e-06,-8.90979210843305e-07,0.919253778307098,-0.999999999999989
10084,-1.38932,-1.43868,-1.51367085564654e-06,-9.74140273114244e-07,-0.909485669429983,0.111102085260242
10184,-1.364,-1.46271,-1.50225654200575e-06,-1.0579342495611e-06,-0.915346582364814,-0.777752503871363
10184,-1.33826,-1.48629,-1.54148666199509e-06,-1.09362506741458e-06,-0.910462498171062,0.333308963290425
10284,-1.31212,-1.50942,-1.52367874083502e-06,-1.17894868219111e-06,-0.912416143750702,-0.555523964098991
10284,-1.28558,-1.53209,-1.5607255386435e-06,-1.2151844605152e-06,-0.912416143751175,0.55552396414059
10384,-1.25864,-1.55429,-1.53633204771066e-06,-1.3014488508027e-06,-0.910462498170858,-0.333308963247603
10384,-1.23132,-1.57602,-1.57103582041359e-06,-1.33791557263578e-06,-0.915346582365569,0.777752503916277
10484,-1.20363,-1.59727,-1.53991765202044e-06,-1.42451186738874e-06,-0.909485669429755,-0.111102085221656
10584,-1.17557,-1.61803,-1.50414705446591e-06,-1.51028629903082e-06,-0.919253778306467,-0.999999999969833
10584,-1.14715,-1.6383,-1.53421991231417e-06,-1.54718840299771e-06,-0.909485669429891,0.111102085282108
10684,-1.11839,-1.65808,-1.49163013671336e-06,-1.63225647064457e-06,-0.915346582364624,-0.777752503855743
10684,-1.08928,-1.67734,-1.51911009353577e-06,-1.66851450934924e-06,-0.910462498171255,0.333308963307532
10784,-1.05984,-1.6961,-1.46970998548476e-06,-1.75224757141301e-06,-0.912416143750544,-0.555523964080908
10784,-1.03008,-1.71433,-1.49454708320674e-06,-1.78752103038446e-06,-0.912416143751393,0.555523964158839
10884,-1,-1.73205,-1.43840558005391e-06,-1.86929224988222e-06,-0.910462498170715,-0.333308963230315
10884,-0.969619,-1.74924,-1.46058086564795e-06,-1.9032411898077e-06,-0.915346582365772,0.777752503931858
10984,-0.938943,-1.7659,-1.3978270244706e-06,-1.98243150212442e-06,-0.909485669429763,-0.111102085205032
11084,-0.907981,-1.78201,-1.33066036052313e-06,-2.0588923801845e-06,-0.919253778306154,-0.99999999995149
11084,-0.876742,-1.79759,-1.34817991058935e-06,-2.09072441989067e-06,-0.909485669429981,0.111102085301552
11184,-0.845237,-1.81262,-1.2747583852053e-06,-2.16360348355501e-06,-0.915346582364332,-0.777752503835052
11184,-0.813473,-1.82709,-1.28976599274718e-06,-2.19325724471462e-06,-0.910462498171421,0.333308963330044
11284,-0.781462,-1.84101,-1.210389830519e-06,-2.26198078652935e-06,-0.912416143750289,-0.555523964056998
11284,-0.749213,-1.85437,-1.22298262805701e-06,-2.28915292620916e-06,-0.912416143751684,0.555523964183542
11384,-0.716736,-1.86716,-1.13801724211376e-06,-2.35317741222598e-06,-0.910462498170579,-0.333308963203316
11384,-0.68404,-1.87939,-1.14832161678316e-06,-2.37758223592151e-06,-0.915346582366256,0.777752503962127
11484,-0.651136,-1.89104,-1.05819363247762e-06,-2.43639911076037e-06,-0.9094856694297,-0.111102085173069
11584,-0.618034,-1.90211,-9.64775234990923e-07,-2.49077760603288e-06,-0.919253778305473,-0.9999999999182
11584,-0.584743,-1.91261,-9.71556343147141e-07,-2.5109116104623e-06,-0.909485669430035,0.111102085335111
11684,-0.551275,-1.92252,-8.73818098428656e-07,-2.55931271742343e-06,-0.915346582363772,-0.777752503801188
11684,-0.517638,-1.93185,-8.7881988888793e-07,-2.57604858489259e-06,-0.910462498171642,0.333308963364261
11784,-0.483844,-1.94059,-7.77328348074547e-07,-2.61808170416277e-06,-0.912416143749915,-0.555523964021929
11784,-0.449902,-1.94874,-7.80764592380387e-07,-2.63121611043165e-06,-0.912416143752077,0.555523964220183
11884,-0.415823,-1.9563,-6.7612431982378e-07,-2.66654132043769e-06,-0.910462498170266,-0.33330896316818
11884,-0.381618,-1.96325,-6.78226525884519e-07,-2.67589411823079e-06,-0.915346582366712,0.777752503993725
11984,-0.347296,-1.96962,-5.71073825405463e-07,-2.70422273674478e-06,-0.909485669429565,-0.111102085145729
12084,-0.312869,-1.97538,-4.62532187900207e-07,-2.72699106209041e-06,-0.919253778305011,-0.999999999895287
12084,-0.278346,-1.98054,-4.63085712015776e-07,-2.73073732381852e-06,-0.909485669430107,0.111102085358526
12184,-0.243739,-1.98509,-3.53157578036563e-07,-2.7461428358497e-06,-0.915346582363447,-0.777752503777644
12184,-0.209057,-1.98904,-3.5310305404459e-07,-2.74577869460553e-06,-0.910462498171781,0.333308963386432
12284,-0.174311,-1.99239,-2.42478154923371e-07,-2.75368424671083e-06,-0.912416143749663,-0.555523964001473
12284,-0.139513,-1.99513,-2.42092883006806e-07,-2.74912887006818e-06,-0.912416143752267,0.555523964238395
12384,-0.104672,-1.99726,-1.31470387956792e-07,-2.74945869486127e-06,-0.910462498170238,-0.333308963148834
12384,-0.069799,-1.99878,-1.31039070727033e-07,-2.74066140442112e-06,-0.915346582367131,0.777752504016471
12484,-0.0349048,-1.9997,-2.11215680829599e-08,-2.73340277053504e-06,-0.909485669429557,-0.111102085121833
12584,-4.35203e-16,-2,8.79832455021231e-08,-2.72034878472581e-06,-0.919253778304537,-0.999999999870803
12584,0.0349048,-1.9997,8.75804963302215e-08,-2.70555665776964e-06,-0.909485669430058,0.111102085378513
12684,0.069799,-1.99878,1.94816779487547e-07,-2.68504231305658e-06,-0.915346582363139,-0.777752503762792
12684,0.104672,-1.99726,1.93655079358592e-07,-2.66606747504449e-06,-0.9104624981717,0.333308963393593
12784,0.139513,-1.99513,2.98345388614212e-07,-2.63826421922646e-06,-0.912416143749591,-0.555523964001403
12784,0.174311,-1.99239,2.96140515379095e-07,-2.61519832652354e-06,-0.912416143752134,0.555523964232273
12884,0.209057,-1.98904,3.97627240312912e-07,-2.58035746043099e-06,-0.91046249817019,-0.333308963161724
12884,0.243739,-1.98509,3.94105169377974e-07,-2.55334214863118e-06,-0.915346582366752,0.777752503996427
12984,0.278346,-1.98054,4.91761595141675e-07,-2.51180056389394e-06,-0.909485669429543,-0.111102085145531
13084,0.312869,-1.97538,5.86563802151947e-07,-2.46520713805571e-06,-0.919253778305079,-0.999999999897294
13084,0.347296,-1.96962,5.7990677147112e-07,-2.43321504695798e-06,-0.909485669429971,0.111102085349981
13184,0.381618,-1.96325,6.69918401809453e-07,-2.3806438323147e-06,-0.915346582363621,-0.777752503792476
13184,0.415823,-1.9563,6.61297791385766e-07,-2.3453673025404e-06,-0.910462498171561,0.33330896336634
13284,0.449902,-1.94874,7.46025606775491e-07,-2.28738132153654e-06,-0.912416143749886,-0.555523964026324
13284,0.483844,-1.94059,7.35266103600728e-07,-2.24915925588008e-06,-0.912416143751904,0.555523964209538
13384,0.517638,-1.93185,8.14287725190839e-07,-2.18639804350074e-06,-0.910462498170363,-0.333308963182687
13384,0.551275,-1.92252,8.01253502854547e-07,-2.14561214064624e-06,-0.915346582366464,0.777752503976962
13484,0.584743,-1.91261,8.74225140113681e-07,-2.07877439325053e-06,-0.909485669429569,-0.111102085165906
13584,0.618034,-1.90211,9.42868984224109e-07,-2.00853044171876e-06,-0.919253778305519,-0.999999999919186
13584,0.651136,-1.89104,9.25483967975874e-07,-1.96566227435386e-06,-0.909485669429928,0.111102085328226
13684,0.68404,-1.87939,9.87637099400581e-07,-1.89252672806601e-06,-0.915346582363942,-0.777752503814258
13684,0.716736,-1.86716,9.67837904011592e-07,-1.84824868257676e-06,-0.910462498171394,0.333308963343945
13784,0.749213,-1.85437,1.02337881305035e-06,-1.77297645695135e-06,-0.912416143750121,-0.555523964050058
13784,0.781462,-1.84101,1.0011832922702e-06,-1.72771581841668e-06,-0.91241614375158,0.555523964183364
13884,0.813473,-1.82709,1.05006800476552e-06,-1.65103885169813e-06,-0.91046249817049,-0.333308963212306
13884,0.845237,-1.81262,1.02552516630998e-06,-1.60520734687924e-06,-0.915346582365913,0.777752503943214
13984,0.876742,-1.79759,1.06777542023229e-06,-1.52782050309342e-06,-0.909485669429626,-0.1111020852007
14084,0.907981,-1.78201,1.10521740035475e-06,-1.44906989466885e-06,-0.919253778306215,-0.999999999954254
14084,0.938943,-1.7659,1.07665475454056e-06,-1.40436429287152e-06,-0.909485669429858,0.111102085292581
14184,0.969619,-1.74924,1.10757802154114e-06,-1.32597424346399e-06,-0.915346582364524,-0.777752503850263
14184,1,-1.73205,1.07692663025107e-06,-1.28163832148273e-06,-0.910462498171194,0.333308963308465
14284,1.03008,-1.71433,1.10148416602526e-06,-1.20418825521953e-06,-0.91241614375052,-0.55552396408445
14284,1.05984,-1.6961,1.06886757222873e-06,-1.16053284456157e-06,-0.912416143751235,0.55552396415093
14384,1.08928,-1.67734,1.08724887925727e-06,-1.08455593554976e-06,-0.910462498170724,-0.333308963242461
14384,1.11839,-1.65808,1.05280774210135e-06,-1.0418707795112e-06,-0.915346582365498,0.777752503915531
14484,1.14715,-1.6383,1.06523941438957e-06,-9.67865736975317e-07,-0.909485669429676,-0.111102085228531
14584,1.17557,-1.61803,1.07327906168204e-06,-8.94353436014922e-07,-0.919253778306762,-0.999999999982903
14584,1.20363,-1.59727,1.03588647297978e-06,-8.54864994353227e-07,-0.909485669429825,0.1111020852655
14684,1.23132,-1.57602,1.03842986312517e-06,-7.84138510234227e-07,-0.91534658236492,-0.777752503876537
14684,1.25864,-1.55429,9.99688126977014e-07,-7.4626330248862e-07,-0.910462498170955,0.333308963280004
14784,1.28558,-1.53209,9.97078750703999e-07,-6.78749860488329e-07,-0.912416143750819,-0.555523964114867
14784,1.31212,-1.50942,9.57212540520003e-07,-6.42728309679349e-07,-0.912416143750872,0.555523964118932
14884,1.33826,-1.48629,9.49840521162407e-07,-5.78822088110425e-07,-0.910462498170903,-0.333308963276861
14884,1.364,-1.46271,9.09098013819204e-07,-5.44878803239187e-07,-0.915346582364901,0.777752503878194
14984,1.38932,-1.43868,8.97397784572482e-07,-4.84935771024784e-07,-0.909485669429939,-0.111102085257194
14984,1.41421,-1.41421,8.56049675813356e-07,-4.53277126696372e-07,-0.919253778307102,0.999999999999985
5850,1.43868,-1.38932,8.40494462774471e-07,-3.97606957414585e-07,0.909485669429985,-0.111102085260202
5849,1.46271,-1.364,8.21949555068032e-07,-3.44094014582339e-07,0.915346582364833,0.777752503871339
5849,1.48629,-1.33826,7.79923327222971e-07,-3.17275842755976e-07,0.910462498171102,-0.333308963290407
5848,1.50942,-1.31212,7.5836380039996e-07,-2.68468978163856e-07,0.91241614375073,0.555523964099018
5848,1.53209,-1.28558,7.16514694276203e-07,-2.44298608854304e-07,0.912416143751186,-0.555523964140576
5847,1.55429,-1.25864,6.92482700354283e-07,-2.00357705464872e-07,0.91046249817085,0.333308963247604
5847,1.57602,-1.23132,6.51125060573171e-07,-1.78944563500533e-07,0.91534658236556,-0.777752503916265
5846,1.59727,-1.20363,6.25174353492173e-07,-1.39969886601601e-07,0.909485669429786,0.111102085221649
5845,1.61803,-1.17557,5.97508889054111e-07,-1.03663100604061e-07,0.919253778306525,0.999999999969829
5845,1.6383,-1.14715,5.57316298812298e-07,-8.74284626332643e-08,0.909485669429914,-0.11110208528211
5844,1.65808,-1.11839,5.28657765051617e-07,-5.61691032618574e-08,0.915346582364627,0.777752503855747
5844,1.67734,-1.08928,4.89790365749996e-07,-4.27732281611872e-08,0.910462498171258,-0.333308963307527
5843,1.6961,-1.05984,4.60695753694552e-07,-1.65153198512825e-08,0.912416143750537,0.555523964080912
5843,1.71433,-1.03008,4.23472385048493e-07,-5.96109033057605e-09,0.912416143751378,-0.555523964158821
5842,1.73205,-1,3.94486343157955e-07,1.53936623259673e-08,0.910462498170701,0.333308963230334
5842,1.74924,-0.969619,3.59218881914738e-07,2.3132381120333e-08,0.915346582365767,-0.777752503931841
5841,1.7659,-0.938943,3.30869042295144e-07,3.97317111780232e-08,0.909485669429766,0.111102085205045
5840,1.78201,-0.907981,3.024487423087e-07,5.37121905844769e-08,0.919253778306158,0.99999999995149
5840,1.79759,-0.876742,2.70656022876734e-07,5.67482071569171e-08,0.909485669429983,-0.111102085301555
5839,1.81262,-0.845237,2.43701375785107e-07,6.62767572884202e-08,0.915346582364319,0.777752503835052
5839,1.82709,-0.813473,2.14625694044294e-07,6.67668255458291e-08,0.910462498171384,-0.333308963330046
5838,1.84101,-0.781462,1.89603906667621e-07,7.21144161593055e-08,0.912416143750258,0.555523964056995
5838,1.85437,-0.749213,1.63514985529862e-07,7.01846726150025e-08,0.91241614375167,-0.555523964183538
5837,1.86716,-0.716736,1.40862549555551e-07,7.16689412275311e-08,0.91046249817059,0.333308963203332
5837,1.87939,-0.68404,1.18011092790713e-07,6.74710216354166e-08,0.915346582366259,-0.777752503962114
5836,1.89104,-0.651136,9.81286809238312e-08,6.54550441664933e-08,0.909485669429712,0.11110208517308
5835,1.90211,-0.618034,7.95104905546126e-08,6.15244779276036e-08,0.919253778305505,0.999999999918216
5835,1.91261,-0.584743,6.19920367438116e-08,5.40540401084352e-08,0.909485669430072,-0.111102085335106
5834,1.92252,-0.551275,4.67274093095677e-08,4.72748636875715e-08,0.915346582363824,0.777752503801191
5834,1.93185,-0.517638,3.29766243275127e-08,3.81085974014747e-08,0.910462498171638,-0.333308963364257
5833,1.94059,-0.483844,2.13563501042889e-08,2.8952157411826e-08,0.912416143749874,0.555523964021932
5833,1.94874,-0.449902,1.15378335488483e-08,1.83176461098255e-08,0.91241614375206,-0.555523964220175
5832,1.9563,-0.415823,3.80544144636697e-09,7.28805480746054e-09,0.910462498170272,0.333308963168192
5832,1.96325,-0.381618,-1.9430072260411e-09,-4.57086793775774e-09,0.915346582366721,-0.777752503993719
5831,1.96962,-0.347296,-5.59560288114304e-09,-1.69440132899752e-08,0.909485669429573,0.111102085145735
5830,1.97538,-0.312869,-7.19343153320471e-09,-2.99495257724855e-08,0.919253778305019,0.999999999895301
5830,1.98054,-0.278346,-6.60120629776238e-09,-4.29400166743127e-08,0.909485669430095,-0.11110208535852
5829,1.98509,-0.243739,-3.91073308037782e-09,-5.64196185076289e-08,0.915346582363408,0.777752503777643
5829,1.98904,-0.209057,9.45234242069099e-10,-6.98765998106544e-08,0.910462498171767,-0.333308963386425
5828,1.99239,-0.174311,7.96459868739129e-09,-8.32735932909105e-08,0.91241614374965,0.555523964001481
5828,1.99513,-0.139513,1.71071839706728e-08,-9.69214239727015e-08,0.912416143752221,-0.555523964238393
5827,1.99726,-0.104672,2.84349860509628e-08,-1.09681907635967e-07,0.910462498170182,0.333308963148836
5827,1.99878,-0.069799,4.18519896451345e-08,-1.23243732620093e-07,0.915346582367075,-0.777752504016468
5826,1.9997,-0.0349048,5.74063087730671e-08,-1.34822240416189e-07,0.909485669429527,0.111102085121839
