origElemNum,globCoord-x,globCoord-y,acouIntensity-x,acouIntensity-y,locCoord-xi,locCoord-eta
5825,2,-2.20442e-18,6.66635270536696e-09,-1.81469102384206e-09,0.919253778304535,0.999999999870795
5825,1.9997,0.0349048,1.55726363669184e-08,-3.34654925657226e-09,0.909485669430051,-0.11110208537854
5824,1.99878,0.069799,2.71789628248278e-08,-3.84298013976334e-09,0.915346582363134,0.7777525037628
5824,1.99726,0.104672,4.16516393968013e-08,-4.77252396203639e-09,0.910462498171695,-0.333308963393583
5823,1.99513,0.139513,5.87255573289939e-08,-3.51129617243509e-09,0.912416143749585,0.555523964001403
5823,1.99239,0.174311,7.86518857186388e-08,-3.51728600363453e-09,0.912416143752112,-0.555523964232293
5822,1.98904,0.209057,1.00985960126379e-07,1.91719352306236e-10,0.910462498170195,0.33330896316169
5822,1.98509,0.243739,1.26219839140742e-07,1.41982253410607e-09,0.915346582366752,-0.777752503996411
5821,1.98054,0.278346,1.53529410061095e-07,8.24199904390309e-09,0.909485669429537,0.111102085145532
5820,1.97538,0.312869,1.82916316394089e-07,1.71624247730921e-08,0.91925377830504,0.999999999897275
5820,1.96962,0.347296,2.15818648466484e-07,2.15678467406108e-08,0.909485669429959,-0.111102085350008
5819,1.96325,0.381618,2.49564923711093e-07,3.45673968212245e-08,0.915346582363608,0.777752503792493
5819,1.9563,0.415823,2.87216832769843e-07,4.10400806819663e-08,0.910462498171543,-0.333308963366333
5818,1.94874,0.449902,3.24859654805199e-07,5.86813804291242e-08,0.912416143749872,0.555523964026318
5818,1.94059,0.483844,3.66994620340109e-07,6.74638016456742e-08,0.912416143751876,-0.555523964209557
5817,1.93185,0.517638,4.08009241285133e-07,9.02592983522712e-08,0.910462498170338,0.333308963182653
5817,1.92252,0.551275,4.54336027691999e-07,1.01570377805162e-07,0.915346582366455,-0.777752503976955
5816,1.91261,0.584743,4.98140017325772e-07,1.29975958250666e-07,0.909485669429567,0.111102085165898
5815,1.90211,0.618034,5.42586624514365e-07,1.61728915046007e-07,0.919253778305533,0.999999999919169
5815,1.89104,0.651136,5.94303649398082e-07,1.7841782864486e-07,0.909485669429933,-0.111102085328256
5814,1.87939,0.68404,6.40516927378958e-07,2.16357289018611e-07,0.915346582363941,0.777752503814277
5814,1.86716,0.716736,6.95490218326755e-07,2.36078615727909e-07,0.910462498171402,-0.333308963343933
5813,1.85437,0.749213,7.42776415248887e-07,2.80493504026725e-07,0.912416143750119,0.555523964050056
5813,1.84101,0.781462,8.00642098169474e-07,3.03357675328421e-07,0.912416143751575,-0.555523964183394
5812,1.82709,0.813473,8.48277949057431e-07,3.54467682617925e-07,0.910462498170486,0.333308963212263
5812,1.81262,0.845237,9.08662469866885e-07,3.80555502848636e-07,0.915346582365915,-0.777752503943209
5811,1.79759,0.876742,9.55902044604249e-07,4.38507506417488e-07,0.909485669429635,0.111102085200681
5810,1.78201,0.907981,1.00190037283914e-06,5.00303522813013e-07,0.919253778306195,0.999999999954235
5810,1.7659,0.938943,1.06451000016241e-06,5.32739762308016e-07,0.909485669429844,-0.111102085292603
5809,1.74924,0.969619,1.10891378144186e-06,6.01451687963612e-07,0.915346582364538,0.777752503850291
5809,1.73205,1,1.17295243823277e-06,6.37190253106901e-07,0.910462498171199,-0.333308963308445
5808,1.71433,1.03008,1.21499140686619e-06,7.12774166520808e-07,0.912416143750526,0.555523964084446
5808,1.6961,1.05984,1.28006881430615e-06,7.51773505159901e-07,0.912416143751246,-0.555523964150953
5807,1.67734,1.08928,1.31896858337393e-06,8.34099922734229e-07,0.910462498170725,0.333308963242434
5807,1.65808,1.11839,1.38469261556713e-06,8.76284344118239e-07,0.915346582365508,-0.777752503915519
5806,1.6383,1.14715,1.41968354101989e-06,9.65139657440032e-07,0.909485669429676,0.11110208522853
5805,1.61803,1.17557,1.45147726360393e-06,1.0574569881641e-06,0.919253778306765,0.999999999982884
5805,1.59727,1.20363,1.5159911473938e-06,1.10549022474922e-06,0.909485669429817,-0.111102085265541
5804,1.57602,1.23132,1.54271626545641e-06,1.20382791942682e-06,0.9153465823649,0.777752503876539
5804,1.55429,1.25864,1.60677036998149e-06,1.25463286313197e-06,0.910462498170939,-0.333308963279996
5803,1.53209,1.28558,1.62770699061264e-06,1.35856525078396e-06,0.912416143750815,0.555523964114853
5803,1.50942,1.31212,1.69092886122094e-06,1.41192833441898e-06,0.91241614375085,-0.555523964118972
5802,1.48629,1.33826,1.70538303850768e-06,1.52094171633779e-06,0.910462498170897,0.333308963276791
5802,1.46271,1.364,1.76740837547146e-06,1.57661205594738e-06,0.915346582364929,-0.77775250387822
5801,1.43868,1.38932,1.77471816622177e-06,1.69010088386392e-06,0.909485669429954,0.111102085257182
5801,1.41421,1.41421,1.83519211644442e-06,1.74778874357182e-06,0.919253778307104,-0.999999999999994
850,1.38932,1.43868,1.83473569559714e-06,1.86505201800459e-06,0.909485669429991,-0.111102085260227
849,1.364,1.46271,1.82919450449011e-06,1.98406855861566e-06,0.915346582364834,0.777752503871359
849,1.33826,1.48629,1.88452137208533e-06,2.04466781082549e-06,0.910462498171096,-0.333308963290402
848,1.31212,1.50942,1.87041870749034e-06,2.16618876105088e-06,0.912416143750729,0.555523964099008
848,1.28558,1.53209,1.92324025456344e-06,2.22768750781093e-06,0.912416143751184,-0.555523964140596
847,1.25864,1.55429,1.90012587535605e-06,2.3507772555549e-06,0.910462498170846,0.333308963247574
847,1.23132,1.57602,1.95015807533572e-06,2.41272749697319e-06,0.915346582365554,-0.777752503916259
846,1.20363,1.59727,1.91767185161455e-06,2.53637649092636e-06,0.90948566942978,0.111102085221654
845,1.17557,1.61803,1.87961614600104e-06,2.66009802082969e-06,0.919253778306528,0.999999999969813
845,1.14715,1.6383,1.92255361476466e-06,2.72145833624074e-06,0.909485669429915,-0.111102085282135
844,1.11839,1.65808,1.87486273878203e-06,2.84412603615302e-06,0.915346582364625,0.777752503855763
844,1.08928,1.67734,1.91443032176995e-06,2.90447155607245e-06,0.910462498171253,-0.333308963307521
843,1.05984,1.6961,1.85703191214928e-06,3.02502324813662e-06,0.912416143750542,0.555523964080906
843,1.03008,1.71433,1.89313256176401e-06,3.08387976810529e-06,0.912416143751377,-0.555523964158847
842,1,1.73205,1.82607302839978e-06,3.20127008817858e-06,0.910462498170698,0.333308963230309
842,0.969619,1.74924,1.85866086082063e-06,3.25817958162457e-06,0.915346582365766,-0.777752503931825
841,0.938943,1.7659,1.78210454554322e-06,3.37138724748618e-06,0.909485669429764,0.111102085205048
840,0.907981,1.78201,1.70039102584899e-06,3.48236078072746e-06,0.919253778306164,0.99999999995148
840,0.876742,1.79759,1.72540946933193e-06,3.53395167769218e-06,0.909485669429979,-0.11110208530158
839,0.845237,1.81262,1.63474989414653e-06,3.63926597254178e-06,0.91534658236432,0.777752503835068
839,0.813473,1.82709,1.65643059409114e-06,3.68762738434948e-06,0.91046249817139,-0.33330896333004
838,0.781462,1.84101,1.5572730486593e-06,3.78640208129815e-06,0.912416143750255,0.555523964056983
838,0.749213,1.85437,1.57575971948707e-06,3.83119982630294e-06,0.912416143751674,-0.555523964183563
837,0.716736,1.86716,1.46864350237764e-06,3.92264779079407e-06,0.910462498170584,0.333308963203304
837,0.68404,1.87939,1.48411836876414e-06,3.96359540807228e-06,0.915346582366261,-0.777752503962098
836,0.651136,1.89104,1.36965865064347e-06,4.04702463624077e-06,0.909485669429719,0.111102085173086
835,0.618034,1.90211,1.25146703521937e-06,4.12640042835123e-06,0.919253778305509,0.999999999918205
835,0.584743,1.91261,1.26120870522367e-06,4.15868432923765e-06,0.909485669430073,-0.111102085335132
834,0.551275,1.92252,1.13678408218022e-06,4.22913633281685e-06,0.915346582363819,0.777752503801204
834,0.517638,1.93185,1.14425866194979e-06,4.256894626061e-06,0.910462498171637,-0.333308963364254
833,0.483844,1.94059,1.01435481921851e-06,4.31794165062959e-06,0.912416143749877,0.55552396402192
833,0.449902,1.94874,1.01983503136237e-06,4.34103701051113e-06,0.91241614375206,-0.555523964220202
832,0.415823,1.9563,8.85244073614839e-07,4.39228159845802e-06,0.910462498170279,0.333308963168166
832,0.381618,1.96325,8.89014108115123e-07,4.41061158508698e-06,0.915346582366717,-0.777752503993703
831,0.347296,1.96962,7.50557257530264e-07,4.45174333012524e-06,0.909485669429573,0.111102085145737
830,0.312869,1.97538,6.10314030439008e-07,4.48782555138581e-06,0.919253778305012,0.99999999989529
830,0.278346,1.98054,6.11428042459802e-07,4.49603703087614e-06,0.909485669430091,-0.111102085358547
829,0.243739,1.98509,4.6866008136905e-07,4.52168360365146e-06,0.915346582363415,0.77775250377766
829,0.209057,1.98904,4.69006090994316e-07,4.52499118514652e-06,0.910462498171767,-0.333308963386422
828,0.174311,1.99239,3.2456909565528e-07,4.5401074574523e-06,0.912416143749651,0.55552396400147
828,0.139513,1.99513,3.24446745774491e-07,4.53854091748252e-06,0.912416143752224,-0.555523964238419
827,0.104672,1.99726,1.79199914063177e-07,4.54310535275118e-06,0.910462498170184,0.33330896314881
827,0.069799,1.99878,1.78904862147513e-07,4.53671807628516e-06,0.915346582367074,-0.777752504016452
826,0.0349048,1.9997,3.37057579889231e-08,4.53077789495201e-06,0.909485669429527,0.111102085121841
825,1.27747e-16,2,-1.11157730953905e-07,4.51964453846753e-06,0.919253778304535,0.999999999870799
825,-0.0349048,1.9997,-1.10772366123136e-07,4.50331213238146e-06,0.909485669430051,-0.111102085378537
824,-0.069799,1.99878,-2.54232470194253e-07,4.48187059328493e-06,0.915346582363134,0.777752503762801
824,-0.104672,1.99726,-2.53113330150315e-07,4.46097746923668e-06,0.910462498171695,-0.333308963393583
823,-0.139513,1.99513,-3.94340826901615e-07,4.4294402448378e-06,0.912416143749585,0.555523964001401
823,-0.174311,1.99239,-3.92222104754885e-07,4.40411909055781e-06,0.912416143752112,-0.555523964232297
822,-0.209057,1.98904,-5.30406480319197e-07,4.3627542964945e-06,0.910462498170195,0.333308963161685
822,-0.243739,1.98509,-5.27032881553712e-07,4.33315305689691e-06,0.915346582366744,-0.777752503996403
821,-0.278346,1.98054,-6.61384326105137e-07,4.28228539329205e-06,0.909485669429538,0.111102085145537
820,-0.312869,1.97538,-7.93343652390931e-07,4.22689819165588e-06,0.919253778305041,0.999999999897278
820,-0.347296,1.96962,-7.86268564179791e-07,4.18858396162436e-06,0.90948566942996,-0.111102085350006
819,-0.381618,1.96325,-9.13184182917824e-07,4.12433694309479e-06,0.915346582363608,0.777752503792493
819,-0.415823,1.9563,-9.04101846264107e-07,4.082284377985e-06,0.910462498171543,-0.333308963366333
818,-0.449902,1.94874,-1.02527173562507e-06,4.00966548584838e-06,0.912416143749872,0.555523964026316
818,-0.483844,1.94059,-1.01398639137449e-06,3.96411121543073e-06,0.912416143751875,-0.555523964209561
817,-0.517638,1.93185,-1.12875750538687e-06,3.88367389044747e-06,0.910462498170336,0.333308963182646
817,-0.551275,1.92252,-1.11509508383257e-06,3.83488042113513e-06,0.915346582366457,-0.777752503976948
816,-0.584743,1.91261,-1.22287110881279e-06,3.7472416978764e-06,0.909485669429562,0.111102085165907
815,-0.618034,1.90211,-1.32660415105189e-06,3.65653197702906e-06,0.919253778305526,0.999999999919175
815,-0.651136,1.89104,-1.30693035414132e-06,3.60133409691183e-06,0.909485669429935,-0.111102085328253
814,-0.68404,1.87939,-1.40283810342465e-06,3.50451711263258e-06,0.915346582363941,0.777752503814277
814,-0.716736,1.86716,-1.38034926617366e-06,3.44699296162827e-06,0.910462498171402,-0.333308963343933
813,-0.749213,1.85437,-1.4680118131133e-06,3.34482471298437e-06,0.912416143750117,0.555523964050053
813,-0.781462,1.84101,-1.44264410398082e-06,3.28532425590333e-06,0.912416143751584,-0.555523964183396
812,-0.813473,1.82709,-1.52171708843981e-06,3.17860040798444e-06,0.910462498170484,0.33330896321226
812,-0.845237,1.81262,-1.49343830273202e-06,3.11748695043918e-06,0.91534658236591,-0.7777525039432
811,-0.876742,1.79759,-1.5636560545884e-06,3.00703529972227e-06,0.909485669429639,0.111102085200672
810,-0.907981,1.78201,-1.62895920027015e-06,2.89551671729384e-06,0.919253778306197,0.999999999954239
810,-0.938943,1.7659,-1.59364605992898e-06,2.83135470845433e-06,0.909485669429848,-0.111102085292613
809,-0.969619,1.74924,-1.64982084116108e-06,2.71745358567544e-06,0.915346582364533,0.777752503850298
809,-1,1.73205,-1.61162422431514e-06,2.65280617122768e-06,0.910462498171205,-0.333308963308436
808,-1.03008,1.71433,-1.65862683621888e-06,2.53739247355513e-06,0.912416143750522,0.55552396408444
808,-1.05984,1.6961,-1.61765015546668e-06,2.47264667518366e-06,0.912416143751243,-0.555523964150944
807,-1.08928,1.67734,-1.65552577602308e-06,2.35659037296287e-06,0.910462498170733,0.33330896324243
807,-1.11839,1.65808,-1.61190654252176e-06,2.29212992674973e-06,0.915346582365511,-0.777752503915504
806,-1.14715,1.6383,-1.64078908363526e-06,2.17629161397343e-06,0.909485669429678,0.11110208522852
805,-1.17557,1.61803,-1.6648569323312e-06,2.06152065126139e-06,0.91925377830677,0.999999999982889
805,-1.20363,1.59727,-1.61480868672165e-06,1.99771497946078e-06,0.909485669429819,-0.111102085265551
804,-1.23132,1.57602,-1.63024528253755e-06,1.8844613129647e-06,0.915346582364893,0.777752503876544
804,-1.25864,1.55429,-1.57809210485542e-06,1.82203997356295e-06,0.910462498170937,-0.333308963279986
803,-1.28558,1.53209,-1.58524867644267e-06,1.71109449151497e-06,0.912416143750809,0.555523964114847
803,-1.31212,1.50942,-1.53125548149451e-06,1.65039403722497e-06,0.912416143750849,-0.555523964118962
802,-1.33826,1.48629,-1.5305579023714e-06,1.5425055147855e-06,0.910462498170897,0.333308963276791
802,-1.364,1.46271,-1.47501630674966e-06,1.48384155944426e-06,0.915346582364928,-0.77775250387821
801,-1.38932,1.43868,-1.46696064207957e-06,1.37970944688985e-06,0.909485669429954,0.111102085257172
801,-1.41421,1.41421,-1.41018705864233e-06,1.3233743097272e-06,0.919253778307104,-0.999999999999994
15850,-1.43868,1.38932,-1.39533459070677e-06,1.22364155048107e-06,0.909485669429991,-0.111102085260237
15849,-1.46271,1.364,-1.37703233766342e-06,1.12708647059283e-06,0.915346582364828,0.777752503871364
15849,-1.48629,1.33826,-1.31663899586085e-06,1.07514830985868e-06,0.910462498171103,-0.333308963290387
15848,-1.50942,1.31212,-1.29251666215798e-06,9.83857416660394e-07,0.912416143750729,0.555523964099008
15848,-1.53209,1.28558,-1.2319064944824e-06,9.34979858584973e-07,0.912416143751185,-0.555523964140586
15847,-1.55429,1.25864,-1.20266677819869e-06,8.49420915926687e-07,0.910462498170851,0.333308963247569
15847,-1.57602,1.23132,-1.1422341824602e-06,8.03783358319593e-07,0.915346582365555,-0.777752503916249
15846,-1.59727,1.20363,-1.10862194578673e-06,7.24347328169573e-07,0.909485669429784,0.111102085221639
15845,-1.61803,1.17557,-1.07295032598802e-06,6.48819419580873e-07,0.919253778306531,0.999999999969823
15845,-1.6383,1.14715,-1.01156746215526e-06,6.09093237659083e-07,0.909485669429917,-0.111102085282151
15844,-1.65808,1.11839,-9.72733675693324e-07,5.40119732945914e-07,0.915346582364627,0.777752503855772
15844,-1.67734,1.08928,-9.12723060850344e-07,5.0399745545616e-07,0.910462498171251,-0.333308963307506
15843,-1.6961,1.05984,-8.71543073899254e-07,4.41753654291411e-07,0.912416143750542,0.555523964080906
15843,-1.71433,1.03008,-8.13330818496466e-07,4.09277877686382e-07,0.912416143751375,-0.555523964158831
15842,-1.73205,1,-7.7063203884673e-07,3.53852023927754e-07,0.910462498170697,0.333308963230296
15842,-1.74924,0.969619,-7.14643036252709e-07,3.25029269869892e-07,0.915346582365764,-0.777752503931822
15841,-1.7659,0.938943,-6.71255475710759e-07,2.76421185596977e-07,0.909485669429762,0.111102085205035
15840,-1.78201,0.907981,-6.27804381589673e-07,2.31802298219917e-07,0.919253778306162,0.999999999951483
15840,-1.79759,0.876742,-5.74656751704385e-07,2.09342323755967e-07,0.909485669429984,-0.111102085301589
15839,-1.81262,0.845237,-5.31775569837099e-07,1.71341034435987e-07,0.915346582364318,0.777752503835071
15839,-1.82709,0.813473,-4.82054793331648e-07,1.52372722178156e-07,0.910462498171391,-0.333308963330024
15838,-1.84101,0.781462,-4.40537745339908e-07,1.20760672523113e-07,0.912416143750253,0.555523964056986
15838,-1.85437,0.749213,-3.94631482807575e-07,1.05148169223671e-07,0.912416143751674,-0.555523964183544
15837,-1.86716,0.716736,-3.55242127382242e-07,7.96123401311951e-08,0.910462498170589,0.333308963203294
15837,-1.87939,0.68404,-3.1351873938587e-07,6.71863490603401e-08,0.915346582366259,-0.777752503962095
15836,-1.89104,0.651136,-2.76980224697775e-07,4.73326076590465e-08,0.909485669429715,0.111102085173074
15835,-1.90211,0.618034,-2.42175840604069e-07,3.05334666209568e-08,0.919253778305508,0.999999999918209
15835,-1.91261,0.584743,-2.06770373920083e-07,2.32501200843789e-08,0.909485669430068,-0.111102085335144
15834,-1.92252,0.551275,-1.75817869055907e-07,1.13435025872466e-08,0.915346582363818,0.777752503801208
15834,-1.93185,0.517638,-1.45545456757487e-07,6.59359555032271e-09,0.910462498171639,-0.333308963364235
15833,-1.94059,0.483844,-1.19021918491586e-07,-9.97641243668484e-10,0.912416143749876,0.555523964021923
15833,-1.94874,0.449902,-9.41418481480231e-08,-3.49965222202639e-09,0.912416143752063,-0.555523964220183
15832,-1.9563,0.415823,-7.25535163794306e-08,-7.4122328983096e-09,0.910462498170272,0.333308963168156
15832,-1.96325,0.381618,-5.3288979146593e-08,-7.97440922890503e-09,0.915346582366716,-0.7777525039937
15831,-1.96962,0.347296,-3.70644002396751e-08,-8.89714993067391e-09,0.909485669429575,0.111102085145728
15830,-1.97538,0.312869,-2.37019301278224e-08,-8.48980018577923e-09,0.91925377830502,0.999999999895294
15830,-1.98054,0.278346,-1.30845139356627e-08,-6.51214384247659e-09,0.909485669430092,-0.111102085358556
15829,-1.98509,0.243739,-5.5613310565105e-09,-4.29459807480696e-09,0.915346582363415,0.777752503777664
15829,-1.98904,0.209057,-1.01597310081395e-09,-1.36722639473765e-09,0.910462498171765,-0.333308963386404
15828,-1.99239,0.174311,4.61364179089898e-10,1.87901453094378e-09,0.912416143749651,0.555523964001473
15828,-1.99513,0.139513,-1.12860642039103e-09,5.39050224610278e-09,0.912416143752222,-0.5555239642384
15827,-1.99726,0.104672,-5.81158174847671e-09,8.86500933399386e-09,0.910462498170184,0.3333089631488
15827,-1.99878,0.069799,-1.35571502752259e-08,1.25905080867162e-08,0.915346582367074,-0.777752504016448
15826,-1.9997,0.0349048,-2.44215136059304e-08,1.54839244078566e-08,0.909485669429527,0.111102085121831
15825,-2,2.46315e-16,-3.83000168931062e-08,1.76115014984411e-08,0.919253778304535,0.999999999870803
15825,-1.9997,-0.0349048,-5.52730868920323e-08,2.05567205767799e-08,0.909485669430051,-0.111102085378547
15824,-1.99878,-0.069799,-7.51557250467773e-08,2.08319655992844e-08,0.915346582363134,0.777752503762804
15824,-1.99726,-0.104672,-9.81349724526874e-08,2.29187041056023e-08,0.910462498171696,-0.333308963393566
15823,-1.99513,-0.139513,-1.23803926502576e-07,2.0557472530686e-08,0.912416143749586,0.555523964001405
15823,-1.99239,-0.174311,-1.52641319001892e-07,2.14334784124423e-08,0.912416143752114,-0.555523964232279
15822,-1.98904,-0.209057,-1.83787894264819e-07,1.56793528794295e-08,0.910462498170195,0.333308963161688
15822,-1.98509,-0.243739,-2.18294632534834e-07,1.5006888238303e-08,0.915346582366744,-0.7777525039964
15821,-1.98054,-0.278346,-2.54522338881464e-07,5.14101604674048e-09,0.909485669429545,0.111102085145526
15820,-1.97538,-0.312869,-2.92881267788574e-07,-7.43278791431226e-09,0.919253778305042,0.999999999897283
15820,-1.96962,-0.347296,-3.35298828371169e-07,-1.20494523988915e-08,0.909485669429957,-0.111102085350017
15819,-1.96325,-0.381618,-3.77939323975403e-07,-2.97649192706891e-08,0.915346582363609,0.777752503792499
15819,-1.9563,-0.415823,-4.25292879406203e-07,-3.68068591127261e-08,0.910462498171549,-0.333308963366345
15818,-1.94874,-0.449902,-4.71616441081984e-07,-6.02430123461332e-08,0.912416143749872,0.555523964026319
15818,-1.94059,-0.483844,-5.23572952944127e-07,-6.99575677819609e-08,0.91241614375188,-0.555523964209544
15817,-1.93185,-0.517638,-5.72913126709158e-07,-9.96258681395281e-08,0.910462498170337,0.33330896318265
15817,-1.92252,-0.551275,-6.29110183674246e-07,-1.12229847674138e-07,0.915346582366458,-0.777752503976945
15816,-1.91261,-0.584743,-6.80740119854304e-07,-1.48568022679755e-07,0.909485669429567,0.111102085165898
15815,-1.90211,-0.618034,-7.32775557135392e-07,-1.88910210035609e-07,0.919253778305528,0.999999999919178
15815,-1.89104,-0.651136,-7.9393081002976e-07,-2.07611866792389e-07,0.90948566942994,-0.111102085328262
15814,-1.87939,-0.68404,-8.47018028387662e-07,-2.5514456423808e-07,0.915346582363942,0.77775250381428
15814,-1.86716,-0.716736,-9.11254727109034e-07,-2.77180583428306e-07,0.910462498171397,-0.333308963343943
15813,-1.85437,-0.749213,-9.64556644103942e-07,-3.32124962162715e-07,0.912416143750119,0.555523964050056
15813,-1.84101,-0.781462,-1.03143227037105e-06,-3.57572669624997e-07,0.912416143751582,-0.555523964183381
15812,-1.82709,-0.813473,-1.08408660026619e-06,-4.20059436640553e-07,0.910462498170486,0.333308963212263
15812,-1.81262,-0.845237,-1.15314991534581e-06,-4.4895862135545e-07,0.915346582365912,-0.777752503943197
15811,-1.79759,-0.876742,-1.20427941881519e-06,-5.1902584890968e-07,0.909485669429641,0.111102085200675
15810,-1.78201,-0.907981,-1.25365100166528e-06,-5.93424218867394e-07,0.919253778306197,0.999999999954239
15810,-1.7659,-0.938943,-1.3237971669147e-06,-6.28969794024488e-07,0.90948566942985,-0.11110208529261
15809,-1.74924,-0.969619,-1.37027768169231e-06,-7.10809749005675e-07,0.915346582364535,0.777752503850301
15809,-1.73205,-1,-1.44130626076551e-06,-7.49704543915833e-07,0.9104624981712,-0.333308963308458
15808,-1.71433,-1.03008,-1.48403031989362e-06,-8.38779739924266e-07,0.912416143750526,0.555523964084446
15808,-1.6961,-1.05984,-1.55549132417186e-06,-8.8091345377054e-07,0.912416143751243,-0.555523964150944
15807,-1.67734,-1.08928,-1.59361407262288e-06,-9.76926967450113e-07,0.910462498170725,0.333308963242434
15807,-1.65808,-1.11839,-1.66506775802802e-06,-1.02215382144966e-06,0.915346582365503,-0.7777525039155
15806,-1.6383,-1.14715,-1.6977732930395e-06,-1.12472099141137e-06,0.90948566942967,0.111102085228524
15805,-1.61803,-1.17557,-1.72665103237088e-06,-1.23086583069072e-06,0.919253778306763,0.999999999982893
15805,-1.59727,-1.20363,-1.79530478068686e-06,-1.2815130446987e-06,0.909485669429812,-0.111102085265547
15804,-1.57602,-1.23132,-1.81759559838028e-06,-1.3934324763434e-06,0.915346582364898,0.777752503876549
15804,-1.55429,-1.25864,-1.88507189637204e-06,-1.44654275230597e-06,0.910462498170935,-0.333308963280012
15803,-1.53209,-1.28558,-1.90008302251958e-06,-1.56364432835165e-06,0.912416143750815,0.555523964114853
15803,-1.50942,-1.31212,-1.9660162620054e-06,-1.61894714120045e-06,0.912416143750855,-0.555523964118957
15802,-1.48629,-1.33826,-1.97311578990293e-06,-1.74056889761743e-06,0.910462498170897,0.333308963276791
15802,-1.46271,-1.364,-2.03716740944758e-06,-1.79776974182656e-06,0.915346582364928,-0.77775250387821
15801,-1.43868,-1.38932,-2.03579150327495e-06,-1.92318683389704e-06,0.909485669429954,0.111102085257172
15801,-1.41421,-1.41421,-2.09765232067463e-06,-1.98197033086381e-06,0.919253778307098,-0.999999999999989
10084,-1.38932,-1.43868,-2.08731143316127e-06,-2.11040208281719e-06,-0.909485669429983,0.111102085260242
10184,-1.364,-1.46271,-2.07145015554205e-06,-2.24028339182688e-06,-0.915346582364814,-0.777752503871363
10184,-1.33826,-1.48629,-2.12698635131886e-06,-2.30105149202671e-06,-0.910462498171062,0.333308963290425
10284,-1.31212,-1.50942,-2.10159595528894e-06,-2.43262398595608e-06,-0.912416143750702,-0.555523964098991
10284,-1.28558,-1.53209,-2.1542412650104e-06,-2.49391549324008e-06,-0.912416143751175,0.55552396414059
10384,-1.25864,-1.55429,-2.11904594290512e-06,-2.62629020988267e-06,-0.910462498170858,-0.333308963247603
10384,-1.23132,-1.57602,-2.16862002660389e-06,-2.68772953239227e-06,-0.915346582365569,0.777752503916277
10484,-1.20363,-1.59727,-2.12343084613513e-06,-2.81998956117205e-06,-0.909485669429755,-0.111102085221656
10584,-1.17557,-1.61803,-2.07237114250654e-06,-2.9519716110557e-06,-0.919253778306467,-0.999999999969833
10584,-1.14715,-1.6383,-2.11450463975851e-06,-3.01240253111121e-06,-0.909485669429891,0.111102085282108
10684,-1.11839,-1.65808,-2.05338465271801e-06,-3.14280145458911e-06,-0.915346582364624,-0.777752503855743
10684,-1.08928,-1.67734,-2.09214697276267e-06,-3.20219562521822e-06,-0.910462498171255,0.333308963307532
10784,-1.05984,-1.6961,-2.02101292669171e-06,-3.33006505337621e-06,-0.912416143750544,-0.555523964080908
10784,-1.03008,-1.71433,-2.05636383335629e-06,-3.38803388333461e-06,-0.912416143751393,0.555523964158839
10884,-1,-1.73205,-1.97535394579628e-06,-3.51243017934192e-06,-0.910462498170715,-0.333308963230315
10884,-0.969619,-1.74924,-2.00728800592058e-06,-3.56859096063587e-06,-0.915346582365772,0.777752503931858
10984,-0.938943,-1.7659,-1.9166330417625e-06,-3.68858127348347e-06,-0.909485669429763,-0.111102085205032
11084,-0.907981,-1.78201,-1.82063028424271e-06,-3.80602015649026e-06,-0.919253778306154,-0.99999999995149
11084,-0.876742,-1.79759,-1.84520040099926e-06,-3.85723144662793e-06,-0.909485669429981,0.111102085301552
11184,-0.845237,-1.81262,-1.74015405738575e-06,-3.96886457242913e-06,-0.915346582364332,-0.777752503835052
11184,-0.813473,-1.82709,-1.76152545364885e-06,-4.017133924166e-06,-0.910462498171421,0.333308963330044
11284,-0.781462,-1.84101,-1.64789146583647e-06,-4.12210165688476e-06,-0.912416143750289,-0.555523964056998
11284,-0.749213,-1.85437,-1.66618928802504e-06,-4.16709170273249e-06,-0.912416143751684,0.555523964183542
11384,-0.716736,-1.86716,-1.54449975538332e-06,-4.26457647894354e-06,-0.910462498170579,-0.333308963203316
11384,-0.68404,-1.87939,-1.55987737038076e-06,-4.30596747800263e-06,-0.915346582366256,0.777752503962127
11484,-0.651136,-1.89104,-1.43073656271767e-06,-4.39520134579627e-06,-0.9094856694297,-0.111102085173069
11584,-0.618034,-1.90211,-1.29774926070477e-06,-4.48001136902325e-06,-0.919253778305473,-0.9999999999182
11584,-0.584743,-1.91261,-1.30745437310488e-06,-4.51296837271576e-06,-0.909485669430035,0.111102085335111
11684,-0.551275,-1.92252,-1.16814578084133e-06,-4.58847932478531e-06,-0.915346582363772,-0.777752503801188
11684,-0.517638,-1.93185,-1.17559368899575e-06,-4.61696151486263e-06,-0.910462498171642,0.333308963364261
11784,-0.483844,-1.94059,-1.03073128979071e-06,-4.68257674964007e-06,-0.912416143749915,-0.555523964021929
11784,-0.449902,-1.94874,-1.03617702245407e-06,-4.70637207671601e-06,-0.912416143752077,0.555523964220183
11884,-0.415823,-1.9563,-8.86584029414607e-07,-4.76157850067237e-06,-0.910462498170266,-0.33330896316818
11884,-0.381618,-1.96325,-8.90301508466823e-07,-4.78051317445809e-06,-0.915346582366712,0.777752503993725
11984,-0.347296,-1.96962,-7.36849822844238e-07,-4.82488846611602e-06,-0.909485669429565,-0.111102085145729
12084,-0.312869,-1.97538,-5.81700290258924e-07,-4.8637634923917e-06,-0.919253778305011,-0.999999999895287
12084,-0.278346,-1.98054,-5.82729189411125e-07,-4.87204843600595e-06,-0.909485669430107,0.111102085358526
12184,-0.243739,-1.98509,-4.25199840956956e-07,-4.89965358050399e-06,-0.915346582363447,-0.777752503777644
12184,-0.209057,-1.98904,-4.25461642842648e-07,-4.90274364342831e-06,-0.910462498171781,0.333308963386432
12284,-0.174311,-1.99239,-2.66500236990094e-07,-4.91891014382834e-06,-0.912416143749663,-0.555523964001473
12284,-0.139513,-1.99513,-2.66310308481713e-07,-4.91679784673996e-06,-0.912416143752267,0.555523964238395
12384,-0.104672,-1.99726,-1.06875734244894e-07,-4.9214507013661e-06,-0.910462498170238,-0.333308963148834
12384,-0.069799,-1.99878,-1.06548823685382e-07,-4.91416490621401e-06,-0.915346582367131,0.777752504016471
12484,-0.0349048,-1.9997,5.24022859980248e-08,-4.9073169934053e-06,-0.909485669429557,-0.111102085121833
12584,-4.35203e-16,-2,2.10634184056652e-07,-4.89491763649495e-06,-0.919253778304537,-0.999999999870803
12584,0.0349048,-1.9997,2.10077244795622e-07,-4.87666119847961e-06,-0.909485669430058,0.111102085378513
12684,0.069799,-1.99878,3.66324917369128e-07,-4.85297161071688e-06,-0.915346582363139,-0.777752503762792
12684,0.104672,-1.99726,3.64915369673154e-07,-4.82973718166836e-06,-0.9104624981717,0.333308963393593
12784,0.139513,-1.99513,5.18263917155543e-07,-4.794971245794e-06,-0.912416143749591,-0.555523964001403
12784,0.174311,-1.99239,5.15712334205155e-07,-4.76689856435577e-06,-0.912416143752134,0.555523964232273
12884,0.209057,-1.98904,6.65270548925549e-07,-4.72134549993562e-06,-0.91046249817019,-0.333308963161724
12884,0.243739,-1.98509,6.61300077600131e-07,-4.68860095701477e-06,-0.915346582366752,0.777752503996427
12984,0.278346,-1.98054,8.06207196239782e-07,-4.63262843460141e-06,-0.909485669429543,-0.111102085145531
13084,0.312869,-1.97538,9.48213366981289e-07,-4.5720196831034e-06,-0.919253778305079,-0.999999999897294
13084,0.347296,-1.96962,9.39991953338355e-07,-4.52945985112687e-06,-0.909485669429971,0.111102085349981
13184,0.381618,-1.96325,1.07606819343689e-06,-4.45919246422546e-06,-0.915346582363621,-0.777752503792476
13184,0.415823,-1.9563,1.06560730615207e-06,-4.4125817057484e-06,-0.910462498171561,0.33330896336634
13284,0.449902,-1.94874,1.19501322940519e-06,-4.33321728355279e-06,-0.912416143749886,-0.555523964026324
13284,0.483844,-1.94059,1.18210948778826e-06,-4.28283513618576e-06,-0.912416143751904,0.555523964209538
13384,0.517638,-1.93185,1.30416279133143e-06,-4.19500641114622e-06,-0.910462498170363,-0.333308963182687
13384,0.551275,-1.92252,1.28863792410685e-06,-4.14115693043237e-06,-0.915346582366464,0.777752503976962
13484,0.584743,-1.91261,1.40272126870245e-06,-4.04556535435376e-06,-0.909485669429569,-0.111102085165906
13584,0.618034,-1.90211,1.51229680337107e-06,-3.94702902648344e-06,-0.919253778305519,-0.999999999919186
13584,0.651136,-1.89104,1.48999322891809e-06,-3.88598943417546e-06,-0.909485669429928,0.111102085328226
13684,0.68404,-1.87939,1.59076540333567e-06,-3.78092340851877e-06,-0.915346582363942,-0.777752503814258
13684,0.716736,-1.86716,1.56539201176273e-06,-3.71745396082296e-06,-0.910462498171394,0.333308963343945
13784,0.749213,-1.85437,1.65694252397715e-06,-3.6067072659771e-06,-0.912416143750121,-0.555523964050058
13784,0.781462,-1.84101,1.6284476942162e-06,-3.54120201494967e-06,-0.91241614375158,0.555523964183364
13884,0.813473,-1.82709,1.71044728700693e-06,-3.42566879543964e-06,-0.91046249817049,-0.333308963212306
13884,0.845237,-1.81262,1.67881658205427e-06,-3.35853756841383e-06,-0.915346582365913,0.777752503943214
13984,0.876742,-1.79759,1.75103085606047e-06,-3.23915310017577e-06,-0.909485669429626,-0.1111020852007
14084,0.907981,-1.78201,1.81797751323911e-06,-3.11900836216437e-06,-0.919253778306215,-0.999999999954254
14084,0.938943,-1.7659,1.77858422614947e-06,-3.04855570267702e-06,-0.909485669429858,0.111102085292581
14184,0.969619,-1.74924,1.83555279442934e-06,-2.92606920003414e-06,-0.915346582364524,-0.777752503850263
14184,1,-1.73205,1.79314371168999e-06,-2.85530443602484e-06,-0.910462498171194,0.333308963308465
14284,1.03008,-1.71433,1.84016384944026e-06,-2.73146344356327e-06,-0.91241614375052,-0.55552396408445
14284,1.05984,-1.6961,1.79488938267155e-06,-2.66082662934685e-06,-0.912416143751235,0.55552396415093
14384,1.08928,-1.67734,1.83209377394911e-06,-2.53659987822445e-06,-0.910462498170724,-0.333308963242461
14384,1.11839,-1.65808,1.78413729143592e-06,-2.46651564352716e-06,-0.915346582365498,0.777752503915531
14484,1.14715,-1.6383,1.8117547907543e-06,-2.34284031926558e-06,-0.909485669429676,-0.111102085228531
14584,1.17557,-1.61803,1.83440821278242e-06,-2.22062442136661e-06,-0.919253778306762,-0.999999999982903
14584,1.20363,-1.59727,1.77968312520624e-06,-2.1515009154714e-06,-0.909485669429825,0.1111020852655
14684,1.23132,-1.57602,1.79325902308502e-06,-2.03121613958315e-06,-0.91534658236492,-0.777752503876537
14684,1.25864,-1.55429,1.73653814696901e-06,-1.96385455925185e-06,-0.910462498170955,0.333308963280004
14784,1.28558,-1.53209,1.7414910540046e-06,-1.84635460941999e-06,-0.912416143750819,-0.555523964114867
14784,1.31212,-1.50942,1.68309506707332e-06,-1.78111213290287e-06,-0.912416143750872,0.555523964118932
14884,1.33826,-1.48629,1.67995727621858e-06,-1.66718981891829e-06,-0.910462498170903,-0.333308963276861
14884,1.364,-1.46271,1.6202267742472e-06,-1.60438893057559e-06,-0.915346582364901,0.777752503878194
14984,1.38932,-1.43868,1.60959541760791e-06,-1.49475696733292e-06,-0.909485669429939,-0.111102085257194
14984,1.41421,-1.41421,1.54888436586715e-06,-1.43468098621482e-06,-0.919253778307102,0.999999999999985
5850,1.43868,-1.38932,1.53140931221907e-06,-1.32996604624138e-06,0.909485669429985,-0.111102085260202
5849,1.46271,-1.364,1.51057459662961e-06,-1.22874424445057e-06,0.915346582364833,0.777752503871339
5849,1.48629,-1.33826,1.44645427956781e-06,-1.17360052048056e-06,0.910462498171102,-0.333308963290407
5848,1.50942,-1.31212,1.4198565250822e-06,-1.07807592831297e-06,0.91241614375073,0.555523964099018
5848,1.53209,-1.28558,1.35582382658683e-06,-1.0263151179573e-06,0.912416143751186,-0.555523964140576
5847,1.55429,-1.25864,1.32420477238419e-06,-9.36887188983617e-07,0.91046249817085,0.333308963247604
5847,1.57602,-1.23132,1.26063847311118e-06,-8.88636935947562e-07,0.91534658236556,-0.777752503916265
5846,1.59727,-1.20363,1.22475940171251e-06,-8.05620378012737e-07,0.909485669429786,0.111102085221649
5845,1.61803,-1.17557,1.18698050616536e-06,-7.26642296027105e-07,0.919253778306525,0.999999999969829
5845,1.6383,-1.14715,1.12267409866049e-06,-6.84601424895874e-07,0.909485669429914,-0.11110208528211
5844,1.65808,-1.11839,1.08183607031448e-06,-6.12343964819843e-07,0.915346582364627,0.777752503855747
5844,1.67734,-1.08928,1.01910844028697e-06,-5.74041298405306e-07,0.910462498171258,-0.333308963307527
5843,1.6961,-1.05984,9.75995908909803e-07,-5.08610629374797e-07,0.912416143750537,0.555523964080912
5843,1.71433,-1.03008,9.15219597877418e-07,-4.74036960869284e-07,0.912416143751378,-0.555523964158821
5842,1.73205,-1,8.70615009589675e-07,-4.15460406590932e-07,0.910462498170701,0.333308963230334
5842,1.74924,-0.969619,8.12154496913038e-07,-3.84574814721313e-07,0.915346582365767,-0.777752503931841
5841,1.7659,-0.938943,7.66830698090866e-07,-3.32800622446068e-07,0.909485669429766,0.111102085205045
5840,1.78201,-0.907981,7.21515634365501e-07,-2.84966952898641e-07,0.919253778306158,0.99999999995149
5840,1.79759,-0.876742,6.65749241725423e-07,-2.60427124671185e-07,0.909485669429983,-0.111102085301555
5839,1.81262,-0.845237,6.20865374292753e-07,-2.19131607287052e-07,0.915346582364319,0.777752503835052
5839,1.82709,-0.813473,5.68437927602746e-07,-1.98031636292718e-07,0.910462498171384,-0.333308963330046
5838,1.84101,-0.781462,5.24699483915297e-07,-1.63030249479762e-07,0.912416143750258,0.555523964056995
5838,1.85437,-0.749213,4.75924360586261e-07,-1.45213064335788e-07,0.91241614375167,-0.555523964183538
5837,1.86716,-0.716736,4.34017354380839e-07,-1.16198231858338e-07,0.91046249817059,0.333308963203332
5837,1.87939,-0.68404,3.89192212989777e-07,-1.01482662598371e-07,0.915346582366259,-0.777752503962114
5836,1.89104,-0.651136,3.49767756594609e-07,-7.80843027955227e-08,0.909485669429712,0.11110208517308
5835,1.90211,-0.618034,3.11957821772409e-07,-5.7689847833956e-08,0.919253778305505,0.999999999918216
5835,1.91261,-0.584743,2.72838281003125e-07,-4.8054330149392e-08,0.909485669430072,-0.111102085335106
5834,1.92252,-0.551275,2.3840874627718e-07,-3.25574662809847e-08,0.915346582363824,0.777752503801191
5834,1.93185,-0.517638,2.04046373011901e-07,-2.53967057505434e-08,0.910462498171638,-0.333308963364257
5833,1.94059,-0.483844,1.73525263339117e-07,-1.42823429485609e-08,0.912416143749874,0.555523964021932
5833,1.94874,-0.449902,1.44129965551188e-07,-9.32764679932464e-09,0.91241614375206,-0.555523964220175
5832,1.9563,-0.415823,1.17986052826563e-07,-2.03161294754197e-09,0.910462498170272,0.333308963168192
5832,1.96325,-0.381618,9.37384709052017e-08,1.00222722153105e-09,0.915346582366721,-0.777752503993719
5831,1.96962,-0.347296,7.23761697351459e-08,5.08688593105273e-09,0.909485669429573,0.111102085145735
5830,1.97538,-0.312869,5.36177140584566e-08,7.70370625241341e-09,0.919253778305019,0.999999999895301
5830,1.98054,-0.278346,3.71828985103411e-08,8.01525287842206e-09,0.909485669430095,-0.11110208535852
5829,1.98509,-0.243739,2.36645208988952e-08,8.45406978377401e-09,0.915346582363408,0.777752503777643
5829,1.98904,-0.209057,1.27917445526601e-08,7.73686872797486e-09,0.910462498171767,-0.333308963386425
5828,1.99239,-0.174311,4.73698426206173e-09,6.68374944577359e-09,0.91241614374965,0.555523964001481
5828,1.99513,-0.139513,-5.18223597509183e-10,5.26754857846577e-09,0.912416143752221,-0.555523964238393
5827,1.99726,-0.104672,-2.96211295943151e-09,3.42764422124556e-09,0.910462498170182,0.333308963148836
5827,1.99878,-0.069799,-2.57862809831629e-09,1.64545970167789e-09,0.915346582367075,-0.777752504016468
5826,1.9997,-0.0349048,6.57226520699067e-10,-2.65789110816462e-10,0.909485669429527,0.111102085121839
