origElemNum,globCoord-x,globCoord-y,acouPotentialD1-,locCoord-xi,locCoord-eta
5825,2,-2.20442e-18,-0.00125269888967031,0.919253778304535,0.999999999870795
5825,1.9997,0.0349048,-0.00135043964410586,0.909485669430051,-0.11110208537854
5824,1.99878,0.069799,-0.00144260900941937,0.915346582363134,0.7777525037628
5824,1.99726,0.104672,-0.00153807696062454,0.910462498171695,-0.333308963393583
5823,1.99513,0.139513,-0.00163037178657213,0.912416143749585,0.555523964001403
5823,1.99239,0.174311,-0.00172277798640413,0.912416143752112,-0.555523964232293
5822,1.98904,0.209057,-0.0018153783733101,0.910462498170195,0.33330896316169
5822,1.98509,0.243739,-0.00190394182436757,0.915346582366752,-0.777752503996411
5821,1.98054,0.278346,-0.00199701302074568,0.909485669429537,0.111102085145532
5820,1.97538,0.312869,-0.00208096138475577,0.91925377830504,0.999999999897275
5820,1.96962,0.347296,-0.00217464868212846,0.909485669429959,-0.111102085350008
5819,1.96325,0.381618,-0.00225848028564952,0.915346582363608,0.777752503792493
5819,1.9563,0.415823,-0.00234765863147066,0.910462498171543,-0.333308963366333
5818,1.94874,0.449902,-0.00243152022263871,0.912416143749872,0.555523964026318
5818,1.94059,0.483844,-0.00251543435366606,0.912416143751876,-0.555523964209557
5817,1.93185,0.517638,-0.00259946757660226,0.910462498170338,0.333308963182653
5817,1.92252,0.551275,-0.00267738495967997,0.915346582366455,-0.777752503976955
5816,1.91261,0.584743,-0.00276170942867925,0.909485669429567,0.111102085165898
5815,1.90211,0.618034,-0.0028329047394813,0.919253778305533,0.999999999919169
5815,1.89104,0.651136,-0.00291757611084902,0.909485669429933,-0.111102085328256
5814,1.87939,0.68404,-0.00298842932703747,0.915346582363941,0.777752503814277
5814,1.86716,0.716736,-0.00306631332873778,0.910462498171402,-0.333308963343933
5813,1.85437,0.749213,-0.00313681639554732,0.912416143750119,0.555523964050056
5813,1.84101,0.781462,-0.00320713555354624,0.912416143751575,-0.555523964183394
5812,1.82709,0.813473,-0.00327725009402558,0.910462498170486,0.333308963212263
5812,1.81262,0.845237,-0.00333923126144596,0.915346582365915,-0.777752503943209
5811,1.79759,0.876742,-0.00340886200142261,0.909485669429635,0.111102085200681
5810,1.78201,0.907981,-0.00346172318970191,0.919253778306195,0.999999999954235
5810,1.7659,0.938943,-0.00353075920583464,0.909485669429844,-0.111102085292603
5809,1.74924,0.969619,-0.00358240613637268,0.915346582364538,0.777752503850291
5809,1.73205,1,-0.00364215819419112,0.910462498171199,-0.333308963308445
5808,1.71433,1.03008,-0.00369259083516239,0.912416143750526,0.555523964084446
5808,1.6961,1.05984,-0.00374242692079221,0.912416143751246,-0.555523964150953
5807,1.67734,1.08928,-0.00379169757435034,0.910462498170725,0.333308963242434
5807,1.65808,1.11839,-0.00383102888911467,0.915346582365508,-0.777752503915519
5806,1.6383,1.14715,-0.00387923630496265,0.909485669429676,0.11110208522853
5805,1.61803,1.17557,-0.00390753528116579,0.919253778306765,0.999999999982884
5805,1.59727,1.20363,-0.00395486444970891,0.909485669429817,-0.111102085265541
5804,1.57602,1.23132,-0.00398182118576368,0.9153465823649,0.777752503876539
5804,1.55429,1.25864,-0.00401841982574472,0.910462498170939,-0.333308963279996
5803,1.53209,1.28558,-0.00404436273269018,0.912416143750815,0.555523964114853
5803,1.50942,1.31212,-0.0040699097402032,0.91241614375085,-0.555523964118972
5802,1.48629,1.33826,-0.00409525689432683,0.910462498170897,0.333308963276791
5802,1.46271,1.364,-0.00410950034494457,0.915346582364929,-0.77775250387822
5801,1.43868,1.38932,-0.00413475692719038,0.909485669429954,0.111102085257182
5801,1.41421,1.41421,-0.00413751196509314,0.919253778307104,-0.999999999999994
850,1.38932,1.43868,-0.00416326365858245,0.909485669429991,-0.111102085260227
849,1.364,1.46271,-0.00416619763212609,0.915346582364834,0.777752503871359
849,1.33826,1.48629,-0.00418130825799576,0.910462498171096,-0.333308963290402
848,1.31212,1.50942,-0.00418509859988755,0.912416143750729,0.555523964099008
848,1.28558,1.53209,-0.00418952050481161,0.912416143751184,-0.555523964140596
847,1.25864,1.55429,-0.00419485295527059,0.910462498170846,0.333308963247574
847,1.23132,1.57602,-0.00418853705324861,0.915346582365554,-0.777752503916259
846,1.20363,1.59727,-0.0041960104872194,0.90948566942978,0.111102085221654
845,1.17557,1.61803,-0.00417885685701806,0.919253778306528,0.999999999969813
845,1.14715,1.6383,-0.00418891426505558,0.909485669429915,-0.111102085282135
844,1.11839,1.65808,-0.00417402708943176,0.915346582364625,0.777752503855763
844,1.08928,1.67734,-0.0041736988246955,0.910462498171253,-0.333308963307521
843,1.05984,1.6961,-0.00416136489545114,0.912416143750542,0.555523964080906
843,1.03008,1.71433,-0.00415038029337567,0.912416143751377,-0.555523964158847
842,1,1.73205,-0.00414082531377324,0.910462498170698,0.333308963230309
842,0.969619,1.74924,-0.00411893941435799,0.915346582365766,-0.777752503931825
841,0.938943,1.7659,-0.00411233530615738,0.909485669429764,0.111102085205048
840,0.907981,1.78201,-0.00407931746029561,0.919253778306164,0.99999999995148
840,0.876742,1.79759,-0.00407575041482225,0.909485669429979,-0.11110208530158
839,0.845237,1.81262,-0.00404550900672958,0.91534658236432,0.777752503835068
839,0.813473,1.82709,-0.00403082024698776,0.91046249817139,-0.33330896333004
838,0.781462,1.84101,-0.0040033356475523,0.912416143750255,0.555523964056983
838,0.749213,1.85437,-0.0039772159706331,0.912416143751674,-0.555523964183563
837,0.716736,1.86716,-0.00395242053686965,0.910462498170584,0.333308963203304
837,0.68404,1.87939,-0.00391461433778826,0.915346582366261,-0.777752503962098
836,0.651136,1.89104,-0.00389244654999905,0.909485669429719,0.111102085173086
835,0.618034,1.90211,-0.00384277698659839,0.919253778305509,0.999999999918205
835,0.584743,1.91261,-0.0038232008247814,0.909485669430073,-0.111102085335132
834,0.551275,1.92252,-0.00377602347426506,0.915346582363819,0.777752503801204
834,0.517638,1.93185,-0.00374455537343862,0.910462498171637,-0.333308963364254
833,0.483844,1.94059,-0.00369987233384099,0.912416143749877,0.55552396402192
833,0.449902,1.94874,-0.00365644141681226,0.91241614375206,-0.555523964220202
832,0.415823,1.9563,-0.0036142503574254,0.910462498170279,0.333308963168166
832,0.381618,1.96325,-0.00355883848183303,0.915346582366717,-0.777752503993703
831,0.347296,1.96962,-0.00351913694245649,0.909485669429573,0.111102085145737
830,0.312869,1.97538,-0.00345178355848499,0.919253778305012,0.99999999989529
830,0.278346,1.98054,-0.00341459278459958,0.909485669430091,-0.111102085358547
829,0.243739,1.98509,-0.0033498262559269,0.915346582363415,0.77775250377766
829,0.209057,1.98904,-0.00330079457287828,0.910462498171767,-0.333308963386422
828,0.174311,1.99239,-0.00323872402582986,0.912416143749651,0.55552396400147
828,0.139513,1.99513,-0.00317804796207628,0.912416143752224,-0.555523964238419
827,0.104672,1.99726,-0.003118835582573,0.910462498170184,0.33330896314881
827,0.069799,1.99878,-0.00304678613588737,0.915346582367074,-0.777752504016452
826,0.0349048,1.9997,-0.00299064937492319,0.909485669429527,0.111102085121841
825,1.27747e-16,2,-0.00290757015777952,0.919253778304535,0.999999999870799
825,-0.0349048,1.9997,-0.00285478036449504,0.909485669430051,-0.111102085378537
824,-0.069799,1.99878,-0.00277530562372646,0.915346582363134,0.777752503762801
824,-0.104672,1.99726,-0.00271196022800494,0.910462498171695,-0.333308963393583
823,-0.139513,1.99513,-0.00263644447481336,0.912416143749585,0.555523964001401
823,-0.174311,1.99239,-0.00256302279063617,0.912416143752112,-0.555523964232297
822,-0.209057,1.98904,-0.00249185302441967,0.910462498170195,0.333308963161685
822,-0.243739,1.98509,-0.00240887816747747,0.915346582366744,-0.777752503996403
821,-0.278346,1.98054,-0.00234244727850384,0.909485669429538,0.111102085145537
820,-0.312869,1.97538,-0.00225046379578336,0.919253778305041,0.999999999897278
820,-0.347296,1.96962,-0.00218913053379557,0.90948566942996,-0.111102085350006
819,-0.381618,1.96325,-0.00210258637717546,0.915346582363608,0.777752503792493
819,-0.415823,1.9563,-0.00203273724926235,0.910462498171543,-0.333308963366333
818,-0.449902,1.94874,-0.00195190382042066,0.912416143749872,0.555523964026316
818,-0.483844,1.94059,-0.00187399259203197,0.912416143751875,-0.555523964209561
817,-0.517638,1.93185,-0.00179903988992242,0.910462498170336,0.333308963182646
817,-0.551275,1.92252,-0.0017134855848566,0.915346582366457,-0.777752503976948
816,-0.584743,1.91261,-0.00164447846953673,0.909485669429562,0.111102085165907
815,-0.618034,1.90211,-0.00155167537891901,0.919253778305526,0.999999999919175
815,-0.651136,1.89104,-0.00148859338021546,0.909485669429935,-0.111102085328253
814,-0.68404,1.87939,-0.00140204915885321,0.915346582363941,0.777752503814277
814,-0.716736,1.86716,-0.00133168099876335,0.910462498171402,-0.333308963343933
813,-0.749213,1.85437,-0.00125130625910274,0.912416143750117,0.555523964050053
813,-0.781462,1.84101,-0.0011739878026711,0.912416143751584,-0.555523964183396
812,-0.813473,1.82709,-0.00109965225595125,0.910462498170484,0.33330896321226
812,-0.845237,1.81262,-0.00101574202050689,0.91534658236591,-0.7777525039432
811,-0.876742,1.79759,-0.000947284208166266,0.909485669429639,0.111102085200672
810,-0.907981,1.78201,-0.000857163418364673,0.919253778306197,0.999999999954239
810,-0.938943,1.7659,-0.000794391333990089,0.909485669429848,-0.111102085292613
809,-0.969619,1.74924,-0.000710366229800823,0.915346582364533,0.777752503850298
809,-1,1.73205,-0.000641152691401142,0.910462498171205,-0.333308963308436
808,-1.03008,1.71433,-0.000563006297142346,0.912416143750522,0.55552396408444
808,-1.05984,1.6961,-0.000487736094020145,0.912416143751243,-0.555523964150944
807,-1.08928,1.67734,-0.000415218777195359,0.910462498170733,0.33330896324243
807,-1.11839,1.65808,-0.00033429607922353,0.915346582365511,-0.777752503915504
806,-1.14715,1.6383,-0.000267127828094969,0.909485669429678,0.11110208522852
805,-1.17557,1.61803,-0.00018098160319664,0.91925377830677,0.999999999982889
805,-1.20363,1.59727,-0.000118857780774578,0.909485669429819,-0.111102085265551
804,-1.23132,1.57602,-3.82514034248039e-05,0.915346582364893,0.777752503876544
804,-1.25864,1.55429,2.94602096748362e-05,0.910462498170937,-0.333308963279986
803,-1.28558,1.53209,0.000104834971366389,0.912416143750809,0.555523964114847
803,-1.31212,1.50942,0.000177681424566467,0.912416143750849,-0.555523964118962
802,-1.33826,1.48629,0.000248147712118143,0.910462498170897,0.333308963276791
802,-1.364,1.46271,0.000325649015964164,0.915346582364928,-0.77775250387821
801,-1.38932,1.43868,0.000391543018121704,0.909485669429954,0.111102085257172
801,-1.41421,1.41421,0.000473192122480316,0.919253778307104,-0.999999999999994
15850,-1.43868,1.38932,0.000534860029438163,0.909485669429991,-0.111102085260237
15849,-1.46271,1.364,0.000611700245524958,0.915346582364828,0.777752503871364
15849,-1.48629,1.33826,0.000677925474076178,0.910462498171103,-0.333308963290387
15848,-1.50942,1.31212,0.000750305105422696,0.912416143750729,0.555523964099008
15848,-1.53209,1.28558,0.000820552803300478,0.912416143751185,-0.555523964140586
15847,-1.55429,1.25864,0.000888826377509527,0.910462498170851,0.333308963247569
15847,-1.57602,1.23132,0.000962536364084853,0.915346582365555,-0.777752503916249
15846,-1.59727,1.20363,0.00102706353023105,0.909485669429784,0.111102085221639
15845,-1.61803,1.17557,0.00110365128886294,0.919253778306531,0.999999999969823
15845,-1.6383,1.14715,0.00116479137242143,0.909485669429917,-0.111102085282151
15844,-1.65808,1.11839,0.0012373307970206,0.915346582364627,0.777752503855772
15844,-1.67734,1.08928,0.00130175023343095,0.910462498171251,-0.333308963307506
15843,-1.6961,1.05984,0.00137057793427097,0.912416143750542,0.555523964080906
15843,-1.71433,1.03008,0.00143764305109788,0.912416143751375,-0.555523964158831
15842,-1.73205,1,0.00150308798239085,0.910462498170697,0.333308963230296
15842,-1.74924,0.969619,0.00157213927053185,0.915346582365764,-0.777752503931822
15841,-1.7659,0.938943,0.00163452962427128,0.909485669429762,0.111102085205035
15840,-1.78201,0.907981,0.00170489136471501,0.919253778306162,0.999999999951483
15840,-1.79759,0.876742,0.00176456202600575,0.909485669429984,-0.111102085301589
15839,-1.81262,0.845237,0.00183148300604847,0.915346582364318,0.777752503835071
15839,-1.82709,0.813473,0.00189284824003755,0.910462498171391,-0.333308963330024
15838,-1.84101,0.781462,0.00195668002976424,0.912416143750253,0.555523964056986
15838,-1.85437,0.749213,0.00201907143221237,0.912416143751674,-0.555523964183544
15837,-1.86716,0.716736,0.00208018952610429,0.910462498170589,0.333308963203294
15837,-1.87939,0.68404,0.0021429398112516,0.915346582366259,-0.777752503962095
15836,-1.89104,0.651136,0.0022017411381157,0.909485669429715,0.111102085173074
15835,-1.90211,0.618034,0.00226418378404414,0.919253778305508,0.999999999918209
15835,-1.91261,0.584743,0.00232108391486036,0.909485669430068,-0.111102085335144
15834,-1.92252,0.551275,0.0023808934663446,0.915346582363818,0.777752503801208
15834,-1.93185,0.517638,0.00243798761384436,0.910462498171639,-0.333308963364235
15833,-1.94059,0.483844,0.00249560055240219,0.912416143749876,0.555523964021923
15833,-1.94874,0.449902,0.00255224315250468,0.912416143752063,-0.555523964220183
15832,-1.9563,0.415823,0.00260811118616478,0.910462498170272,0.333308963168156
15832,-1.96325,0.381618,0.00266365904767597,0.915346582366716,-0.7777525039937
15831,-1.96962,0.347296,0.00271824228085624,0.909485669429575,0.111102085145728
15830,-1.97538,0.312869,0.00277205175600631,0.91925377830502,0.999999999895294
15830,-1.98054,0.278346,0.00282580653243998,0.909485669430092,-0.111102085358556
15829,-1.98509,0.243739,0.00287804857644151,0.915346582363415,0.777752503777664
15829,-1.98904,0.209057,0.00293059072276125,0.910462498171765,-0.333308963386404
15828,-1.99239,0.174311,0.00298169313071953,0.912416143749651,0.555523964001473
15828,-1.99513,0.139513,0.00303234472061064,0.912416143752222,-0.5555239642384
15827,-1.99726,0.104672,0.00308271076713092,0.910462498170184,0.3333089631488
15827,-1.99878,0.069799,0.00313078055244399,0.915346582367074,-0.777752504016448
15826,-1.9997,0.0349048,0.00318079093289757,0.909485669429527,0.111102085121831
15825,-2,2.46315e-16,0.00322558199439386,0.919253778304535,0.999999999870803
15825,-1.9997,-0.0349048,0.00327560676141443,0.909485669430051,-0.111102085378547
15824,-1.99878,-0.069799,0.00331966564731197,0.915346582363134,0.777752503762804
15824,-1.99726,-0.104672,0.0033668372327261,0.910462498171696,-0.333308963393566
15823,-1.99513,-0.139513,0.00341054266821142,0.912416143749586,0.555523964001405
15823,-1.99239,-0.174311,0.00345418282002194,0.912416143752114,-0.555523964232279
15822,-1.98904,-0.209057,0.00349792812754616,0.910462498170195,0.333308963161688
15822,-1.98509,-0.243739,0.0035373854045059,0.915346582366744,-0.7777525039964
15821,-1.98054,-0.278346,0.00358158384450514,0.909485669429545,0.111102085145526
15820,-1.97538,-0.312869,0.00361623263762139,0.919253778305042,0.999999999897283
15820,-1.96962,-0.347296,0.00366131667390144,0.909485669429957,-0.111102085350017
15819,-1.96325,-0.381618,0.00369616522940442,0.915346582363609,0.777752503792499
15819,-1.9563,-0.415823,0.0037369816712261,0.910462498171549,-0.333308963366345
15818,-1.94874,-0.449902,0.00377249308330007,0.912416143749872,0.555523964026319
15818,-1.94059,-0.483844,0.00380847126296495,0.91241614375188,-0.555523964209544
15817,-1.93185,-0.517638,0.00384511142511808,0.910462498170337,0.33330896318265
15817,-1.92252,-0.551275,0.00387570061946237,0.915346582366458,-0.777752503976945
15816,-1.91261,-0.584743,0.0039139331957875,0.909485669429567,0.111102085165898
15815,-1.90211,-0.618034,0.00393860519072373,0.919253778305528,0.999999999919178
15815,-1.89104,-0.651136,0.00397888849125845,0.90948566942994,-0.111102085328262
15814,-1.87939,-0.68404,0.00400499027229555,0.915346582363942,0.77775250381428
15814,-1.86716,-0.716736,0.00403991393188985,0.910462498171397,-0.333308963343943
15813,-1.85437,-0.749213,0.0040678953608164,0.912416143750119,0.555523964050056
15813,-1.84101,-0.781462,0.00409694390541436,0.912416143751582,-0.555523964183381
15812,-1.82709,-0.813473,0.0041272348831919,0.910462498170486,0.333308963212263
15812,-1.81262,-0.845237,0.0041499084574648,0.915346582365912,-0.777752503943197
15811,-1.79759,-0.876742,0.00418291514323457,0.909485669429641,0.111102085200675
15810,-1.78201,-0.907981,0.00419872846807261,0.919253778306197,0.999999999954239
15810,-1.7659,-0.938943,0.00423483163566259,0.90948566942985,-0.11110208529261
15809,-1.74924,-0.969619,0.00425318087036471,0.915346582364535,0.777752503850301
15809,-1.73205,-1,0.0042828747240074,0.9104624981712,-0.333308963308458
15808,-1.71433,-1.03008,0.00430413182238673,0.912416143750526,0.555523964084446
15808,-1.6961,-1.05984,0.00432695091365853,0.912416143751243,-0.555523964150944
15807,-1.67734,-1.08928,0.00435148455988616,0.910462498170725,0.333308963242434
15807,-1.65808,-1.11839,0.00436699531465814,0.915346582365503,-0.7777525039155
15806,-1.6383,-1.14715,0.00439517347088742,0.90948566942967,0.111102085228524
15805,-1.61803,-1.17557,0.00440298112856904,0.919253778306763,0.999999999982893
15805,-1.59727,-1.20363,0.0044351740904359,0.909485669429812,-0.111102085265547
15804,-1.57602,-1.23132,0.00444653694448797,0.915346582364898,0.777752503876549
15804,-1.55429,-1.25864,0.00447149468237003,0.910462498170935,-0.333308963280012
15803,-1.53209,-1.28558,0.00448679019747622,0.912416143750815,0.555523964114853
15803,-1.50942,-1.31212,0.0045041583198954,0.912416143750855,-0.555523964118957
15802,-1.48629,-1.33826,0.00452374149258805,0.910462498170897,0.333308963276791
15802,-1.46271,-1.364,0.00453318749605919,0.915346582364928,-0.77775250387821
15801,-1.43868,-1.38932,0.00455738306875782,0.909485669429954,0.111102085257172
15801,-1.41421,-1.41421,0.00455859271509292,0.919253778307098,-0.999999999999989
10084,-1.38932,-1.43868,0.00458769080758054,-0.909485669429983,0.111102085260242
10184,-1.364,-1.46271,0.00459342190184113,-0.915346582364814,-0.777752503871363
10184,-1.33826,-1.48629,0.00461461243913505,-0.910462498171062,0.333308963290425
10284,-1.31212,-1.50942,0.00462511347406179,-0.912416143750702,-0.555523964098991
10284,-1.28558,-1.53209,0.00463806532297484,-0.912416143751175,0.55552396414059
10384,-1.25864,-1.55429,0.00465354596066404,-0.910462498170858,-0.333308963247603
10384,-1.23132,-1.57602,0.00465794240383808,-0.915346582365569,0.777752503916277
10484,-1.20363,-1.59727,0.004678571526268,-0.909485669429755,-0.111102085221656
10584,-1.17557,-1.61803,0.00467410970257962,-0.919253778306467,-0.999999999969833
10584,-1.14715,-1.6383,0.00470001642947342,-0.909485669429891,0.111102085282108
10684,-1.11839,-1.65808,0.00470051818919229,-0.915346582364624,-0.777752503855743
10684,-1.08928,-1.67734,0.00471768928336097,-0.910462498171255,0.333308963307532
10784,-1.05984,-1.6961,0.00472325894466486,-0.912416143750544,-0.555523964080908
10784,-1.03008,-1.71433,0.00473138814142835,-0.912416143751393,0.555523964158839
10884,-1,-1.73205,0.00474210084241901,-0.910462498170715,-0.333308963230315
10884,-0.969619,-1.74924,0.00474090543325503,-0.915346582365772,0.777752503931858
10984,-0.938943,-1.7659,0.0047568083297501,-0.909485669429763,-0.111102085205032
11084,-0.907981,-1.78201,0.00474602750962413,-0.919253778306154,-0.99999999995149
11084,-0.876742,-1.79759,0.00476714995812371,-0.909485669429981,0.111102085301552
11184,-0.845237,-1.81262,0.00476136367804339,-0.915346582364332,-0.777752503835052
11184,-0.813473,-1.82709,0.00477291750415888,-0.910462498171421,0.333308963330044
11284,-0.781462,-1.84101,0.0047721647354944,-0.912416143750289,-0.555523964056998
11284,-0.749213,-1.85437,0.0047739421724792,-0.912416143751684,0.555523964183542
11384,-0.716736,-1.86716,0.00477827255001818,-0.910462498170579,-0.333308963203316
11384,-0.68404,-1.87939,0.00477012057843776,-0.915346582366256,0.777752503962127
11484,-0.651136,-1.89104,0.00477960772195415,-0.9094856694297,-0.111102085173069
11584,-0.618034,-1.90211,0.00476143877186071,-0.919253778305473,-0.9999999999182
11584,-0.584743,-1.91261,0.00477618177329661,-0.909485669430035,0.111102085335111
11684,-0.551275,-1.92252,0.00476319545875103,-0.915346582363772,-0.777752503801188
11684,-0.517638,-1.93185,0.00476807903409751,-0.910462498171642,0.333308963364261
11784,-0.483844,-1.94059,0.00476040908341661,-0.912416143749915,-0.555523964021929
11784,-0.449902,-1.94874,0.00475543568542076,-0.912416143752077,0.555523964220183
11884,-0.415823,-1.9563,0.00475320039700225,-0.910462498170266,-0.33330896316818
11884,-0.381618,-1.96325,0.00473840254623783,-0.915346582366712,0.777752503993725
11984,-0.347296,-1.96962,0.00474166743551127,-0.909485669429565,-0.111102085145729
12084,-0.312869,-1.97538,0.00471708619417996,-0.919253778305011,-0.999999999895287
12084,-0.278346,-1.98054,0.00472583796166141,-0.909485669430107,0.111102085358526
12184,-0.243739,-1.98509,0.00470676415516694,-0.915346582363447,-0.777752503777644
12184,-0.209057,-1.98904,0.00470565071784341,-0.910462498171781,0.333308963386432
12284,-0.174311,-1.99239,0.00469197434538327,-0.912416143749663,-0.555523964001473
12284,-0.139513,-1.99513,0.00468094987813979,-0.912416143752267,0.555523964238395
12384,-0.104672,-1.99726,0.00467247442642842,-0.910462498170238,-0.333308963148834
12384,-0.069799,-1.99878,0.00465148903178197,-0.915346582367131,0.777752504016471
12484,-0.0349048,-1.9997,0.00464795227287173,-0.909485669429557,-0.111102085121833
12584,-4.35203e-16,-2,0.00461697059734032,-0.919253778304537,-0.999999999870803
12584,0.0349048,-1.9997,0.00461806997560014,-0.909485669430058,0.111102085378513
12684,0.069799,-1.99878,0.00459180473624404,-0.915346582363139,-0.777752503762792
12684,0.104672,-1.99726,0.00458249269170821,-0.9104624981717,0.333308963393593
12784,0.139513,-1.99513,0.00456064479219849,-0.912416143749591,-0.555523964001403
12784,0.174311,-1.99239,0.00454092126961155,-0.912416143752134,0.555523964232273
12884,0.209057,-1.98904,0.00452320048441028,-0.91046249817019,-0.333308963161724
12884,0.243739,-1.98509,0.00449311501471026,-0.915346582366752,0.777752503996427
12984,0.278346,-1.98054,0.00447924198588461,-0.909485669429543,-0.111102085145531
13084,0.312869,-1.97538,0.00443888483108409,-0.919253778305079,-0.999999999897294
13084,0.347296,-1.96962,0.00442858754078262,-0.909485669429971,0.111102085349981
13184,0.381618,-1.96325,0.00439200889223817,-0.915346582363621,-0.777752503792476
13184,0.415823,-1.9563,0.0043711091943114,-0.910462498171561,0.33330896336634
13284,0.449902,-1.94874,0.00433807335846444,-0.912416143749886,-0.555523964026324
13284,0.483844,-1.94059,0.00430674690127893,-0.912416143751904,0.555523964209538
13384,0.517638,-1.93185,0.00427704433327135,-0.910462498170363,-0.333308963182687
13384,0.551275,-1.92252,0.00423552580741241,-0.915346582366464,0.777752503976962
13484,0.584743,-1.91261,0.00420897797175792,-0.909485669429569,-0.111102085165906
13584,0.618034,-1.90211,0.00415756613585265,-0.919253778305519,-0.999999999919186
13584,0.651136,-1.89104,0.00413402238065095,-0.909485669429928,0.111102085328226
13684,0.68404,-1.87939,0.00408597086760284,-0.915346582363942,-0.777752503814258
13684,0.716736,-1.86716,0.0040523935244912,-0.910462498171394,0.333308963343945
13784,0.749213,-1.85437,0.00400758116780048,-0.912416143750121,-0.555523964050058
13784,0.781462,-1.84101,0.00396435503931353,-0.91241614375158,0.555523964183364
13884,0.813473,-1.82709,0.00392266423725129,-0.91046249817049,-0.333308963212306
13884,0.845237,-1.81262,0.00387022907645908,-0.915346582365913,0.777752503943214
13984,0.876742,-1.79759,0.00383154360510333,-0.909485669429626,-0.1111020852007
14084,0.907981,-1.78201,0.00377038434811438,-0.919253778306215,-0.999999999954254
14084,0.938943,-1.7659,0.00373455956289227,-0.909485669429858,0.111102085292581
14184,0.969619,-1.74924,0.00367674015542795,-0.915346582364524,-0.777752503850263
14184,1,-1.73205,0.00363200030649854,-0.910462498171194,0.333308963308465
14284,1.03008,-1.71433,0.00357729117939883,-0.91241614375052,-0.55552396408445
14284,1.05984,-1.6961,0.00352405689654697,-0.912416143751235,0.55552396415093
14384,1.08928,-1.67734,0.00347215234660683,-0.910462498170724,-0.333308963242461
14384,1.11839,-1.65808,0.00341085387877514,-0.915346582365498,0.777752503915531
14484,1.14715,-1.6383,0.00336142761115537,-0.909485669429676,-0.111102085228531
14584,1.17557,-1.61803,0.00329254025691313,-0.919253778306762,-0.999999999982903
14584,1.20363,-1.59727,0.00324527742170928,-0.909485669429825,0.1111020852655
14684,1.23132,-1.57602,0.0031791039086063,-0.91534658236492,-0.777752503876537
14684,1.25864,-1.55429,0.0031238687755096,-0.910462498170955,0.333308963280004
14784,1.28558,-1.53209,0.00306004114984445,-0.912416143750819,-0.555523964114867
14784,1.31212,-1.50942,0.00299726299384053,-0.912416143750872,0.555523964118932
14884,1.33826,-1.48629,0.00293530678534838,-0.910462498170903,-0.333308963276861
14884,1.364,-1.46271,0.00286538035402519,-0.915346582364901,0.777752503878194
14984,1.38932,-1.43868,0.00280476823058828,-0.909485669429939,-0.111102085257194
14984,1.41421,-1.41421,0.00272810308953221,-0.919253778307102,0.999999999999985
5850,1.43868,-1.38932,0.00266833733534458,0.909485669429985,-0.111102085260202
5849,1.46271,-1.364,0.00259309560585875,0.915346582364833,0.777752503871339
5849,1.48629,-1.33826,0.00252602058257902,0.910462498171102,-0.333308963290407
5848,1.50942,-1.31212,0.00245177029629075,0.91241614375073,0.555523964099018
5848,1.53209,-1.28558,0.00237790116121184,0.912416143751186,-0.555523964140576
5847,1.55429,-1.25864,0.00230425003878386,0.91046249817085,0.333308963247604
5847,1.57602,-1.23132,0.00222414624947867,0.91534658236556,-0.777752503916265
5846,1.59727,-1.20363,0.00215074962284034,0.909485669429786,0.111102085221649
5845,1.61803,-1.17557,0.00206501335828362,0.919253778306525,0.999999999969829
5845,1.6383,-1.14715,0.00199155320302643,0.909485669429914,-0.11110208528211
5844,1.65808,-1.11839,0.00190641326539075,0.915346582364627,0.777752503855747
5844,1.67734,-1.08928,0.00182697513679884,0.910462498171258,-0.333308963307527
5843,1.6961,-1.05984,0.0017421389290703,0.912416143750537,0.555523964080912
5843,1.71433,-1.03008,0.00165738160302535,0.912416143751378,-0.555523964158821
5842,1.73205,-1,0.00157259593709188,0.910462498170701,0.333308963230334
5842,1.74924,-0.969619,0.00148321557851873,0.915346582365767,-0.777752503931841
5841,1.7659,-0.938943,0.00139824703878273,0.909485669429766,0.111102085205045
5840,1.78201,-0.907981,0.00130495283799961,0.919253778306158,0.99999999995149
5840,1.79759,-0.876742,0.00121958240863382,0.909485669429983,-0.111102085301555
5839,1.81262,-0.845237,0.00112661764550907,0.915346582364319,0.777752503835052
5839,1.82709,-0.813473,0.00103717232468971,0.910462498171384,-0.333308963330046
5838,1.84101,-0.781462,0.000944393873603886,0.912416143750258,0.555523964056995
5838,1.85437,-0.749213,0.000851678187705275,0.91241614375167,-0.555523964183538
5837,1.86716,-0.716736,0.000758954058213988,0.91046249817059,0.333308963203332
5837,1.87939,-0.68404,0.000663767855096265,0.915346582366259,-0.777752503962114
5836,1.89104,-0.651136,0.000570930093508711,0.909485669429712,0.11110208517308
5835,1.90211,-0.618034,0.000474059456057576,0.919253778305505,0.999999999918216
5835,1.91261,-0.584743,0.000380904874453228,0.909485669430072,-0.111102085335106
5834,1.92252,-0.551275,0.000284473069850665,0.915346582363824,0.777752503801191
5834,1.93185,-0.517638,0.000189419526272489,0.910462498171638,-0.333308963364257
5833,1.94059,-0.483844,9.31804225114042e-05,0.912416143749874,0.555523964021932
5833,1.94874,-0.449902,-3.03521044172174e-06,0.91241614375206,-0.555523964220175
5832,1.9563,-0.415823,-9.93576142975909e-05,0.910462498170272,0.333308963168192
5832,1.96325,-0.381618,-0.000196000406505513,0.915346582366721,-0.777752503993719
5831,1.96962,-0.347296,-0.000292680327292616,0.909485669429573,0.111102085145735
5830,1.97538,-0.312869,-0.000388998997107586,0.919253778305019,0.999999999895301
5830,1.98054,-0.278346,-0.00048629008905414,0.909485669430095,-0.11110208535852
5829,1.98509,-0.243739,-0.000582452038547187,0.915346582363408,0.777752503777643
5829,1.98904,-0.209057,-0.000679655275510091,0.910462498171767,-0.333308963386425
5828,1.99239,-0.174311,-0.000775890566591918,0.91241614374965,0.555523964001481
5828,1.99513,-0.139513,-0.000872221970159405,0.912416143752221,-0.555523964238393
5827,1.99726,-0.104672,-0.000968752358205607,0.910462498170182,0.333308963148836
5827,1.99878,-0.069799,-0.00106342843057551,0.915346582367075,-0.777752504016468
5826,1.9997,-0.0349048,-0.00116046537408823,0.909485669429527,0.111102085121839
