origElemNum,globCoord-x,globCoord-y,acouIntensity-x,acouIntensity-y,locCoord-xi,locCoord-eta
5825,2,-2.20442e-18,1.47008115122223e-08,5.35663879438841e-08,0.919253778304535,0.999999999870795
5825,1.9997,0.0349048,7.35370260475417e-09,3.98305405858061e-08,0.909485669430051,-0.11110208537854
5824,1.99878,0.069799,2.47517264472815e-09,2.63108879398042e-08,0.915346582363134,0.7777525037628
5824,1.99726,0.104672,4.7332609162239e-11,1.2596895341259e-08,0.910462498171695,-0.333308963393583
5823,1.99513,0.139513,8.36818953871821e-11,-9.56502591317168e-10,0.912416143749585,0.555523964001403
5823,1.99239,0.174311,2.58190562311537e-09,-1.43346387170209e-08,0.912416143752112,-0.555523964232293
5822,1.98904,0.209057,7.5226281283284e-09,-2.72729687472867e-08,0.910462498170195,0.33330896316169
5822,1.98509,0.243739,1.49136154655644e-08,-4.00036317168873e-08,0.915346582366752,-0.777752503996411
5821,1.98054,0.278346,2.46736274300269e-08,-5.16819117452354e-08,0.909485669429537,0.111102085145532
5820,1.97538,0.312869,3.66919453568926e-08,-6.22416905308966e-08,0.91925377830504,0.999999999897275
5820,1.96962,0.347296,5.13061395250284e-08,-7.32457544409152e-08,0.909485669429959,-0.111102085350008
5819,1.96325,0.381618,6.78361202370561e-08,-8.1564618681341e-08,0.915346582363608,0.777752503792493
5819,1.9563,0.415823,8.70815043072516e-08,-9.10584868020507e-08,0.910462498171543,-0.333308963366333
5818,1.94874,0.449902,1.07855104579262e-07,-9.6545538775899e-08,0.912416143749872,0.555523964026318
5818,1.94059,0.483844,1.31557313474638e-07,-1.04257256572687e-07,0.912416143751876,-0.555523964209557
5817,1.93185,0.517638,1.56241945518003e-07,-1.06357145822345e-07,0.910462498170338,0.333308963182653
5817,1.92252,0.551275,1.84193764905718e-07,-1.12034170031087e-07,0.915346582366455,-0.777752503976955
5816,1.91261,0.584743,2.12397229296522e-07,-1.1023409334987e-07,0.909485669429567,0.111102085165898
5815,1.90211,0.618034,2.4185975424142e-07,-1.05948671481557e-07,0.919253778305533,0.999999999919169
5815,1.89104,0.651136,2.756362730824e-07,-1.07481028908876e-07,0.909485669429933,-0.111102085328256
5814,1.87939,0.68404,3.07865951560632e-07,-9.86063337468102e-08,0.915346582363941,0.777752503814277
5814,1.86716,0.716736,3.45196745653412e-07,-9.74795503288519e-08,0.910462498171402,-0.333308963343933
5813,1.85437,0.749213,3.79671268779771e-07,-8.36381249800078e-08,0.912416143750119,0.555523964050056
5813,1.84101,0.781462,4.20244896508089e-07,-7.96944406413755e-08,0.912416143751575,-0.555523964183394
5812,1.82709,0.813473,4.56400215905199e-07,-6.05677617770945e-08,0.910462498170486,0.333308963212263
5812,1.81262,0.845237,4.9988398335678e-07,-5.36799443364241e-08,0.915346582365915,-0.777752503943209
5811,1.79759,0.876742,5.37122557777302e-07,-2.90112383616582e-08,0.909485669429635,0.111102085200681
5810,1.78201,0.907981,5.74038106599477e-07,-1.16578473835732e-09,0.919253778306195,0.999999999954235
5810,1.7659,0.938943,6.20868437297407e-07,1.13210643124944e-08,0.909485669429844,-0.111102085292603
5809,1.74924,0.969619,6.57855840223399e-07,4.49587985682174e-08,0.915346582364538,0.777752503850291
5809,1.73205,1,7.06642413441549e-07,6.06241543435428e-08,0.910462498171199,-0.333308963308445
5808,1.71433,1.03008,7.43058659593927e-07,1.00149253249885e-07,0.912416143750526,0.555523964084446
5808,1.6961,1.05984,7.93437379510682e-07,1.19000069228758e-07,0.912416143751246,-0.555523964150953
5807,1.67734,1.08928,8.28638815860555e-07,1.64449113330517e-07,0.910462498170725,0.333308963242434
5807,1.65808,1.11839,8.80250932732315e-07,1.86463553968962e-07,0.915346582365508,-0.777752503915519
5806,1.6383,1.14715,9.13602080416851e-07,2.37819942186144e-07,0.909485669429676,0.11110208522853
5805,1.61803,1.17557,9.44789189582356e-07,2.92279755314883e-07,0.919253778306765,0.999999999982884
5805,1.59727,1.20363,9.96976360193258e-07,3.20147447111795e-07,0.909485669429817,-0.111102085265541
5804,1.57602,1.23132,1.02529480438408e-06,3.80346829220759e-07,0.9153465823649,0.777752503876539
5804,1.55429,1.25864,1.0778165765659e-06,4.11244223890419e-07,0.910462498170939,-0.333308963279996
5803,1.53209,1.28558,1.10266796660593e-06,4.77035169791857e-07,0.912416143750815,0.555523964114853
5803,1.50942,1.31212,1.1552081121545e-06,5.1085148024035e-07,0.91241614375085,-0.555523964118972
5802,1.48629,1.33826,1.17601521525171e-06,5.82036657031518e-07,0.910462498170897,0.333308963276791
5802,1.46271,1.364,1.22827059328702e-06,6.18639845161093e-07,0.915346582364929,-0.77775250387822
5801,1.43868,1.38932,1.24448159534608e-06,6.94974314418058e-07,0.909485669429954,0.111102085257182
5801,1.41421,1.41421,1.29616437787052e-06,7.34212711725157e-07,0.919253778307104,-0.999999999999994
850,1.38932,1.43868,1.30725399855113e-06,8.15404870020032e-07,0.909485669429991,-0.111102085260227
849,1.364,1.46271,1.31409482366871e-06,8.98633094131395e-07,0.915346582364834,0.777752503871359
849,1.33826,1.48629,1.36356138990615e-06,9.42816104340751e-07,0.910462498171096,-0.333308963290402
848,1.31212,1.50942,1.3644764823572e-06,1.03026767128993e-06,0.912416143750729,0.555523964099008
848,1.28558,1.53209,1.41267458228003e-06,1.07662293436974e-06,0.912416143751184,-0.555523964140596
847,1.25864,1.55429,1.40721956287717e-06,1.16787104789643e-06,0.910462498170846,0.333308963247574
847,1.23132,1.57602,1.45391003150032e-06,1.21616611874321e-06,0.915346582365554,-0.777752503916259
846,1.20363,1.59727,1.44167385627784e-06,1.31073130051115e-06,0.90948566942978,0.111102085221654
845,1.17557,1.61803,1.42422013804639e-06,1.40605328637996e-06,0.919253778306528,0.999999999969813
845,1.14715,1.6383,1.46723416148479e-06,1.45805144555035e-06,0.909485669429915,-0.111102085282135
844,1.11839,1.65808,1.44242633600033e-06,1.55573600071319e-06,0.915346582364625,0.777752503855763
844,1.08928,1.67734,1.48333916522465e-06,1.60893320305322e-06,0.910462498171253,-0.333308963307521
843,1.05984,1.6961,1.45086854503452e-06,1.70832888335868e-06,0.912416143750542,0.555523964080906
843,1.03008,1.71433,1.48947726985835e-06,1.76236559181648e-06,0.912416143751377,-0.555523964158847
842,1,1.73205,1.44908295229021e-06,1.86274552507773e-06,0.910462498170698,0.333308963230309
842,0.969619,1.74924,1.48520289152623e-06,1.91722721865607e-06,0.915346582365766,-0.777752503931825
841,0.938943,1.7659,1.43668184705467e-06,2.01779778627706e-06,0.909485669429764,0.111102085205048
840,0.907981,1.78201,1.38249847060001e-06,2.11696062758726e-06,0.919253778306164,0.99999999995148
840,0.876742,1.79759,1.41337077393193e-06,2.17221021386106e-06,0.909485669429979,-0.11110208530158
839,0.845237,1.81262,1.35095746543302e-06,2.27018252818441e-06,0.91534658236432,0.777752503835068
839,0.813473,1.82709,1.37896493854706e-06,2.32463786508524e-06,0.91046249817139,-0.33330896333004
838,0.781462,1.84101,1.30832436338793e-06,2.42051664746179e-06,0.912416143750255,0.555523964056983
838,0.749213,1.85437,1.33340314795378e-06,2.47368883981901e-06,0.912416143751674,-0.555523964183563
837,0.716736,1.86716,1.2546302709877e-06,2.56655647866798e-06,0.910462498170584,0.333308963203304
837,0.68404,1.87939,1.27676210271135e-06,2.61795875728909e-06,0.915346582366261,-0.777752503962098
836,0.651136,1.89104,1.19004889564031e-06,2.70690978328178e-06,0.909485669429719,0.111102085173086
835,0.618034,1.90211,1.09833748469408e-06,2.79211286758293e-06,0.919253778305509,0.999999999918205
835,0.584743,1.91261,1.11489977327014e-06,2.84023622778865e-06,0.909485669430073,-0.111102085335132
834,0.551275,1.92252,1.0158155994318e-06,2.92018111510421e-06,0.915346582363819,0.777752503801204
834,0.517638,1.93185,1.02964505621719e-06,2.96527660545521e-06,0.910462498171637,-0.333308963364254
833,0.483844,1.94059,9.23618256599003e-07,3.03918655363561e-06,0.912416143749877,0.55552396402192
833,0.449902,1.94874,9.34877958549603e-07,3.08087295341157e-06,0.91241614375206,-0.555523964220202
832,0.415823,1.9563,8.22418303844839e-07,3.14804479822071e-06,0.910462498170279,0.333308963168166
832,0.381618,1.96325,8.31310230059716e-07,3.18598765350326e-06,0.915346582366717,-0.777752503993703
831,0.347296,1.96962,7.1299689146506e-07,3.24580625403252e-06,0.909485669429573,0.111102085145737
830,0.312869,1.97538,5.91271014436407e-07,3.3000755539899e-06,0.919253778305012,0.99999999989529
830,0.278346,1.98054,5.96225428818859e-07,3.33167146493918e-06,0.909485669430091,-0.111102085358547
829,0.243739,1.98509,4.69714896348373e-07,3.37779742796326e-06,0.915346582363415,0.77775250377766
829,0.209057,1.98904,4.73049699653748e-07,3.40499201473867e-06,0.910462498171767,-0.333308963386422
828,0.174311,1.99239,3.42459975041736e-07,3.44260317848755e-06,0.912416143749651,0.55552396400147
828,0.139513,1.99513,3.4447302499645e-07,3.46526675735493e-06,0.912416143752224,-0.555523964238419
827,0.104672,1.99726,2.10546115985441e-07,3.49408243171043e-06,0.910462498170184,0.33330896314881
827,0.069799,1.99878,2.11544473884724e-07,3.51213406307428e-06,0.915346582367074,-0.777752504016452
826,0.0349048,1.9997,7.50499364598659e-08,3.53196275031778e-06,0.909485669429527,0.111102085121841
825,1.27747e-16,2,-6.27184780594869e-08,3.54536975675333e-06,0.919253778304535,0.999999999870799
825,-0.0349048,1.9997,-6.29314495709206e-08,3.55610655127008e-06,0.909485669430051,-0.111102085378537
824,-0.069799,1.99878,-2.01960623259588e-07,3.56037706458671e-06,0.915346582363134,0.777752503762801
824,-0.104672,1.99726,-2.022942437804e-07,3.56649924265742e-06,0.910462498171695,-0.333308963393583
823,-0.139513,1.99513,-3.41787908665108e-07,3.56165421094553e-06,0.912416143749585,0.555523964001401
823,-0.174311,1.99239,-3.41940981698947e-07,3.56323346981227e-06,0.912416143752112,-0.555523964232297
822,-0.209057,1.98904,-4.81107972663388e-07,3.54935930901772e-06,0.910462498170195,0.333308963161685
822,-0.243739,1.98509,-4.8078839875853e-07,3.54649369085904e-06,0.915346582366744,-0.777752503996403
821,-0.278346,1.98054,-6.18847543331147e-07,3.52373334716773e-06,0.909485669429538,0.111102085145537
820,-0.312869,1.97538,-7.5579267121024e-07,3.49468107927655e-06,0.919253778305041,0.999999999897278
820,-0.347296,1.96962,-7.53956291103092e-07,3.4850889978103e-06,0.90948566942996,-0.111102085350006
819,-0.381618,1.96325,-8.88512621088964e-07,3.44750131000032e-06,0.915346582363608,0.777752503792493
819,-0.415823,1.9563,-8.85409515638372e-07,3.43380907153701e-06,0.910462498171543,-0.333308963366333
818,-0.449902,1.94874,-1.01683670035703e-06,3.38796943294015e-06,0.912416143749872,0.555523964026316
818,-0.483844,1.94059,-1.01221675046466e-06,3.37034368280405e-06,0.912416143751875,-0.555523964209561
817,-0.517638,1.93185,-1.13980030837999e-06,3.31658457095623e-06,0.910462498170336,0.333308963182646
817,-0.551275,1.92252,-1.13342822096051e-06,3.29521129647049e-06,0.915346582366457,-0.777752503976948
816,-0.584743,1.91261,-1.25648659459808e-06,3.2339139758981e-06,0.909485669429562,0.111102085165907
815,-0.618034,1.90211,-1.37624567031265e-06,3.16737416694931e-06,0.919253778305526,0.999999999919175
815,-0.651136,1.89104,-1.36603248389716e-06,3.14058937379885e-06,0.909485669429935,-0.111102085328253
814,-0.68404,1.87939,-1.48021838308085e-06,3.06726554122326e-06,0.915346582363941,0.777752503814277
814,-0.716736,1.86716,-1.46763523692491e-06,3.03730577436776e-06,0.910462498171402,-0.333308963343933
813,-0.749213,1.85437,-1.5756822342588e-06,2.95770059920226e-06,0.912416143750117,0.555523964050053
813,-0.781462,1.84101,-1.56056075456684e-06,2.92481946968925e-06,0.912416143751584,-0.555523964183396
812,-0.813473,1.82709,-1.6619539666854e-06,2.83947722440884e-06,0.910462498170484,0.33330896321226
812,-0.845237,1.81262,-1.64414906089597e-06,2.80394618730298e-06,0.91534658236591,-0.7777525039432
811,-0.876742,1.79759,-1.7384301731428e-06,2.71345240366162e-06,0.909485669429639,0.111102085200672
810,-0.907981,1.78201,-1.82791618625047e-06,2.61946693767983e-06,0.919253778306197,0.999999999954239
810,-0.938943,1.7659,-1.80459813474818e-06,2.58054150363891e-06,0.909485669429848,-0.111102085292613
809,-0.969619,1.74924,-1.88636279459713e-06,2.48246808244547e-06,0.915346582364533,0.777752503850298
809,-1,1.73205,-1.86004257705115e-06,2.44171195431245e-06,0.910462498171205,-0.333308963308436
808,-1.03008,1.71433,-1.93380604906565e-06,2.34022505946798e-06,0.912416143750522,0.55552396408444
808,-1.05984,1.6961,-1.90445009873471e-06,2.29797457554875e-06,0.912416143751243,-0.555523964150944
807,-1.08928,1.67734,-1.97000211093448e-06,2.19377232681099e-06,0.910462498170733,0.33330896324243
807,-1.11839,1.65808,-1.9376089866617e-06,2.15037179098211e-06,0.915346582365511,-0.777752503915504
806,-1.14715,1.6383,-1.99480794554278e-06,2.04416898051496e-06,0.909485669429678,0.11110208522852
805,-1.17557,1.61803,-2.04665125302119e-06,1.93658312069972e-06,0.91925377830677,0.999999999982889
805,-1.20363,1.59727,-2.00818374946812e-06,1.89248878824749e-06,0.909485669429819,-0.111102085265551
804,-1.23132,1.57602,-2.05159180048646e-06,1.78410019567609e-06,0.915346582364893,0.777752503876544
804,-1.25864,1.55429,-2.01019225244486e-06,1.73981080604778e-06,0.910462498170937,-0.333308963279986
803,-1.28558,1.53209,-2.04520708605401e-06,1.6313459106585e-06,0.912416143750809,0.555523964114847
803,-1.31212,1.50942,-2.00100069270266e-06,1.58721153715174e-06,0.912416143750849,-0.555523964118962
802,-1.33826,1.48629,-2.02773482357834e-06,1.47939218068658e-06,0.910462498170897,0.333308963276791
802,-1.364,1.46271,-1.98088073177042e-06,1.43575648967839e-06,0.915346582364928,-0.77775250387821
801,-1.38932,1.43868,-1.99951690378226e-06,1.32929357987836e-06,0.909485669429954,0.111102085257172
801,-1.41421,1.41421,-1.95020750569302e-06,1.2864902464696e-06,0.919253778307104,-0.999999999999994
15850,-1.43868,1.38932,-1.96099417617247e-06,1.18207482038058e-06,0.909485669429991,-0.111102085260237
15849,-1.46271,1.364,-1.9669358001241e-06,1.07882663893673e-06,0.915346582364828,0.777752503871364
15849,-1.48629,1.33826,-1.91269825642682e-06,1.03871725371982e-06,0.910462498171103,-0.333308963290387
15848,-1.50942,1.31212,-1.91131115087555e-06,9.38592594866511e-07,0.912416143750729,0.555523964099008
15848,-1.53209,1.28558,-1.85524347767445e-06,9.0014577938807e-07,0.912416143751185,-0.555523964140586
15847,-1.55429,1.25864,-1.84692760794481e-06,8.0374472508172e-07,0.910462498170851,0.333308963247569
15847,-1.57602,1.23132,-1.78931790530062e-06,7.67218070171672e-07,0.915346582365555,-0.777752503916249
15846,-1.59727,1.20363,-1.77452336549789e-06,6.75092165316137e-07,0.909485669429784,0.111102085221639
15845,-1.61803,1.17557,-1.75581789078374e-06,5.85466180256157e-07,0.919253778306531,0.999999999969823
15845,-1.6383,1.14715,-1.69489971576472e-06,5.53363684551126e-07,0.909485669429917,-0.111102085282151
15844,-1.65808,1.11839,-1.67053423063251e-06,4.68812292104648e-07,0.915346582364627,0.777752503855772
15844,-1.67734,1.08928,-1.60891730211469e-06,4.39203678005503e-07,0.910462498171251,-0.333308963307506
15843,-1.6961,1.05984,-1.57945769613882e-06,3.60130547840604e-07,0.912416143750542,0.555523964080906
15843,-1.71433,1.03008,-1.51748928800294e-06,3.33166540374019e-07,0.912416143751375,-0.555523964158831
15842,-1.73205,1,-1.48353581101844e-06,2.5991207291712e-07,0.910462498170697,0.333308963230296
15842,-1.74924,0.969619,-1.42157158870711e-06,2.3571190893327e-07,0.915346582365764,-0.777752503931822
15841,-1.7659,0.938943,-1.383753133285e-06,1.68549948292153e-07,0.909485669429762,0.111102085205035
15840,-1.78201,0.907981,-1.34370287551387e-06,1.04908352569541e-07,0.919253778306162,0.999999999951483
15840,-1.79759,0.876742,-1.28112108947794e-06,8.63359121880034e-08,0.909485669429984,-0.111102085301589
15839,-1.81262,0.845237,-1.23826052212447e-06,2.90935691219415e-08,0.915346582364318,0.777752503835071
15839,-1.82709,0.813473,-1.17666663505454e-06,1.34586557457246e-08,0.910462498171391,-0.333308963330024
15838,-1.84101,0.781462,-1.13166540922762e-06,-3.72965238350701e-08,0.912416143750253,0.555523964056986
15838,-1.85437,0.749213,-1.07142062041151e-06,-4.99959074650007e-08,0.912416143751674,-0.555523964183544
15837,-1.86716,0.716736,-1.02494951447727e-06,-9.42453022890195e-08,0.910462498170589,0.333308963203294
15837,-1.87939,0.68404,-9.66406988535588e-07,-1.04042738332678e-07,0.915346582366259,-0.777752503962095
15836,-1.89104,0.651136,-9.19130767616218e-07,-1.4183547586371e-07,0.909485669429715,0.111102085173074
15835,-1.90211,0.618034,-8.71483641740218e-07,-1.76036780339317e-07,0.919253778305508,0.999999999918209
15835,-1.91261,0.584743,-8.1520214837288e-07,-1.80246668977923e-07,0.909485669430068,-0.111102085335144
15834,-1.92252,0.551275,-7.67783494684709e-07,-2.08206457080439e-07,0.915346582363818,0.777752503801208
15834,-1.93185,0.517638,-7.14121624292855e-07,-2.09751885430353e-07,0.910462498171639,-0.333308963364235
15833,-1.94059,0.483844,-6.67546347004781e-07,-2.31689335718846e-07,0.912416143749876,0.555523964021923
15833,-1.94874,0.449902,-6.16804636331733e-07,-2.30712974018841e-07,0.912416143752063,-0.555523964220183
15832,-1.9563,0.415823,-5.71658807744248e-07,-2.46905908084279e-07,0.910462498170272,0.333308963168156
15832,-1.96325,0.381618,-5.24116860441437e-07,-2.43575369372505e-07,0.915346582366716,-0.7777525039937
15831,-1.96962,0.347296,-4.8095318713413e-07,-2.54357256519539e-07,0.909485669429575,0.111102085145728
15830,-1.97538,0.312869,-4.39001579708263e-07,-2.62333077875973e-07,0.91925377830502,0.999999999895294
15830,-1.98054,0.278346,-3.96201536576061e-07,-2.54620736136922e-07,0.909485669430092,-0.111102085358556
15829,-1.98509,0.243739,-3.57023177576629e-07,-2.57831826826951e-07,0.915346582363415,0.777752503777664
15829,-1.98904,0.209057,-3.18109050923869e-07,-2.48344536669364e-07,0.910462498171765,-0.333308963386404
15828,-1.99239,0.174311,-2.82145526622686e-07,-2.47255029043977e-07,0.912416143749651,0.555523964001473
15828,-1.99513,0.139513,-2.47307131337581e-07,-2.36241148363545e-07,0.912416143752222,-0.5555239642384
15827,-1.99726,0.104672,-2.14949174453725e-07,-2.31356117804739e-07,0.910462498170184,0.3333089631488
15827,-1.99878,0.069799,-1.84345530573487e-07,-2.19078824430929e-07,0.915346582367074,-0.777752504016448
15826,-1.9997,0.0349048,-1.5592854670899e-07,-2.10938133361496e-07,0.909485669429527,0.111102085121831
15825,-2,2.46315e-16,-1.29686549454009e-07,-2.01387078346828e-07,0.919253778304535,0.999999999870803
15825,-1.9997,-0.0349048,-1.05487062584148e-07,-1.86845126933549e-07,0.909485669430051,-0.111102085378547
15824,-1.99878,-0.069799,-8.35732014466017e-08,-1.74959133256077e-07,0.915346582363134,0.777752503762804
15824,-1.99726,-0.104672,-6.39329284365547e-08,-1.59952912672279e-07,0.910462498171696,-0.333308963393566
15823,-1.99513,-0.139513,-4.6521844052185e-08,-1.46333769632625e-07,0.912416143749586,0.555523964001405
15823,-1.99239,-0.174311,-3.14768346588766e-08,-1.31159682182841e-07,0.912416143752114,-0.555523964232279
15822,-1.98904,-0.209057,-1.86790725221785e-08,-1.16422011429587e-07,0.910462498170195,0.333308963161688
15822,-1.98509,-0.243739,-8.23060491121714e-09,-1.01376647527586e-07,0.915346582366744,-0.7777525039964
15821,-1.98054,-0.278346,-9.18429206013672e-11,-8.6141459825e-08,0.909485669429545,0.111102085145526
15820,-1.97538,-0.312869,5.73331907675642e-09,-7.11401281953577e-08,0.919253778305042,0.999999999897283
15820,-1.96962,-0.347296,9.29253154366871e-09,-5.64059667560891e-08,0.909485669429957,-0.111102085350017
15819,-1.96325,-0.381618,1.05550269997728e-08,-4.18844739931102e-08,0.915346582363609,0.777752503792499
15819,-1.9563,-0.415823,9.62506771519411e-09,-2.81141163995064e-08,0.910462498171549,-0.333308963366345
15818,-1.94874,-0.449902,6.44794735084684e-09,-1.46731269550122e-08,0.912416143749872,0.555523964026319
15818,-1.94059,-0.483844,1.15215018553045e-09,-2.13880376262662e-09,0.91241614375188,-0.555523964209544
15817,-1.93185,-0.517638,-6.28045688073295e-09,9.64147435239865e-09,0.910462498170337,0.33330896318265
15817,-1.92252,-0.551275,-1.57880037798381e-08,2.06828679462669e-08,0.915346582366458,-0.777752503976945
15816,-1.91261,-0.584743,-2.72333840537909e-08,3.02494823178153e-08,0.909485669429567,0.111102085165898
15815,-1.90211,-0.618034,-4.02983787758599e-08,3.81092897088108e-08,0.919253778305528,0.999999999919178
15815,-1.89104,-0.651136,-5.59292542909699e-08,4.6392398618632e-08,0.90948566942994,-0.111102085328262
15814,-1.87939,-0.68404,-7.24692883313282e-08,5.12520350285915e-08,0.915346582363942,0.77775250381428
15814,-1.86716,-0.716736,-9.18064803937073e-08,5.73707299702697e-08,0.910462498171397,-0.333308963343943
15813,-1.85437,-0.749213,-1.11441029585298e-07,5.87772776492566e-08,0.912416143750119,0.555523964050056
15813,-1.84101,-0.781462,-1.34227903717151e-07,6.25507953476263e-08,0.912416143751582,-0.555523964183381
15812,-1.82709,-0.813473,-1.56529398858171e-07,6.00974488850703e-08,0.910462498170486,0.333308963212263
15812,-1.81262,-0.845237,-1.82486840360921e-07,6.13720509856271e-08,0.915346582365912,-0.777752503943197
15811,-1.79759,-0.876742,-2.06985823795596e-07,5.47027432909494e-08,0.909485669429641,0.111102085200675
15810,-1.78201,-0.907981,-2.3176982118687e-07,4.54130403373904e-08,0.919253778306197,0.999999999954239
15810,-1.7659,-0.938943,-2.62007005527762e-07,4.21662264788375e-08,0.90948566942985,-0.11110208529261
15809,-1.74924,-0.969619,-2.88138611349407e-07,2.82417380558212e-08,0.915346582364535,0.777752503850301
15809,-1.73205,-1,-3.20745217012507e-07,2.21473996928947e-08,0.9104624981712,-0.333308963308458
15808,-1.71433,-1.03008,-3.47676884044088e-07,3.37850800693584e-09,0.912416143750526,0.555523964084446
15808,-1.6961,-1.05984,-3.82320018329053e-07,-5.60532276116773e-09,0.912416143751243,-0.555523964150944
15807,-1.67734,-1.08928,-4.09487206973572e-07,-2.93693243183448e-08,0.910462498170725,0.333308963242434
15807,-1.65808,-1.11839,-4.45830514740971e-07,-4.12538502678152e-08,0.915346582365503,-0.7777525039155
15806,-1.6383,-1.14715,-4.7265935812488e-07,-7.01047173554313e-08,0.90948566942967,0.111102085228524
15805,-1.61803,-1.17557,-4.98110360946385e-07,-1.01742247124121e-07,0.919253778306763,0.999999999982893
15805,-1.59727,-1.20363,-5.36281683130724e-07,-1.18843626953995e-07,0.909485669429812,-0.111102085265547
15804,-1.57602,-1.23132,-5.60451954576131e-07,-1.55549156747616e-07,0.915346582364898,0.777752503876549
15804,-1.55429,-1.25864,-5.99451351993238e-07,-1.75517259405993e-07,0.910462498170935,-0.333308963280012
15803,-1.53209,-1.28558,-6.2177507951861e-07,-2.1723211586237e-07,0.912416143750815,0.555523964114853
15803,-1.50942,-1.31212,-6.61282439404158e-07,-2.39974107597878e-07,0.912416143750855,-0.555523964118957
15802,-1.48629,-1.33826,-6.81207024491519e-07,-2.86582783058716e-07,0.910462498170897,0.333308963276791
15802,-1.46271,-1.364,-7.20913521285241e-07,-3.11981250330834e-07,0.915346582364928,-0.77775250387821
15801,-1.43868,-1.38932,-7.37906004250819e-07,-3.63312814235953e-07,0.909485669429954,0.111102085257172
15801,-1.41421,-1.41421,-7.77517185126572e-07,-3.91227916038777e-07,0.919253778307098,-0.999999999999989
10084,-1.38932,-1.43868,-7.91068060526768e-07,-4.47058011931092e-07,-0.909485669429983,0.111102085260242
10184,-1.364,-1.46271,-8.01361176396459e-07,-5.04834356627403e-07,-0.915346582364814,-0.777752503871363
10184,-1.33826,-1.48629,-8.39934225436441e-07,-5.37381511375425e-07,-0.910462498171062,0.333308963290425
10284,-1.31212,-1.50942,-8.46035675076065e-07,-5.99131153882508e-07,-0.912416143750702,-0.555523964098991
10284,-1.28558,-1.53209,-8.83795912576899e-07,-6.33778200121341e-07,-0.912416143751175,0.55552396414059
10384,-1.25864,-1.55429,-8.85287149797639e-07,-6.99146661222179e-07,-0.910462498170858,-0.333308963247603
10384,-1.23132,-1.57602,-9.2200084632952e-07,-7.35678533085226e-07,-0.915346582365569,0.777752503916277
10484,-1.20363,-1.59727,-9.18502433823084e-07,-8.04267255403885e-07,-0.909485669429755,-0.111102085221656
10584,-1.17557,-1.61803,-9.10949641249789e-07,-8.73697163151287e-07,-0.919253778306467,-0.999999999969833
10584,-1.14715,-1.6383,-9.45126651768993e-07,-9.13818741574751e-07,-0.909485669429891,0.111102085282108
10684,-1.11839,-1.65808,-9.32087472937947e-07,-9.85684853525167e-07,-0.915346582364624,-0.777752503855743
10684,-1.08928,-1.67734,-9.64665565707451e-07,-1.02706674466171e-06,-0.910462498171255,0.333308963307532
10784,-1.05984,-1.6961,-9.45874362096818e-07,-1.10086287487451e-06,-0.912416143750544,-0.555523964080908
10784,-1.03008,-1.71433,-9.76688354919895e-07,-1.14321917486375e-06,-0.912416143751393,0.555523964158839
10884,-1,-1.73205,-9.5192486942952e-07,-1.21840123390112e-06,-0.910462498170715,-0.333308963230315
10884,-0.969619,-1.74924,-9.80831211234657e-07,-1.26143001499073e-06,-0.915346582365772,0.777752503931858
10984,-0.938943,-1.7659,-9.49920133745419e-07,-1.33742013017721e-06,-0.909485669429763,-0.111102085205032
11084,-0.907981,-1.78201,-9.14580312364395e-07,-1.41250449463833e-06,-0.919253778306154,-0.99999999995149
11084,-0.876742,-1.79759,-9.39611840505725e-07,-1.45699325437643e-06,-0.909485669429981,0.111102085301552
11184,-0.845237,-1.81262,-8.97997432616145e-07,-1.53187725783191e-06,-0.915346582364332,-0.777752503835052
11184,-0.813473,-1.82709,-9.20829037283668e-07,-1.57615413325848e-06,-0.910462498171421,0.333308963330044
11284,-0.781462,-1.84101,-8.72903198433239e-07,-1.6501967429183e-06,-0.912416143750289,-0.555523964056998
11284,-0.749213,-1.85437,-8.93484201925218e-07,-1.69390484389658e-06,-0.912416143751684,0.555523964183542
11384,-0.716736,-1.86716,-8.39268722879067e-07,-1.76645054362021e-06,-0.910462498170579,-0.333308963203316
11384,-0.68404,-1.87939,-8.57577845453528e-07,-1.80922851788777e-06,-0.915346582366256,0.777752503962127
11484,-0.651136,-1.89104,-7.97153143022451e-07,-1.87961493346336e-06,-0.9094856694297,-0.111102085173069
11584,-0.618034,-1.90211,-7.3265948915368e-07,-1.94726854439186e-06,-0.919253778305473,-0.9999999999182
11584,-0.584743,-1.91261,-7.46707835522792e-07,-1.98866501911077e-06,-0.909485669430035,0.111102085335111
11684,-0.551275,-1.92252,-6.76315504012796e-07,-2.05311415988018e-06,-0.915346582363772,-0.777752503801188
11684,-0.517638,-1.93185,-6.88183258073809e-07,-2.09259073868454e-06,-0.910462498171642,0.333308963364261
11784,-0.483844,-1.94059,-6.12142614403252e-07,-2.15320062293759e-06,-0.912416143749915,-0.555523964021929
11784,-0.449902,-1.94874,-6.21928892960058e-07,-2.19041679936262e-06,-0.912416143752077,0.555523964220183
11884,-0.415823,-1.9563,-5.40554379700123e-07,-2.24658378397415e-06,-0.910462498170266,-0.33330896316818
11884,-0.381618,-1.96325,-5.48389236272372e-07,-2.28122135608333e-06,-0.915346582366712,0.777752503993725
11984,-0.347296,-1.96962,-4.62055789716716e-07,-2.33238376650979e-06,-0.909485669429565,-0.111102085145729
12084,-0.312869,-1.97538,-3.72747845067827e-07,-2.37925438327465e-06,-0.919253778305011,-0.999999999895287
12084,-0.278346,-1.98054,-3.7723702465558e-07,-2.40979744509297e-06,-0.909485669430107,0.111102085358526
12184,-0.243739,-1.98509,-2.83725174370288e-07,-2.45087967408223e-06,-0.915346582363447,-0.777752503777644
12184,-0.209057,-1.98904,-2.86768562615414e-07,-2.47810559724715e-06,-0.910462498171781,0.333308963386432
12284,-0.174311,-1.99239,-1.89567193045146e-07,-2.51297531318566e-06,-0.912416143749663,-0.555523964001473
12284,-0.139513,-1.99513,-1.91389666732942e-07,-2.53668055636746e-06,-0.912416143752267,0.555523964238395
12384,-0.104672,-1.99726,-9.10579831522426e-08,-2.5649716184555e-06,-0.910462498170238,-0.333308963148834
12384,-0.069799,-1.99878,-9.19003202079959e-08,-2.5849833804339e-06,-0.915346582367131,0.777752504016471
12484,-0.0349048,-1.9997,1.09616271778348e-08,-2.60638715038052e-06,-0.909485669429557,-0.111102085121833
12584,-4.35203e-16,-2,1.15079895306665e-07,-2.62256531365313e-06,-0.919253778304537,-0.999999999870803
12584,0.0349048,-1.9997,1.15602200920036e-07,-2.63683453054703e-06,-0.909485669430058,0.111102085378513
12684,0.069799,-1.99878,2.21174624111615e-07,-2.64577778924882e-06,-0.915346582363139,-0.777752503762792
12684,0.104672,-1.99726,2.21934585208763e-07,-2.65602494909293e-06,-0.9104624981717,0.333308963393593
12784,0.139513,-1.99513,3.28281978237512e-07,-2.65759464090918e-06,-0.912416143749591,-0.555523964001403
12784,0.174311,-1.99239,3.29003094205569e-07,-2.66377199746538e-06,-0.912416143752134,0.555523964232273
12884,0.209057,-1.98904,4.35430658105331e-07,-2.65789796460878e-06,-0.91046249817019,-0.333308963161724
12884,0.243739,-1.98509,4.35835229740419e-07,-2.6599923401932e-06,-0.915346582366752,0.777752503996427
12984,0.278346,-1.98054,5.41640059732459e-07,-2.64667242985605e-06,-0.909485669429543,-0.111102085145531
13084,0.312869,-1.97538,6.46599105962289e-07,-2.62805032316787e-06,-0.919253778305079,-0.999999999897294
13084,0.347296,-1.96962,6.45930701103653e-07,-2.62400631472496e-06,-0.909485669429971,0.111102085349981
13184,0.381618,-1.96325,7.49099186676088e-07,-2.5981120057864e-06,-0.915346582363621,-0.777752503792476
13184,0.415823,-1.9563,7.47334352177635e-07,-2.59009723544878e-06,-0.910462498171561,0.33330896336634
13284,0.449902,-1.94874,8.48023925583935e-07,-2.55711893591109e-06,-0.912416143749886,-0.555523964026324
13284,0.483844,-1.94059,8.44908155370925e-07,-2.54525401574864e-06,-0.912416143751904,0.555523964209538
13384,0.517638,-1.93185,9.42450307678674e-07,-2.50545510334909e-06,-0.910462498170363,-0.333308963182687
13384,0.551275,-1.92252,9.37745768793299e-07,-2.48989886581851e-06,-0.915346582366464,0.777752503976962
13484,0.584743,-1.91261,1.03150319136123e-06,-2.44361405615866e-06,-0.909485669429569,-0.111102085165906
13584,0.618034,-1.90211,1.12240587390026e-06,-2.39290761062025e-06,-0.919253778305519,-0.999999999919186
13584,0.651136,-1.89104,1.11436942437412e-06,-2.37218482103879e-06,-0.909485669429928,0.111102085328226
13684,0.68404,-1.87939,1.20052974555805e-06,-2.31568929350491e-06,-0.915346582363942,-0.777752503814258
13684,0.716736,-1.86716,1.19031020868357e-06,-2.29183959167625e-06,-0.910462498171394,0.333308963343945
13784,0.749213,-1.85437,1.27122803206986e-06,-2.23003535079697e-06,-0.912416143750121,-0.555523964050058
13784,0.781462,-1.84101,1.25867207595545e-06,-2.20332818948643e-06,-0.91241614375158,0.555523964183364
13884,0.813473,-1.82709,1.33390692422757e-06,-2.13674409699042e-06,-0.91046249817049,-0.333308963212306
13884,0.845237,-1.81262,1.31889209978254e-06,-2.10747455264045e-06,-0.915346582365913,0.777752503943214
13984,0.876742,-1.79759,1.3880667747949e-06,-2.03668259183651e-06,-0.909485669429626,-0.1111020852007
14084,0.907981,-1.78201,1.45309464497903e-06,-1.96308511792985e-06,-0.919253778306215,-0.999999999954254
14084,0.938943,-1.7659,1.43330998290754e-06,-1.93077081154196e-06,-0.909485669429858,0.111102085292581
14184,0.969619,-1.74924,1.49181120299982e-06,-1.85397469093681e-06,-0.915346582364524,-0.777752503850263
14184,1,-1.73205,1.46934360484719e-06,-1.8199649817981e-06,-0.910462498171194,0.333308963308465
14284,1.03008,-1.71433,1.52112924184016e-06,-1.74060468982226e-06,-0.91241614375052,-0.55552396408445
14284,1.05984,-1.6961,1.49598237791355e-06,-1.70525106649012e-06,-0.912416143751235,0.55552396415093
14384,1.08928,-1.67734,1.54093451183121e-06,-1.62397570393653e-06,-0.910462498170724,-0.333308963242461
14384,1.11839,-1.65808,1.51314733425532e-06,-1.58763451409319e-06,-0.915346582365498,0.777752503915531
14484,1.14715,-1.6383,1.55121486177446e-06,-1.5050952421069e-06,-0.909485669429676,-0.111102085228531
14584,1.17557,-1.61803,1.5848168480785e-06,-1.42165094507793e-06,-0.919253778306762,-0.999999999982903
14584,1.20363,-1.59727,1.55205156951351e-06,-1.38495459232458e-06,-0.909485669429825,0.1111020852655
14684,1.23132,-1.57602,1.57882340266305e-06,-1.30128976954126e-06,-0.91534658236492,-0.777752503876537
14684,1.25864,-1.55429,1.54360724861298e-06,-1.26451539503973e-06,-0.910462498170955,0.333308963280004
14784,1.28558,-1.53209,1.56364812615942e-06,-1.1812382821337e-06,-0.912416143750819,-0.555523964114867
14784,1.31212,-1.50942,1.52612023118003e-06,-1.14470716806292e-06,-0.912416143750872,0.555523964118932
14884,1.33826,-1.48629,1.53957754467225e-06,-1.06240696560497e-06,-0.910462498170903,-0.333308963276861
14884,1.364,-1.46271,1.4999011009183e-06,-1.02642579399039e-06,-0.915346582364901,0.777752503878194
14984,1.38932,-1.43868,1.50696981165669e-06,-9.45670048773274e-07,-0.909485669429939,-0.111102085257194
14984,1.41421,-1.41421,1.46533048428818e-06,-9.10528995566601e-07,-0.919253778307102,0.999999999999985
5850,1.43868,-1.38932,1.46624961393385e-06,-8.31858556161167e-07,0.909485669429985,-0.111102085260202
5849,1.46271,-1.364,1.46339263874394e-06,-7.54396369077209e-07,0.915346582364833,0.777752503871339
5849,1.48629,-1.33826,1.41790285849052e-06,-7.21756003785567e-07,0.910462498171102,-0.333308963290407
5848,1.50942,-1.31212,1.40938522277561e-06,-6.47217340033714e-07,0.91241614375073,0.555523964099018
5848,1.53209,-1.28558,1.36247607977453e-06,-6.16095786604631e-07,0.912416143751186,-0.555523964140576
5847,1.55429,-1.25864,1.34864664944779e-06,-5.44941780076004e-07,0.91046249817085,0.333308963247604
5847,1.57602,-1.23132,1.30057401195299e-06,-5.15557452331953e-07,0.91534658236556,-0.777752503916265
5846,1.59727,-1.20363,1.28182305551844e-06,-4.48210896017759e-07,0.909485669429786,0.111102085221649
5845,1.61803,-1.17557,1.2602035127856e-06,-3.83120850347147e-07,0.919253778306525,0.999999999969829
5845,1.6383,-1.14715,1.20961555535031e-06,-3.57601902085962e-07,0.909485669429914,-0.11110208528211
5844,1.65808,-1.11839,1.18379826422078e-06,-2.96927695499669e-07,0.915346582364627,0.777752503855747
5844,1.67734,-1.08928,1.13278234114968e-06,-2.73627738263057e-07,0.910462498171258,-0.333308963307527
5843,1.6961,-1.05984,1.10326238004772e-06,-2.17676920874053e-07,0.912416143750537,0.555523964080912
5843,1.71433,-1.03008,1.0521391107909e-06,-1.96733710225735e-07,0.912416143751378,-0.555523964158821
5842,1.73205,-1,1.01945060164876e-06,-1.45766409723594e-07,0.910462498170701,0.333308963230334
5842,1.74924,-0.969619,9.68556703822806e-07,-1.27293416209345e-07,0.915346582365767,-0.777752503931841
5841,1.7659,-0.938943,9.332709573963e-07,-8.15180572228314e-08,0.909485669429766,0.111102085205045
5840,1.78201,-0.907981,8.96643064177239e-07,-3.87433038545492e-08,0.919253778306158,0.99999999995149
5840,1.79759,-0.876742,8.45677124580572e-07,-2.51698334664843e-08,0.909485669429983,-0.111102085301555
5839,1.81262,-0.845237,8.0741908698665e-07,1.22004255689694e-08,0.915346582364319,0.777752503835052
5839,1.82709,-0.813473,7.57655038019239e-07,2.31317618673952e-08,0.910462498171384,-0.333308963330046
5838,1.84101,-0.781462,7.18397781546159e-07,5.50519064873709e-08,0.912416143750258,0.555523964056995
5838,1.85437,-0.749213,6.70209574116219e-07,6.33362509504846e-08,0.91241614375167,-0.555523964183538
5837,1.86716,-0.716736,6.30592855295869e-07,8.98275842023391e-08,0.91046249817059,0.333308963203332
5837,1.87939,-0.68404,5.84352554914404e-07,9.54917866422122e-08,0.915346582366259,-0.777752503962114
5836,1.89104,-0.651136,5.45016143045426e-07,1.16643659016059e-07,0.909485669429712,0.11110208517308
5835,1.90211,-0.618034,5.06006663395846e-07,1.34880169467188e-07,0.919253778305505,0.999999999918216
5835,1.91261,-0.584743,4.62663161243944e-07,1.35715991660055e-07,0.909485669430072,-0.111102085335106
5834,1.92252,-0.551275,4.24908914564356e-07,1.48897300397973e-07,0.915346582363824,0.777752503801191
5834,1.93185,-0.517638,3.84500197692135e-07,1.47357777749168e-07,0.910462498171638,-0.333308963364257
5833,1.94059,-0.483844,3.48596548639739e-07,1.55745360891749e-07,0.912416143749874,0.555523964021932
5833,1.94874,-0.449902,3.11454335913747e-07,1.51977313769412e-07,0.91241614375206,-0.555523964220175
5832,1.9563,-0.415823,2.77967034141703e-07,1.55896194570923e-07,0.910462498170272,0.333308963168192
5832,1.96325,-0.381618,2.44401703023377e-07,1.50075874287312e-07,0.915346582366721,-0.777752503993719
5831,1.96962,-0.347296,2.13858115552233e-07,1.49912674157001e-07,0.909485669429573,0.111102085145735
5830,1.97538,-0.312869,1.85022401685142e-07,1.47724759961629e-07,0.919253778305019,0.999999999895301
5830,1.98054,-0.278346,1.57034189798709e-07,1.38443342993221e-07,0.909485669430095,-0.11110208535852
5829,1.98509,-0.243739,1.31852683297534e-07,1.32903764432305e-07,0.915346582363408,0.777752503777643
5829,1.98904,-0.209057,1.08174011770569e-07,1.22213771546682e-07,0.910462498171767,-0.333308963386425
5828,1.99239,-0.174311,8.70353068081014e-08,1.1384632433054e-07,0.91241614374965,0.555523964001481
5828,1.99513,-0.139513,6.78621250646942e-08,1.0201744586845e-07,0.912416143752221,-0.555523964238393
5827,1.99726,-0.104672,5.10903471479639e-08,9.13868681677589e-08,0.910462498170182,0.333308963148836
5827,1.99878,-0.069799,3.6580305472596e-08,7.87048803797784e-08,0.915346582367075,-0.777752504016468
5826,1.9997,-0.0349048,2.44299168345053e-08,6.64084809498221e-08,0.909485669429527,0.111102085121839
