origElemNum,globCoord-x,globCoord-y,acouPotentialD1-,locCoord-xi,locCoord-eta
5825,2,-2.20442e-18,0.00178707954380577,0.919253778304535,0.999999999870795
5825,1.9997,0.0349048,0.00130136138945466,0.909485669430051,-0.11110208537854
5824,1.99878,0.069799,0.000817298036335093,0.915346582363134,0.7777525037628
5824,1.99726,0.104672,0.000331541603952442,0.910462498171695,-0.333308963393583
5823,1.99513,0.139513,-0.000153973211876471,0.912416143749585,0.555523964001403
5823,1.99239,0.174311,-0.000639921868980346,0.912416143752112,-0.555523964232293
5822,1.98904,0.209057,-0.00112606247607915,0.910462498170195,0.33330896316169
5822,1.98509,0.243739,-0.00161234042712353,0.915346582366752,-0.777752503996411
5821,1.98054,0.278346,-0.0020982461356139,0.909485669429537,0.111102085145532
5820,1.97538,0.312869,-0.00258496299438924,0.91925377830504,0.999999999897275
5820,1.96962,0.347296,-0.00306973304209971,0.909485669429959,-0.111102085350008
5819,1.96325,0.381618,-0.00355573051274407,0.915346582363608,0.777752503792493
5819,1.9563,0.415823,-0.00403968496776133,0.910462498171543,-0.333308963366333
5818,1.94874,0.449902,-0.00452404576618563,0.912416143749872,0.555523964026318
5818,1.94059,0.483844,-0.00500727238104494,0.912416143751876,-0.555523964209557
5817,1.93185,0.517638,-0.00548911932661895,0.910462498170338,0.333308963182653
5817,1.92252,0.551275,-0.00597173673634704,0.915346582366455,-0.777752503976955
5816,1.91261,0.584743,-0.00645026027725198,0.909485669429567,0.111102085165898
5815,1.90211,0.618034,-0.00693242263441201,0.919253778305533,0.999999999919169
5815,1.89104,0.651136,-0.0074068782648278,0.909485669429933,-0.111102085328256
5814,1.87939,0.68404,-0.00788542065120666,0.915346582363941,0.777752503814277
5814,1.86716,0.716736,-0.00835844825412208,0.910462498171402,-0.333308963343933
5813,1.85437,0.749213,-0.00883266573626154,0.912416143750119,0.555523964050056
5813,1.84101,0.781462,-0.00930446364553466,0.912416143751575,-0.555523964183394
5812,1.82709,0.813473,-0.00977365259007804,0.910462498170486,0.333308963212263
5812,1.81262,0.845237,-0.0102443994178371,0.915346582365915,-0.777752503943209
5811,1.79759,0.876742,-0.0107078438684197,0.909485669429635,0.111102085200681
5810,1.78201,0.907981,-0.0111776939451128,0.919253778306195,0.999999999954235
5810,1.7659,0.938943,-0.0116346620782394,0.909485669429844,-0.111102085292603
5809,1.74924,0.969619,-0.0120984355610289,0.915346582364538,0.777752503850291
5809,1.73205,1,-0.0125534898673002,0.910462498171199,-0.333308963308445
5808,1.71433,1.03008,-0.0130104278867961,0.912416143750526,0.555523964084446
5808,1.6961,1.05984,-0.0134636747809035,0.912416143751246,-0.555523964150953
5807,1.67734,1.08928,-0.0139130091749174,0.910462498170725,0.333308963242434
5807,1.65808,1.11839,-0.0143645355672459,0.915346582365508,-0.777752503915519
5806,1.6383,1.14715,-0.0148054926895592,0.909485669429676,0.11110208522853
5805,1.61803,1.17557,-0.0152553683764459,0.919253778306765,0.999999999982884
5805,1.59727,1.20363,-0.0156871720743776,0.909485669429817,-0.111102085265541
5804,1.57602,1.23132,-0.0161282416928109,0.9153465823649,0.777752503876539
5804,1.55429,1.25864,-0.0165573223844221,0.910462498170939,-0.333308963279996
5803,1.53209,1.28558,-0.0169887964358617,0.912416143750815,0.555523964114853
5803,1.50942,1.31212,-0.0174151941178104,0.91241614375085,-0.555523964118972
5802,1.48629,1.33826,-0.0178362709812295,0.910462498170897,0.333308963276791
5802,1.46271,1.364,-0.0182600012099437,0.915346582364929,-0.77775250387822
5801,1.43868,1.38932,-0.0186698566225292,0.909485669429954,0.111102085257182
5801,1.41421,1.41421,-0.0190909043433363,0.919253778307104,-0.999999999999994
850,1.38932,1.43868,-0.0194886799309792,0.909485669429991,-0.111102085260227
849,1.364,1.46271,-0.0198979257709838,0.915346582364834,0.777752503871359
849,1.33826,1.48629,-0.0202917877209448,0.910462498171096,-0.333308963290402
848,1.31212,1.50942,-0.020688304764618,0.912416143750729,0.555523964099008
848,1.28558,1.53209,-0.0210781365308727,0.912416143751184,-0.555523964140596
847,1.25864,1.55429,-0.0214609475805242,0.910462498170846,0.333308963247574
847,1.23132,1.57602,-0.021846588862,0.915346582365554,-0.777752503916259
846,1.20363,1.59727,-0.0222146687784635,0.90948566942978,0.111102085221654
845,1.17557,1.61803,-0.0225959185909828,0.919253778306528,0.999999999969813
845,1.14715,1.6383,-0.0229482022920641,0.909485669429915,-0.111102085282135
844,1.11839,1.65808,-0.0233138419042251,0.915346582364625,0.777752503855763
844,1.08928,1.67734,-0.0236602194449503,0.910462498171253,-0.333308963307521
843,1.05984,1.6961,-0.0240091439324154,0.912416143750542,0.555523964080906
843,1.03008,1.71433,-0.024349352160055,0.912416143751377,-0.555523964158847
842,1,1.73205,-0.0246804522709382,0.910462498170698,0.333308963230309
842,0.969619,1.74924,-0.0250142166324871,0.915346582365766,-0.777752503931825
841,0.938943,1.7659,-0.0253263944602383,0.909485669429764,0.111102085205048
840,0.907981,1.78201,-0.0256534361357356,0.919253778306164,0.99999999995148
840,0.876742,1.79759,-0.0259456207912676,0.909485669429979,-0.11110208530158
839,0.845237,1.81262,-0.0262528229591362,0.91534658236432,0.777752503835068
839,0.813473,1.82709,-0.0265368242862697,0.91046249817139,-0.33330896333004
838,0.781462,1.84101,-0.0268231644290039,0.912416143750255,0.555523964056983
838,0.749213,1.85437,-0.0270987571422354,0.912416143751674,-0.555523964183563
837,0.716736,1.86716,-0.0273632687594173,0.910462498170584,0.333308963203304
837,0.68404,1.87939,-0.0276302439763736,0.915346582366261,-0.777752503962098
836,0.651136,1.89104,-0.0278720242904784,0.909485669429719,0.111102085173086
835,0.618034,1.90211,-0.0281301900430778,0.919253778305509,0.999999999918205
835,0.584743,1.91261,-0.0283484065166764,0.909485669430073,-0.111102085335132
834,0.551275,1.92252,-0.0285831697516701,0.915346582363819,0.777752503801204
834,0.517638,1.93185,-0.0287914841851372,0.910462498171637,-0.333308963364254
833,0.483844,1.94059,-0.0290021013559758,0.912416143749877,0.55552396402192
833,0.449902,1.94874,-0.0292004225826174,0.91241614375206,-0.555523964220202
832,0.415823,1.9563,-0.0293862299547351,0.910462498170279,0.333308963168166
832,0.381618,1.96325,-0.029574485226616,0.915346582366717,-0.777752503993703
831,0.347296,1.96962,-0.0297349006527314,0.909485669429573,0.111102085145737
830,0.312869,1.97538,-0.029913033055456,0.919253778305012,0.99999999989529
830,0.278346,1.98054,-0.030047555876054,0.909485669430091,-0.111102085358547
829,0.243739,1.98509,-0.0301999554893536,0.915346582363415,0.77775250377766
829,0.209057,1.98904,-0.0303237317437871,0.910462498171767,-0.333308963386422
828,0.174311,1.99239,-0.0304499875781033,0.912416143749651,0.55552396400147
828,0.139513,1.99513,-0.030563053851635,0.912416143752224,-0.555523964238419
827,0.104672,1.99726,-0.0306628333494954,0.910462498170184,0.33330896314881
827,0.069799,1.99878,-0.0307652334048576,0.915346582367074,-0.777752504016452
826,0.0349048,1.9997,-0.0308382813230519,0.909485669429527,0.111102085121841
825,1.27747e-16,2,-0.0309300631324562,0.919253778304535,0.999999999870799
825,-0.0349048,1.9997,-0.0309761992718829,0.909485669430051,-0.111102085378537
824,-0.069799,1.99878,-0.0310411971877046,0.915346582363134,0.777752503762801
824,-0.104672,1.99726,-0.0310765283324389,0.910462498171695,-0.333308963393583
823,-0.139513,1.99513,-0.0311146359157275,0.912416143749585,0.555523964001401
823,-0.174311,1.99239,-0.0311392765319388,0.912416143752112,-0.555523964232297
822,-0.209057,1.98904,-0.0311504540981214,0.910462498170195,0.333308963161685
822,-0.243739,1.98509,-0.0311645125006876,0.915346582366744,-0.777752503996403
821,-0.278346,1.98054,-0.0311487835800937,0.909485669429538,0.111102085145537
820,-0.312869,1.97538,-0.0311523592518746,0.919253778305041,0.999999999897278
820,-0.347296,1.96962,-0.0311098056667937,0.90948566942996,-0.111102085350006
819,-0.381618,1.96325,-0.0310866220369591,0.915346582363608,0.777752503792493
819,-0.415823,1.9563,-0.0310337431515715,0.910462498171543,-0.333308963366333
818,-0.449902,1.94874,-0.0309839297873525,0.912416143749872,0.555523964026316
818,-0.483844,1.94059,-0.0309208547283331,0.912416143751875,-0.555523964209561
817,-0.517638,1.93185,-0.0308445905640974,0.910462498170336,0.333308963182646
817,-0.551275,1.92252,-0.0307714315124964,0.915346582366457,-0.777752503976948
816,-0.584743,1.91261,-0.0306689427099973,0.909485669429562,0.111102085165907
815,-0.618034,1.90211,-0.0305857939790689,0.919253778305526,0.999999999919175
815,-0.651136,1.89104,-0.0304573508682288,0.909485669429935,-0.111102085328253
814,-0.68404,1.87939,-0.0303482312961316,0.915346582363941,0.777752503814277
814,-0.716736,1.86716,-0.0302102024097581,0.910462498171402,-0.333308963343933
813,-0.749213,1.85437,-0.0300754151857315,0.912416143750117,0.555523964050053
813,-0.781462,1.84101,-0.0299279054796842,0.912416143751584,-0.555523964183396
812,-0.813473,1.82709,-0.029767792661661,0.910462498170484,0.33330896321226
812,-0.845237,1.81262,-0.0296108858227973,0.91534658236591,-0.7777525039432
811,-0.876742,1.79759,-0.0294258257676747,0.909485669429639,0.111102085200672
810,-0.907981,1.78201,-0.0292595845854846,0.919253778306197,0.999999999954239
810,-0.938943,1.7659,-0.0290499906657538,0.909485669429848,-0.111102085292613
809,-0.969619,1.74924,-0.0288591140836699,0.915346582364533,0.777752503850298
809,-1,1.73205,-0.0286407774103663,0.910462498171205,-0.333308963308436
808,-1.03008,1.71433,-0.0284257041471485,0.912416143750522,0.55552396408444
808,-1.05984,1.6961,-0.0281986914641206,0.912416143751243,-0.555523964150944
807,-1.08928,1.67734,-0.0279598950821656,0.910462498170733,0.33330896324243
807,-1.11839,1.65808,-0.0277242545864097,0.915346582365511,-0.777752503915504
806,-1.14715,1.6383,-0.0274622428014529,0.909485669429678,0.11110208522852
805,-1.17557,1.61803,-0.0272180055387119,0.91925377830677,0.999999999982889
805,-1.20363,1.59727,-0.0269333208868528,0.909485669429819,-0.111102085265551
804,-1.23132,1.57602,-0.0266662349043335,0.915346582364893,0.777752503876544
804,-1.25864,1.55429,-0.0263737228681416,0.910462498170937,-0.333308963279986
803,-1.28558,1.53209,-0.0260843593449915,0.912416143750809,0.555523964114847
803,-1.31212,1.50942,-0.0257840625786635,0.912416143750849,-0.555523964118962
802,-1.33826,1.48629,-0.0254730269546767,0.910462498170897,0.333308963276791
802,-1.364,1.46271,-0.0251649744607238,0.915346582364928,-0.77775250387821
801,-1.38932,1.43868,-0.0248329061794039,0.909485669429954,0.111102085257172
801,-1.41421,1.41421,-0.0245171147606536,0.919253778307104,-0.999999999999994
15850,-1.43868,1.38932,-0.0241646877784264,0.909485669429991,-0.111102085260237
15849,-1.46271,1.364,-0.0238283022361837,0.915346582364828,0.777752503871364
15849,-1.48629,1.33826,-0.0234690874589011,0.910462498171103,-0.333308963290387
15848,-1.50942,1.31212,-0.0231128133381283,0.912416143750729,0.555523964099008
15848,-1.53209,1.28558,-0.0227468468590532,0.912416143751185,-0.555523964140586
15847,-1.55429,1.25864,-0.0223714240639716,0.910462498170851,0.333308963247569
15847,-1.57602,1.23132,-0.0219987332535753,0.915346582365555,-0.777752503916249
15846,-1.59727,1.20363,-0.0216049353812075,0.909485669429784,0.111102085221639
15845,-1.61803,1.17557,-0.0212255402583541,0.919253778306531,0.999999999969823
15845,-1.6383,1.14715,-0.0208141743932602,0.909485669429917,-0.111102085282151
15844,-1.65808,1.11839,-0.020416930827594,0.915346582364627,0.777752503855772
15844,-1.67734,1.08928,-0.0199999951892158,0.910462498171251,-0.333308963307506
15843,-1.6961,1.05984,-0.0195857415555935,0.912416143750542,0.555523964080906
15843,-1.71433,1.03008,-0.0191632792284036,0.912416143751375,-0.555523964158831
15842,-1.73205,1,-0.0187328861972396,0.910462498170697,0.333308963230296
15842,-1.74924,0.969619,-0.0183049353583088,0.915346582365764,-0.777752503931822
15841,-1.7659,0.938943,-0.0178593050457305,0.909485669429762,0.111102085205035
15840,-1.78201,0.907981,-0.0174259000340382,0.919253778306162,0.999999999951483
15840,-1.79759,0.876742,-0.0169659652696282,0.909485669429984,-0.111102085301589
15839,-1.81262,0.845237,-0.0165179423598444,0.915346582364318,0.777752503835071
15839,-1.82709,0.813473,-0.0160538604133803,0.910462498171391,-0.333308963330024
15838,-1.84101,0.781462,-0.0155921808266392,0.912416143750253,0.555523964056986
15838,-1.85437,0.749213,-0.0151240089733126,0.912416143751674,-0.555523964183544
15837,-1.86716,0.716736,-0.0146496610972515,0.910462498170589,0.333308963203294
15837,-1.87939,0.68404,-0.0141774534568135,0.915346582366259,-0.777752503962095
15836,-1.89104,0.651136,-0.013691451653053,0.909485669429715,0.111102085173074
15835,-1.90211,0.618034,-0.0132152600890427,0.919253778305508,0.999999999918209
15835,-1.91261,0.584743,-0.0127186433704336,0.909485669430068,-0.111102085335144
15834,-1.92252,0.551275,-0.0122314988450437,0.915346582363818,0.777752503801208
15834,-1.93185,0.517638,-0.0117323479778673,0.910462498171639,-0.333308963364235
15833,-1.94059,0.483844,-0.0112353112968777,0.912416143749876,0.555523964021923
15833,-1.94874,0.449902,-0.0107336958213658,0.912416143752063,-0.555523964220183
15832,-1.9563,0.415823,-0.0102278476540393,0.910462498170272,0.333308963168156
15832,-1.96325,0.381618,-0.00972383453618743,0.915346582366716,-0.7777525039937
15831,-1.96962,0.347296,-0.00921027413234937,0.909485669429575,0.111102085145728
15830,-1.97538,0.312869,-0.00870392863461788,0.91925377830502,0.999999999895294
15830,-1.98054,0.278346,-0.00818377223471292,0.909485669430092,-0.111102085358556
15829,-1.98509,0.243739,-0.00767047446685981,0.915346582363415,0.777752503777664
15829,-1.98904,0.209057,-0.00714953693157704,0.910462498171765,-0.333308963386404
15828,-1.99239,0.174311,-0.00663041737056555,0.912416143749651,0.555523964001473
15828,-1.99513,0.139513,-0.00610877535572694,0.912416143752222,-0.5555239642384
15827,-1.99726,0.104672,-0.00558497745727865,0.910462498170184,0.3333089631488
15827,-1.99878,0.069799,-0.00506270586131991,0.915346582367074,-0.777752504016448
15826,-1.9997,0.0349048,-0.00453538400857815,0.909485669429527,0.111102085121831
15825,-2,2.46315e-16,-0.0040125562015289,0.919253778304535,0.999999999870803
15825,-1.9997,-0.0349048,-0.00348287309025122,0.909485669430051,-0.111102085378547
15824,-1.99878,-0.069799,-0.00295731560599383,0.915346582363134,0.777752503762804
15824,-1.99726,-0.104672,-0.00242868484657857,0.910462498171696,-0.333308963393566
15823,-1.99513,-0.139513,-0.0019015648522566,0.912416143749586,0.555523964001405
15823,-1.99239,-0.174311,-0.0013740615756035,0.912416143752114,-0.555523964232279
15822,-1.98904,-0.209057,-0.000846549465517676,0.910462498170195,0.333308963161688
15822,-1.98509,-0.243739,-0.00032024614574082,0.915346582366744,-0.7777525039964
15821,-1.98054,-0.278346,0.000206486626761384,0.909485669429545,0.111102085145526
15820,-1.97538,-0.312869,0.000731519960055425,0.919253778305042,0.999999999897283
15820,-1.96962,-0.347296,0.00125630305399929,0.909485669429957,-0.111102085350017
15819,-1.96325,-0.381618,0.00177976341576897,0.915346582363609,0.777752503792499
15819,-1.9563,-0.415823,0.00230166570124808,0.910462498171549,-0.333308963366345
15818,-1.94874,-0.449902,0.00282238915217672,0.912416143749872,0.555523964026319
15818,-1.94059,-0.483844,0.0033413499242403,0.91241614375188,-0.555523964209544
15817,-1.93185,-0.517638,0.00385818053918356,0.910462498170337,0.33330896318265
15817,-1.92252,-0.551275,0.0043741443323758,0.915346582366458,-0.777752503976945
15816,-1.91261,-0.584743,0.00488593819568882,0.909485669429567,0.111102085165898
15815,-1.90211,-0.618034,0.00539885558234215,0.919253778305528,0.999999999919178
15815,-1.89104,-0.651136,0.0059044838684291,0.90948566942994,-0.111102085328262
15814,-1.87939,-0.68404,0.006411620871837,0.915346582363942,0.77775250381428
15814,-1.86716,-0.716736,0.00691266246588543,0.910462498171397,-0.333308963343943
15813,-1.85437,-0.749213,0.00741291179483266,0.912416143750119,0.555523964050056
15813,-1.84101,-0.781462,0.00790934409437724,0.912416143751582,-0.555523964183381
15812,-1.82709,-0.813473,0.00840161849202317,0.910462498170486,0.333308963212263
15812,-1.81262,-0.845237,0.0088934262074257,0.915346582365912,-0.777752503943197
15811,-1.79759,-0.876742,0.00937666174142998,0.909485669429641,0.111102085200675
15810,-1.78201,-0.907981,0.00986383816754926,0.919253778306197,0.999999999954239
15810,-1.7659,-0.938943,0.0103369973746332,0.90948566942985,-0.11110208529261
15809,-1.74924,-0.969619,0.0108144911789617,0.915346582364535,0.777752503850301
15809,-1.73205,-1,0.011281616934365,0.9104624981712,-0.333308963308458
15808,-1.71433,-1.03008,0.011748423920959,0.912416143750526,0.555523964084446
15808,-1.6961,-1.05984,0.0122095499078502,0.912416143751243,-0.555523964150944
15807,-1.67734,-1.08928,0.0126646968871773,0.910462498170725,0.333308963242434
15807,-1.65808,-1.11839,0.013119865918582,0.915346582365503,-0.7777525039155
15806,-1.6383,-1.14715,0.0135624120617572,0.90948566942967,0.111102085228524
15805,-1.61803,-1.17557,0.014011675921126,0.919253778306763,0.999999999982893
15805,-1.59727,-1.20363,0.0144407151429922,0.909485669429812,-0.111102085265547
15804,-1.57602,-1.23132,0.0148768723270292,0.915346582364898,0.777752503876549
15804,-1.55429,-1.25864,0.0152987966881806,0.910462498170935,-0.333308963280012
15803,-1.53209,-1.28558,0.0157209824596026,0.912416143750815,0.555523964114853
15803,-1.50942,-1.31212,0.016135891035506,0.912416143750855,-0.555523964118957
15802,-1.48629,-1.33826,0.0165432766589501,0.910462498170897,0.333308963276791
15802,-1.46271,-1.364,0.0169512766025051,0.915346582364928,-0.77775250387821
15801,-1.43868,-1.38932,0.0173430701219013,0.909485669429954,0.111102085257172
15801,-1.41421,-1.41421,0.0177442752004347,0.919253778307098,-0.999999999999989
10084,-1.38932,-1.43868,0.0181197217287316,-0.909485669429983,0.111102085260242
10184,-1.364,-1.46271,0.018504978322517,-0.915346582364814,-0.777752503871363
10184,-1.33826,-1.48629,0.0188726342969633,-0.910462498171062,0.333308963290425
10284,-1.31212,-1.50942,0.0192412296080657,-0.912416143750702,-0.555523964098991
10284,-1.28558,-1.53209,0.0196012528595953,-0.912416143751175,0.55552396414059
10384,-1.25864,-1.55429,0.0199525100864445,-0.910462498170858,-0.333308963247603
10384,-1.23132,-1.57602,0.0203050606622179,-0.915346582365569,0.777752503916277
10484,-1.20363,-1.59727,0.0206383379099341,-0.909485669429755,-0.111102085221656
10584,-1.17557,-1.61803,0.0209835762730854,-0.919253778306467,-0.999999999969833
10584,-1.14715,-1.6383,0.02129826521257,-0.909485669429891,0.111102085282108
10684,-1.11839,-1.65808,0.0216252953049831,-0.915346582364624,-0.777752503855743
10684,-1.08928,-1.67734,0.0219318748264854,-0.910462498171255,0.333308963307532
10784,-1.05984,-1.6961,0.0222401206272721,-0.912416143750544,-0.555523964080908
10784,-1.03008,-1.71433,0.0225387785013705,-0.912416143751393,0.555523964158839
10884,-1,-1.73205,0.0228276950704697,-0.910462498170715,-0.333308963230315
10884,-0.969619,-1.74924,0.023118611615599,-0.915346582365772,0.777752503931858
10984,-0.938943,-1.7659,0.0233876819249467,-0.909485669429763,-0.111102085205032
11084,-0.907981,-1.78201,0.0236710266870914,-0.919253778306154,-0.99999999995149
11084,-0.876742,-1.79759,0.0239197603853272,-0.909485669429981,0.111102085301552
11184,-0.845237,-1.81262,0.0241831038450086,-0.915346582364332,-0.777752503835052
11184,-0.813473,-1.82709,0.0244236199489997,-0.910462498171421,0.333308963330044
11284,-0.781462,-1.84101,0.0246664866289078,-0.912416143750289,-0.555523964056998
11284,-0.749213,-1.85437,0.0248989538237942,-0.912416143751684,0.555523964183542
11384,-0.716736,-1.86716,0.025120888544014,-0.910462498170579,-0.333308963203316
11384,-0.68404,-1.87939,0.0253454543206303,-0.915346582366256,0.777752503962127
11484,-0.651136,-1.89104,0.0255460190408306,-0.9094856694297,-0.111102085173069
11584,-0.618034,-1.90211,0.0257628046955228,-0.919253778305473,-0.9999999999182
11584,-0.584743,-1.91261,0.0259415760218525,-0.909485669430035,0.111102085335111
11684,-0.551275,-1.92252,0.0261368218515412,-0.915346582363772,-0.777752503801188
11684,-0.517638,-1.93185,0.0263072417431154,-0.910462498171642,0.333308963364261
11784,-0.483844,-1.94059,0.026480521864501,-0.912416143749915,-0.555523964021929
11784,-0.449902,-1.94874,0.0266426793524201,-0.912416143752077,0.555523964220183
11884,-0.415823,-1.9563,0.0267935808933462,-0.910462498170266,-0.33330896316818
11884,-0.381618,-1.96325,0.0269475313003379,-0.915346582366712,0.777752503993725
11984,-0.347296,-1.96962,0.0270756547995513,-0.909485669429565,-0.111102085145729
12084,-0.312869,-1.97538,0.0272214169761077,-0.919253778305011,-0.999999999895287
12084,-0.278346,-1.98054,0.0273263762086378,-0.909485669430107,0.111102085358526
12184,-0.243739,-1.98509,0.0274491141788107,-0.915346582363447,-0.777752503777644
12184,-0.209057,-1.98904,0.0275453536234672,-0.910462498171781,0.333308963386432
12284,-0.174311,-1.99239,0.0276446764236585,-0.912416143749663,-0.555523964001473
12284,-0.139513,-1.99513,0.0277321716348889,-0.912416143752267,0.555523964238395
12384,-0.104672,-1.99726,0.0278077053683289,-0.910462498170238,-0.333308963148834
12384,-0.069799,-1.99878,0.0278863937153124,-0.915346582367131,0.777752504016471
12484,-0.0349048,-1.9997,0.027937786319584,-0.909485669429557,-0.111102085121833
12584,-4.35203e-16,-2,0.0280075677914349,-0.919253778304537,-0.999999999870803
12584,0.0349048,-1.9997,0.0280344941499451,-0.909485669430058,0.111102085378513
12684,0.069799,-1.99878,0.0280798240640183,-0.915346582363139,-0.777752503762792
12684,0.104672,-1.99726,0.0280974010493992,-0.9104624981717,0.333308963393593
12784,0.139513,-1.99513,0.0281179733752985,-0.912416143749591,-0.555523964001403
12784,0.174311,-1.99239,0.028126085491265,-0.912416143752134,0.555523964232273
12884,0.209057,-1.98904,0.0281216363377927,-0.91046249817019,-0.333308963161724
12884,0.243739,-1.98509,0.0281201417820782,-0.915346582366752,0.777752503996427
12984,0.278346,-1.98054,0.0280904560336343,-0.909485669429543,-0.111102085145531
13084,0.312869,-1.97538,0.0280791902610269,-0.919253778305079,-0.999999999897294
13084,0.347296,-1.96962,0.028024107791064,-0.909485669429971,0.111102085349981
13184,0.381618,-1.96325,0.0279873571022557,-0.915346582363621,-0.777752503792476
13184,0.415823,-1.9563,0.0279223110845365,-0.910462498171561,0.33330896336634
13284,0.449902,-1.94874,0.027859976542258,-0.912416143749886,-0.555523964026324
13284,0.483844,-1.94059,0.0277848440689332,-0.912416143751904,0.555523964209538
13384,0.517638,-1.93185,0.0276969026115874,-0.910462498170363,-0.333308963182687
13384,0.551275,-1.92252,0.0276115589860661,-0.915346582366464,0.777752503976962
13484,0.584743,-1.91261,0.0274980726220061,-0.909485669429569,-0.111102085165906
13584,0.618034,-1.90211,0.0274023983141236,-0.919253778305519,-0.999999999919186
13584,0.651136,-1.89104,0.0272635217133455,-0.909485669429928,0.111102085328226
13684,0.68404,-1.87939,0.0271423205640711,-0.915346582363942,-0.777752503814258
13684,0.716736,-1.86716,0.0269933953994866,-0.910462498171394,0.333308963343945
13784,0.749213,-1.85437,0.0268469354780168,-0.912416143750121,-0.555523964050058
13784,0.781462,-1.84101,0.0266879611827641,-0.91241614375158,0.555523964183364
13884,0.813473,-1.82709,0.0265166166189936,-0.91046249817049,-0.333308963212306
13884,0.845237,-1.81262,0.0263476166906228,-0.915346582365913,0.777752503943214
13984,0.876742,-1.79759,0.0261518692347743,-0.909485669429626,-0.1111020852007
14084,0.907981,-1.78201,0.0259728956639518,-0.919253778306215,-0.999999999954254
14084,0.938943,-1.7659,0.02575333362571,-0.909485669429858,0.111102085292581
14184,0.969619,-1.74924,0.0255504174694749,-0.915346582364524,-0.777752503850263
14184,1,-1.73205,0.0253217809578016,-0.910462498171194,0.333308963308465
14284,1.03008,-1.71433,0.0250956279783042,-0.91241614375052,-0.55552396408445
14284,1.05984,-1.6961,0.0248581035591623,-0.912416143751235,0.55552396415093
14384,1.08928,-1.67734,0.0246095052380704,-0.910462498170724,-0.333308963242461
14384,1.11839,-1.65808,0.0243632973092293,-0.915346582365498,0.777752503915531
14484,1.14715,-1.6383,0.024093113124041,-0.909485669429676,-0.111102085228531
14584,1.17557,-1.61803,0.0238384364754849,-0.919253778306762,-0.999999999982903
14584,1.20363,-1.59727,0.0235475742791501,-0.909485669429825,0.1111020852655
14684,1.23132,-1.57602,0.0232720878564282,-0.91534658236492,-0.777752503876537
14684,1.25864,-1.55429,0.0229740402731185,-0.910462498170955,0.333308963280004
14784,1.28558,-1.53209,0.0226786701614938,-0.912416143750819,-0.555523964114867
14784,1.31212,-1.50942,0.0223736606112707,-0.912416143750872,0.555523964118932
14884,1.33826,-1.48629,0.0220593320069684,-0.910462498170903,-0.333308963276861
14884,1.364,-1.46271,0.0217475564745661,-0.915346582364901,0.777752503878194
14984,1.38932,-1.43868,0.0214151800142181,-0.909485669429939,-0.111102085257194
14984,1.41421,-1.41421,0.0210968022196548,-0.919253778307102,0.999999999999985
5850,1.43868,-1.38932,0.0207472675468755,0.909485669429985,-0.111102085260202
5849,1.46271,-1.364,0.0204115253151928,0.915346582364833,0.777752503871339
5849,1.48629,-1.33826,0.0200565958655857,0.910462498171102,-0.333308963290407
5848,1.50942,-1.31212,0.0197043444578976,0.91241614375073,0.555523964099018
5848,1.53209,-1.28558,0.0193441245062007,0.912416143751186,-0.555523964140576
5847,1.55429,-1.25864,0.0189762123703498,0.91046249817085,0.333308963247604
5847,1.57602,-1.23132,0.0186107869052501,0.91534658236556,-0.777752503916265
5846,1.59727,-1.20363,0.0182280665063118,0.909485669429786,0.111102085221649
5845,1.61803,-1.17557,0.0178575072982532,0.919253778306525,0.999999999969829
5845,1.6383,-1.14715,0.0174608427153595,0.909485669429914,-0.11110208528211
5844,1.65808,-1.11839,0.0170760783344055,0.915346582364627,0.777752503855747
5844,1.67734,-1.08928,0.0166754793320358,0.910462498171258,-0.333308963307527
5843,1.6961,-1.05984,0.0162773796278121,0.912416143750537,0.555523964080912
5843,1.71433,-1.03008,0.0158729107474368,0.912416143751378,-0.555523964158821
5842,1.73205,-1,0.0154623476203301,0.910462498170701,0.333308963230334
5842,1.74924,-0.969619,0.015054051499533,0.915346582365767,-0.777752503931841
5841,1.7659,-0.938943,0.0146318864376521,0.909485669429766,0.111102085205045
5840,1.78201,-0.907981,0.0142197763719177,0.919253778306158,0.99999999995149
5840,1.79759,-0.876742,0.0137868489187907,0.909485669429983,-0.111102085301555
5839,1.81262,-0.845237,0.0133636454302943,0.915346582364319,0.777752503835052
5839,1.82709,-0.813473,0.01292802165424,0.910462498171384,-0.333308963330046
5838,1.84101,-0.781462,0.0124945109817099,0.912416143750258,0.555523964056995
5838,1.85437,-0.749213,0.0120561186073326,0.91241614375167,-0.555523964183538
5837,1.86716,-0.716736,0.011613057451047,0.91046249817059,0.333308963203332
5837,1.87939,-0.68404,0.0111717888426857,0.915346582366259,-0.777752503962114
5836,1.89104,-0.651136,0.0107199174709074,0.909485669429712,0.11110208517308
5835,1.90211,-0.618034,0.0102756402005527,0.919253778305505,0.999999999918216
5835,1.91261,-0.584743,0.00981570659432984,0.909485669430072,-0.111102085335106
5834,1.92252,-0.551275,0.00936296699414057,0.915346582363824,0.777752503801191
5834,1.93185,-0.517638,0.00890107093366955,0.910462498171638,-0.333308963364257
5833,1.94059,-0.483844,0.00844066900990165,0.912416143749874,0.555523964021932
5833,1.94874,-0.449902,0.00797673299075353,0.91241614375206,-0.555523964220175
5832,1.9563,-0.415823,0.00750953877169004,0.910462498170272,0.333308963168192
5832,1.96325,-0.381618,0.00704351460205632,0.915346582366721,-0.777752503993719
5831,1.96962,-0.347296,0.00657046050459397,0.909485669429573,0.111102085145735
5830,1.97538,-0.312869,0.00610231911898084,0.919253778305019,0.999999999895301
5830,1.98054,-0.278346,0.00562436566117026,0.909485669430095,-0.11110208535852
5829,1.98509,-0.243739,0.00515093553800926,0.915346582363408,0.777752503777643
5829,1.98904,-0.209057,0.00467216876860561,0.910462498171767,-0.333308963386425
5828,1.99239,-0.174311,0.00419437671193975,0.91241614374965,0.555523964001481
5828,1.99513,-0.139513,0.00371471888095505,0.912416143752221,-0.555523964238393
5827,1.99726,-0.104672,0.00323344792658673,0.910462498170182,0.333308963148836
5827,1.99878,-0.069799,0.00275278674510113,0.915346582367075,-0.777752504016468
5826,1.9997,-0.0349048,0.00226888199310924,0.909485669429527,0.111102085121839
