origElemNum,globCoord-x,globCoord-y,acouPotentialD1-,locCoord-xi,locCoord-eta
5825,2,-2.20442e-18,0.00662071104927029,0.919253778304535,0.999999999870795
5825,1.9997,0.0349048,0.00601563083910999,0.909485669430051,-0.11110208537854
5824,1.99878,0.069799,0.0054106158792388,0.915346582363134,0.7777525037628
5824,1.99726,0.104672,0.0048040773669313,0.910462498171695,-0.333308963393583
5823,1.99513,0.139513,0.00419690642764317,0.912416143749585,0.555523964001403
5823,1.99239,0.174311,0.0035889818228749,0.912416143752112,-0.555523964232293
5822,1.98904,0.209057,0.0029805335696252,0.910462498170195,0.33330896316169
5822,1.98509,0.243739,0.00237128216371892,0.915346582366752,-0.777752503996411
5821,1.98054,0.278346,0.00176243322878517,0.909485669429537,0.111102085145532
5820,1.97538,0.312869,0.00115192203191383,0.91925377830504,0.999999999897275
5820,1.96962,0.347296,0.000543569240818738,0.909485669429959,-0.111102085350008
5819,1.96325,0.381618,-6.67141471085058e-05,0.915346582363608,0.777752503792493
5819,1.9563,0.415823,-0.000675038738401753,0.910462498171543,-0.333308963366333
5818,1.94874,0.449902,-0.00128413456957139,0.912416143749872,0.555523964026318
5818,1.94059,0.483844,-0.001892279478729,0.912416143751876,-0.555523964209557
5817,1.93185,0.517638,-0.00249916627614177,0.910462498170338,0.333308963182653
5817,1.92252,0.551275,-0.00310694404563463,0.915346582366455,-0.777752503976955
5816,1.91261,0.584743,-0.00371052472972972,0.909485669429567,0.111102085165898
5815,1.90211,0.618034,-0.00431768877653923,0.919253778305533,0.999999999919169
5815,1.89104,0.651136,-0.00491677871015974,0.909485669429933,-0.111102085328256
5814,1.87939,0.68404,-0.0055196300111939,0.915346582363941,0.777752503814277
5814,1.86716,0.716736,-0.00611636981650379,0.910462498171402,-0.333308963343933
5813,1.85437,0.749213,-0.00671362340075601,0.912416143750119,0.555523964050056
5813,1.84101,0.781462,-0.0073076296380929,0.912416143751575,-0.555523964183394
5812,1.82709,0.813473,-0.00789794921165218,0.910462498170486,0.333308963212263
5812,1.81262,0.845237,-0.00848882116411576,0.915346582365915,-0.777752503943209
5811,1.79759,0.876742,-0.00907085440982586,0.909485669429635,0.111102085200681
5810,1.78201,0.907981,-0.00965819095964742,0.919253778306195,0.999999999954235
5810,1.7659,0.938943,-0.0102305810578519,0.909485669429844,-0.111102085292603
5809,1.74924,0.969619,-0.0108084186403665,0.915346582364538,0.777752503850291
5809,1.73205,1,-0.0113753554725817,0.910462498171199,-0.333308963308445
5808,1.71433,1.03008,-0.0119423271912195,0.912416143750526,0.555523964084446
5808,1.6961,1.05984,-0.0125034132700886,0.912416143751246,-0.555523964150953
5807,1.67734,1.08928,-0.0130581902759921,0.910462498170725,0.333308963242434
5807,1.65808,1.11839,-0.0136130694009992,0.915346582365508,-0.777752503915519
5806,1.6383,1.14715,-0.0141543804550089,0.909485669429676,0.11110208522853
5805,1.61803,1.17557,-0.0147027295094258,0.919253778306765,0.999999999982884
5805,1.59727,1.20363,-0.0152293356972844,0.909485669429817,-0.111102085265541
5804,1.57602,1.23132,-0.0157631711415929,0.9153465823649,0.777752503876539
5804,1.55429,1.25864,-0.0162815560443451,0.910462498170939,-0.333308963279996
5803,1.53209,1.28558,-0.0167997118931057,0.912416143750815,0.555523964114853
5803,1.50942,1.31212,-0.0173096470560549,0.91241614375085,-0.555523964118972
5802,1.48629,1.33826,-0.0178110370259486,0.910462498170897,0.333308963276791
5802,1.46271,1.364,-0.0183123493946324,0.915346582364929,-0.77775250387822
5801,1.43868,1.38932,-0.0187959904236375,0.909485669429954,0.111102085257182
5801,1.41421,1.41421,-0.0192885716945024,0.919253778307104,-0.999999999999994
850,1.38932,1.43868,-0.0197535584141756,0.909485669429991,-0.111102085260227
849,1.364,1.46271,-0.0202277586721026,0.915346582364834,0.777752503871359
849,1.33826,1.48629,-0.0206828064690532,0.910462498171096,-0.333308963290402
848,1.31212,1.50942,-0.0211377778463505,0.912416143750729,0.555523964099008
848,1.28558,1.53209,-0.0215828426500725,0.912416143751184,-0.555523964140596
847,1.25864,1.55429,-0.0220177674896652,0.910462498170846,0.333308963247574
847,1.23132,1.57602,-0.0224528199818729,0.915346582365554,-0.777752503916259
846,1.20363,1.59727,-0.0228669107975818,0.90948566942978,0.111102085221654
845,1.17557,1.61803,-0.0232919047224373,0.919253778306528,0.999999999969813
845,1.14715,1.6383,-0.0236843633040675,0.909485669429915,-0.111102085282135
844,1.11839,1.65808,-0.0240879556164269,0.915346582364625,0.777752503855763
844,1.08928,1.67734,-0.0244692249357213,0.910462498171253,-0.333308963307521
843,1.05984,1.6961,-0.0248505986436692,0.912416143750542,0.555523964080906
843,1.03008,1.71433,-0.0252205938601039,0.912416143751377,-0.555523964158847
842,1,1.73205,-0.0255790139610784,0.910462498170698,0.333308963230309
842,0.969619,1.74924,-0.0259376920987711,0.915346582365766,-0.777752503931825
841,0.938943,1.7659,-0.0262725695638618,0.909485669429764,0.111102085205048
840,0.907981,1.78201,-0.0266199240853614,0.919253778306164,0.99999999995148
840,0.876742,1.79759,-0.0269308240930229,0.909485669429979,-0.11110208530158
839,0.845237,1.81262,-0.0272544157506439,0.91534658236432,0.777752503835068
839,0.813473,1.82709,-0.0275535057111097,0.91046249817139,-0.33330896333004
838,0.781462,1.84101,-0.0278530524847526,0.912416143750255,0.555523964056983
838,0.749213,1.85437,-0.0281404867082959,0.912416143751674,-0.555523964183563
837,0.716736,1.86716,-0.0284158451800888,0.910462498170584,0.333308963203304
837,0.68404,1.87939,-0.0286917932179778,0.915346582366261,-0.777752503962098
836,0.651136,1.89104,-0.0289429534520801,0.909485669429719,0.111102085173086
835,0.618034,1.90211,-0.0292075841577067,0.919253778305509,0.999999999918205
835,0.584743,1.91261,-0.0294346298072816,0.909485669430073,-0.111102085335132
834,0.551275,1.92252,-0.029675279637438,0.915346582363819,0.777752503801204
834,0.517638,1.93185,-0.0298911467023114,0.910462498171637,-0.333308963364254
833,0.483844,1.94059,-0.0301079039998395,0.912416143749877,0.55552396402192
833,0.449902,1.94874,-0.030312712341748,0.91241614375206,-0.555523964220202
832,0.415823,1.9563,-0.0305056268091704,0.910462498170279,0.333308963168166
832,0.381618,1.96325,-0.0306994107990555,0.915346582366717,-0.777752503993703
831,0.347296,1.96962,-0.0308684725888953,0.909485669429573,0.111102085145737
830,0.312869,1.97538,-0.0310511897781731,0.919253778305012,0.99999999989529
830,0.278346,1.98054,-0.0311963008816049,0.909485669430091,-0.111102085358547
829,0.243739,1.98509,-0.0313549995674824,0.915346582363415,0.77775250377766
829,0.209057,1.98904,-0.0314887932230846,0.910462498171767,-0.333308963386422
828,0.174311,1.99239,-0.0316232496410897,0.912416143749651,0.55552396400147
828,0.139513,1.99513,-0.031745496694319,0.912416143752224,-0.555523964238419
827,0.104672,1.99726,-0.0318554437536213,0.910462498170184,0.33330896314881
827,0.069799,1.99878,-0.0319658950563581,0.915346582367074,-0.777752504016452
826,0.0349048,1.9997,-0.0320510862126381,0.909485669429527,0.111102085121841
825,1.27747e-16,2,-0.0321495173396056,0.919253778304535,0.999999999870799
825,-0.0349048,1.9997,-0.0322097592050205,0.909485669430051,-0.111102085378537
824,-0.069799,1.99878,-0.0322831412719867,0.915346582363134,0.777752503762801
824,-0.104672,1.99726,-0.0323311245275033,0.910462498171695,-0.333308963393583
823,-0.139513,1.99513,-0.0323793236395414,0.912416143749585,0.555523964001401
823,-0.174311,1.99239,-0.0324148927572648,0.912416143752112,-0.555523964232297
822,-0.209057,1.98904,-0.032437790531824,0.910462498170195,0.333308963161685
822,-0.243739,1.98509,-0.0324607892878939,0.915346582366744,-0.777752503996403
821,-0.278346,1.98054,-0.0324582621691524,0.909485669429538,0.111102085145537
820,-0.312869,1.97538,-0.0324685105455828,0.919253778305041,0.999999999897278
820,-0.347296,1.96962,-0.0324404101834739,0.90948566942996,-0.111102085350006
819,-0.381618,1.96325,-0.0324249564028112,0.915346582363608,0.777752503792493
819,-0.415823,1.9563,-0.0323838642217127,0.910462498171543,-0.333308963366333
818,-0.449902,1.94874,-0.0323425316222208,0.912416143749872,0.555523964026316
818,-0.483844,1.94059,-0.0322882117226178,0.912416143751875,-0.555523964209561
817,-0.517638,1.93185,-0.0322208080558913,0.910462498170336,0.333308963182646
817,-0.551275,1.92252,-0.0321530048578597,0.915346582366457,-0.777752503976948
816,-0.584743,1.91261,-0.0320593283809796,0.909485669429562,0.111102085165907
815,-0.618034,1.90211,-0.0319777540409026,0.919253778305526,0.999999999919175
815,-0.651136,1.89104,-0.0318575916290295,0.909485669429935,-0.111102085328253
814,-0.68404,1.87939,-0.0317493308011529,0.915346582363941,0.777752503814277
814,-0.716736,1.86716,-0.0316150846499858,0.910462498171402,-0.333308963343933
813,-0.749213,1.85437,-0.0314799395267841,0.912416143750117,0.555523964050053
813,-0.781462,1.84101,-0.0313313202398559,0.912416143751584,-0.555523964183396
812,-0.813473,1.82709,-0.0311691359862223,0.910462498170484,0.33330896321226
812,-0.845237,1.81262,-0.0310058599690017,0.91534658236591,-0.7777525039432
811,-0.876742,1.79759,-0.0308165472710471,0.909485669429639,0.111102085200672
810,-0.907981,1.78201,-0.0306383528354125,0.919253778306197,0.999999999954239
810,-0.938943,1.7659,-0.0304219039179089,0.909485669429848,-0.111102085292613
809,-0.969619,1.74924,-0.0302163686171152,0.915346582364533,0.777752503850298
809,-1,1.73205,-0.0299850505799259,0.910462498171205,-0.333308963308436
808,-1.03008,1.71433,-0.029752280316307,0.912416143750522,0.55552396408444
808,-1.05984,1.6961,-0.029505972041175,0.912416143751243,-0.555523964150944
807,-1.08928,1.67734,-0.0292461851566744,0.910462498170733,0.33330896324243
807,-1.11839,1.65808,-0.0289848113097634,0.915346582365511,-0.777752503915504
806,-1.14715,1.6383,-0.0286983564593357,0.909485669429678,0.11110208522852
805,-1.17557,1.61803,-0.0284219103563763,0.91925377830677,0.999999999982889
805,-1.20363,1.59727,-0.028109269872099,0.909485669429819,-0.111102085265551
804,-1.23132,1.57602,-0.0278065105094989,0.915346582364893,0.777752503876544
804,-1.25864,1.55429,-0.02747958073598,0.910462498170937,-0.333308963279986
803,-1.28558,1.53209,-0.0271511418763077,0.912416143750809,0.555523964114847
803,-1.31212,1.50942,-0.026810102404234,0.912416143750849,-0.555523964118962
802,-1.33826,1.48629,-0.0264567088116186,0.910462498170897,0.333308963276791
802,-1.364,1.46271,-0.0261017650608802,0.915346582364928,-0.77775250387821
801,-1.38932,1.43868,-0.0257242161825943,0.909485669429954,0.111102085257172
801,-1.41421,1.41421,-0.0253555976466069,0.919253778307104,-0.999999999999994
15850,-1.43868,1.38932,-0.0249547507923159,0.909485669429991,-0.111102085260237
15849,-1.46271,1.364,-0.0245627401082443,0.915346582364828,0.777752503871364
15849,-1.48629,1.33826,-0.0241494828849193,0.910462498171103,-0.333308963290387
15848,-1.50942,1.31212,-0.0237350235542337,0.912416143750729,0.555523964099008
15848,-1.53209,1.28558,-0.0233096687512134,0.912416143751185,-0.555523964140586
15847,-1.55429,1.25864,-0.0228737582347575,0.910462498170851,0.333308963247569
15847,-1.57602,1.23132,-0.022436632214314,0.915346582365555,-0.777752503916249
15846,-1.59727,1.20363,-0.021980304365836,0.909485669429784,0.111102085221639
15845,-1.61803,1.17557,-0.0215317208822604,0.919253778306531,0.999999999969823
15845,-1.6383,1.14715,-0.0210560128960679,0.909485669429917,-0.111102085282151
15844,-1.65808,1.11839,-0.0205879278934526,0.915346582364627,0.777752503855772
15844,-1.67734,1.08928,-0.0201022076690922,0.910462498171251,-0.333308963307506
15843,-1.6961,1.05984,-0.0196156365810699,0.912416143750542,0.555523964080906
15843,-1.71433,1.03008,-0.0191201660928877,0.912416143751375,-0.555523964158831
15842,-1.73205,1,-0.0186161050085863,0.910462498170697,0.333308963230296
15842,-1.74924,0.969619,-0.0181111214630751,0.915346582365764,-0.777752503931822
15841,-1.7659,0.938943,-0.0175905670128842,0.909485669429762,0.111102085205035
15840,-1.78201,0.907981,-0.0170762941465754,0.919253778306162,0.999999999951483
15840,-1.79759,0.876742,-0.0165402540194395,0.909485669429984,-0.111102085301589
15839,-1.81262,0.845237,-0.0160103131332034,0.915346582364318,0.777752503835071
15839,-1.82709,0.813473,-0.0154663998090408,0.910462498171391,-0.333308963330024
15838,-1.84101,0.781462,-0.014921805646918,0.912416143750253,0.555523964056986
15838,-1.85437,0.749213,-0.0143702418807451,0.912416143751674,-0.555523964183544
15837,-1.86716,0.716736,-0.0138120255129432,0.910462498170589,0.333308963203294
15837,-1.87939,0.68404,-0.0132530335321729,0.915346582366259,-0.777752503962095
15836,-1.89104,0.651136,-0.0126822507936709,0.909485669429715,0.111102085173074
15835,-1.90211,0.618034,-0.0121160568008614,0.919253778305508,0.999999999918209
15835,-1.91261,0.584743,-0.0115337805461694,0.909485669430068,-0.111102085335144
15834,-1.92252,0.551275,-0.0109558892376965,0.915346582363818,0.777752503801208
15834,-1.93185,0.517638,-0.0103679173892428,0.910462498171639,-0.333308963364235
15833,-1.94059,0.483844,-0.00977940596362768,0.912416143749876,0.555523964021923
15833,-1.94874,0.449902,-0.00918596284927995,0.912416143752063,-0.555523964220183
15832,-1.9563,0.415823,-0.00858791034056641,0.910462498170272,0.333308963168156
15832,-1.96325,0.381618,-0.00798920783634982,0.915346582366716,-0.7777525039937
15831,-1.96962,0.347296,-0.00738269345915566,0.909485669429575,0.111102085145728
15830,-1.97538,0.312869,-0.00677893610652766,0.91925377830502,0.999999999895294
15830,-1.98054,0.278346,-0.00616503672793323,0.909485669430092,-0.111102085358556
15829,-1.98509,0.243739,-0.00555366289223823,0.915346582363415,0.777752503777664
15829,-1.98904,0.209057,-0.00493621951932733,0.910462498171765,-0.333308963386404
15828,-1.99239,0.174311,-0.00431831816853746,0.912416143749651,0.555523964001473
15828,-1.99513,0.139513,-0.00369754022421422,0.912416143752222,-0.5555239642384
15827,-1.99726,0.104672,-0.00307421572095611,0.910462498170184,0.3333089631488
15827,-1.99878,0.069799,-0.0024503134294576,0.915346582367074,-0.777752504016448
15826,-1.9997,0.0349048,-0.00182269706221253,0.909485669429527,0.111102085121831
15825,-2,2.46315e-16,-0.00119590123280356,0.919253778304535,0.999999999870803
15825,-1.9997,-0.0349048,-0.000565167595437002,0.909485669430051,-0.111102085378547
15824,-1.99878,-0.069799,6.49609250265824e-05,0.915346582363134,0.777752503762804
15824,-1.99726,-0.104672,0.000696909994039854,0.910462498171696,-0.333308963393566
15823,-1.99513,-0.139513,0.0013291562345454,0.912416143749586,0.555523964001405
15823,-1.99239,-0.174311,0.00196203637332724,0.912416143752114,-0.555523964232279
15822,-1.98904,-0.209057,0.0025951758089738,0.910462498170195,0.333308963161688
15822,-1.98509,-0.243739,0.00322870861626988,0.915346582366744,-0.7777525039964
15821,-1.98054,-0.278346,0.00386151132785626,0.909485669429545,0.111102085145526
15820,-1.97538,-0.312869,0.00449540751723605,0.919253778305042,0.999999999897283
15820,-1.96962,-0.347296,0.00512663247209089,0.909485669429957,-0.111102085350017
15819,-1.96325,-0.381618,0.00575915296286617,0.915346582363609,0.777752503792499
15819,-1.9563,-0.415823,0.00638898302885132,0.910462498171549,-0.333308963366345
15818,-1.94874,-0.449902,0.00701885006375042,0.912416143749872,0.555523964026319
15818,-1.94059,-0.483844,0.00764694257242881,0.91241614375188,-0.555523964209544
15817,-1.93185,-0.517638,0.00827283386308466,0.910462498170337,0.33330896318265
15817,-1.92252,-0.551275,0.00889882102348779,0.915346582366458,-0.777752503976945
15816,-1.91261,-0.584743,0.00951937808189103,0.909485669429567,0.111102085165898
15815,-1.90211,-0.618034,0.0101428648604164,0.919253778305528,0.999999999919178
15815,-1.89104,-0.651136,0.0107567082365322,0.90948566942994,-0.111102085328262
15814,-1.87939,-0.68404,0.0113736365238937,0.915346582363942,0.77775250381428
15814,-1.86716,-0.716736,0.0119830378815017,0.910462498171397,-0.333308963343943
15813,-1.85437,-0.749213,0.0125920307183312,0.912416143750119,0.555523964050056
15813,-1.84101,-0.781462,0.0131965948403416,0.912416143751582,-0.555523964183381
15812,-1.82709,-0.813473,0.0137963026788288,0.910462498170486,0.333308963212263
15812,-1.81262,-0.845237,0.0143956525403796,0.915346582365912,-0.777752503943197
15811,-1.79759,-0.876742,0.0149847730777141,0.909485669429641,0.111102085200675
15810,-1.78201,-0.907981,0.0155785569591931,0.919253778306197,0.999999999954239
15810,-1.7659,-0.938943,0.0161558455114363,0.90948566942985,-0.11110208529261
15809,-1.74924,-0.969619,0.0167379809026266,0.915346582364535,0.777752503850301
15809,-1.73205,-1,0.0173080153801136,0.9104624981712,-0.333308963308458
15808,-1.71433,-1.03008,0.01787734656891,0.912416143750526,0.555523964084446
15808,-1.6961,-1.05984,0.018439895357152,0.912416143751243,-0.555523964150944
15807,-1.67734,-1.08928,0.0189953551903797,0.910462498170725,0.333308963242434
15807,-1.65808,-1.11839,0.019550228471886,0.915346582365503,-0.7777525039155
15806,-1.6383,-1.14715,0.020090840087576,0.90948566942967,0.111102085228524
15805,-1.61803,-1.17557,0.0206378939498212,0.919253778306763,0.999999999982893
15805,-1.59727,-1.20363,0.0211627644267111,0.909485669429812,-0.111102085265547
15804,-1.57602,-1.23132,0.0216943297780964,0.915346582364898,0.777752503876549
15804,-1.55429,-1.25864,0.0222102184080779,0.910462498170935,-0.333308963280012
15803,-1.53209,-1.28558,0.0227255192591975,0.912416143750815,0.555523964114853
15803,-1.50942,-1.31212,0.023232420751573,0.912416143750855,-0.555523964118957
15802,-1.48629,-1.33826,0.0237307569137428,0.910462498170897,0.333308963276791
15802,-1.46271,-1.364,0.0242286927973324,0.915346582364928,-0.77775250387821
15801,-1.43868,-1.38932,0.0247094399393062,0.909485669429954,0.111102085257172
15801,-1.41421,-1.41421,0.0251984664398867,0.919253778307098,-0.999999999999989
10084,-1.38932,-1.43868,0.0256610436082182,-0.909485669429983,0.111102085260242
10184,-1.364,-1.46271,0.0261321830349107,-0.915346582364814,-0.777752503871363
10184,-1.33826,-1.48629,0.0265850779532572,-0.910462498171062,0.333308963290425
10284,-1.31212,-1.50942,0.0270377751374898,-0.912416143750702,-0.555523964098991
10284,-1.28558,-1.53209,0.0274810327091892,-0.912416143751175,0.55552396414059
10384,-1.25864,-1.55429,0.0279146982157968,-0.910462498170858,-0.333308963247603
10384,-1.23132,-1.57602,0.0283483313122125,-0.915346582365569,0.777752503916277
10484,-1.20363,-1.59727,0.0287623366927363,-0.909485669429755,-0.111102085221656
10584,-1.17557,-1.61803,0.0291863022270798,-0.919253778306467,-0.999999999969833
10584,-1.14715,-1.6383,0.0295799638946,-0.909485669429891,0.111102085282108
10684,-1.11839,-1.65808,0.029983765948511,-0.915346582364624,-0.777752503855743
10684,-1.08928,-1.67734,0.0303667534138815,-0.910462498171255,0.333308963307532
10784,-1.05984,-1.6961,0.0307496319598142,-0.912416143750544,-0.555523964080908
10784,-1.03008,-1.71433,0.0311217779635594,-0.912416143751393,0.555523964158839
10884,-1,-1.73205,0.0314829291442031,-0.910462498170715,-0.333308963230315
10884,-0.969619,-1.74924,0.0318440288989665,-0.915346582365772,0.777752503931858
10984,-0.938943,-1.7659,0.0321826146790253,-0.909485669429763,-0.111102085205032
11084,-0.907981,-1.78201,0.0325324153136621,-0.919253778306154,-0.99999999995149
11084,-0.876742,-1.79759,0.0328475791959002,-0.909485669429981,0.111102085301552
11184,-0.845237,-1.81262,0.0331740358567574,-0.915346582364332,-0.777752503835052
11184,-0.813473,-1.82709,0.03347668911411,-0.910462498171421,0.333308963330044
11284,-0.781462,-1.84101,0.0337789436335346,-0.912416143750289,-0.555523964056998
11284,-0.749213,-1.85437,0.0340688246361624,-0.912416143751684,0.555523964183542
11384,-0.716736,-1.86716,0.0343460719065431,-0.910462498170579,-0.333308963203316
11384,-0.68404,-1.87939,0.0346229432610628,-0.915346582366256,0.777752503962127
11484,-0.651136,-1.89104,0.0348744618658973,-0.9094856694297,-0.111102085173069
11584,-0.618034,-1.90211,0.0351381205345383,-0.919253778305473,-0.9999999999182
11584,-0.584743,-1.91261,0.0353633012893789,-0.909485669430035,0.111102085335111
11684,-0.551275,-1.92252,0.0356007318215512,-0.915346582363772,-0.777752503801188
11684,-0.517638,-1.93185,0.0358119749511929,-0.910462498171642,0.333308963364261
11784,-0.483844,-1.94059,0.0360227529557584,-0.912416143749915,-0.555523964021929
11784,-0.449902,-1.94874,0.0362200864389007,-0.912416143752077,0.555523964220183
11884,-0.415823,-1.9563,0.0364039392234007,-0.910462498170266,-0.33330896316818
11884,-0.381618,-1.96325,0.0365874672470263,-0.915346582366712,0.777752503993725
11984,-0.347296,-1.96962,0.0367442889125605,-0.909485669429565,-0.111102085145729
12084,-0.312869,-1.97538,0.0369142054352825,-0.919253778305011,-0.999999999895287
12084,-0.278346,-1.98054,0.0370440451998611,-0.909485669430107,0.111102085358526
12184,-0.243739,-1.98509,0.0371872157638763,-0.915346582363447,-0.777752503777644
12184,-0.209057,-1.98904,0.0373036565052546,-0.910462498171781,0.333308963386432
12284,-0.174311,-1.99239,0.0374202981717933,-0.912416143749663,-0.555523964001473
12284,-0.139513,-1.99513,0.0375237432364463,-0.912416143752267,0.555523964238395
12384,-0.104672,-1.99726,0.0376141579079161,-0.910462498170238,-0.333308963148834
12384,-0.069799,-1.99878,0.0377050227451501,-0.915346582367131,0.777752504016471
12484,-0.0349048,-1.9997,0.0377695614901662,-0.909485669429557,-0.111102085121833
12584,-4.35203e-16,-2,0.0378482661360017,-0.919253778304537,-0.999999999870803
12584,0.0349048,-1.9997,0.0378872886876632,-0.909485669430058,0.111102085378513
12684,0.069799,-1.99878,0.0379407035904044,-0.915346582363139,-0.777752503762792
12684,0.104672,-1.99726,0.0379680613581044,-0.9104624981717,0.333308963393593
12784,0.139513,-1.99513,0.0379964898140151,-0.912416143749591,-0.555523964001403
12784,0.174311,-1.99239,0.0380124986465405,-0.912416143752134,0.555523964232273
12884,0.209057,-1.98904,0.0380161805084984,-0.91046249817019,-0.333308963161724
12884,0.243739,-1.98509,0.0380210757853407,-0.915346582366752,0.777752503996427
12984,0.278346,-1.98054,0.0380001517889692,-0.909485669429543,-0.111102085145531
13084,0.312869,-1.97538,0.0379940455836004,-0.919253778305079,-0.999999999897294
13084,0.347296,-1.96962,0.0379485053162735,-0.909485669429971,0.111102085349981
13184,0.381618,-1.96325,0.037917757990545,-0.915346582363621,-0.777752503792476
13184,0.415823,-1.9563,0.0378610163435171,-0.910462498171561,0.33330896336634
13284,0.449902,-1.94874,0.0378053521713429,-0.912416143749886,-0.555523964026324
13284,0.483844,-1.94059,0.0377371293410738,-0.912416143751904,0.555523964209538
13384,0.517638,-1.93185,0.0376561324774374,-0.910462498170363,-0.333308963182687
13384,0.551275,-1.92252,0.0375760307538288,-0.915346582366464,0.777752503976962
13484,0.584743,-1.91261,0.0374692007683734,-0.909485669429569,-0.111102085165906
13584,0.618034,-1.90211,0.0373767181772645,-0.919253778305519,-0.999999999919186
13584,0.651136,-1.89104,0.037243498958734,-0.909485669429928,0.111102085328226
13684,0.68404,-1.87939,0.0371243102609086,-0.915346582363942,-0.777752503814258
13684,0.716736,-1.86716,0.03697785914735,-0.910462498171394,0.333308963343945
13784,0.749213,-1.85437,0.0368313655056064,-0.912416143750121,-0.555523964050058
13784,0.781462,-1.84101,0.0366710744363961,-0.91241614375158,0.555523964183364
13884,0.813473,-1.82709,0.0364967367329525,-0.91046249817049,-0.333308963212306
13884,0.845237,-1.81262,0.0363219930796267,-0.915346582365913,0.777752503943214
13984,0.876742,-1.79759,0.0361194068871859,-0.909485669429626,-0.1111020852007
14084,0.907981,-1.78201,0.0359296405824195,-0.919253778306215,-0.999999999954254
14084,0.938943,-1.7659,0.035698589659818,-0.909485669429858,0.111102085292581
14184,0.969619,-1.74924,0.0354800030923699,-0.915346582364524,-0.777752503850263
14184,1,-1.73205,0.0352337833438037,-0.910462498171194,0.333308963308465
14284,1.03008,-1.71433,0.0349864569932354,-0.91241614375052,-0.55552396408445
14284,1.05984,-1.6961,0.0347248708785994,-0.912416143751235,0.55552396415093
14384,1.08928,-1.67734,0.0344492025520262,-0.910462498170724,-0.333308963242461
14384,1.11839,-1.65808,0.0341722100440577,-0.915346582365498,0.777752503915531
14484,1.14715,-1.6383,0.0338689244657604,-0.909485669429676,-0.111102085228531
14584,1.17557,-1.61803,0.0335766469964046,-0.919253778306762,-0.999999999982903
14584,1.20363,-1.59727,0.0332467238507518,-0.909485669429825,0.1111020852655
14684,1.23132,-1.57602,0.0329276624456773,-0.91534658236492,-0.777752503876537
14684,1.25864,-1.55429,0.0325839763779606,-0.910462498170955,0.333308963280004
14784,1.28558,-1.53209,0.0322393144481457,-0.912416143750819,-0.555523964114867
14784,1.31212,-1.50942,0.0318822545846946,-0.912416143750872,0.555523964118932
14884,1.33826,-1.48629,0.0315132766071311,-0.910462498170903,-0.333308963276861
14884,1.364,-1.46271,0.0311432639312925,-0.915346582364901,0.777752503878194
14984,1.38932,-1.43868,0.0307513072245398,-0.909485669429939,-0.111102085257194
14984,1.41421,-1.41421,0.0303687748093471,-0.919253778307102,0.999999999999985
5850,1.43868,-1.38932,0.0299551603288391,0.909485669429985,-0.111102085260202
5849,1.46271,-1.364,0.0295508476534333,0.915346582364833,0.777752503871339
5849,1.48629,-1.33826,0.0291265330154478,0.910462498171102,-0.333308963290407
5848,1.50942,-1.31212,0.0287017231083542,0.91241614375073,0.555523964099018
5848,1.53209,-1.28558,0.028267077121672,0.912416143751186,-0.555523964140576
5847,1.55429,-1.25864,0.0278230314683768,0.91046249817085,0.333308963247604
5847,1.57602,-1.23132,0.0273784193781289,0.91534658236556,-0.777752503916265
5846,1.59727,-1.20363,0.0269163775769768,0.909485669429786,0.111102085221649
5845,1.61803,-1.17557,0.0264621363567191,0.919253778306525,0.999999999969829
5845,1.6383,-1.14715,0.0259832922720279,0.909485669429914,-0.11110208528211
5844,1.65808,-1.11839,0.0255120785620668,0.915346582364627,0.777752503855747
5844,1.67734,-1.08928,0.0250252299382622,0.910462498171258,-0.333308963307527
5843,1.6961,-1.05984,0.0245381630233,0.912416143750537,0.555523964080912
5843,1.71433,-1.03008,0.0240435317910755,0.912416143751378,-0.555523964158821
5842,1.73205,-1,0.0235416498379969,0.910462498170701,0.333308963230334
5842,1.74924,-0.969619,0.0230394158257785,0.915346582365767,-0.777752503931841
5841,1.7659,-0.938943,0.0225237143566673,0.909485669429766,0.111102085205045
5840,1.78201,-0.907981,0.0220140449661779,0.919253778306158,0.99999999995149
5840,1.79759,-0.876742,0.0214855053429285,0.909485669429983,-0.111102085301555
5839,1.81262,-0.845237,0.0209627695317203,0.915346582364319,0.777752503835052
5839,1.82709,-0.813473,0.0204281447165179,0.910462498171384,-0.333308963330046
5838,1.84101,-0.781462,0.0198932954256317,0.912416143750258,0.555523964056995
5838,1.85437,-0.749213,0.0193527222611484,0.91241614375167,-0.555523964183538
5837,1.86716,-0.716736,0.0188067010909599,0.91046249817059,0.333308963203332
5837,1.87939,-0.68404,0.018260316209003,0.915346582366259,-0.777752503962114
5836,1.89104,-0.651136,0.0177040678478673,0.909485669429712,0.11110208517308
5835,1.90211,-0.618034,0.0171520123980228,0.919253778305505,0.999999999918216
5835,1.91261,-0.584743,0.0165864720481434,0.909485669430072,-0.111102085335106
5834,1.92252,-0.551275,0.0160248815826696,0.915346582363824,0.777752503801191
5834,1.93185,-0.517638,0.0154549520316523,0.910462498171638,-0.333308963364257
5833,1.94059,-0.483844,0.0148847285106159,0.912416143749874,0.555523964021932
5833,1.94874,-0.449902,0.0143105109011232,0.91241614375206,-0.555523964220175
5832,1.9563,-0.415823,0.0137325434872664,0.910462498170272,0.333308963168192
5832,1.96325,-0.381618,0.0131541304442816,0.915346582366721,-0.777752503993719
5831,1.96962,-0.347296,0.01256931005794,0.909485669429573,0.111102085145735
5830,1.97538,-0.312869,0.011986797808612,0.919253778305019,0.999999999895301
5830,1.98054,-0.278346,0.0113960071707751,0.909485669430095,-0.11110208535852
5829,1.98509,-0.243739,0.0108072566227408,0.915346582363408,0.777752503777643
5829,1.98904,-0.209057,0.0102135745322308,0.910462498171767,-0.333308963386425
5828,1.99239,-0.174311,0.00961944124731167,0.91241614374965,0.555523964001481
5828,1.99513,-0.139513,0.0090229313583762,0.912416143752221,-0.555523964238393
5827,1.99726,-0.104672,0.00842427313760108,0.910462498170182,0.333308963148836
5827,1.99878,-0.069799,0.00782499638193104,0.915346582367075,-0.777752504016468
5826,1.9997,-0.0349048,0.00722268388308357,0.909485669429527,0.111102085121839
