origElemNum,globCoord-x,globCoord-y,acouIntensity-x,acouIntensity-y,locCoord-xi,locCoord-eta
5825,2,-2.20442e-18,4.2678040446888e-10,-1.022598734015e-09,0.919253778304535,0.999999999870795
5825,1.9997,0.0349048,1.34110639907959e-09,-2.29156051906697e-09,0.909485669430051,-0.11110208537854
5824,1.99878,0.069799,2.67067392498463e-09,-3.46458877021383e-09,0.915346582363134,0.7777525037628
5824,1.99726,0.104672,4.42722260845368e-09,-4.66219939894874e-09,0.910462498171695,-0.333308963393583
5823,1.99513,0.139513,6.58994628046283e-09,-5.63193628485664e-09,0.912416143749585,0.555523964001403
5823,1.99239,0.174311,9.18227842624561e-09,-6.70844570993377e-09,0.912416143752112,-0.555523964232293
5822,1.98904,0.209057,1.21580959707467e-08,-7.36800908082613e-09,0.910462498170195,0.33330896316169
5822,1.98509,0.243739,1.55756264218453e-08,-8.27431962556644e-09,0.915346582366752,-0.777752503996411
5821,1.98054,0.278346,1.93329178958453e-08,-8.5187233999484e-09,0.909485669429537,0.111102085145532
5820,1.97538,0.312869,2.34448489579672e-08,-8.47546949387169e-09,0.91925377830504,0.999999999897275
5820,1.96962,0.347296,2.80556828938101e-08,-8.93358606600776e-09,0.909485669429959,-0.111102085350008
5819,1.96325,0.381618,3.28749835931841e-08,-8.31749938121699e-09,0.915346582363608,0.777752503792493
5819,1.9563,0.415823,3.82505340203565e-08,-8.46769201370675e-09,0.910462498171543,-0.333308963366333
5818,1.94874,0.449902,4.37151277174513e-08,-7.18412296830388e-09,0.912416143749872,0.555523964026318
5818,1.94059,0.483844,4.98248535999137e-08,-6.98391124822984e-09,0.912416143751876,-0.555523964209557
5817,1.93185,0.517638,5.58613698873474e-08,-4.94508643928531e-09,0.910462498170338,0.333308963182653
5817,1.92252,0.551275,6.26703409301326e-08,-4.35475861008795e-09,0.915346582366455,-0.777752503976955
5816,1.91261,0.584743,6.9195104209708e-08,-1.48097012946818e-09,0.909485669429567,0.111102085165898
5815,1.90211,0.618034,7.58964840768488e-08,1.89948609392708e-09,0.919253778305533,0.999999999919169
5815,1.89104,0.651136,8.3584502782792e-08,3.31547962928647e-09,0.909485669429933,-0.111102085328256
5814,1.87939,0.68404,9.06282875496098e-08,7.63708627050919e-09,0.915346582363941,0.777752503814277
5814,1.86716,0.716736,9.88859772984417e-08,9.53822488211443e-09,0.910462498171402,-0.333308963343933
5813,1.85437,0.749213,1.06167503463887e-07,1.48558117099665e-08,0.912416143750119,0.555523964050056
5813,1.84101,0.781462,1.14945571426418e-07,1.72669480642953e-08,0.912416143751575,-0.555523964183394
5812,1.82709,0.813473,1.22353669785206e-07,2.36243064456397e-08,0.910462498170486,0.333308963212263
5812,1.81262,0.845237,1.31600386997069e-07,2.65661446374924e-08,0.915346582365915,-0.777752503943209
5811,1.79759,0.876742,1.39018551764789e-07,3.39954033423567e-08,0.909485669429635,0.111102085200681
5810,1.78201,0.907981,1.46354852493027e-07,4.20479845179168e-08,0.919253778306195,0.999999999954235
5810,1.7659,0.938943,1.55987748810639e-07,4.60054895996869e-08,0.909485669429844,-0.111102085292603
5809,1.74924,0.969619,1.63149643214146e-07,5.51572450272158e-08,0.915346582364538,0.777752503850291
5809,1.73205,1,1.7308227879261e-07,5.9674000841866e-08,0.910462498171199,-0.333308963308445
5808,1.71433,1.03008,1.79945672431496e-07,6.99252825610964e-08,0.912416143750526,0.555523964084446
5808,1.6961,1.05984,1.90120200748637e-07,7.50030150517478e-08,0.912416143751246,-0.555523964150953
5807,1.67734,1.08928,1.96560144394295e-07,8.63412596062296e-08,0.910462498170725,0.333308963242434
5807,1.65808,1.11839,2.06918366621118e-07,9.19770156829516e-08,0.915346582365508,-0.777752503915519
5806,1.6383,1.14715,2.12810440645728e-07,1.04376709798958e-07,0.909485669429676,0.11110208522853
5805,1.61803,1.17557,2.1833586331075e-07,1.17387505085919e-07,0.919253778306765,0.999999999982884
5805,1.59727,1.20363,2.28515884933885e-07,1.23985703934981e-07,0.909485669429817,-0.111102085265541
5804,1.57602,1.23132,2.33309976939016e-07,1.37995818545145e-07,0.9153465823649,0.777752503876539
5804,1.55429,1.25864,2.43499363546867e-07,1.45105129649647e-07,0.910462498170939,-0.333308963279996
5803,1.53209,1.28558,2.47445379144334e-07,1.60056808368608e-07,0.912416143750815,0.555523964114853
5803,1.50942,1.31212,2.57588928193423e-07,1.67655038145611e-07,0.91241614375085,-0.555523964118972
5802,1.48629,1.33826,2.60575230910258e-07,1.83478491290031e-07,0.910462498170897,0.333308963276791
5802,1.46271,1.364,2.706195030505e-07,1.91539200965377e-07,0.915346582364929,-0.77775250387822
5801,1.43868,1.38932,2.72540833985977e-07,2.08153207701143e-07,0.909485669429954,0.111102085257182
5801,1.41421,1.41421,2.8243453590483e-07,2.16645917928079e-07,0.919253778307104,-0.999999999999994
850,1.38932,1.43868,2.83193144885089e-07,2.33958547766214e-07,0.909485669429991,-0.111102085260227
849,1.364,1.46271,2.83289820510984e-07,2.5168869136102e-07,0.915346582364834,0.777752503871359
849,1.33826,1.48629,2.92394154875413e-07,2.60758333019737e-07,0.910462498171096,-0.333308963290402
848,1.31212,1.50942,2.91200222808573e-07,2.79028915289886e-07,0.912416143750729,0.555523964099008
848,1.28558,1.53209,3.00018229469403e-07,2.88403726371433e-07,0.912416143751184,-0.555523964140596
847,1.25864,1.55429,2.97460230140866e-07,3.07099287875679e-07,0.910462498170846,0.333308963247574
847,1.23132,1.57602,3.05953355720127e-07,3.16734530226846e-07,0.915346582365554,-0.777752503916259
846,1.20363,1.59727,3.01968718107728e-07,3.3573222278942e-07,0.90948566942978,0.111102085221654
845,1.17557,1.61803,2.97203417385415e-07,3.54951992970749e-07,0.919253778306528,0.999999999969813
845,1.14715,1.6383,3.04639759237826e-07,3.64751147614789e-07,0.909485669429915,-0.111102085282135
844,1.11839,1.65808,2.98379546473771e-07,3.84074712517351e-07,0.915346582364625,0.777752503855763
844,1.08928,1.67734,3.05403483039731e-07,3.93971795106645e-07,0.910462498171253,-0.333308963307521
843,1.05984,1.6961,2.97616992285666e-07,4.13262173202418e-07,0.912416143750542,0.555523964080906
843,1.03008,1.71433,3.04206982415344e-07,4.23203834911524e-07,0.912416143751377,-0.555523964158847
842,1,1.73205,2.94875947029651e-07,4.42320820834189e-07,0.910462498170698,0.333308963230309
842,0.969619,1.74924,3.01014885939222e-07,4.52252700137549e-07,0.915346582365766,-0.777752503931825
841,0.938943,1.7659,2.90134299692742e-07,4.71054178881453e-07,0.909485669429764,0.111102085205048
840,0.907981,1.78201,2.78435705121137e-07,4.8977361382275e-07,0.919253778306164,0.99999999995148
840,0.876742,1.79759,2.83387762565491e-07,4.99264271369906e-07,0.909485669429979,-0.11110208530158
839,0.845237,1.81262,2.70163631614689e-07,5.17451172071796e-07,0.91534658236432,0.777752503835068
839,0.813473,1.82709,2.74650138277724e-07,5.26753103516072e-07,0.91046249817139,-0.33330896333004
838,0.781462,1.84101,2.59930528258118e-07,5.44265856419031e-07,0.912416143750255,0.555523964056983
838,0.749213,1.85437,2.63953566585793e-07,5.5332458418419e-07,0.912416143751674,-0.555523964183563
837,0.716736,1.86716,2.47782094189728e-07,5.70024396094243e-07,0.910462498170584,0.333308963203304
837,0.68404,1.87939,2.51348232850476e-07,5.78786521677537e-07,0.915346582366261,-0.777752503962098
836,0.651136,1.89104,2.33781509436708e-07,5.94538659396754e-07,0.909485669429719,0.111102085173086
835,0.618034,1.90211,2.15500602712049e-07,6.0990566181894e-07,0.919253778305509,0.999999999918205
835,0.584743,1.91261,2.18008939633122e-07,6.1762678446034e-07,0.909485669430073,-0.111102085335132
834,0.551275,1.92252,1.98450448443873e-07,6.31851584742653e-07,0.915346582363819,0.777752503801204
834,0.517638,1.93185,2.00561331449218e-07,6.39114748829547e-07,0.910462498171637,-0.333308963364254
833,0.483844,1.94059,1.79814305016644e-07,6.52078143805085e-07,0.912416143749877,0.55552396402192
833,0.449902,1.94874,1.81551847836551e-07,6.58838479489426e-07,0.91241614375206,-0.555523964220202
832,0.415823,1.9563,1.59716678004553e-07,6.70429914098785e-07,0.910462498170279,0.333308963168166
832,0.381618,1.96325,1.61108636293687e-07,6.76645586843825e-07,0.915346582366717,-0.777752503993703
831,0.347296,1.96962,1.38296000457638e-07,6.8676406085848e-07,0.909485669429573,0.111102085145737
830,0.312869,1.97538,1.15003758488309e-07,6.96256184626568e-07,0.919253778305012,0.99999999989529
830,0.278346,1.98054,1.15703601857252e-07,7.00951274487834e-07,0.909485669430091,-0.111102085358547
829,0.243739,1.98509,9.16285964494754e-08,7.08837857463782e-07,0.915346582363415,0.77775250377766
829,0.209057,1.98904,9.21026448692672e-08,7.12877154043933e-07,0.910462498171767,-0.333308963386422
828,0.174311,1.99239,6.73783300982928e-08,7.19085897974644e-07,0.912416143749651,0.55552396400147
828,0.139513,1.99513,6.76666083377769e-08,7.22443566003519e-07,0.912416143752224,-0.555523964238419
827,0.104672,1.99726,4.24330854816242e-08,7.26914922287291e-07,0.910462498170184,0.33330896314881
827,0.069799,1.99878,4.25776038438411e-08,7.29569438530355e-07,0.915346582367074,-0.777752504016452
826,0.0349048,1.9997,1.69805695826915e-08,7.32257116034664e-07,0.909485669429527,0.111102085121841
825,1.27747e-16,2,-8.76934492728276e-09,7.34191465008785e-07,0.919253778304535,0.999999999870799
825,-0.0349048,1.9997,-8.78534303393622e-09,7.35063171239283e-07,0.909485669430051,-0.111102085378537
824,-0.069799,1.99878,-3.46599267630512e-08,7.35172019566565e-07,0.915346582363134,0.777752503762801
824,-0.104672,1.99726,-3.46664598053149e-08,7.35303369722386e-07,0.910462498171695,-0.333308963393583
823,-0.139513,1.99513,-6.05115491119191e-08,7.33577548449998e-07,0.912416143749585,0.555523964001401
823,-0.174311,1.99239,-6.04625097706633e-08,7.32968055028098e-07,0.912416143752112,-0.555523964232297
822,-0.209057,1.98904,-8.61237381536535e-08,7.29413231160232e-07,0.910462498170195,0.333308963161685
822,-0.243739,1.98509,-8.59732106408964e-08,7.28067360658768e-07,0.915346582366744,-0.777752503996403
821,-0.278346,1.98054,-1.11297186024622e-07,7.22703827029855e-07,0.909485669429538,0.111102085145537
820,-0.312869,1.97538,-1.36414086035736e-07,7.16605747736261e-07,0.919253778305041,0.999999999897278
820,-0.347296,1.96962,-1.35835259550599e-07,7.13493760310299e-07,0.90948566942996,-0.111102085350006
819,-0.381618,1.96325,-1.60377287488115e-07,7.05648259587406e-07,0.915346582363608,0.777752503792493
819,-0.415823,1.9563,-1.59546026767376e-07,7.01847288927468e-07,0.910462498171543,-0.333308963366333
818,-0.449902,1.94874,-1.83368471439111e-07,6.92312166186522e-07,0.912416143749872,0.555523964026316
818,-0.483844,1.94059,-1.8224445569111e-07,6.87847899851081e-07,0.912416143751875,-0.555523964209561
817,-0.517638,1.93185,-2.05208748352727e-07,6.76694703188935e-07,0.910462498170336,0.333308963182646
817,-0.551275,1.92252,-2.03754118861311e-07,6.71597365419676e-07,0.915346582366457,-0.777752503976948
816,-0.584743,1.91261,-2.25728889993331e-07,6.58910962815043e-07,0.909485669429562,0.111102085165907
815,-0.618034,1.90211,-2.4717270738809e-07,6.45656393184387e-07,0.919253778305526,0.999999999919175
815,-0.651136,1.89104,-2.44771323719765e-07,6.39093420166562e-07,0.909485669429935,-0.111102085328253
814,-0.68404,1.87939,-2.65035230778151e-07,6.24461265539182e-07,0.915346582363941,0.777752503814277
814,-0.716736,1.86716,-2.62192206170344e-07,6.17390541067249e-07,0.910462498171402,-0.333308963343933
813,-0.749213,1.85437,-2.81170439653699e-07,6.01495888210087e-07,0.912416143750117,0.555523964050053
813,-0.781462,1.84101,-2.77862644285101e-07,5.93964813456778e-07,0.912416143751584,-0.555523964183396
812,-0.813473,1.82709,-2.95460807740654e-07,5.769324781789e-07,0.910462498170484,0.33330896321226
812,-0.845237,1.81262,-2.91669468562685e-07,5.68991522900959e-07,0.91534658236591,-0.7777525039432
811,-0.876742,1.79759,-3.07805513768015e-07,5.50955355656206e-07,0.909485669429639,0.111102085200672
810,-0.907981,1.78201,-3.23188480077838e-07,5.32634626870643e-07,0.919253778306197,0.999999999954239
810,-0.938943,1.7659,-3.18122285198272e-07,5.23759468262544e-07,0.909485669429848,-0.111102085292613
809,-0.969619,1.74924,-3.31938462468653e-07,5.0465463500187e-07,0.915346582364533,0.777752503850298
809,-1,1.73205,-3.26348486416685e-07,4.95547925870779e-07,0.910462498171205,-0.333308963308436
808,-1.03008,1.71433,-3.38552931636643e-07,4.75808567861456e-07,0.912416143750522,0.55552396408444
808,-1.05984,1.6961,-3.32441389345961e-07,4.66529635007247e-07,0.912416143751243,-0.555523964150944
807,-1.08928,1.67734,-3.43004019365193e-07,4.46308678514192e-07,0.910462498170733,0.33330896324243
807,-1.11839,1.65808,-3.36378412399285e-07,4.36917533724599e-07,0.915346582365511,-0.777752503915504
806,-1.14715,1.6383,-3.45284328032247e-07,4.16369944375994e-07,0.909485669429678,0.11110208522852
805,-1.17557,1.61803,-3.53363160691396e-07,3.9587936566772e-07,0.91925377830677,0.999999999982889
805,-1.20363,1.59727,-3.45407326742364e-07,3.86208070011637e-07,0.909485669429819,-0.111102085265551
804,-1.23132,1.57602,-3.5183145649502e-07,3.65628043295222e-07,0.915346582364893,0.777752503876544
804,-1.25864,1.55429,-3.43407265947355e-07,3.56037140084262e-07,0.910462498170937,-0.333308963279986
803,-1.28558,1.53209,-3.48201410042642e-07,3.35520111308593e-07,0.912416143750809,0.555523964114847
803,-1.31212,1.50942,-3.39338618224331e-07,3.26067481501328e-07,0.912416143750849,-0.555523964118962
802,-1.33826,1.48629,-3.42542197643977e-07,3.05762258170157e-07,0.910462498170897,0.333308963276791
802,-1.364,1.46271,-3.33275577593752e-07,2.96503913511647e-07,0.915346582364928,-0.77775250387821
801,-1.38932,1.43868,-3.34942438752905e-07,2.76554236060341e-07,0.909485669429954,0.111102085257172
801,-1.41421,1.41421,-3.25311620356464e-07,2.67543880800566e-07,0.919253778307104,-0.999999999999994
15850,-1.43868,1.38932,-3.25509524748794e-07,2.48086832227305e-07,0.909485669429991,-0.111102085260237
15849,-1.46271,1.364,-3.25002930693956e-07,2.29081123205531e-07,0.915346582364828,0.777752503871364
15849,-1.48629,1.33826,-3.14368496041623e-07,2.20539888534645e-07,0.910462498171103,-0.333308963290387
15848,-1.50942,1.31212,-3.12517963731441e-07,2.02218666112116e-07,0.912416143750729,0.555523964099008
15848,-1.53209,1.28558,-3.01660752618111e-07,1.9408054996149e-07,0.912416143751185,-0.555523964140586
15847,-1.55429,1.25864,-2.98565853262e-07,1.76557279244518e-07,0.910462498170851,0.333308963247569
15847,-1.57602,1.23132,-2.87542688762917e-07,1.68861643847694e-07,0.915346582365555,-0.777752503916249
15846,-1.59727,1.20363,-2.83313397094529e-07,1.52238367347817e-07,0.909485669429784,0.111102085221639
15845,-1.61803,1.17557,-2.78565390461951e-07,1.36236953664926e-07,0.919253778306531,0.999999999969823
15845,-1.6383,1.14715,-2.6693939311655e-07,1.29386276887642e-07,0.909485669429917,-0.111102085282151
15844,-1.65808,1.11839,-2.6123874761386e-07,1.14413958861664e-07,0.915346582364627,0.777752503855772
15844,-1.67734,1.08928,-2.49632595680712e-07,1.08107247425528e-07,0.910462498171251,-0.333308963307506
15843,-1.6961,1.05984,-2.43109623264776e-07,9.42325279370836e-08,0.912416143750542,0.555523964080906
15843,-1.71433,1.03008,-2.31589883768627e-07,8.84886644897531e-08,0.912416143751375,-0.555523964158831
15842,-1.73205,1,-2.24380224775218e-07,7.57658482589313e-08,0.910462498170697,0.333308963230296
15842,-1.74924,0.969619,-2.13014456136349e-07,7.05982555507636e-08,0.915346582365764,-0.777752503931822
15841,-1.7659,0.938943,-2.05257562034745e-07,5.90668322653715e-08,0.909485669429762,0.111102085205035
15840,-1.78201,0.907981,-1.97287012805961e-07,4.82553969458875e-08,0.919253778306162,0.999999999951483
15840,-1.79759,0.876742,-1.85951135593015e-07,4.41676474042056e-08,0.909485669429984,-0.111102085301589
15839,-1.81262,0.845237,-1.77647403588871e-07,3.45750263261139e-08,0.915346582364318,0.777752503835071
15839,-1.82709,0.813473,-1.66670660959796e-07,3.10796468455264e-08,0.910462498171391,-0.333308963330024
15838,-1.84101,0.781462,-1.58175534473698e-07,2.27064848766659e-08,0.912416143750253,0.555523964056986
15838,-1.85437,0.749213,-1.47623993718915e-07,1.97935198720315e-08,0.912416143751674,-0.555523964183544
15837,-1.86716,0.716736,-1.39077219322332e-07,1.26254664273236e-08,0.910462498170589,0.333308963203294
15837,-1.87939,0.68404,-1.29015074685301e-07,1.02794704698475e-08,0.915346582366259,-0.777752503962095
15836,-1.89104,0.651136,-1.20552727001301e-07,4.28739379428894e-09,0.909485669429715,0.111102085173074
15835,-1.90211,0.618034,-1.12190339977904e-07,-1.04753884968096e-09,0.919253778305508,0.999999999918209
15835,-1.91261,0.584743,-1.0279453512777e-07,-2.37187038580328e-09,0.909485669430068,-0.111102085335144
15834,-1.92252,0.551275,-9.47116568718857e-08,-6.60715611623784e-09,0.915346582363818,0.777752503801208
15834,-1.93185,0.517638,-8.5985350999076e-08,-7.43501281407706e-09,0.910462498171639,-0.333308963364235
15833,-1.94059,0.483844,-7.83018515594646e-08,-1.06346499342032e-08,0.912416143749876,0.555523964021923
15833,-1.94874,0.449902,-7.02963607655646e-08,-1.10022025408837e-08,0.912416143752063,-0.555523964220183
15832,-1.9563,0.415823,-6.31232331609531e-08,-1.32423515134137e-08,0.910462498170272,0.333308963168156
15832,-1.96325,0.381618,-5.58854926069032e-08,-1.31899461135283e-08,0.915346582366716,-0.7777525039937
15831,-1.96962,0.347296,-4.93235641613732e-08,-1.45579241378132e-08,0.909485669429575,0.111102085145728
15830,-1.97538,0.312869,-4.31088015707632e-08,-1.54750275993982e-08,0.91925377830502,0.999999999895294
15830,-1.98054,0.278346,-3.70344982123133e-08,-1.47227587295297e-08,0.909485669430092,-0.111102085358556
15829,-1.98509,0.243739,-3.15611118878916e-08,-1.49250593156622e-08,0.915346582363415,0.777752503777664
15829,-1.98904,0.209057,-2.63702743488083e-08,-1.38902366496251e-08,0.910462498171765,-0.333308963386404
15828,-1.99239,0.174311,-2.17085711594199e-08,-1.34878796125217e-08,0.912416143749651,0.555523964001473
15828,-1.99513,0.139513,-1.74266059408673e-08,-1.22239211152404e-08,0.912416143752222,-0.5555239642384
15827,-1.99726,0.104672,-1.36333508816782e-08,-1.133346921974e-08,0.910462498170184,0.3333089631488
15827,-1.99878,0.069799,-1.02797392492222e-08,-9.89563698247438e-09,0.915346582367074,-0.777752504016448
15826,-1.9997,0.0349048,-7.39756553619504e-09,-8.63855633107875e-09,0.909485669429527,0.111102085121831
15825,-2,2.46315e-16,-4.98572917604929e-09,-7.2296771853834e-09,0.919253778304535,0.999999999870803
15825,-1.9997,-0.0349048,-3.04272653218449e-09,-5.5845427462457e-09,0.909485669430051,-0.111102085378547
15824,-1.99878,-0.069799,-1.57766320956987e-09,-4.00579995265911e-09,0.915346582363134,0.777752503762804
15824,-1.99726,-0.104672,-5.8941440299551e-10,-2.35540560548626e-09,0.910462498171696,-0.333308963393566
15823,-1.99513,-0.139513,-7.64889378128422e-11,-7.33660920418021e-10,0.912416143749586,0.555523964001405
15823,-1.99239,-0.174311,-3.71640042344188e-11,8.64422192470443e-10,0.912416143752114,-0.555523964232279
15822,-1.98904,-0.209057,-4.66917361262493e-10,2.40306917430454e-09,0.910462498170195,0.333308963161688
15822,-1.98509,-0.243739,-1.3645745216503e-09,3.89217901842966e-09,0.915346582366744,-0.7777525039964
15821,-1.98054,-0.278346,-2.71292756039358e-09,5.22397765645157e-09,0.909485669429545,0.111102085145526
15820,-1.97538,-0.312869,-4.504130345443e-09,6.38777709294755e-09,0.919253778305042,0.999999999897283
15820,-1.96962,-0.347296,-6.75827506786767e-09,7.5539765325139e-09,0.909485669429957,-0.111102085350017
15819,-1.96325,-0.381618,-9.4032880059693e-09,8.32507276623584e-09,0.915346582363609,0.777752503792499
15819,-1.9563,-0.415823,-1.25272159648488e-08,9.22530074332575e-09,0.910462498171549,-0.333308963366345
15818,-1.94874,-0.449902,-1.59670631871722e-08,9.49295772904896e-09,0.912416143749872,0.555523964026319
15818,-1.94059,-0.483844,-1.99254290332786e-08,1.00794116463539e-08,0.91241614375188,-0.555523964209544
15817,-1.93185,-0.517638,-2.40886057337715e-08,9.74051152621249e-09,0.910462498170337,0.33330896318265
15817,-1.92252,-0.551275,-2.88411259273896e-08,9.96879097325493e-09,0.915346582366458,-0.777752503976945
15816,-1.91261,-0.584743,-3.36445336874187e-08,8.92911452773656e-09,0.909485669429567,0.111102085165898
15815,-1.90211,-0.618034,-3.87232475686109e-08,7.45639382617085e-09,0.919253778305528,0.999999999919178
15815,-1.89104,-0.651136,-4.44963928883455e-08,6.93401311255842e-09,0.90948566942994,-0.111102085328262
15814,-1.87939,-0.68404,-5.00687075974982e-08,4.63230553073349e-09,0.915346582363942,0.77775250381428
15814,-1.86716,-0.716736,-5.64922508061414e-08,3.64570933906823e-09,0.910462498171397,-0.333308963343943
15813,-1.85437,-0.749213,-6.24510051121468e-08,4.48692057646886e-10,0.912416143750119,0.555523964050056
15813,-1.84101,-0.781462,-6.9468367937755e-08,-1.02882818949664e-09,0.912416143751582,-0.555523964183381
15812,-1.82709,-0.813473,-7.56991087418728e-08,-5.17498956119227e-09,0.910462498170486,0.333308963212263
15812,-1.81262,-0.845237,-8.32510027729688e-08,-7.16511965176329e-09,0.915346582365912,-0.777752503943197
15811,-1.79759,-0.876742,-8.96334309900476e-08,-1.23010935005074e-08,0.909485669429641,0.111102085200675
15810,-1.78201,-0.907981,-9.6028224555428e-08,-1.8019727722012e-08,0.919253778306197,0.999999999954239
15810,-1.7659,-0.938943,-1.04067876326997e-07,-2.09731193849139e-08,0.90948566942985,-0.11110208529261
15809,-1.74924,-0.969619,-1.10424154451382e-07,-2.77203802077873e-08,0.915346582364535,0.777752503850301
15809,-1.73205,-1,-1.18811860418498e-07,-3.12152499041605e-08,0.9104624981712,-0.333308963308458
15808,-1.71433,-1.03008,-1.25001691202563e-07,-3.89961056870915e-08,0.912416143750526,0.555523964084446
15808,-1.6961,-1.05984,-1.33672329293218e-07,-4.30320743155107e-08,0.912416143751243,-0.555523964150944
15807,-1.67734,-1.08928,-1.39567383641226e-07,-5.18372376341685e-08,0.910462498170725,0.333308963242434
15807,-1.65808,-1.11839,-1.48455876843306e-07,-5.6408539026791e-08,0.915346582365503,-0.7777525039155
15806,-1.6383,-1.14715,-1.53929034853004e-07,-6.62145729573085e-08,0.90948566942967,0.111102085228524
15805,-1.61803,-1.17557,-1.59123319381267e-07,-7.66059168950931e-08,0.919253778306763,0.999999999982893
15805,-1.59727,-1.20363,-1.67897795352345e-07,-8.20797714740833e-08,0.909485669429812,-0.111102085265547
15804,-1.57602,-1.23132,-1.72484648709586e-07,-9.34119913168507e-08,0.915346582364898,0.777752503876549
15804,-1.55429,-1.25864,-1.81290064144625e-07,-9.93659002121969e-08,0.910462498170935,-0.333308963280012
15803,-1.53209,-1.28558,-1.85152644593408e-07,-1.11580902708755e-07,0.912416143750815,0.555523964114853
15803,-1.50942,-1.31212,-1.93929322040121e-07,-1.17988094859735e-07,0.912416143750855,-0.555523964118957
15802,-1.48629,-1.33826,-1.96957173112625e-07,-1.31015224929192e-07,0.910462498170897,0.333308963276791
15802,-1.46271,-1.364,-2.05648038078526e-07,-1.37844480844425e-07,0.915346582364928,-0.77775250387821
15801,-1.43868,-1.38932,-2.07738462337041e-07,-1.5160137195682e-07,0.909485669429954,0.111102085257172
15801,-1.41421,-1.41421,-2.16289486118281e-07,-1.5881736583271e-07,0.919253778307098,-0.999999999999989
10084,-1.38932,-1.43868,-2.17348749867497e-07,-1.73210913150865e-07,-0.909485669429983,0.111102085260242
10184,-1.364,-1.46271,-2.17841011836055e-07,-1.8799889681018e-07,-0.915346582364814,-0.777752503871363
10184,-1.33826,-1.48629,-2.25653727766327e-07,-1.95701970863423e-07,-0.910462498171062,0.333308963290425
10284,-1.31212,-1.50942,-2.24996465938237e-07,-2.1096775762586e-07,-0.912416143750702,-0.555523964098991
10284,-1.28558,-1.53209,-2.32533868975127e-07,-2.18920770417994e-07,-0.912416143751175,0.55552396414059
10384,-1.25864,-1.55429,-2.30661330403313e-07,-2.34548919558314e-07,-0.910462498170858,-0.333308963247603
10384,-1.23132,-1.57602,-2.37885575486319e-07,-2.42703359833624e-07,-0.915346582365569,0.777752503916277
10484,-1.20363,-1.59727,-2.34744156622527e-07,-2.58571995418041e-07,-0.909485669429755,-0.111102085221656
10584,-1.17557,-1.61803,-2.30933858788063e-07,-2.74642686533384e-07,-0.919253778306467,-0.999999999969833
10584,-1.14715,-1.6383,-2.3717068652179e-07,-2.82859330982531e-07,-0.909485669429891,0.111102085282108
10684,-1.11839,-1.65808,-2.32039786594905e-07,-2.98976504390373e-07,-0.915346582364624,-0.777752503855743
10684,-1.08928,-1.67734,-2.37884521821858e-07,-3.07227594122424e-07,-0.910462498171255,0.333308963307532
10784,-1.05984,-1.6961,-2.3141325244789e-07,-3.23258577616359e-07,-0.912416143750544,-0.555523964080908
10784,-1.03008,-1.71433,-2.36847826836782e-07,-3.31489765041025e-07,-0.912416143751393,0.555523964158839
10884,-1,-1.73205,-2.29030252705859e-07,-3.47300352798764e-07,-0.910462498170715,-0.333308963230315
10884,-0.969619,-1.74924,-2.34041634164915e-07,-3.55457281989894e-07,-0.915346582365772,0.777752503931858
10984,-0.938943,-1.7659,-2.24885715785478e-07,-3.70913196694128e-07,-0.909485669429763,-0.111102085205032
11084,-0.907981,-1.78201,-2.15056378597634e-07,-3.86283931965362e-07,-0.919253778306154,-0.99999999995149
11084,-0.876742,-1.79759,-2.18993460097156e-07,-3.93910249035498e-07,-0.909485669429981,0.111102085301552
11184,-0.845237,-1.81262,-2.07871388946606e-07,-4.08726217162779e-07,-0.915346582364332,-0.777752503835052
11184,-0.813473,-1.82709,-2.11385890099466e-07,-4.16108553884588e-07,-0.910462498171421,0.333308963330044
11284,-0.781462,-1.84101,-1.99013987462791e-07,-4.30242303960636e-07,-0.912416143750289,-0.555523964056998
11284,-0.749213,-1.85437,-2.02113249743832e-07,-4.37331209411161e-07,-0.912416143751684,0.555523964183542
11384,-0.716736,-1.86716,-1.88546894661982e-07,-4.50660624577104e-07,-0.910462498170579,-0.333308963203316
11384,-0.68404,-1.87939,-1.91242674467975e-07,-4.57408994998918e-07,-0.915346582366256,0.777752503962127
11484,-0.651136,-1.89104,-1.76549132765967e-07,-4.69818245111916e-07,-0.9094856694297,-0.111102085173069
11584,-0.618034,-1.90211,-1.61316586672416e-07,-4.81880867928095e-07,-0.919253778305473,-0.9999999999182
11584,-0.584743,-1.91261,-1.63115149914637e-07,-4.87562063202014e-07,-0.909485669430035,0.111102085335111
11684,-0.551275,-1.92252,-1.46886520302075e-07,-4.98544290785497e-07,-0.915346582363772,-0.777752503801188
11684,-0.517638,-1.93185,-1.48353886042632e-07,-5.03750393796788e-07,-0.910462498171642,0.333308963364261
11784,-0.483844,-1.94059,-1.3122397323767e-07,-5.1355756231685e-07,-0.912416143749915,-0.555523964021929
11784,-0.449902,-1.94874,-1.32387581783847e-07,-5.18254725710676e-07,-0.912416143752077,0.555523964220183
11884,-0.415823,-1.9563,-1.14460029513865e-07,-5.26802572313493e-07,-0.910462498170266,-0.33330896316818
11884,-0.381618,-1.96325,-1.15350176071744e-07,-5.3096102745365e-07,-0.915346582366712,0.777752503993725
11984,-0.347296,-1.96962,-9.67361659107583e-08,-5.3817632874494e-07,-0.909485669429565,-0.111102085145729
12084,-0.312869,-1.97538,-7.78241740256341e-08,-5.44868630136246e-07,-0.919253778305011,-0.999999999895287
12084,-0.278346,-1.98054,-7.82027653258557e-08,-5.47591473738158e-07,-0.909485669430107,0.111102085358526
12184,-0.243739,-1.98509,-5.87924871433724e-08,-5.52864274033328e-07,-0.915346582363447,-0.777752503777644
12184,-0.209057,-1.98904,-5.90176921002602e-08,-5.54977100603186e-07,-0.910462498171781,0.333308963386432
12284,-0.174311,-1.99239,-3.92345353851053e-08,-5.5878798186083e-07,-0.912416143749663,-0.555523964001473
12284,-0.139513,-1.99513,-3.93445691086336e-08,-5.60279509685503e-07,-0.912416143752267,0.555523964238395
12384,-0.104672,-1.99726,-1.93171054517291e-08,-5.62598892642799e-07,-0.910462498170238,-0.333308963148834
12384,-0.069799,-1.99878,-1.93509112431877e-08,-5.63462410673855e-07,-0.915346582367131,0.777752504016471
12484,-0.0349048,-1.9997,7.90373672609493e-10,-5.64273594907808e-07,-0.909485669429557,-0.111102085121833
12584,-4.35203e-16,-2,2.09363642394139e-08,-5.6450691286637e-07,-0.919253778304537,-0.999999999870803
12584,0.0349048,-1.9997,2.09174025235448e-08,-5.63806213340119e-07,-0.909485669430058,0.111102085378513
12684,0.069799,-1.99878,4.09716565368273e-08,-5.62533196184761e-07,-0.915346582363139,-0.777752503762792
12684,0.104672,-1.99726,4.08941333313038e-08,-5.61208562616761e-07,-0.9104624981717,0.333308963393593
12784,0.139513,-1.99513,6.07272435257369e-08,-5.58445798471178e-07,-0.912416143749591,-0.555523964001403
12784,0.174311,-1.99239,6.05532288617178e-08,-5.56509890966266e-07,-0.912416143752134,0.555523964232273
12884,0.209057,-1.98904,8.00386490852915e-08,-5.52286547033675e-07,-0.91046249817019,-0.333308963161724
12884,0.243739,-1.98509,7.97315570831963e-08,-5.49756165675137e-07,-0.915346582366752,0.777752503996427
12984,0.278346,-1.98054,9.87466911330096e-08,-5.44113475738776e-07,-0.909485669429543,-0.111102085145531
13084,0.312869,-1.97538,1.17483167638649e-07,-5.37966557219163e-07,-0.919253778305079,-0.999999999897294
13084,0.347296,-1.96962,1.16698867048446e-07,-5.34000239635159e-07,-0.909485669429971,0.111102085349981
13184,0.381618,-1.96325,1.34783886958896e-07,-5.2652081239588e-07,-0.915346582363621,-0.777752503792476
13184,0.415823,-1.9563,1.3375086822444e-07,-5.22035451739586e-07,-0.910462498171561,0.33330896336634
13284,0.449902,-1.94874,1.51077235680583e-07,-5.1329322719588e-07,-0.912416143749886,-0.555523964026324
13284,0.483844,-1.94059,1.49767975028646e-07,-5.08321597385257e-07,-0.912416143751904,0.555523964209538
13384,0.517638,-1.93185,1.6623622580644e-07,-4.98396074525599e-07,-0.910462498170363,-0.333308963182687
13384,0.551275,-1.92252,1.6462615748658e-07,-4.92973873199725e-07,-0.915346582366464,0.777752503976962
13484,0.584743,-1.91261,1.80145347294508e-07,-4.8195362729704e-07,-0.909485669429569,-0.111102085165906
13584,0.618034,-1.90211,1.951688137175e-07,-4.70610063469107e-07,-0.919253778305519,-0.999999999919186
13584,0.651136,-1.89104,1.92701779407397e-07,-4.64101196436305e-07,-0.909485669429928,0.111102085328226
13684,0.68404,-1.87939,2.06652970105473e-07,-4.51814000048535e-07,-0.915346582363942,-0.777752503814258
13684,0.716736,-1.86716,2.03816477944991e-07,-4.44983679264848e-07,-0.910462498171394,0.333308963343945
13784,0.749213,-1.85437,2.16630517933494e-07,-4.31859975116935e-07,-0.912416143750121,-0.555523964050058
13784,0.781462,-1.84101,2.13414809209734e-07,-4.24753813435715e-07,-0.91241614375158,0.555523964183364
13884,0.813473,-1.82709,2.25037736610872e-07,-4.10905980104415e-07,-0.91046249817049,-0.333308963212306
13884,0.845237,-1.81262,2.21436931153768e-07,-4.03570775050851e-07,-0.915346582365913,0.777752503943214
13984,0.876742,-1.79759,2.31826097967692e-07,-3.8911555940112e-07,-0.909485669429626,-0.1111020852007
14084,0.907981,-1.78201,2.41608120607483e-07,-3.74583023052726e-07,-0.919253778306215,-0.999999999954254
14084,0.938943,-1.7659,2.36962931567553e-07,-3.6665650505173e-07,-0.909485669429858,0.111102085292581
14184,0.969619,-1.74924,2.4546666832369e-07,-3.5169935987305e-07,-0.915346582364524,-0.777752503850263
14184,1,-1.73205,2.40431743983749e-07,-3.4369913684374e-07,-0.910462498171194,0.333308963308465
14284,1.03008,-1.71433,2.47645362674799e-07,-3.28439578350612e-07,-0.91241614375052,-0.55552396408445
14284,1.05984,-1.6961,2.42232157765941e-07,-3.20414603769808e-07,-0.912416143751235,0.55552396415093
14384,1.08928,-1.67734,2.48155804011723e-07,-3.04974897633896e-07,-0.910462498170724,-0.333308963242461
14384,1.11839,-1.65808,2.42379811443469e-07,-2.96973467893062e-07,-0.915346582365498,0.777752503915531
14484,1.14715,-1.6383,2.4702558888782e-07,-2.81474872091189e-07,-0.909485669429676,-0.111102085228531
14584,1.17557,-1.61803,2.51074061958413e-07,-2.661570095973e-07,-0.919253778306762,-0.999999999982903
14584,1.20363,-1.59727,2.44298159024679e-07,-2.58105879759964e-07,-0.909485669429825,0.1111020852655
14684,1.23132,-1.57602,2.47107632619529e-07,-2.42906568600344e-07,-0.91534658236492,-0.777752503876537
14684,1.25864,-1.55429,2.40032337134834e-07,-2.35029463134425e-07,-0.910462498170955,0.333308963280004
14784,1.28558,-1.53209,2.41644515401257e-07,-2.20061554690068e-07,-0.912416143750819,-0.555523964114867
14784,1.31212,-1.50942,2.34301592367405e-07,-2.12400803441815e-07,-0.912416143750872,0.555523964118932
14884,1.33826,-1.48629,2.34768782444325e-07,-1.97771970077493e-07,-0.910462498170903,-0.333308963276861
14884,1.364,-1.46271,2.27193302040335e-07,-1.90367444037851e-07,-0.915346582364901,0.777752503878194
14984,1.38932,-1.43868,2.26577882722294e-07,-1.76179186216983e-07,-0.909485669429939,-0.111102085257194
14984,1.41421,-1.41421,2.18808009627582e-07,-1.69068031417811e-07,-0.919253778307102,0.999999999999985
5850,1.43868,-1.38932,2.1718176750572e-07,-1.55414646289043e-07,0.909485669429985,-0.111102085260202
5849,1.46271,-1.364,2.1511996491213e-07,-1.42200209883789e-07,0.915346582364833,0.777752503871339
5849,1.48629,-1.33826,2.06701779002898e-07,-1.35598633511117e-07,0.910462498171102,-0.333308963290407
5848,1.50942,-1.31212,2.03752513257839e-07,-1.23042327261204e-07,0.91241614375073,0.555523964099018
5848,1.53209,-1.28558,1.95269441845506e-07,-1.16839207622643e-07,0.912416143751186,-0.555523964140576
5847,1.55429,-1.25864,1.91524613260491e-07,-1.05012730692487e-07,0.91046249817085,0.333308963247604
5847,1.57602,-1.23132,1.83025210734588e-07,-9.92312731225241e-08,0.91534658236556,-0.777752503916265
5846,1.59727,-1.20363,1.78582820990634e-07,-8.81962387139313e-08,0.909485669429786,0.111102085221649
5845,1.61803,-1.17557,1.73872898946556e-07,-7.76863214480072e-08,0.919253778306525,0.999999999969829
5845,1.6383,-1.14715,1.650801384854e-07,-7.26630735558729e-08,0.909485669429914,-0.11110208528211
5844,1.65808,-1.11839,1.59828322454741e-07,-6.30127827584372e-08,0.915346582364627,0.777752503855747
5844,1.67734,-1.08928,1.51174487074113e-07,-5.84683739715217e-08,0.910462498171258,-0.333308963307527
5843,1.6961,-1.05984,1.45489267344369e-07,-4.97113281040364e-08,0.912416143750537,0.555523964080912
5843,1.71433,-1.03008,1.37027292539302e-07,-4.56519100247379e-08,0.912416143751378,-0.555523964158821
5842,1.73205,-1,1.31019246515709e-07,-3.78103530546485e-08,0.910462498170701,0.333308963230334
5842,1.74924,-0.969619,1.2280209680945e-07,-3.42378553916731e-08,0.915346582365767,-0.777752503931841
5841,1.7659,-0.938943,1.16582750044771e-07,-2.73225107337092e-08,0.909485669429766,0.111102085205045
5840,1.78201,-0.907981,1.10338831979005e-07,-2.09457935771566e-08,0.919253778306158,0.99999999995149
5840,1.79759,-0.876742,1.02343717458615e-07,-1.82447410099486e-08,0.909485669429983,-0.111102085301555
5839,1.81262,-0.845237,9.60541967420166e-08,-1.27830264039181e-08,0.915346582364319,0.777752503835052
5839,1.82709,-0.813473,8.84640903912017e-08,-1.05585050093316e-08,0.910462498171384,-0.333308963330046
5838,1.84101,-0.781462,8.22377244659584e-08,-5.99360057048555e-09,0.912416143750258,0.555523964056995
5838,1.85437,-0.749213,7.51025011942257e-08,-4.23013378977516e-09,0.91241614375167,-0.555523964183538
5837,1.86716,-0.716736,6.90450651236947e-08,-5.32973593960463e-10,0.91046249817059,0.333308963203332
5837,1.87939,-0.68404,6.24129948130729e-08,7.88803160979415e-10,0.915346582366259,-0.777752503962114
5836,1.89104,-0.651136,5.66262469823234e-08,3.65784823986361e-09,0.909485669429712,0.11110208517308
5835,1.90211,-0.618034,5.10404041796505e-08,6.08981540361999e-09,0.919253778305505,0.999999999918216
5835,1.91261,-0.584743,4.51243184344834e-08,6.65176306802469e-09,0.909485669430072,-0.111102085335106
5834,1.92252,-0.551275,3.99500429146276e-08,8.34036400212776e-09,0.915346582363824,0.777752503801191
5834,1.93185,-0.517638,3.46740404553979e-08,8.53493179844953e-09,0.910462498171638,-0.333308963364257
5833,1.94059,-0.483844,2.99982899096329e-08,9.54450140396971e-09,0.912416143749874,0.555523964021932
5833,1.94874,-0.449902,2.5400574846746e-08,9.40611303783191e-09,0.91241614375206,-0.555523964220175
5832,1.9563,-0.415823,2.13026719794167e-08,9.80978750100093e-09,0.910462498170272,0.333308963168192
5832,1.96325,-0.381618,1.7418073500792e-08,9.37592684170612e-09,0.915346582366721,-0.777752503993719
5831,1.96962,-0.347296,1.39686433273007e-08,9.25497143069788e-09,0.909485669429573,0.111102085145735
5830,1.97538,-0.312869,1.08801213632332e-08,8.89349300011837e-09,0.919253778305019,0.999999999895301
5830,1.98054,-0.278346,8.08824284831171e-09,8.00885273838026e-09,0.909485669430095,-0.11110208535852
5829,1.98509,-0.243739,5.73304115851894e-09,7.2646735759004e-09,0.915346582363408,0.777752503777643
5829,1.98904,-0.209057,3.73907738568634e-09,6.20893677045106e-09,0.910462498171767,-0.333308963386425
5828,1.99239,-0.174311,2.16211512698403e-09,5.17978643778498e-09,0.91241614374965,0.555523964001481
5828,1.99513,-0.139513,9.83708956049921e-10,4.00002965209123e-09,0.912416143752221,-0.555523964238393
5827,1.99726,-0.104672,2.18847808246075e-10,2.78836876265156e-09,0.910462498170182,0.333308963148836
5827,1.99878,-0.069799,-1.30739220522435e-10,1.53296330385241e-09,0.915346582367075,-0.777752504016468
5826,1.9997,-0.0349048,-6.11278261463307e-11,2.45140589038458e-10,0.909485669429527,0.111102085121839
