origElemNum,globCoord-x,globCoord-y,acouIntensity-x,acouIntensity-y,locCoord-xi,locCoord-eta
5825,2,-2.20442e-18,4.77526130071159e-10,7.25933619194087e-10,0.919253778304535,0.999999999870795
5825,1.9997,0.0349048,3.6316709203861e-10,6.41930973317068e-10,0.909485669430051,-0.11110208537854
5824,1.99878,0.069799,2.6422784727479e-10,5.67230285004663e-10,0.915346582363134,0.7777525037628
5824,1.99726,0.104672,1.8095236777791e-10,4.8186198286842e-10,0.910462498171695,-0.333308963393583
5823,1.99513,0.139513,1.12857203066319e-10,4.01084956539657e-10,0.912416143749585,0.555523964001403
5823,1.99239,0.174311,6.03767588917902e-11,3.16125734501722e-10,0.912416143752112,-0.555523964232293
5822,1.98904,0.209057,2.30545946395313e-11,2.33148936266433e-10,0.910462498170195,0.33330896316169
5822,1.98509,0.243739,9.84783776979038e-13,1.50361147661103e-10,0.915346582366752,-0.777752503996411
5821,1.98054,0.278346,-6.02824723941983e-12,6.9100198521285e-11,0.909485669429537,0.111102085145532
5820,1.97538,0.312869,1.78611019004453e-12,-9.72355988486268e-12,0.91925377830504,0.999999999897275
5820,1.96962,0.347296,2.41973710969073e-11,-8.5448927100611e-11,0.909485669429959,-0.111102085350008
5819,1.96325,0.381618,6.08034649283386e-11,-1.56584124090551e-10,0.915346582363608,0.777752503792493
5819,1.9563,0.415823,1.11748888700795e-10,-2.25048300063481e-10,0.910462498171543,-0.333308963366333
5818,1.94874,0.449902,1.75619798159979e-10,-2.84817509889242e-10,0.912416143749872,0.555523964026318
5818,1.94059,0.483844,2.54098041976837e-10,-3.44480765873019e-10,0.912416143751876,-0.555523964209557
5817,1.93185,0.517638,3.43315685722112e-10,-3.89410302860655e-10,0.910462498170338,0.333308963182653
5817,1.92252,0.551275,4.4820227859117e-10,-4.38818550750249e-10,0.915346582366455,-0.777752503976955
5816,1.91261,0.584743,5.60484882391904e-10,-4.6568196993229e-10,0.909485669429567,0.111102085165898
5815,1.90211,0.618034,6.83408821824971e-10,-4.81524934816753e-10,0.919253778305533,0.999999999919169
5815,1.89104,0.651136,8.23274184289546e-10,-5.0932949450905e-10,0.909485669429933,-0.111102085328256
5814,1.87939,0.68404,9.65236699426102e-10,-5.02631398519298e-10,0.915346582363941,0.777752503814277
5814,1.86716,0.716736,1.12742065830894e-09,-5.16461845869804e-10,0.910462498171402,-0.333308963343933
5813,1.85437,0.749213,1.28536442604876e-09,-4.84766754048907e-10,0.912416143750119,0.555523964050056
5813,1.84101,0.781462,1.46828307192964e-09,-4.83634943595597e-10,0.912416143751575,-0.555523964183394
5812,1.82709,0.813473,1.63889290104637e-09,-4.24845073796511e-10,0.910462498170486,0.333308963212263
5812,1.81262,0.845237,1.84088238115659e-09,-4.07893356215267e-10,0.915346582365915,-0.777752503943209
5811,1.79759,0.876742,2.02062856219315e-09,-3.20298602615524e-10,0.909485669429635,0.111102085200681
5810,1.78201,0.907981,2.2039324488389e-09,-2.16098213601631e-10,0.919253778306195,0.999999999954235
5810,1.7659,0.938943,2.42514024976082e-09,-1.69095712682691e-10,0.909485669429844,-0.111102085292603
5809,1.74924,0.969619,2.6120218772375e-09,-3.41208757124124e-11,0.915346582364538,0.777752503850291
5809,1.73205,1,2.84680446672203e-09,3.02468766301023e-11,0.910462498171199,-0.333308963308445
5808,1.71433,1.03008,3.03338008667877e-09,1.96672021451835e-10,0.912416143750526,0.555523964084446
5808,1.6961,1.05984,3.2798496182207e-09,2.78643075641472e-10,0.912416143751246,-0.555523964150953
5807,1.67734,1.08928,3.46216513410868e-09,4.7675649497937e-10,0.910462498170725,0.333308963242434
5807,1.65808,1.11839,3.71841617197865e-09,5.76417596658898e-10,0.915346582365508,-0.777752503915519
5806,1.6383,1.14715,3.89249963479039e-09,8.06015016290862e-10,0.909485669429676,0.11110208522853
5805,1.61803,1.17557,4.06177806598895e-09,1.05384894345554e-09,0.919253778306765,0.999999999982884
5805,1.59727,1.20363,4.31852849584421e-09,1.18374853882445e-09,0.909485669429817,-0.111102085265541
5804,1.57602,1.23132,4.47375396588185e-09,1.46210710906613e-09,0.9153465823649,0.777752503876539
5804,1.55429,1.25864,4.73445812602329e-09,1.6086841420276e-09,0.910462498170939,-0.333308963279996
5803,1.53209,1.28558,4.87179518585338e-09,1.9162796792725e-09,0.912416143750815,0.555523964114853
5803,1.50942,1.31212,5.13460216538414e-09,2.07896667466213e-09,0.91241614375085,-0.555523964118972
5802,1.48629,1.33826,5.25034668002043e-09,2.41407688598117e-09,0.910462498170897,0.333308963276791
5802,1.46271,1.364,5.51345098753574e-09,2.59216014137933e-09,0.915346582364929,-0.77775250387822
5801,1.43868,1.38932,5.60408322211762e-09,2.95264757140484e-09,0.909485669429954,0.111102085257182
5801,1.41421,1.41421,5.86574009350718e-09,3.14527416286742e-09,0.919253778307104,-0.999999999999994
850,1.38932,1.43868,5.92796491631759e-09,3.52861424207535e-09,0.909485669429991,-0.111102085260227
849,1.364,1.46271,5.97618259619256e-09,3.92644737769577e-09,0.915346582364834,0.777752503871359
849,1.33826,1.48629,6.21728719192299e-09,4.13810216995585e-09,0.910462498171096,-0.333308963290402
848,1.31212,1.50942,6.23282127918134e-09,4.55445909081815e-09,0.912416143750729,0.555523964099008
848,1.28558,1.53209,6.4677362438792e-09,4.7767739204664e-09,0.912416143751184,-0.555523964140596
847,1.25864,1.55429,6.44806084157842e-09,5.20827052717017e-09,0.910462498170846,0.333308963247574
847,1.23132,1.57602,6.67543950916513e-09,5.43987905203461e-09,0.915346582365554,-0.777752503916259
846,1.20363,1.59727,6.61837706838777e-09,5.88286377555852e-09,0.90948566942978,0.111102085221654
845,1.17557,1.61803,6.54343234538308e-09,6.33558553218089e-09,0.919253778306528,0.999999999969813
845,1.14715,1.6383,6.74072338330978e-09,6.57288661190351e-09,0.909485669429915,-0.111102085282135
844,1.11839,1.65808,6.6259792015214e-09,7.03131903531985e-09,0.915346582364625,0.777752503855763
844,1.08928,1.67734,6.8125755316028e-09,7.27267697535293e-09,0.910462498171253,-0.333308963307521
843,1.05984,1.6961,6.6568849854303e-09,7.73261072817158e-09,0.912416143750542,0.555523964080906
843,1.03008,1.71433,6.83199611111033e-09,7.97632816120555e-09,0.912416143751377,-0.555523964158847
842,1,1.73205,6.63467374033842e-09,8.4334335290378e-09,0.910462498170698,0.333308963230309
842,0.969619,1.74924,6.79766246738464e-09,8.67778390070491e-09,0.915346582365766,-0.777752503931825
841,0.938943,1.7659,6.55847226266557e-09,9.12767374421099e-09,0.909485669429764,0.111102085205048
840,0.907981,1.78201,6.29996496349651e-09,9.57924604962834e-09,0.919253778306164,0.99999999995148
840,0.876742,1.79759,6.42800037884565e-09,9.80917106767251e-09,0.909485669429979,-0.11110208530158
839,0.845237,1.81262,6.12829865938898e-09,1.02470391688723e-08,0.91534658236432,0.777752503835068
839,0.813473,1.82709,6.24359589210799e-09,1.04717586427976e-08,0.91046249817139,-0.33330896333004
838,0.781462,1.84101,5.90366166129631e-09,1.08915518258689e-08,0.912416143750255,0.555523964056983
838,0.749213,1.85437,6.00624719503665e-09,1.1109354912839e-08,0.912416143751674,-0.555523964183563
837,0.716736,1.86716,5.62750449879099e-09,1.1506835785724e-08,0.910462498170584,0.333308963203304
837,0.68404,1.87939,5.71755882354995e-09,1.17160661994714e-08,0.915346582366261,-0.777752503962098
836,0.651136,1.89104,5.30183153862771e-09,1.20871720589257e-08,0.909485669429719,0.111102085173086
835,0.618034,1.90211,4.86966635541998e-09,1.24519272249674e-08,0.919253778305509,0.999999999918205
835,0.584743,1.91261,4.92918367867224e-09,1.26270597299505e-08,0.909485669430073,-0.111102085335132
834,0.551275,1.92252,4.4637342972626e-09,1.2959796157061e-08,0.915346582363819,0.777752503801204
834,0.517638,1.93185,4.51267986788207e-09,1.31212680097253e-08,0.910462498171637,-0.333308963364254
833,0.483844,1.94059,4.01687108603971e-09,1.34184739336866e-08,0.912416143749877,0.55552396402192
833,0.449902,1.94874,4.05601050837837e-09,1.35649703233133e-08,0.91241614375206,-0.555523964220202
832,0.415823,1.9563,3.53312621578751e-09,1.38234980030011e-08,0.910462498170279,0.333308963168166
832,0.381618,1.96325,3.56334228551962e-09,1.39538360868333e-08,0.915346582366717,-0.777752503993703
831,0.347296,1.96962,3.01694967815261e-09,1.41709168400672e-08,0.909485669429573,0.111102085145737
830,0.312869,1.97538,2.46085555074282e-09,1.43756359745544e-08,0.919253778305012,0.99999999989529
830,0.278346,1.98054,2.47316398373167e-09,1.44572771435424e-08,0.909485669430091,-0.111102085358547
829,0.243739,1.98509,1.89961453259199e-09,1.46171880011813e-08,0.915346582363415,0.77775250377766
829,0.209057,1.98904,1.90694210315396e-09,1.4679674751253e-08,0.910462498171767,-0.333308963386422
828,0.174311,1.99239,1.32014399528532e-09,1.47930489270494e-08,0.912416143749651,0.55552396400147
828,0.139513,1.99513,1.32372789477549e-09,1.48358127380806e-08,0.912416143752224,-0.555523964238419
827,0.104672,1.99726,7.28026516872911e-10,1.49013808379953e-08,0.910462498170184,0.33330896314881
827,0.069799,1.99878,7.29148701643132e-10,1.49239988413453e-08,0.915346582367074,-0.777752504016452
826,0.0349048,1.9997,1.29007579117787e-10,1.49409447958331e-08,0.909485669429527,0.111102085121841
825,1.27747e-16,2,-4.71899607057545e-10,1.49431439626203e-08,0.919253778304535,0.999999999870799
825,-0.0349048,1.9997,-4.71029826219236e-10,1.49111388521779e-08,0.909485669430051,-0.111102085378537
824,-0.069799,1.99878,-1.06930757664987e-09,1.48644361847602e-08,0.915346582363134,0.777752503762801
824,-0.104672,1.99726,-1.06614614010321e-09,1.4812063498e-08,0.910462498171695,-0.333308963393583
823,-0.139513,1.99513,-1.65723027630998e-09,1.47169234160275e-08,0.912416143749585,0.555523964001401
823,-0.174311,1.99239,-1.65046482779333e-09,1.46445210501451e-08,0.912416143752112,-0.555523964232297
822,-0.209057,1.98904,-2.22989688062553e-09,1.45018953771729e-08,0.910462498170195,0.333308963161685
822,-0.243739,1.98509,-2.21824928487001e-09,1.44099521800726e-08,0.915346582366744,-0.777752503996403
821,-0.278346,1.98054,-2.78168484786509e-09,1.42212526172365e-08,0.909485669429538,0.111102085145537
820,-0.312869,1.97538,-3.33670298445441e-09,1.40196899764074e-08,0.919253778305041,0.999999999897278
820,-0.347296,1.96962,-3.30716145439943e-09,1.38775200944728e-08,0.90948566942996,-0.111102085350006
819,-0.381618,1.96325,-3.83979520113569e-09,1.36328448542027e-08,0.915346582363608,0.777752503792493
819,-0.415823,1.9563,-3.80119056073992e-09,1.34738424687834e-08,0.910462498171543,-0.333308963366333
818,-0.449902,1.94874,-4.30764432927969e-09,1.31885943834339e-08,0.912416143749872,0.555523964026316
818,-0.483844,1.94059,-4.25900784462953e-09,1.30139007945165e-08,0.912416143751875,-0.555523964209561
817,-0.517638,1.93185,-4.7357459761754e-09,1.26909945867143e-08,0.910462498170336,0.333308963182646
817,-0.551275,1.92252,-4.67621140407897e-09,1.25018693960849e-08,0.915346582366457,-0.777752503976948
816,-0.584743,1.91261,-5.11995767870072e-09,1.21446225237254e-08,0.909485669429562,0.111102085165907
815,-0.618034,1.90211,-5.54798454343039e-09,1.17802764840186e-08,0.919253778305526,0.999999999919175
815,-0.651136,1.89104,-5.45663507969424e-09,1.15546059841156e-08,0.909485669429935,-0.111102085328253
814,-0.68404,1.87939,-5.84733416500044e-09,1.11615108306882e-08,0.915346582363941,0.777752503814277
814,-0.716736,1.86716,-5.74276256351152e-09,1.09265038453033e-08,0.910462498171402,-0.333308963343933
813,-0.749213,1.85437,-6.09400267998207e-09,1.05087467541056e-08,0.912416143750117,0.555523964050053
813,-0.781462,1.84101,-5.97593991912358e-09,1.02661329862728e-08,0.912416143751584,-0.555523964183396
812,-0.813473,1.82709,-6.28597748259333e-09,9.82797987543411e-09,0.910462498170484,0.33330896321226
812,-0.845237,1.81262,-6.15430329044723e-09,9.57953797670832e-09,0.91534658236591,-0.7777525039432
811,-0.876742,1.79759,-6.42178197585732e-09,9.12547200520149e-09,0.909485669429639,0.111102085200672
810,-0.907981,1.78201,-6.66993753046098e-09,8.67262257903892e-09,0.919253778306197,0.999999999954239
810,-0.938943,1.7659,-6.50061250132445e-09,8.40774900055638e-09,0.909485669429848,-0.111102085292613
809,-0.969619,1.74924,-6.70495706073215e-09,7.94588305512126e-09,0.915346582364533,0.777752503850298
809,-1,1.73205,-6.52241001876573e-09,7.68146124381458e-09,0.910462498171205,-0.333308963308436
808,-1.03008,1.71433,-6.68294116860395e-09,7.21528610845233e-09,0.912416143750522,0.55552396408444
808,-1.05984,1.6961,-6.48781088772033e-09,6.95325207868444e-09,0.912416143751243,-0.555523964150944
807,-1.08928,1.67734,-6.60500101803809e-09,6.48745298397144e-09,0.910462498170733,0.33330896324243
807,-1.11839,1.65808,-6.398101940167e-09,6.22972653894068e-09,0.915346582365511,-0.777752503915504
806,-1.14715,1.6383,-6.47291254890464e-09,5.76894887223128e-09,0.909485669429678,0.11110208522852
805,-1.17557,1.61803,-6.52934517528367e-09,5.31829110409026e-09,0.91925377830677,0.999999999982889
805,-1.20363,1.59727,-6.2891687196814e-09,5.06621099170496e-09,0.909485669429819,-0.111102085265551
804,-1.23132,1.57602,-6.30550302862087e-09,4.62712408310715e-09,0.915346582364893,0.777752503876544
804,-1.25864,1.55429,-6.05696169698256e-09,4.38541989991646e-09,0.910462498170937,-0.333308963279986
803,-1.28558,1.53209,-6.03546588607149e-09,3.96207499666647e-09,0.912416143750809,0.555523964114847
803,-1.31212,1.50942,-5.78009942511069e-09,3.73241351842082e-09,0.912416143750849,-0.555523964118962
802,-1.33826,1.48629,-5.72345603623364e-09,3.32871866161177e-09,0.910462498170897,0.333308963276791
802,-1.364,1.46271,-5.46295562336236e-09,3.11266662659449e-09,0.915346582364928,-0.77775250387821
801,-1.38932,1.43868,-5.37425799100151e-09,2.73223489840571e-09,0.909485669429954,0.111102085257172
801,-1.41421,1.41421,-5.11046596898525e-09,2.53125155538919e-09,0.919253778307104,-0.999999999999994
15850,-1.43868,1.38932,-4.99320608638037e-09,2.17733932041863e-09,0.909485669429991,-0.111102085260237
15849,-1.46271,1.364,-4.86488119768867e-09,1.84186924332581e-09,0.915346582364828,0.777752503871364
15849,-1.48629,1.33826,-4.58612655192177e-09,1.66821198579446e-09,0.910462498171103,-0.333308963290387
15848,-1.50942,1.31212,-4.43500375759143e-09,1.36315430649382e-09,0.912416143750729,0.555523964099008
15848,-1.53209,1.28558,-4.15927215229584e-09,1.20844703348145e-09,0.912416143751185,-0.555523964140586
15847,-1.55429,1.25864,-3.98965341373472e-09,9.35948736674448e-10,0.910462498170851,0.333308963247569
15847,-1.57602,1.23132,-3.71926438229025e-09,8.01006684744268e-10,0.915346582365555,-0.777752503916249
15846,-1.59727,1.20363,-3.5356815081173e-09,5.62706561241122e-10,0.909485669429784,0.111102085221639
15845,-1.61803,1.17557,-3.34819700081979e-09,3.44694444139103e-10,0.919253778306531,0.999999999969823
15845,-1.6383,1.14715,-3.08016643728147e-09,2.45159326143221e-10,0.909485669429917,-0.111102085282151
15844,-1.65808,1.11839,-2.88568263055119e-09,6.25626778743043e-11,0.915346582364627,0.777752503855772
15844,-1.67734,1.08928,-2.63031876990149e-09,-1.56922264588092e-11,0.910462498171251,-0.333308963307506
15843,-1.6961,1.05984,-2.43364859344495e-09,-1.62593705071833e-10,0.912416143750542,0.555523964080906
15843,-1.71433,1.03008,-2.19342223788724e-09,-2.19574653939779e-10,0.912416143751375,-0.555523964158831
15842,-1.73205,1,-1.99939755331879e-09,-3.31050942877261e-10,0.910462498170697,0.333308963230296
15842,-1.74924,0.969619,-1.77677884172775e-09,-3.66962972893509e-10,0.915346582365764,-0.777752503931822
15841,-1.7659,0.938943,-1.59018945422111e-09,-4.43852878213282e-10,0.909485669429762,0.111102085205035
15840,-1.78201,0.907981,-1.40975115129475e-09,-5.02536952077604e-10,0.919253778306162,0.999999999951483
15840,-1.79759,0.876742,-1.21313763966309e-09,-5.02810580498521e-10,0.909485669429984,-0.111102085301589
15839,-1.81262,0.845237,-1.04699687658002e-09,-5.29465369027931e-10,0.915346582364318,0.777752503835071
15839,-1.82709,0.813473,-8.75119706785428e-10,-5.1047625638713e-10,0.910462498171391,-0.333308963330024
15838,-1.84101,0.781462,-7.27653899481728e-10,-5.07318003542115e-10,0.912416143750253,0.555523964056986
15838,-1.85437,0.749213,-5.82711636470251e-10,-4.70116728523231e-10,0.912416143751674,-0.555523964183544
15837,-1.86716,0.716736,-4.58031951524508e-10,-4.39873934755625e-10,0.910462498170589,0.333308963203294
15837,-1.87939,0.68404,-3.42117162435298e-10,-3.85696404236957e-10,0.915346582366259,-0.777752503962095
15836,-1.89104,0.651136,-2.44005066062178e-10,-3.31586056953459e-10,0.909485669429715,0.111102085173074
15835,-1.90211,0.618034,-1.60630911243101e-10,-2.66612657431109e-10,0.919253778305508,0.999999999918209
15835,-1.91261,0.584743,-9.09289122025597e-11,-1.87526755922749e-10,0.909485669430068,-0.111102085335144
15834,-1.92252,0.551275,-3.90075075834711e-11,-1.04587802711823e-10,0.915346582363818,0.777752503801208
15834,-1.93185,0.517638,-3.5831281115343e-12,-1.33305137373642e-11,0.910462498171639,-0.333308963364235
15833,-1.94059,0.483844,1.41598762103278e-11,8.33227538128312e-11,0.912416143749876,0.555523964021923
15833,-1.94874,0.449902,1.38811505671339e-11,1.84853303795627e-10,0.912416143752063,-0.555523964220183
15832,-1.9563,0.415823,-4.77950201271314e-12,2.90635174692276e-10,0.910462498170272,0.333308963168156
15832,-1.96325,0.381618,-4.19971694792765e-11,4.00416761504731e-10,0.915346582366716,-0.7777525039937
15831,-1.96962,0.347296,-9.8743921974674e-11,5.10465899190624e-10,0.909485669429575,0.111102085145728
15830,-1.97538,0.312869,-1.74933530919366e-10,6.20063270197118e-10,0.91925377830502,0.999999999895294
15830,-1.98054,0.278346,-2.69877097361705e-10,7.35611391219174e-10,0.909485669430092,-0.111102085358556
15829,-1.98509,0.243739,-3.85592847418393e-10,8.41540836442919e-10,0.915346582363415,0.777752503777664
15829,-1.98904,0.209057,-5.1951644806033e-10,9.58623867716394e-10,0.910462498171765,-0.333308963386404
15828,-1.99239,0.174311,-6.74963365029991e-10,1.05560662762079e-09,0.912416143749651,0.555523964001473
15828,-1.99513,0.139513,-8.48164594732015e-10,1.17189145758674e-09,0.912416143752222,-0.5555239642384
15827,-1.99726,0.104672,-1.04292582475402e-09,1.25460029416252e-09,0.910462498170184,0.3333089631488
15827,-1.99878,0.069799,-1.25547271249389e-09,1.36772668118695e-09,0.915346582367074,-0.777752504016448
15826,-1.9997,0.0349048,-1.48850609343676e-09,1.43085228971529e-09,0.909485669429527,0.111102085121831
15825,-2,2.46315e-16,-1.74023598608822e-09,1.4805920581955e-09,0.919253778304535,0.999999999870803
15825,-1.9997,-0.0349048,-2.00987400800249e-09,1.57676470819797e-09,0.909485669430051,-0.111102085378547
15824,-1.99878,-0.069799,-2.29718467446777e-09,1.59887749188593e-09,0.915346582363134,0.777752503762804
15824,-1.99726,-0.104672,-2.60434358954321e-09,1.68489590040034e-09,0.910462498171696,-0.333308963393566
15823,-1.99513,-0.139513,-2.92464084727511e-09,1.67441761327504e-09,0.912416143749586,0.555523964001405
15823,-1.99239,-0.174311,-3.26838602773627e-09,1.74805264160327e-09,0.912416143752114,-0.555523964232279
15822,-1.98904,-0.209057,-3.61848420374342e-09,1.70028040838506e-09,0.910462498170195,0.333308963161688
15822,-1.98509,-0.243739,-3.99766119540875e-09,1.75937955105624e-09,0.915346582366744,-0.7777525039964
15821,-1.98054,-0.278346,-4.37381430815811e-09,1.66993217028887e-09,0.909485669429545,0.111102085145526
15820,-1.97538,-0.312869,-4.76219243960527e-09,1.5554493183963e-09,0.919253778305042,0.999999999897283
15820,-1.96962,-0.347296,-5.18499071191292e-09,1.57731067997211e-09,0.909485669429957,-0.111102085350017
15819,-1.96325,-0.381618,-5.59292139375917e-09,1.41508383801276e-09,0.915346582363609,0.777752503792499
15819,-1.9563,-0.415823,-6.0456771684633e-09,1.41690054395837e-09,0.910462498171549,-0.333308963366345
15818,-1.94874,-0.449902,-6.46817828158205e-09,1.20362888901951e-09,0.912416143749872,0.555523964026319
15818,-1.94059,-0.483844,-6.9489000920335e-09,1.18380599111516e-09,0.91241614375188,-0.555523964209544
15817,-1.93185,-0.517638,-7.38057932270427e-09,9.16705845985995e-10,0.910462498170337,0.33330896318265
15817,-1.92252,-0.551275,-7.88711640146287e-09,8.73811697697596e-10,0.915346582366458,-0.777752503976945
15816,-1.91261,-0.584743,-8.32222524236986e-09,5.50656172249631e-10,0.909485669429567,0.111102085165898
15815,-1.90211,-0.618034,-8.758515894911e-09,1.94856582925459e-10,0.919253778305528,0.999999999919178
15815,-1.89104,-0.651136,-9.28477198352673e-09,1.02594322396284e-10,0.90948566942994,-0.111102085328262
15814,-1.87939,-0.68404,-9.71548283647685e-09,-3.116588224723e-10,0.915346582363942,0.77775250381428
15814,-1.86716,-0.716736,-1.02595116462067e-08,-4.29544576120692e-10,0.910462498171397,-0.333308963343943
15813,-1.85437,-0.749213,-1.06782940333897e-08,-9.02887672614027e-10,0.912416143750119,0.555523964050056
15813,-1.84101,-0.781462,-1.12374607684581e-08,-1.04697123381916e-09,0.912416143751582,-0.555523964183381
15812,-1.82709,-0.813473,-1.16378430183633e-08,-1.57937651450751e-09,0.910462498170486,0.333308963212263
15812,-1.81262,-0.845237,-1.22094489167311e-08,-1.75002061490395e-09,0.915346582365912,-0.777752503943197
15811,-1.79759,-0.876742,-1.25849067407817e-08,-2.34078525096419e-09,0.909485669429641,0.111102085200675
15810,-1.78201,-0.907981,-1.29482825037332e-08,-2.96584074793444e-09,0.919253778306197,0.999999999954239
15810,-1.7659,-0.938943,-1.35102365076003e-08,-3.18587798030497e-09,0.90948566942985,-0.11110208529261
15809,-1.74924,-0.969619,-1.3839171373706e-08,-3.86711668389693e-09,0.915346582364535,0.777752503850301
15809,-1.73205,-1,-1.44046488023342e-08,-4.11252230158316e-09,0.9104624981712,-0.333308963308458
15808,-1.71433,-1.03008,-1.46928328175598e-08,-4.84751409049707e-09,0.912416143750526,0.555523964084446
15808,-1.6961,-1.05984,-1.52591162219431e-08,-5.11769757546897e-09,0.912416143751243,-0.555523964150944
15807,-1.67734,-1.08928,-1.55004455817606e-08,-5.90335030600448e-09,0.910462498170725,0.333308963242434
15807,-1.65808,-1.11839,-1.60648627971812e-08,-6.19751266972672e-09,0.915346582365503,-0.7777525039155
15806,-1.6383,-1.14715,-1.62535151809921e-08,-7.03009602118779e-09,0.90948566942967,0.111102085228524
15805,-1.61803,-1.17557,-1.64176095533078e-08,-7.89208022158815e-09,0.919253778306763,0.999999999982893
15805,-1.59727,-1.20363,-1.69439611992207e-08,-8.22241900204973e-09,0.909485669429812,-0.111102085265547
15804,-1.57602,-1.23132,-1.70475811660651e-08,-9.1247393366916e-09,0.915346582364898,0.777752503876549
15804,-1.55429,-1.25864,-1.75641865397314e-08,-9.47422951884164e-09,0.910462498170935,-0.333308963280012
15803,-1.53209,-1.28558,-1.76025184881287e-08,-1.04116968823777e-08,0.912416143750815,0.555523964114853
15803,-1.50942,-1.31212,-1.8107145948343e-08,-1.07787212010496e-08,0.912416143750855,-0.555523964118957
15802,-1.48629,-1.33826,-1.80758708253084e-08,-1.17456404525355e-08,0.910462498170897,0.333308963276791
15802,-1.46271,-1.364,-1.8566426110765e-08,-1.2128425335858e-08,0.915346582364928,-0.77775250387821
15801,-1.43868,-1.38932,-1.84617772688042e-08,-1.31186532818626e-08,0.909485669429954,0.111102085257172
15801,-1.41421,-1.41421,-1.89363201729503e-08,-1.3515284925801e-08,0.919253778307098,-0.999999999999989
10084,-1.38932,-1.43868,-1.87551276112601e-08,-1.45222952700065e-08,-0.909485669429983,0.111102085260242
10184,-1.364,-1.46271,-1.85395992085073e-08,-1.55449099211567e-08,-0.915346582364814,-0.777752503871363
10184,-1.33826,-1.48629,-1.89516104885864e-08,-1.59476813337103e-08,-0.910462498171062,0.333308963290425
10284,-1.31212,-1.50942,-1.8656347031114e-08,-1.69767859219092e-08,-0.912416143750702,-0.555523964098991
10284,-1.28558,-1.53209,-1.90477583095574e-08,-1.73855615342709e-08,-0.912416143751175,0.55552396414059
10384,-1.25864,-1.55429,-1.86712785687302e-08,-1.84139494221688e-08,-0.910462498170858,-0.333308963247603
10384,-1.23132,-1.57602,-1.90409842844068e-08,-1.88264095993956e-08,-0.915346582365569,0.777752503916277
10484,-1.20363,-1.59727,-1.85824984269733e-08,-1.98467338827685e-08,-0.909485669429755,-0.111102085221656
10584,-1.17557,-1.61803,-1.80877911403773e-08,-2.08721112005658e-08,-0.919253778306467,-0.999999999969833
10584,-1.14715,-1.6383,-1.83889945552947e-08,-2.12653392998094e-08,-0.909485669429891,0.111102085282108
10684,-1.11839,-1.65808,-1.78127451523545e-08,-2.22715677089212e-08,-0.915346582364624,-0.777752503855743
10684,-1.08928,-1.67734,-1.80906500948249e-08,-2.26598848535095e-08,-0.910462498171255,0.333308963307532
10784,-1.05984,-1.6961,-1.74338865778883e-08,-2.36394998431013e-08,-0.912416143750544,-0.555523964080908
10784,-1.03008,-1.71433,-1.76882895158757e-08,-2.40204934591685e-08,-0.912416143751393,0.555523964158839
10884,-1,-1.73205,-1.69528026838307e-08,-2.49661200752217e-08,-0.910462498170715,-0.333308963230315
10884,-0.969619,-1.74924,-1.71837148505951e-08,-2.53374249937523e-08,-0.915346582365772,0.777752503931858
10984,-0.938943,-1.7659,-1.63720326893407e-08,-2.62418932720868e-08,-0.909485669429763,-0.111102085205032
11084,-0.907981,-1.78201,-1.55280995560107e-08,-2.7137020608814e-08,-0.919253778306154,-0.99999999995149
11084,-0.876742,-1.79759,-1.56949995301829e-08,-2.74576446377385e-08,-0.909485669429981,0.111102085301552
11184,-0.845237,-1.81262,-1.47803020886023e-08,-2.83014623884324e-08,-0.915346582364332,-0.777752503835052
11184,-0.813473,-1.82709,-1.49259624065759e-08,-2.86046178472337e-08,-0.910462498171421,0.333308963330044
11284,-0.781462,-1.84101,-1.39446865923435e-08,-2.939079762193e-08,-0.912416143750289,-0.555523964056998
11284,-0.749213,-1.85437,-1.40699983294666e-08,-2.96745559320134e-08,-0.912416143751684,0.555523964183542
11384,-0.716736,-1.86716,-1.3026910317024e-08,-3.0397220665945e-08,-0.910462498170579,-0.333308963203316
11384,-0.68404,-1.87939,-1.31329277751045e-08,-3.06597871123509e-08,-0.915346582366256,0.777752503962127
11484,-0.651136,-1.89104,-1.20332904378074e-08,-3.13135423055283e-08,-0.9094856694297,-0.111102085173069
11584,-0.618034,-1.90211,-1.09113482393345e-08,-3.19463462579214e-08,-0.919253778305473,-0.9999999999182
11584,-0.584743,-1.91261,-1.09707571251008e-08,-3.21331781106799e-08,-0.909485669430035,0.111102085335111
11684,-0.551275,-1.92252,-9.80143450760066e-09,-3.26899525062906e-08,-0.915346582363772,-0.777752503801188
11684,-0.517638,-1.93185,-9.84684743987125e-09,-3.28502167035962e-08,-0.910462498171642,0.333308963364261
11784,-0.483844,-1.94059,-8.63660521328767e-09,-3.33269346364678e-08,-0.912416143749915,-0.555523964021929
11784,-0.449902,-1.94874,-8.66965185729558e-09,-3.34595482695595e-08,-0.912416143752077,0.555523964220183
11884,-0.415823,-1.9563,-7.42530648008449e-09,-3.38528580488151e-08,-0.910462498170266,-0.33330896316818
11884,-0.381618,-1.96325,-7.44770620903584e-09,-3.39569422071426e-08,-0.915346582366712,0.777752503993725
11984,-0.347296,-1.96962,-6.1763401028122e-09,-3.42641847385531e-08,-0.909485669429565,-0.111102085145729
12084,-0.312869,-1.97538,-4.89680386503735e-09,-3.45438570712894e-08,-0.919253778305011,-0.999999999895287
12084,-0.278346,-1.98054,-4.8987776019422e-09,-3.45582631487704e-08,-0.909485669430107,0.111102085358526
12184,-0.243739,-1.98509,-3.60355766623182e-09,-3.4749185837311e-08,-0.915346582363447,-0.777752503777644
12184,-0.209057,-1.98904,-3.60188394240877e-09,-3.4733340049289e-08,-0.910462498171781,0.333308963386432
12284,-0.174311,-1.99239,-2.2984439012963e-09,-3.4834638043814e-08,-0.912416143749663,-0.555523964001473
12284,-0.139513,-1.99513,-2.29502698567807e-09,-3.47885749748453e-08,-0.912416143752267,0.555523964238395
12384,-0.104672,-1.99726,-9.90849526454387e-10,-3.48000850622134e-08,-0.910462498170238,-0.333308963148834
12384,-0.069799,-1.99878,-9.87583274430629e-10,-3.47240278839978e-08,-0.915346582367131,0.777752504016471
12484,-0.0349048,-1.9997,3.09888017238534e-10,-3.46462876417669e-08,-0.909485669429557,-0.111102085121833
12584,-4.35203e-16,-2,1.60013328294216e-09,-3.45406469585704e-08,-0.919253778304537,-0.999999999870803
12584,0.0349048,-1.9997,1.59455046605607e-09,-3.43748998998758e-08,-0.909485669430058,0.111102085378513
12684,0.069799,-1.99878,2.86680210754467e-09,-3.41821068481953e-08,-0.915346582363139,-0.777752503762792
12684,0.104672,-1.99726,2.8541304605977e-09,-3.39884805043376e-08,-0.9104624981717,0.333308963393593
12784,0.139513,-1.99513,4.10135718064507e-09,-3.37108489903064e-08,-0.912416143749591,-0.555523964001403
12784,0.174311,-1.99239,4.0799369625057e-09,-3.34904609711988e-08,-0.912416143752134,0.555523964232273
12884,0.209057,-1.98904,5.29540745425241e-09,-3.31309501062063e-08,-0.91046249817019,-0.333308963161724
12884,0.243739,-1.98509,5.26367641630993e-09,-3.28850740767144e-08,-0.915346582366752,0.777752503996427
12984,0.278346,-1.98054,6.44100044649202e-09,-3.24472407204469e-08,-0.909485669429543,-0.111102085145531
13084,0.312869,-1.97538,7.59738785428829e-09,-3.19872531462596e-08,-0.919253778305079,-0.999999999897294
13084,0.347296,-1.96962,7.53067850340242e-09,-3.16652658466867e-08,-0.909485669429971,0.111102085349981
13184,0.381618,-1.96325,8.63981410815169e-09,-3.11332624811499e-08,-0.915346582363621,-0.777752503792476
13184,0.415823,-1.9563,8.55755684126658e-09,-3.07912409179214e-08,-0.910462498171561,0.33330896336634
13284,0.449902,-1.94874,9.61417510632266e-09,-3.01921237628662e-08,-0.912416143749886,-0.555523964026324
13284,0.483844,-1.94059,9.51538778169883e-09,-2.98319705070013e-08,-0.912416143751904,0.555523964209538
13384,0.517638,-1.93185,1.05147346559588e-08,-2.91710711808387e-08,-0.910462498170363,-0.333308963182687
13384,0.551275,-1.92252,1.03985894908675e-08,-2.87947743938932e-08,-0.915346582366464,0.777752503976962
13484,0.584743,-1.91261,1.13364427882181e-08,-2.80778193068973e-08,-0.909485669429569,-0.111102085165906
13584,0.618034,-1.90211,1.2243859570022e-08,-2.73490237012085e-08,-0.919253778305519,-0.999999999919186
13584,0.651136,-1.89104,1.20749999758061e-08,-2.69205204625278e-08,-0.909485669429928,0.111102085328226
13684,0.68404,-1.87939,1.29154877517911e-08,-2.61447435893596e-08,-0.915346582363942,-0.777752503814258
13684,0.716736,-1.86716,1.27269140406006e-08,-2.57076604179178e-08,-0.910462498171394,0.333308963343945
13784,0.749213,-1.85437,1.34978392104004e-08,-2.48913265087474e-08,-0.912416143750121,-0.555523964050058
13784,0.781462,-1.84101,1.32894983700959e-08,-2.44479240903719e-08,-0.91241614375158,0.555523964183364
13884,0.813473,-1.82709,1.39888335723752e-08,-2.35975913343277e-08,-0.91046249817049,-0.333308963212306
13884,0.845237,-1.81262,1.37608393057667e-08,-2.3150118154934e-08,-0.915346582365913,0.777752503943214
13984,0.876742,-1.79759,1.43871599876034e-08,-2.22724469191675e-08,-0.909485669429626,-0.1111020852007
14084,0.907981,-1.78201,1.49792575749962e-08,-2.13954172856212e-08,-0.919253778306215,-0.999999999954254
14084,0.938943,-1.7659,1.46923138542567e-08,-2.09248401519859e-08,-0.909485669429858,0.111102085292581
14184,0.969619,-1.74924,1.52102684079546e-08,-2.00303358015655e-08,-0.915346582364524,-0.777752503850263
14184,1,-1.73205,1.49045992685019e-08,-1.95636536105824e-08,-0.910462498171194,0.333308963308465
14284,1.03008,-1.71433,1.53486029849124e-08,-1.86582864576075e-08,-0.91241614375052,-0.55552396408445
14284,1.05984,-1.6961,1.5025084926173e-08,-1.8197611545083e-08,-0.912416143751235,0.55552396415093
14384,1.08928,-1.67734,1.53959107525432e-08,-1.72878663694708e-08,-0.910462498170724,-0.333308963242461
14384,1.11839,-1.65808,1.50555662443791e-08,-1.68352274712159e-08,-0.915346582365498,0.777752503915531
14484,1.14715,-1.6383,1.53545571040554e-08,-1.59274193130735e-08,-0.909485669429676,-0.111102085228531
14584,1.17557,-1.61803,1.56213216229446e-08,-1.50322866850288e-08,-0.919253778306762,-0.999999999982903
14584,1.20363,-1.59727,1.52276094632542e-08,-1.45849677469417e-08,-0.909485669429825,0.1111020852655
14684,1.23132,-1.57602,1.54254391441853e-08,-1.37005638821799e-08,-0.91534658236492,-0.777752503876537
14684,1.25864,-1.55429,1.50187889039077e-08,-1.32681261719369e-08,-0.910462498170955,0.333308963280004
14784,1.28558,-1.53209,1.5150383784079e-08,-1.24000472639522e-08,-0.912416143750819,-0.555523964114867
14784,1.31212,-1.50942,1.47323955726784e-08,-1.19840387710864e-08,-0.912416143750872,0.555523964118932
14884,1.33826,-1.48629,1.48008906683699e-08,-1.11375256565204e-08,-0.910462498170903,-0.333308963276861
14884,1.364,-1.46271,1.43732513438691e-08,-1.0739352547167e-08,-0.915346582364901,0.777752503878194
14984,1.38932,-1.43868,1.43821869759973e-08,-9.9192634368069e-09,-0.909485669429939,-0.111102085257194
14984,1.41421,-1.41421,1.39466627510317e-08,-9.54018890122479e-09,-0.919253778307102,0.999999999999985
5850,1.43868,-1.38932,1.38999503136396e-08,-8.75096264114573e-09,0.909485669429985,-0.111102085260202
5849,1.46271,-1.364,1.38297960537292e-08,-7.98549224828646e-09,0.915346582364833,0.777752503871339
5849,1.48629,-1.33826,1.3360247831342e-08,-7.63772642869181e-09,0.910462498171102,-0.333308963290407
5848,1.50942,-1.31212,1.32407873909605e-08,-6.90867449752976e-09,0.91241614375073,0.555523964099018
5848,1.53209,-1.28558,1.27694728413704e-08,-6.58403418939435e-09,0.912416143751186,-0.555523964140576
5847,1.55429,-1.25864,1.26053505869222e-08,-5.89465871165831e-09,0.91046249817085,0.333308963247604
5847,1.57602,-1.23132,1.21342849172742e-08,-5.59372324899001e-09,0.91534658236556,-0.777752503916265
5846,1.59727,-1.20363,1.19303404594756e-08,-4.9467842298048e-09,0.909485669429786,0.111102085221649
5845,1.61803,-1.17557,1.17108481845007e-08,-4.3268362050103e-09,0.919253778306525,0.999999999969829
5845,1.6383,-1.14715,1.12227592617186e-08,-4.06771839508634e-09,0.909485669429914,-0.11110208528211
5844,1.65808,-1.11839,1.0970824074325e-08,-3.49315935427856e-09,0.915346582364627,0.777752503855747
5844,1.67734,-1.08928,1.04896893241365e-08,-3.25946091687321e-09,0.910462498171258,-0.333308963307527
5843,1.6961,-1.05984,1.02104155284501e-08,-2.73177583212206e-09,0.912416143750537,0.555523964080912
5843,1.71433,-1.03008,9.73824325426294e-09,-2.52335835254186e-09,0.912416143751378,-0.555523964158821
5842,1.73205,-1,9.43675831616254e-09,-2.04353671341041e-09,0.910462498170701,0.333308963230334
5842,1.74924,-0.969619,8.97551999210274e-09,-1.86011199010278e-09,0.915346582365767,-0.777752503931841
5841,1.7659,-0.938943,8.65693131186593e-09,-1.42864920750515e-09,0.909485669429766,0.111102085205045
5840,1.78201,-0.907981,8.33348254182401e-09,-1.02458850247825e-09,0.919253778306158,0.99999999995149
5840,1.79759,-0.876742,7.87789592577502e-09,-8.86688089923121e-10,0.909485669429983,-0.111102085301555
5839,1.81262,-0.845237,7.54474042961421e-09,-5.30616852612072e-10,0.915346582364319,0.777752503835052
5839,1.82709,-0.813473,7.10643976873132e-09,-4.16615594415284e-10,0.910462498171384,-0.333308963330046
5838,1.84101,-0.781462,6.7684369209671e-09,-1.07834830681954e-10,0.912416143750258,0.555523964056995
5838,1.85437,-0.749213,6.34912837223838e-09,-1.6805517332848e-11,0.91241614375167,-0.555523964183538
5837,1.86716,-0.716736,6.01096103361545e-09,2.45825386068573e-10,0.91046249817059,0.333308963203332
5837,1.87939,-0.68404,5.61225784012504e-09,3.14931477743901e-10,0.915346582366259,-0.777752503962114
5836,1.89104,-0.651136,5.2783918803244e-09,5.32973172952134e-10,0.909485669429712,0.11110208517308
5835,1.90211,-0.618034,4.94928339689761e-09,7.27441657272512e-10,0.919253778305505,0.999999999918216
5835,1.91261,-0.584743,4.57645210340965e-09,7.56724335050667e-10,0.909485669430072,-0.111102085335106
5834,1.92252,-0.551275,4.25776115214079e-09,9.09842353775294e-10,0.915346582363824,0.777752503801191
5834,1.93185,-0.517638,3.9104728219117e-09,9.20663381284446e-10,0.910462498171638,-0.333308963364257
5833,1.94059,-0.483844,3.60598246328099e-09,1.03492945718997e-09,0.912416143749874,0.555523964021932
5833,1.94874,-0.449902,3.28536559820529e-09,1.02880722625099e-09,0.91241614375206,-0.555523964220175
5832,1.9563,-0.415823,2.99853739388441e-09,1.10704379728702e-09,0.910462498170272,0.333308963168192
5832,1.96325,-0.381618,2.70559427046712e-09,1.085568908444e-09,0.915346582366721,-0.777752503993719
5831,1.96962,-0.347296,2.4395437567571e-09,1.13089625855573e-09,0.909485669429573,0.111102085145735
5830,1.97538,-0.312869,2.18530246476011e-09,1.15985350476508e-09,0.919253778305019,0.999999999895301
5830,1.98054,-0.278346,1.93261412407396e-09,1.11153414201813e-09,0.909485669430095,-0.11110208535852
5829,1.98509,-0.243739,1.70305535836913e-09,1.11297114455925e-09,0.915346582363408,0.777752503777643
5829,1.98904,-0.209057,1.48081100719819e-09,1.05430306823421e-09,0.910462498171767,-0.333308963386425
5828,1.99239,-0.174311,1.27804926707472e-09,1.03199450693847e-09,0.91241614374965,0.555523964001481
5828,1.99513,-0.139513,1.08659164606815e-09,9.64788826201517e-10,0.912416143752221,-0.555523964238393
5827,1.99726,-0.104672,9.12269296282844e-10,9.22657707733807e-10,0.910462498170182,0.333308963148836
5827,1.99878,-0.069799,7.51767511296121e-10,8.48724187891121e-10,0.915346582367075,-0.777752504016468
5826,1.9997,-0.0349048,6.07051754382189e-10,7.9073491742428e-10,0.909485669429527,0.111102085121839
