origElemNum,globCoord-x,globCoord-y,acouIntensity-x,acouIntensity-y,locCoord-xi,locCoord-eta
5825,2,-2.20442e-18,7.32934629775864e-09,7.13087868824237e-08,0.919253778304535,0.999999999870795
5825,1.9997,0.0349048,3.59119573999654e-09,6.38632527007951e-08,0.909485669430051,-0.11110208537854
5824,1.99878,0.069799,5.34336812286393e-10,5.64201721311782e-08,0.915346582363134,0.7777525037628
5824,1.99726,0.104672,-1.82303274478427e-09,4.88071032808967e-08,0.910462498171695,-0.333308963393583
5823,1.99513,0.139513,-3.47354120057869e-09,4.11187049200426e-08,0.912416143749585,0.555523964001403
5823,1.99239,0.174311,-4.41606483257101e-09,3.34492846914276e-08,0.912416143752112,-0.555523964232293
5822,1.98904,0.209057,-4.63307556963933e-09,2.56870747067906e-08,0.910462498170195,0.33330896316169
5822,1.98509,0.243739,-4.14141039961844e-09,1.8074934971559e-08,0.915346582366752,-0.777752503996411
5821,1.98054,0.278346,-2.91209379735267e-09,1.04142296127989e-08,0.909485669429537,0.111102085145532
5820,1.97538,0.312869,-9.77496404972515e-10,2.94691288116189e-09,0.91925377830504,0.999999999897275
5820,1.96962,0.347296,1.69187420796042e-09,-4.40729495292462e-09,0.909485669429959,-0.111102085350008
5819,1.96325,0.381618,5.04165774116486e-09,-1.1460552321429e-08,0.915346582363608,0.777752503792493
5819,1.9563,0.415823,9.1506122888682e-09,-1.84840706174254e-08,0.910462498171543,-0.333308963366333
5818,1.94874,0.449902,1.38828208260499e-08,-2.49452119087013e-08,0.912416143749872,0.555523964026318
5818,1.94059,0.483844,1.94041027633903e-08,-3.15245045261021e-08,0.912416143751876,-0.555523964209557
5817,1.93185,0.517638,2.54688734711815e-08,-3.72158248620611e-08,0.910462498170338,0.333308963182653
5817,1.92252,0.551275,3.23587529343432e-08,-4.3240875037685e-08,0.915346582366455,-0.777752503976955
5816,1.91261,0.584743,3.96879371544258e-08,-4.79866017531984e-08,0.909485669429567,0.111102085165898
5815,1.90211,0.618034,4.74279173149741e-08,-5.19425545618048e-08,0.919253778305533,0.999999999919169
5815,1.89104,0.651136,5.63925758965589e-08,-5.69816533747831e-08,0.909485669429933,-0.111102085328256
5814,1.87939,0.68404,6.52072083715723e-08,-5.97125579987875e-08,0.915346582363941,0.777752503814277
5814,1.86716,0.716736,7.53989826102166e-08,-6.39392627769046e-08,0.910462498171402,-0.333308963343933
5813,1.85437,0.749213,8.51666625096906e-08,-6.52899389359939e-08,0.912416143750119,0.555523964050056
5813,1.84101,0.781462,9.64875496674521e-08,-6.86173208546986e-08,0.912416143751575,-0.555523964183394
5812,1.82709,0.813473,1.07068412578977e-07,-6.84449884629072e-08,0.910462498170486,0.333308963212263
5812,1.81262,0.845237,1.19405778456899e-07,-7.07993728146335e-08,0.915346582365915,-0.777752503943209
5811,1.79759,0.876742,1.30643240981694e-07,-6.89767348402032e-08,0.909485669429635,0.111102085200681
5810,1.78201,0.907981,1.41676936849418e-07,-6.59929131480995e-08,0.919253778306195,0.999999999954235
5810,1.7659,0.938943,1.55592791162347e-07,-6.67169165447232e-08,0.909485669429844,-0.111102085292603
5809,1.74924,0.969619,1.66954100928282e-07,-6.19325996745814e-08,0.915346582364538,0.777752503850291
5809,1.73205,1,1.81592571774402e-07,-6.15338020706659e-08,0.910462498171199,-0.333308963308445
5808,1.71433,1.03008,1.93087776567551e-07,-5.48773074869895e-08,0.912416143750526,0.555523964084446
5808,1.6961,1.05984,2.08296548810947e-07,-5.33358724354109e-08,0.912416143751246,-0.555523964150953
5807,1.67734,1.08928,2.19721800273762e-07,-4.47593729918065e-08,0.910462498170725,0.333308963242434
5807,1.65808,1.11839,2.35340335415351e-07,-4.20748189348243e-08,0.915346582365508,-0.777752503915519
5806,1.6383,1.14715,2.46483623539534e-07,-3.1556282245034e-08,0.909485669429676,0.11110208522853
5805,1.61803,1.17557,2.56643334328251e-07,-1.98995960018924e-08,0.919253778306765,0.999999999982884
5805,1.59727,1.20363,2.72991693052968e-07,-1.52923916367064e-08,0.909485669429817,-0.111102085265541
5804,1.57602,1.23132,2.82487205040542e-07,-1.75025372924382e-09,0.9153465823649,0.777752503876539
5804,1.55429,1.25864,2.98864535627818e-07,3.96097887864379e-09,0.910462498170939,-0.333308963279996
5803,1.53209,1.28558,3.07486349065496e-07,1.93380641851364e-08,0.912416143750815,0.555523964114853
5803,1.50942,1.31212,3.23728285061555e-07,2.60866136849059e-08,0.91241614375085,-0.555523964118972
5802,1.48629,1.33826,3.31276218255744e-07,4.32232043219267e-08,0.910462498170897,0.333308963276791
5802,1.46271,1.364,3.47226056458483e-07,5.09247218255913e-08,0.915346582364929,-0.77775250387822
5801,1.43868,1.38932,3.53514960403293e-07,6.97239480870495e-08,0.909485669429954,0.111102085257182
5801,1.41421,1.41421,3.69027395431675e-07,7.82789008389479e-08,0.919253778307104,-0.999999999999994
850,1.38932,1.43868,3.73890973628926e-07,9.86262932787686e-08,0.909485669429991,-0.111102085260227
849,1.364,1.46271,3.76938831501356e-07,1.1951573564454e-07,0.915346582364834,0.777752503871359
849,1.33826,1.48629,3.92126997934808e-07,1.29689655483561e-07,0.910462498171096,-0.333308963290402
848,1.31212,1.50942,3.93495878418271e-07,1.51859512070864e-07,0.912416143750729,0.555523964099008
848,1.28558,1.53209,4.07986214694027e-07,1.62655973702358e-07,0.912416143751184,-0.555523964140596
847,1.25864,1.55429,4.07571281495115e-07,1.85966153487657e-07,0.910462498170846,0.333308963247574
847,1.23132,1.57602,4.21278200163814e-07,1.97261507209587e-07,0.915346582365554,-0.777752503916259
846,1.20363,1.59727,4.19000216189319e-07,2.21576122185828e-07,0.90948566942978,0.111102085221654
845,1.17557,1.61803,4.14580268286318e-07,2.45799715741356e-07,0.919253778306528,0.999999999969813
845,1.14715,1.6383,4.27659140061709e-07,2.58437708472702e-07,0.909485669429915,-0.111102085282135
844,1.11839,1.65808,4.21254363177243e-07,2.83385241716821e-07,0.915346582364625,0.777752503855763
844,1.08928,1.67734,4.33457125010494e-07,2.96308716669746e-07,0.910462498171253,-0.333308963307521
843,1.05984,1.6961,4.25031471557063e-07,3.21860152859779e-07,0.912416143750542,0.555523964080906
843,1.03008,1.71433,4.36326525482587e-07,3.34954401994702e-07,0.912416143751377,-0.555523964158847
842,1,1.73205,4.25850406249819e-07,3.60993885638039e-07,0.910462498170698,0.333308963230309
842,0.969619,1.74924,4.3621475225273e-07,3.74142807745834e-07,0.915346582365766,-0.777752503931825
841,0.938943,1.7659,4.23660649165261e-07,4.00554252711788e-07,0.909485669429764,0.111102085205048
840,0.907981,1.78201,4.08769783638408e-07,4.26024856991704e-07,0.919253778306164,0.99999999995148
840,0.876742,1.79759,4.1841958088808e-07,4.40301626859485e-07,0.909485669429979,-0.11110208530158
839,0.845237,1.81262,4.0139953473637e-07,4.65858308232362e-07,0.91534658236432,0.777752503835068
839,0.813473,1.82709,4.10093209432075e-07,4.79983925877773e-07,0.91046249817139,-0.33330896333004
838,0.781462,1.84101,3.90927854256389e-07,5.05491177519552e-07,0.912416143750255,0.555523964056983
838,0.749213,1.85437,3.98658980892706e-07,5.19332382354553e-07,0.912416143751674,-0.555523964183563
837,0.716736,1.86716,3.77337874865156e-07,5.44641302240613e-07,0.910462498170584,0.333308963203304
837,0.68404,1.87939,3.84108205242903e-07,5.58057571202921e-07,0.915346582366261,-0.777752503962098
836,0.651136,1.89104,3.60629766618001e-07,5.8300459104997e-07,0.909485669429719,0.111102085173086
835,0.618034,1.90211,3.34931146392023e-07,6.06091737056458e-07,0.919253778305509,0.999999999918205
835,0.584743,1.91261,3.40829078683894e-07,6.20261071170274e-07,0.909485669430073,-0.111102085335132
834,0.551275,1.92252,3.13039868513435e-07,6.42631396301844e-07,0.915346582363819,0.777752503801204
834,0.517638,1.93185,3.17995199401616e-07,6.56086210208295e-07,0.910462498171637,-0.333308963364254
833,0.483844,1.94059,2.88169613956464e-07,6.77564741895965e-07,0.912416143749877,0.55552396402192
833,0.449902,1.94874,2.92226597634303e-07,6.90162469612577e-07,0.91241614375206,-0.555523964220202
832,0.415823,1.9563,2.60442696120342e-07,7.10579334635372e-07,0.910462498170279,0.333308963168166
832,0.381618,1.96325,2.63660983773065e-07,7.22185636687115e-07,0.915346582366717,-0.777752503993703
831,0.347296,1.96962,2.30019279491241e-07,7.41376743418957e-07,0.909485669429573,0.111102085145737
830,0.312869,1.97538,1.94755338480618e-07,7.57839596206663e-07,0.919253778305012,0.99999999989529
830,0.278346,1.98054,1.97094654440336e-07,7.69675447227088e-07,0.909485669430091,-0.111102085358547
829,0.243739,1.98509,1.60244166272516e-07,7.84615429875314e-07,0.915346582363415,0.77775250377766
829,0.209057,1.98904,1.61895258421958e-07,7.95216940965646e-07,0.910462498171767,-0.333308963386422
828,0.174311,1.99239,1.23609354543052e-07,8.0850307737765e-07,0.912416143749651,0.55552396400147
828,0.139513,1.99513,1.24673215289018e-07,8.17769885588841e-07,0.912416143752224,-0.555523964238419
827,0.104672,1.99726,8.51138838629788e-08,8.29286575746145e-07,0.910462498170184,0.33330896314881
827,0.069799,1.99878,8.5700901726137e-08,8.37133353589397e-07,0.915346582367074,-0.777752504016452
826,0.0349048,1.9997,4.50382368285214e-08,8.4678004997768e-07,0.909485669429527,0.111102085121841
825,1.27747e-16,2,3.72331740465923e-09,8.53136371776391e-07,0.919253778304535,0.999999999870799
825,-0.0349048,1.9997,3.67600415487075e-09,8.60826776763037e-07,0.909485669430051,-0.111102085378537
824,-0.069799,1.99878,-3.83834729556736e-08,8.65162899168448e-07,0.915346582363134,0.777752503762801
824,-0.104672,1.99726,-3.86705611373595e-08,8.71300384443607e-07,0.910462498171695,-0.333308963393583
823,-0.139513,1.99513,-8.1296021382353e-08,8.7355998367772e-07,0.912416143749585,0.555523964001401
823,-0.174311,1.99239,-8.16947007088572e-08,8.78105339076191e-07,0.912416143752112,-0.555523964232297
822,-0.209057,1.98904,-1.24708013434778e-07,8.78245995677653e-07,0.910462498170195,0.333308963161685
822,-0.243739,1.98509,-1.25088217922254e-07,8.81176224008446e-07,0.915346582366744,-0.777752503996403
821,-0.278346,1.98054,-1.68311821717339e-07,8.79169685757926e-07,0.909485669429538,0.111102085145537
820,-0.312869,1.97538,-2.11155576966468e-07,8.73729504940838e-07,0.919253778305041,0.999999999897278
820,-0.347296,1.96962,-2.11800081075305e-07,8.76311013552288e-07,0.90948566942996,-0.111102085350006
819,-0.381618,1.96325,-2.54503408505098e-07,8.68723904548101e-07,0.915346582363608,0.777752503792493
819,-0.415823,1.9563,-2.548676432155e-07,8.69679687587941e-07,0.910462498171543,-0.333308963366333
818,-0.449902,1.94874,-2.97257201214962e-07,8.59958913004595e-07,0.912416143749872,0.555523964026316
818,-0.483844,1.94059,-2.97213768699404e-07,8.59315203423434e-07,0.912416143751875,-0.555523964209561
817,-0.517638,1.93185,-3.39117905192741e-07,8.47487725453912e-07,0.910462498170336,0.333308963182646
817,-0.551275,1.92252,-3.38543436636154e-07,8.45285436923143e-07,0.915346582366457,-0.777752503976948
816,-0.584743,1.91261,-3.79791306851265e-07,8.31391687386025e-07,0.909485669429562,0.111102085165907
815,-0.618034,1.90211,-4.19705400850014e-07,8.14320441430303e-07,0.919253778305526,0.999999999919175
815,-0.651136,1.89104,-4.18990379136484e-07,8.11781888533694e-07,0.909485669429935,-0.111102085328253
814,-0.68404,1.87939,-4.5792390170688e-07,7.92785955254078e-07,0.915346582363941,0.777752503814277
814,-0.716736,1.86716,-4.56437358484016e-07,7.8879718003807e-07,0.910462498171402,-0.333308963343933
813,-0.749213,1.85437,-4.94226848151173e-07,7.67957897690135e-07,0.912416143750117,0.555523964050053
813,-0.781462,1.84101,-4.91864537125141e-07,7.62601738557045e-07,0.912416143751584,-0.555523964183396
812,-0.813473,1.82709,-5.28348762360496e-07,7.40014108381808e-07,0.910462498170484,0.33330896321226
812,-0.845237,1.81262,-5.25015975745766e-07,7.33385402578912e-07,0.91534658236591,-0.7777525039432
811,-0.876742,1.79759,-5.60037846350402e-07,7.09159453166925e-07,0.909485669429639,0.111102085200672
810,-0.907981,1.78201,-5.92902417942305e-07,6.82384356675767e-07,0.919253778306197,0.999999999954239
810,-0.938943,1.7659,-5.8906221316691e-07,6.75626456056982e-07,0.909485669429848,-0.111102085292613
809,-0.969619,1.74924,-6.20196807982156e-07,6.4749282319982e-07,0.915346582364533,0.777752503850298
809,-1,1.73205,-6.15215566321145e-07,6.39673116108329e-07,0.910462498171205,-0.333308963308436
808,-1.03008,1.71433,-6.44495812663361e-07,6.10331117796872e-07,0.912416143750522,0.55552396408444
808,-1.05984,1.6961,-6.38319081951403e-07,6.01578362805358e-07,0.912416143751243,-0.555523964150944
807,-1.08928,1.67734,-6.65634596151873e-07,5.71188934280088e-07,0.910462498170733,0.33330896324243
807,-1.11839,1.65808,-6.58223080673131e-07,5.61638641777969e-07,0.915346582365511,-0.777752503915504
806,-1.14715,1.6383,-6.83479046874918e-07,5.30371818823475e-07,0.909485669429678,0.11110208522852
805,-1.17557,1.61803,-7.06035522518457e-07,4.97477031034796e-07,0.91925377830677,0.999999999982889
805,-1.20363,1.59727,-6.97927807507915e-07,4.88196877620376e-07,0.909485669429819,-0.111102085265551
804,-1.23132,1.57602,-7.18301977814935e-07,4.54791748428655e-07,0.915346582364893,0.777752503876544
804,-1.25864,1.55429,-7.08912585422568e-07,4.44987714258895e-07,0.910462498170937,-0.333308963279986
803,-1.28558,1.53209,-7.27060117166611e-07,4.11254416421095e-07,0.912416143750809,0.555523964114847
803,-1.31212,1.50942,-7.16397848522298e-07,4.01070310082165e-07,0.912416143750849,-0.555523964118962
802,-1.33826,1.48629,-7.32292094803071e-07,3.67191573584164e-07,0.910462498170897,0.333308963276791
802,-1.364,1.46271,-7.20380712661919e-07,3.56769761314469e-07,0.915346582364928,-0.77775250387821
801,-1.38932,1.43868,-7.34012483854887e-07,3.22927054919999e-07,0.909485669429954,0.111102085257172
801,-1.41421,1.41421,-7.20890084329705e-07,3.12406834337728e-07,0.919253778307104,-0.999999999999994
15850,-1.43868,1.38932,-7.32267893281671e-07,2.7877827185499e-07,0.909485669429991,-0.111102085260237
15849,-1.46271,1.364,-7.40865960914351e-07,2.44719196990528e-07,0.915346582364828,0.777752503871364
15849,-1.48629,1.33826,-7.27134766478451e-07,2.35052724724405e-07,0.910462498171103,-0.333308963290387
15848,-1.50942,1.31212,-7.33557239480598e-07,2.01556497916233e-07,0.912416143750729,0.555523964099008
15848,-1.53209,1.28558,-7.18717149942828e-07,1.92045140914632e-07,0.912416143751185,-0.555523964140586
15847,-1.55429,1.25864,-7.23017421615102e-07,1.59271086970093e-07,0.910462498170851,0.333308963247569
15847,-1.57602,1.23132,-7.07144454913587e-07,1.50035378698587e-07,0.915346582365555,-0.777752503916249
15846,-1.59727,1.20363,-7.09388666429376e-07,1.18134635584145e-07,0.909485669429784,0.111102085221639
15845,-1.61803,1.17557,-7.09113038582085e-07,8.65152428284273e-08,0.919253778306531,0.999999999969823
15845,-1.6383,1.14715,-6.92834759383642e-07,7.84015600201281e-08,0.909485669429917,-0.111102085282151
15844,-1.65808,1.11839,-6.90685727138877e-07,4.79397253334193e-08,0.915346582364627,0.777752503855772
15844,-1.67734,1.08928,-6.73538913823531e-07,4.03082288411265e-08,0.910462498171251,-0.333308963307506
15843,-1.6961,1.05984,-6.69613192841824e-07,1.11294263875621e-08,0.912416143750542,0.555523964080906
15843,-1.71433,1.03008,-6.5170198475231e-07,4.07211112769742e-09,0.912416143751375,-0.555523964158831
15842,-1.73205,1,-6.46105289080971e-07,-2.37074301811992e-08,0.910462498170697,0.333308963230296
15842,-1.74924,0.969619,-6.27540565460424e-07,-3.01096704686903e-08,0.915346582365764,-0.777752503931822
15841,-1.7659,0.938943,-6.20386738742108e-07,-5.63839139352455e-08,0.909485669429762,0.111102085205035
15840,-1.78201,0.907981,-6.11302200221189e-07,-8.17222063499881e-08,0.919253778306162,0.999999999951483
15840,-1.79759,0.876742,-5.92695235255804e-07,-8.67358377576053e-08,0.909485669429984,-0.111102085301589
15839,-1.81262,0.845237,-5.82318199877888e-07,-1.10386360729759e-07,0.915346582364318,0.777752503835071
15839,-1.82709,0.813473,-5.6327968789378e-07,-1.14622965633375e-07,0.910462498171391,-0.333308963330024
15838,-1.84101,0.781462,-5.51743126056492e-07,-1.36514602631044e-07,0.912416143750253,0.555523964056986
15838,-1.85437,0.749213,-5.32398696525497e-07,-1.39929913808561e-07,0.912416143751674,-0.555523964183544
15837,-1.86716,0.716736,-5.19841516433012e-07,-1.60004055755685e-07,0.910462498170589,0.333308963203294
15837,-1.87939,0.68404,-5.00319025608166e-07,-1.62566762156716e-07,0.915346582366259,-0.777752503962095
15836,-1.89104,0.651136,-4.8688527145778e-07,-1.80777529691424e-07,0.909485669429715,0.111102085173074
15835,-1.90211,0.618034,-4.72266654682726e-07,-1.97714097705059e-07,0.919253778305508,0.999999999918209
15835,-1.91261,0.584743,-4.53150908376708e-07,-1.98783901099577e-07,0.909485669430068,-0.111102085335144
15834,-1.92252,0.551275,-4.37959644220634e-07,-2.13801893244898e-07,0.915346582363818,0.777752503801208
15834,-1.93185,0.517638,-4.18915768836572e-07,-2.13997977978127e-07,0.910462498171639,-0.333308963364235
15833,-1.94059,0.483844,-4.03300031423393e-07,-2.27089527405997e-07,0.912416143749876,0.555523964021923
15833,-1.94874,0.449902,-3.84454015109352e-07,-2.2641961953234e-07,0.912416143752063,-0.555523964220183
15832,-1.9563,0.415823,-3.68560775632039e-07,-2.37588900542199e-07,0.910462498170272,0.333308963168156
15832,-1.96325,0.381618,-3.50033549964159e-07,-2.36072402402651e-07,0.915346582366716,-0.7777525039937
15831,-1.96962,0.347296,-3.34007632323885e-07,-2.45334901404139e-07,0.909485669429575,0.111102085145728
15830,-1.97538,0.312869,-3.17547848344398e-07,-2.53317881984405e-07,0.91925377830502,0.999999999895294
15830,-1.98054,0.278346,-2.99897703524738e-07,-2.50384578926253e-07,0.909485669430092,-0.111102085358556
15829,-1.98509,0.243739,-2.83586016503249e-07,-2.56524300093002e-07,0.915346582363415,0.777752503777664
15829,-1.98904,0.209057,-2.66478466618574e-07,-2.52816941004292e-07,0.910462498171765,-0.333308963386404
15828,-1.99239,0.174311,-2.50448629496792e-07,-2.5716225507193e-07,0.912416143749651,0.555523964001473
15828,-1.99513,0.139513,-2.33986454139892e-07,-2.52732444320053e-07,0.912416143752222,-0.5555239642384
15827,-1.99726,0.104672,-2.18368147039534e-07,-2.55343828657219e-07,0.910462498170184,0.3333089631488
15827,-1.99878,0.069799,-2.02645505891263e-07,-2.50252013291134e-07,0.915346582367074,-0.777752504016448
15826,-1.9997,0.0349048,-1.87563557043997e-07,-2.51201469955737e-07,0.909485669429527,0.111102085121831
15825,-2,2.46315e-16,-1.72665245615814e-07,-2.51153727993249e-07,0.919253778304535,0.999999999870803
15825,-1.9997,-0.0349048,-1.58239082309395e-07,-2.44886823163856e-07,0.909485669430051,-0.111102085378547
15824,-1.99878,-0.069799,-1.44096229439248e-07,-2.43346801444433e-07,0.915346582363134,0.777752503762804
15824,-1.99726,-0.104672,-1.30582828170336e-07,-2.36569610306099e-07,0.910462498171696,-0.333308963393566
15823,-1.99513,-0.139513,-1.17299004231237e-07,-2.33639366601617e-07,0.912416143749586,0.555523964001405
15823,-1.99239,-0.174311,-1.04765325068404e-07,-2.26436004884398e-07,0.912416143752114,-0.555523964232279
15822,-1.98904,-0.209057,-9.2436551842923e-08,-2.22227477845739e-07,0.910462498170195,0.333308963161688
15822,-1.98509,-0.243739,-8.09384231947962e-08,-2.14686942662722e-07,0.915346582366744,-0.7777525039964
15821,-1.98054,-0.278346,-6.96521477533844e-08,-2.09321527113048e-07,0.909485669429545,0.111102085145526
15820,-1.97538,-0.312869,-5.89302655804951e-08,-2.03451470021542e-07,0.919253778305042,0.999999999897283
15820,-1.96962,-0.347296,-4.90677657966017e-08,-1.95143905193113e-07,0.909485669429957,-0.111102085350017
15819,-1.96325,-0.381618,-3.95103087583967e-08,-1.88363728804349e-07,0.915346582363609,0.777752503792499
15819,-1.9563,-0.415823,-3.07834099998837e-08,-1.79927518209349e-07,0.910462498171549,-0.333308963366345
15818,-1.94874,-0.449902,-2.24459857533205e-08,-1.72379743391667e-07,0.912416143749872,0.555523964026319
15818,-1.94059,-0.483844,-1.48762167581997e-08,-1.63914584155555e-07,0.91241614375188,-0.555523964209544
15817,-1.93185,-0.517638,-7.80293792013573e-09,-1.55749225344448e-07,0.910462498170337,0.33330896318265
15817,-1.92252,-0.551275,-1.39908909696867e-09,-1.47355901174171e-07,0.915346582366458,-0.777752503976945
15816,-1.91261,-0.584743,4.37894965060478e-09,-1.38729855860234e-07,0.909485669429567,0.111102085165898
15815,-1.90211,-0.618034,9.51509009044662e-09,-1.30180691190897e-07,0.919253778305528,0.999999999919178
15815,-1.89104,-0.651136,1.40875739344421e-08,-1.2158252134534e-07,0.90948566942994,-0.111102085328262
15814,-1.87939,-0.68404,1.79320951256859e-08,-1.12852760294989e-07,0.915346582363942,0.77775250381428
15814,-1.86716,-0.716736,2.13389565520798e-08,-1.04566334860466e-07,0.910462498171397,-0.333308963343943
15813,-1.85437,-0.749213,2.39026399695312e-08,-9.58148271895209e-08,0.912416143750119,0.555523964050056
15813,-1.84101,-0.781462,2.61765102901867e-08,-8.79343081810267e-08,0.912416143751582,-0.555523964183381
15812,-1.82709,-0.813473,2.74843312706114e-08,-7.93177067975987e-08,0.910462498170486,0.333308963212263
15812,-1.81262,-0.845237,2.86700852544584e-08,-7.19300642011633e-08,0.915346582365912,-0.777752503943197
15811,-1.79759,-0.876742,2.87609974648737e-08,-6.36013590931101e-08,0.909485669429641,0.111102085200675
15810,-1.78201,-0.907981,2.84406297260373e-08,-5.58545193996974e-08,0.919253778306197,0.999999999954239
15810,-1.7659,-0.938943,2.78411203858669e-08,-4.88919739111383e-08,0.90948566942985,-0.11110208529261
15809,-1.74924,-0.969619,2.64332407452519e-08,-4.16679051640373e-08,0.915346582364535,0.777752503850301
15809,-1.73205,-1,2.48557137124068e-08,-3.53995692752243e-08,0.9104624981712,-0.333308963308458
15808,-1.71433,-1.03008,2.24345995268718e-08,-2.88304626703405e-08,0.912416143750526,0.555523964084446
15808,-1.6961,-1.05984,1.99563834682209e-08,-2.3316318731301e-08,0.912416143751243,-0.555523964150944
15807,-1.67734,-1.08928,1.66072136318623e-08,-1.75257890797494e-08,0.910462498170725,0.333308963242434
15807,-1.65808,-1.11839,1.33131665215056e-08,-1.28144459802895e-08,0.915346582365503,-0.7777525039155
15806,-1.6383,-1.14715,9.13100347475015e-09,-7.91633340101591e-09,0.90948566942967,0.111102085228524
15805,-1.61803,-1.17557,4.99526181033066e-09,-3.8836780603315e-09,0.919253778306763,0.999999999982893
15805,-1.59727,-1.20363,2.00672084721663e-10,-1.42013559194377e-10,0.909485669429812,-0.111102085265547
15804,-1.57602,-1.23132,-4.55311511576167e-09,2.86082178980765e-09,0.915346582364898,0.777752503876549
15804,-1.55429,-1.25864,-9.97670706735746e-09,5.6804264380712e-09,0.910462498170935,-0.333308963280012
15803,-1.53209,-1.28558,-1.52321033811942e-08,7.57223265718729e-09,0.912416143750815,0.555523964114853
15803,-1.50942,-1.31212,-2.11836851143338e-08,9.45788914814207e-09,0.912416143750855,-0.555523964118957
15802,-1.48629,-1.33826,-2.68180595623199e-08,1.01692140405447e-08,0.910462498170897,0.333308963276791
15802,-1.46271,-1.364,-3.31945757144345e-08,1.11216281935155e-08,0.915346582364928,-0.77775250387821
15801,-1.43868,-1.38932,-3.90798868425594e-08,1.05953232077162e-08,0.909485669429954,0.111102085257172
15801,-1.41421,-1.41421,-4.57775385303361e-08,1.06277771349682e-08,0.919253778307098,-0.999999999999989
10084,-1.38932,-1.43868,-5.17817845182686e-08,8.81962534959047e-09,-0.909485669429983,0.111102085260242
10184,-1.364,-1.46271,-5.70630306824705e-08,6.17982033869109e-09,-0.915346582364814,-0.777752503871363
10184,-1.33826,-1.48629,-6.46856359220436e-08,4.83684730724189e-09,-0.910462498171062,0.333308963290425
10284,-1.31212,-1.50942,-6.98307406832979e-08,9.20763068342468e-10,-0.912416143750702,-0.555523964098991
10284,-1.28558,-1.53209,-7.75535615723976e-08,-1.33268112914766e-09,-0.912416143751175,0.55552396414059
10384,-1.25864,-1.55429,-8.24266485310823e-08,-6.53105632304613e-09,-0.910462498170858,-0.333308963247603
10384,-1.23132,-1.57602,-9.01503758077718e-08,-9.64351013428352e-09,-0.915346582365569,0.777752503916277
10484,-1.20363,-1.59727,-9.46150689121341e-08,-1.61169028318406e-08,-0.909485669429755,-0.111102085221656
10584,-1.17557,-1.61803,-9.79554189644379e-08,-2.31422882712823e-08,-0.919253778306467,-0.999999999969833
10584,-1.14715,-1.6383,-1.06165181152575e-07,-2.77533938140415e-08,-0.909485669429891,0.111102085282108
10684,-1.11839,-1.65808,-1.08857111424394e-07,-3.59532318269803e-08,-0.915346582364624,-0.777752503855743
10684,-1.08928,-1.67734,-1.16852608340452e-07,-4.13325898018007e-08,-0.910462498171255,0.333308963307532
10784,-1.05984,-1.6961,-1.18765527679415e-07,-5.06617819011741e-08,-0.912416143750544,-0.555523964080908
10784,-1.03008,-1.71433,-1.26462112406721e-07,-5.67224508024169e-08,-0.912416143751393,0.555523964158839
10884,-1,-1.73205,-1.2746946525579e-07,-6.71222735631007e-08,-0.910462498170715,-0.333308963230315
10884,-0.969619,-1.74924,-1.34790718135273e-07,-7.37683221248891e-08,-0.915346582365772,0.777752503931858
10984,-0.938943,-1.7659,-1.34771299890111e-07,-8.51668932796455e-08,-0.909485669429763,-0.111102085205032
11084,-0.907981,-1.78201,-1.33263402764296e-07,-9.65679086179295e-08,-0.919253778306154,-0.99999999995149
11084,-0.876742,-1.79759,-1.40490109268313e-07,-1.04607038673266e-07,-0.909485669429981,0.111102085301552
11184,-0.845237,-1.81262,-1.37778946041922e-07,-1.167994419014e-07,-0.915346582364332,-0.777752503835052
11184,-0.813473,-1.82709,-1.44465478640221e-07,-1.25235067721869e-07,-0.910462498171421,0.333308963330044
11284,-0.781462,-1.84101,-1.40459132046651e-07,-1.3811445193434e-07,-0.912416143750289,-0.555523964056998
11284,-0.749213,-1.85437,-1.46561708916404e-07,-1.46827625976429e-07,-0.912416143751684,0.555523964183542
11384,-0.716736,-1.86716,-1.4118167954818e-07,-1.60279780206127e-07,-0.910462498170579,-0.333308963203316
11384,-0.68404,-1.87939,-1.46668932993277e-07,-1.6914845491219e-07,-0.915346582366256,0.777752503962127
11484,-0.651136,-1.89104,-1.39850148352761e-07,-1.83049744965201e-07,-0.9094856694297,-0.111102085173069
11584,-0.618034,-1.90211,-1.31469092233832e-07,-1.96249678123628e-07,-0.919253778305473,-0.9999999999182
11584,-0.584743,-1.91261,-1.3639552432244e-07,-2.06167043906478e-07,-0.909485669430035,0.111102085335111
11684,-0.551275,-1.92252,-1.26532737832959e-07,-2.19540730543009e-07,-0.915346582363772,-0.777752503801188
11684,-0.517638,-1.93185,-1.30778770325717e-07,-2.29364358765959e-07,-0.910462498171642,0.333308963364261
11784,-0.483844,-1.94059,-1.19417922219218e-07,-2.42768604174464e-07,-0.912416143749915,-0.555523964021929
11784,-0.449902,-1.94874,-1.229932148721e-07,-2.52368867664402e-07,-0.912416143752077,0.555523964220183
11884,-0.415823,-1.9563,-1.10136937321874e-07,-2.65656995662256e-07,-0.910462498170266,-0.33330896316818
11884,-0.381618,-1.96325,-1.13064502186253e-07,-2.74907076348973e-07,-0.915346582366712,0.777752503993725
11984,-0.347296,-1.96962,-9.87336889805902e-08,-2.87930382339519e-07,-0.909485669429565,-0.111102085145729
12084,-0.312869,-1.97538,-8.31504465781942e-08,-2.99541884587217e-07,-0.919253778305011,-0.999999999895287
12084,-0.278346,-1.98054,-8.5283685944608e-08,-3.09317753589128e-07,-0.909485669430107,0.111102085358526
12184,-0.243739,-1.98509,-6.83475500220008e-08,-3.20390728365501e-07,-0.915346582363447,-0.777752503777644
12184,-0.209057,-1.98904,-6.98925624193035e-08,-3.29558564314713e-07,-0.910462498171781,0.333308963386432
12284,-0.174311,-1.99239,-5.16717823267225e-08,-3.39956479707044e-07,-0.912416143749663,-0.555523964001473
12284,-0.139513,-1.99513,-5.26923897279858e-08,-3.48406751747697e-07,-0.912416143752267,0.555523964238395
12384,-0.104672,-1.99726,-3.3267661542897e-08,-3.58001237654172e-07,-0.910462498170238,-0.333308963148834
12384,-0.069799,-1.99878,-3.38375134322025e-08,-3.65634999218375e-07,-0.915346582367131,0.777752504016471
12484,-0.0349048,-1.9997,-1.33002497409436e-08,-3.74306947394323e-07,-0.909485669429557,-0.111102085121833
12584,-4.35203e-16,-2,7.88411401743217e-09,-3.81036540159625e-07,-0.919253778304537,-0.999999999870803
12584,0.0349048,-1.9997,8.04736064474616e-09,-3.88677345419327e-07,-0.909485669430058,0.111102085378513
12684,0.069799,-1.99878,3.01259262927643e-08,-3.94300136709667e-07,-0.915346582363139,-0.777752503762792
12684,0.104672,-1.99726,3.05773414173162e-08,-4.00942287305543e-07,-0.9104624981717,0.333308963393593
12784,0.139513,-1.99513,5.34380595370878e-08,-4.05374345418198e-07,-0.912416143749591,-0.555523964001403
12784,0.174311,-1.99239,5.40810709351516e-08,-4.10959839681244e-07,-0.912416143752134,0.555523964232273
12884,0.209057,-1.98904,7.76072350282295e-08,-4.14130135007206e-07,-0.91046249817019,-0.333308963161724
12884,0.243739,-1.98509,7.83421000994387e-08,-4.18615632295227e-07,-0.915346582366752,0.777752503996427
12984,0.278346,-1.98054,1.02412681545387e-07,-4.20465622200458e-07,-0.909485669429543,-0.111102085145531
13084,0.312869,-1.97538,1.26417992354856e-07,-4.2013532115235e-07,-0.919253778305079,-0.999999999897294
13084,0.347296,-1.96962,1.27627643300819e-07,-4.24304913388839e-07,-0.909485669429971,0.111102085349981
13184,0.381618,-1.96325,1.51926053410985e-07,-4.22591351508767e-07,-0.915346582363621,-0.777752503792476
13184,0.415823,-1.9563,1.53020453982778e-07,-4.25594733197161e-07,-0.910462498171561,0.33330896336634
13284,0.449902,-1.94874,1.77480871882366e-07,-4.2247006462835e-07,-0.912416143749886,-0.555523964026324
13284,0.483844,-1.94059,1.78355068814057e-07,-4.24303352751402e-07,-0.912416143751904,0.555523964209538
13384,0.517638,-1.93185,2.02841230121922e-07,-4.1974911511982e-07,-0.910462498170363,-0.333308963182687
13384,0.551275,-1.92252,2.03391080266801e-07,-4.20420317042653e-07,-0.915346582366464,0.777752503976962
13484,0.584743,-1.91261,2.27760740011756e-07,-4.14429280802877e-07,-0.909485669429569,-0.111102085165906
13584,0.618034,-1.90211,2.51337199586613e-07,-4.06340120253595e-07,-0.919253778305519,-0.999999999919186
13584,0.651136,-1.89104,2.51992188522116e-07,-4.06540546393267e-07,-0.909485669429928,0.111102085328226
13684,0.68404,-1.87939,2.75179372206636e-07,-3.97070554299204e-07,-0.915346582363942,-0.777752503814258
13684,0.716736,-1.86716,2.75292336324865e-07,-3.9614432901652e-07,-0.910462498171394,0.333308963343945
13784,0.749213,-1.85437,2.97944914509678e-07,-3.85331020015381e-07,-0.912416143750121,-0.555523964050058
13784,0.781462,-1.84101,2.974240743119e-07,-3.83331300949402e-07,-0.91241614375158,0.555523964183364
13884,0.813473,-1.82709,3.19396196468148e-07,-3.71226129122688e-07,-0.91046249817049,-0.333308963212306
13884,0.845237,-1.81262,3.18156511114615e-07,-3.68216707247049e-07,-0.915346582365913,0.777752503943214
13984,0.876742,-1.79759,3.393017499715e-07,-3.54882124992853e-07,-0.909485669429626,-0.1111020852007
14084,0.907981,-1.78201,3.5898556156104e-07,-3.39867935691676e-07,-0.919253778306215,-0.999999999954254
14084,0.938943,-1.7659,3.57438393352212e-07,-3.36443961370169e-07,-0.909485669429858,0.111102085292581
14184,0.969619,-1.74924,3.76048911199243e-07,-3.20379751148093e-07,-0.915346582364524,-0.777752503850263
14184,1,-1.73205,3.73595447944986e-07,-3.16075856857386e-07,-0.910462498171194,0.333308963308465
14284,1.03008,-1.71433,3.91000331630646e-07,-2.99054527591988e-07,-0.91241614375052,-0.55552396408445
14284,1.05984,-1.6961,3.87576632720532e-07,-2.93961361097171e-07,-0.912416143751235,0.55552396415093
14384,1.08928,-1.67734,4.0364901565289e-07,-2.76086346202658e-07,-0.910462498170724,-0.333308963242461
14384,1.11839,-1.65808,3.99199975908108e-07,-2.70301012581708e-07,-0.915346582365498,0.777752503915531
14484,1.14715,-1.6383,4.13818703811156e-07,-2.51684532630115e-07,-0.909485669429676,-0.111102085228531
14584,1.17557,-1.61803,4.26533311412368e-07,-2.32060255263542e-07,-0.919253778306762,-0.999999999982903
14584,1.20363,-1.59727,4.21349670196715e-07,-2.26073087638489e-07,-0.909485669429825,0.1111020852655
14684,1.23132,-1.57602,4.3244899789567e-07,-2.05971498530316e-07,-0.91534658236492,-0.777752503876537
14684,1.25864,-1.55429,4.26105289939447e-07,-1.99494503688686e-07,-0.910462498170955,0.333308963280004
14784,1.28558,-1.53209,4.35501834598707e-07,-1.79057553554634e-07,-0.912416143750819,-0.555523964114867
14784,1.31212,-1.50942,4.27980712369694e-07,-1.72213490880218e-07,-0.912416143750872,0.555523964118932
14884,1.33826,-1.48629,4.35607754955015e-07,-1.51598008579977e-07,-0.910462498170903,-0.333308963276861
14884,1.364,-1.46271,4.26910814319692e-07,-1.4451688973681e-07,-0.915346582364901,0.777752503878194
14984,1.38932,-1.43868,4.32726648388441e-07,-1.23892761872084e-07,-0.909485669429939,-0.111102085257194
14984,1.41421,-1.41421,4.22875934848426e-07,-1.16710153477641e-07,-0.919253778307102,0.999999999999985
5850,1.43868,-1.38932,4.26867401282809e-07,-9.62566781447313e-08,0.909485669429985,-0.111102085260202
5849,1.46271,-1.364,4.2886775303245e-07,-7.5757692794846e-08,0.915346582364833,0.777752503871339
5849,1.48629,-1.33826,4.18089354547324e-07,-6.90122293324747e-08,0.910462498171102,-0.333308963290407
5848,1.50942,-1.31212,4.18328598145232e-07,-4.90256686199385e-08,0.91241614375073,0.555523964099018
5848,1.53209,-1.28558,4.06503139309899e-07,-4.24825867570528e-08,0.912416143751186,-0.555523964140576
5847,1.55429,-1.25864,4.05046605359754e-07,-2.31889669272947e-08,0.91046249817085,0.333308963247604
5847,1.57602,-1.23132,3.92271664996856e-07,-1.69852081249898e-08,0.91534658236556,-0.777752503916265
5846,1.59727,-1.20363,3.89213637872308e-07,1.44144662678744e-09,0.909485669429786,0.111102085221649
5845,1.61803,-1.17557,3.84414515532305e-07,1.93009312294475e-08,0.919253778306525,0.999999999969829
5845,1.6383,-1.14715,3.7106553662432e-07,2.45745465879012e-08,0.909485669429914,-0.11110208528211
5844,1.65808,-1.11839,3.648940665416e-07,4.12782884789064e-08,0.915346582364627,0.777752503855747
5844,1.67734,-1.08928,3.50875595339338e-07,4.59461986415379e-08,0.910462498171258,-0.333308963307527
5843,1.6961,-1.05984,3.43485102803594e-07,6.13608444900726e-08,0.912416143750537,0.555523964080912
5843,1.71433,-1.03008,3.28948480934276e-07,6.53243213877219e-08,0.912416143751378,-0.555523964158821
5842,1.73205,-1,3.20506610974125e-07,7.93374948607499e-08,0.910462498170701,0.333308963230334
5842,1.74924,-0.969619,3.05609673484815e-07,8.251412223126e-08,0.915346582365767,-0.777752503931841
5841,1.7659,-0.938943,2.96291899782044e-07,9.50367698452381e-08,0.909485669429766,0.111102085205045
5840,1.78201,-0.907981,2.85839470504492e-07,1.06475447287314e-07,0.919253778306158,0.99999999995149
5840,1.79759,-0.876742,2.71182284699437e-07,1.08327967750066e-07,0.909485669429983,-0.111102085301555
5839,1.81262,-0.845237,2.60185561231261e-07,1.18159337495257e-07,0.915346582364319,0.777752503835052
5839,1.82709,-0.813473,2.45523369945125e-07,1.19121079700482e-07,0.910462498171384,-0.333308963330046
5838,1.84101,-0.781462,2.34166467955644e-07,1.27319084408647e-07,0.912416143750258,0.555523964056995
5838,1.85437,-0.749213,2.1965935082267e-07,1.27366248925646e-07,0.91241614375167,-0.555523964183538
5837,1.86716,-0.716736,2.08123613661523e-07,1.33926945449649e-07,0.91046249817059,0.333308963203332
5837,1.87939,-0.68404,1.9392773595017e-07,1.33052804965328e-07,0.915346582366259,-0.777752503962114
5836,1.89104,-0.651136,1.8239005986633e-07,1.37993392123307e-07,0.909485669429712,0.11110208517308
5835,1.90211,-0.618034,1.70449922810007e-07,1.41728028650671e-07,0.919253778305505,0.999999999918216
5835,1.91261,-0.584743,1.57287652431662e-07,1.39565516139862e-07,0.909485669430072,-0.111102085335106
5834,1.92252,-0.551275,1.45661819402139e-07,1.41746743989216e-07,0.915346582363824,0.777752503801191
5834,1.93185,-0.517638,1.33122721326108e-07,1.38724114881986e-07,0.910462498171638,-0.333308963364257
5833,1.94059,-0.483844,1.21967002444328e-07,1.39420415145126e-07,0.912416143749874,0.555523964021932
5833,1.94874,-0.449902,1.10183006006569e-07,1.35580227339683e-07,0.91241614375206,-0.555523964220175
5832,1.9563,-0.415823,9.96430833264301e-08,1.34874772576398e-07,0.910462498170272,0.333308963168192
5832,1.96325,-0.381618,8.87360626161722e-08,1.30272042279814e-07,0.915346582366721,-0.777752503993719
5831,1.96962,-0.347296,7.89469926837866e-08,1.28261019668627e-07,0.909485669429573,0.111102085145735
5830,1.97538,-0.312869,6.93971919160721e-08,1.25294264985692e-07,0.919253778305019,0.999999999895301
5830,1.98054,-0.278346,6.01140687689311e-08,1.19753487086688e-07,0.909485669430095,-0.11110208535852
5829,1.98509,-0.243739,5.15437562597875e-08,1.15679695603038e-07,0.915346582363408,0.777752503777643
5829,1.98904,-0.209057,4.3357676456256e-08,1.09548392703509e-07,0.910462498171767,-0.333308963386425
5828,1.99239,-0.174311,3.58698272152684e-08,1.04496348169499e-07,0.91241614374965,0.555523964001481
5828,1.99513,-0.139513,2.88680472716583e-08,9.78615793569441e-08,0.912416143752221,-0.555523964238393
5827,1.99726,-0.104672,2.25541464125792e-08,9.19693817643322e-08,0.910462498170182,0.333308963148836
5827,1.99878,-0.069799,1.68113876609497e-08,8.49258358746017e-08,0.915346582367075,-0.777752504016468
5826,1.9997,-0.0349048,1.17513554969472e-08,7.83399317109141e-08,0.909485669429527,0.111102085121839
