origElemNum,globCoord-x,globCoord-y,acouPotentialD1-,locCoord-xi,locCoord-eta
5825,2,-2.20442e-18,0.00304314235815768,0.919253778304535,0.999999999870795
5825,1.9997,0.0349048,0.00320463232977946,0.909485669430051,-0.11110208537854
5824,1.99878,0.069799,0.00337271606277829,0.915346582363134,0.7777525037628
5824,1.99726,0.104672,0.00353516175854846,0.910462498171695,-0.333308963393583
5823,1.99513,0.139513,0.00370060151384881,0.912416143749585,0.555523964001403
5823,1.99239,0.174311,0.00386446010532742,0.912416143752112,-0.555523964232293
5822,1.98904,0.209057,0.00402644949421105,0.910462498170195,0.33330896316169
5822,1.98509,0.243739,0.00419218651867773,0.915346582366752,-0.777752503996411
5821,1.98054,0.278346,0.0043499675258597,0.909485669429537,0.111102085145532
5820,1.97538,0.312869,0.00451807326577118,0.91925377830504,0.999999999897275
5820,1.96962,0.347296,0.00467095711390213,0.909485669429959,-0.111102085350008
5819,1.96325,0.381618,0.00483488308313845,0.915346582363608,0.777752503792493
5819,1.9563,0.415823,0.00498929953927249,0.910462498171543,-0.333308963366333
5818,1.94874,0.449902,0.00514840071639781,0.912416143749872,0.555523964026318
5818,1.94059,0.483844,0.00530487863504486,0.912416143751876,-0.555523964209557
5817,1.93185,0.517638,0.0054584703127714,0.910462498170338,0.333308963182653
5817,1.92252,0.551275,0.00561746980778471,0.915346582366455,-0.777752503976955
5816,1.91261,0.584743,0.00576477113680644,0.909485669429567,0.111102085165898
5815,1.90211,0.618034,0.00592666485550872,0.919253778305533,0.999999999919169
5815,1.89104,0.651136,0.00606681770246232,0.909485669429933,-0.111102085328256
5814,1.87939,0.68404,0.00622216701332085,0.915346582363941,0.777752503814277
5814,1.86716,0.716736,0.00636406347043471,0.910462498171402,-0.333308963343933
5813,1.85437,0.749213,0.00651200224369478,0.912416143750119,0.555523964050056
5813,1.84101,0.781462,0.00665597062751978,0.912416143751575,-0.555523964183394
5812,1.82709,0.813473,0.00679565365264406,0.910462498170486,0.333308963212263
5812,1.81262,0.845237,0.00694200490911966,0.915346582365915,-0.777752503943209
5811,1.79759,0.876742,0.00707260520796311,0.909485669429635,0.111102085200681
5810,1.78201,0.907981,0.00722163450379088,0.919253778306195,0.999999999954235
5810,1.7659,0.938943,0.00734237492772302,0.909485669429844,-0.111102085292603
5809,1.74924,0.969619,0.00748211475023353,0.915346582364538,0.777752503850291
5809,1.73205,1,0.0076046030834276,0.910462498171199,-0.333308963308445
5808,1.71433,1.03008,0.00773443358758313,0.912416143750526,0.555523964084446
5808,1.6961,1.05984,0.00785914467952742,0.912416143751246,-0.555523964150953
5807,1.67734,1.08928,0.00797862111032848,0.910462498170725,0.333308963242434
5807,1.65808,1.11839,0.00810609352719367,0.915346582365508,-0.777752503915519
5806,1.6383,1.14715,0.00821490945927287,0.909485669429676,0.11110208522853
5805,1.61803,1.17557,0.00834569846094615,0.919253778306765,0.999999999982884
5805,1.59727,1.20363,0.00844360460811812,0.909485669429817,-0.111102085265541
5804,1.57602,1.23132,0.00856405530288735,0.9153465823649,0.777752503876539
5804,1.55429,1.25864,0.00866498355195185,0.910462498170939,-0.333308963279996
5803,1.53209,1.28558,0.00877483102840507,0.912416143750815,0.555523964114853
5803,1.50942,1.31212,0.00887929005220599,0.91241614375085,-0.555523964118972
5802,1.48629,1.33826,0.00897831300189427,0.910462498170897,0.333308963276791
5802,1.46271,1.364,0.00908679985544958,0.915346582364929,-0.77775250387822
5801,1.43868,1.38932,0.0091748510580636,0.909485669429954,0.111102085257182
5801,1.41421,1.41421,0.00928785052819808,0.919253778307104,-0.999999999999994
850,1.38932,1.43868,0.0093648298083323,0.909485669429991,-0.111102085260227
849,1.364,1.46271,0.00946720526276212,0.915346582364834,0.777752503871359
849,1.33826,1.48629,0.00954858124411776,0.910462498171096,-0.333308963290402
848,1.31212,1.50942,0.0096401803301628,0.912416143750729,0.555523964099008
848,1.28558,1.53209,0.0097263290902243,0.912416143751184,-0.555523964140596
847,1.25864,1.55429,0.00980698637054243,0.910462498170846,0.333308963247574
847,1.23132,1.57602,0.00989823716151153,0.915346582365554,-0.777752503916259
846,1.20363,1.59727,0.00996784957448961,0.90948566942978,0.111102085221654
845,1.17557,1.61803,0.0100645358827647,0.919253778306528,0.999999999969813
845,1.14715,1.6383,0.010123132058767,0.909485669429915,-0.111102085282135
844,1.11839,1.65808,0.0102091440533948,0.915346582364625,0.777752503855763
844,1.08928,1.67734,0.0102733590390036,0.910462498171253,-0.333308963307521
843,1.05984,1.6961,0.0103488487869013,0.912416143750542,0.555523964080906
843,1.03008,1.71433,0.0104191168565876,0.912416143751377,-0.555523964158847
842,1,1.73205,0.0104842253835873,0.910462498170698,0.333308963230309
842,0.969619,1.74924,0.0105608748735184,0.915346582365766,-0.777752503931825
841,0.938943,1.7659,0.0106156254662161,0.909485669429764,0.111102085205048
840,0.907981,1.78201,0.010698838518581,0.919253778306164,0.99999999995148
840,0.876742,1.79759,0.0107430861974244,0.909485669429979,-0.11110208530158
839,0.845237,1.81262,0.0108158879478129,0.91534658236432,0.777752503835068
839,0.813473,1.82709,0.0108663470752184,0.91046249817139,-0.33330896333004
838,0.781462,1.84101,0.0109283953567854,0.912416143750255,0.555523964056983
838,0.749213,1.85437,0.0109849504061388,0.912416143751674,-0.555523964183563
837,0.716736,1.86716,0.0110358624734787,0.910462498170584,0.333308963203304
837,0.68404,1.87939,0.0110983580852509,0.915346582366261,-0.777752503962098
836,0.651136,1.89104,0.0111377734867922,0.909485669429719,0.111102085173086
835,0.618034,1.90211,0.0112060412513112,0.919253778305509,0.999999999918205
835,0.584743,1.91261,0.0112336497224636,0.909485669430073,-0.111102085335132
834,0.551275,1.92252,0.011290079521984,0.915346582363819,0.777752503801204
834,0.517638,1.93185,0.0113230584265756,0.910462498171637,-0.333308963364254
833,0.483844,1.94059,0.011367390269523,0.912416143749877,0.55552396402192
833,0.449902,1.94874,0.0114056025486705,0.91241614375206,-0.555523964220202
832,0.415823,1.9563,0.0114376174818637,0.910462498170279,0.333308963168166
832,0.381618,1.96325,0.0114809035597077,0.915346582366717,-0.777752503993703
831,0.347296,1.96962,0.011500421574048,0.909485669429573,0.111102085145737
830,0.312869,1.97538,0.0115486004243962,0.919253778305012,0.99999999989529
830,0.278346,1.98054,0.0115554886781424,0.909485669430091,-0.111102085358547
829,0.243739,1.98509,0.0115909273900461,0.915346582363415,0.77775250377766
829,0.209057,1.98904,0.0116025490371317,0.910462498171767,-0.333308963386422
828,0.174311,1.99239,0.0116251795436551,0.912416143749651,0.55552396400147
828,0.139513,1.99513,0.0116414000925629,0.912416143752224,-0.555523964238419
827,0.104672,1.99726,0.0116512341295659,0.910462498170184,0.33330896314881
827,0.069799,1.99878,0.011671914145803,0.915346582367074,-0.777752504016452
826,0.0349048,1.9997,0.0116690443061883,0.909485669429527,0.111102085121841
825,1.27747e-16,2,0.0116940372276289,0.919253778304535,0.999999999870799
825,-0.0349048,1.9997,0.0116786384059821,0.909485669430051,-0.111102085378537
824,-0.069799,1.99878,0.0116909227055599,0.915346582363134,0.777752503762801
824,-0.104672,1.99726,0.0116801070005254,0.910462498171695,-0.333308963393583
823,-0.139513,1.99513,0.011679920850957,0.912416143749585,0.555523964001401
823,-0.174311,1.99239,0.011673581267232,0.912416143752112,-0.555523964232297
822,-0.209057,1.98904,0.0116612141193733,0.910462498170195,0.333308963161685
822,-0.243739,1.98509,0.0116592062797927,0.915346582366744,-0.777752503996403
821,-0.278346,1.98054,0.0116349772842847,0.909485669429538,0.111102085145537
820,-0.312869,1.97538,0.0116371103454661,0.919253778305041,0.999999999897278
820,-0.347296,1.96962,0.0116013539264359,0.90948566942996,-0.111102085350006
819,-0.381618,1.96325,0.0115916431089302,0.915346582363608,0.777752503792493
819,-0.415823,1.9563,0.0115604383138214,0.910462498171543,-0.333308963366333
818,-0.449902,1.94874,0.0115391866537674,0.912416143749872,0.555523964026316
818,-0.483844,1.94059,0.0115122551550559,0.912416143751875,-0.555523964209561
817,-0.517638,1.93185,0.0114797482641472,0.910462498170336,0.333308963182646
817,-0.551275,1.92252,0.0114567475760326,0.915346582366457,-0.777752503976948
816,-0.584743,1.91261,0.0114132454785849,0.909485669429562,0.111102085165907
815,-0.618034,1.90211,0.0113937691401918,0.919253778305526,0.999999999919175
815,-0.651136,1.89104,0.0113395038063698,0.909485669429935,-0.111102085328253
814,-0.68404,1.87939,0.0113087789704594,0.915346582363941,0.777752503814277
814,-0.716736,1.86716,0.0112582651518177,0.910462498171402,-0.333308963343933
813,-0.749213,1.85437,0.0112164689249747,0.912416143750117,0.555523964050053
813,-0.781462,1.84101,0.0111691927262969,0.912416143751584,-0.555523964183396
812,-0.813473,1.82709,0.0111164801973319,0.910462498170484,0.33330896321226
812,-0.845237,1.81262,0.0110718841757481,0.91534658236591,-0.7777525039432
811,-0.876742,1.79759,0.0110083980411355,0.909485669429639,0.111102085200672
810,-0.907981,1.78201,0.0109658890207886,0.919253778306197,0.999999999954239
810,-0.938943,1.7659,0.0108917678347748,0.909485669429848,-0.111102085292613
809,-0.969619,1.74924,0.0108380286498309,0.915346582364533,0.777752503850298
809,-1,1.73205,0.0107661155581437,0.910462498171205,-0.333308963308436
808,-1.03008,1.71433,0.0107012853741046,0.912416143750522,0.55552396408444
808,-1.05984,1.6961,0.0106309652853865,0.912416143751243,-0.555523964150944
807,-1.08928,1.67734,0.010555205295394,0.910462498170733,0.33330896324243
807,-1.11839,1.65808,0.0104858588238589,0.915346582365511,-0.777752503915504
806,-1.14715,1.6383,0.0103993608568165,0.909485669429678,0.11110208522852
805,-1.17557,1.61803,0.0103303653285891,0.91925377830677,0.999999999982889
805,-1.20363,1.59727,0.0102333565517353,0.909485669429819,-0.111102085265551
804,-1.23132,1.57602,0.0101532222584044,0.915346582364893,0.777752503876544
804,-1.25864,1.55429,0.0100568415371316,0.910462498170937,-0.333308963279986
803,-1.28558,1.53209,0.00996584312211066,0.912416143750809,0.555523964114847
803,-1.31212,1.50942,0.00986951518742624,0.912416143750849,-0.555523964118962
802,-1.33826,1.48629,0.0097679732739585,0.910462498170897,0.333308963276791
802,-1.364,1.46271,0.00967113303732793,0.915346582364928,-0.77775250387821
801,-1.38932,1.43868,0.00955941858790815,0.909485669429954,0.111102085257172
801,-1.41421,1.41421,0.00946151307639496,0.919253778307104,-0.999999999999994
15850,-1.43868,1.38932,0.00934004714447296,0.909485669429991,-0.111102085260237
15849,-1.46271,1.364,0.00923176163570513,0.915346582364828,0.777752503871364
15849,-1.48629,1.33826,0.00910978732121557,0.910462498171103,-0.333308963290387
15848,-1.50942,1.31212,0.00899159990484459,0.912416143750729,0.555523964099008
15848,-1.53209,1.28558,0.00886862607575595,0.912416143751185,-0.555523964140586
15847,-1.55429,1.25864,0.00874106111136491,0.910462498170851,0.333308963247569
15847,-1.57602,1.23132,0.00861660564116094,0.915346582365555,-0.777752503916249
15846,-1.59727,1.20363,0.00848023236686523,0.909485669429784,0.111102085221639
15845,-1.61803,1.17557,0.00835382233083399,0.919253778306531,0.999999999969823
15845,-1.6383,1.14715,0.00820925229889356,0.909485669429917,-0.111102085282151
15844,-1.65808,1.11839,0.00807401580602042,0.915346582364627,0.777752503855772
15844,-1.67734,1.08928,0.00792830485344562,0.910462498171251,-0.333308963307506
15843,-1.6961,1.05984,0.00778489535749573,0.912416143750542,0.555523964080906
15843,-1.71433,1.03008,0.00763761499089365,0.912416143751375,-0.555523964158831
15842,-1.73205,1,0.00748671900799043,0.910462498170697,0.333308963230296
15842,-1.74924,0.969619,0.00733744280577553,0.915346582365764,-0.777752503931822
15841,-1.7659,0.938943,0.00717977505863611,0.909485669429762,0.111102085205035
15840,-1.78201,0.907981,0.00702807844923142,0.919253778306162,0.999999999951483
15840,-1.79759,0.876742,0.00686437790715052,0.909485669429984,-0.111102085301589
15839,-1.81262,0.845237,0.0067060078952248,0.915346582364318,0.777752503835071
15839,-1.82709,0.813473,0.00654086333695324,0.910462498171391,-0.333308963330024
15838,-1.84101,0.781462,0.00637657998980125,0.912416143750253,0.555523964056986
15838,-1.85437,0.749213,0.00620958539168794,0.912416143751674,-0.555523964183544
15837,-1.86716,0.716736,0.00604016686009378,0.910462498170589,0.333308963203294
15837,-1.87939,0.68404,0.00587091697374133,0.915346582366259,-0.777752503962095
15836,-1.89104,0.651136,0.00569715954463839,0.909485669429715,0.111102085173074
15835,-1.90211,0.618034,0.00552525099173731,0.919253778305508,0.999999999918209
15835,-1.91261,0.584743,0.00534796884097931,0.909485669430068,-0.111102085335144
15834,-1.92252,0.551275,0.0051718886819691,0.915346582363818,0.777752503801208
15834,-1.93185,0.517638,0.00499303200741702,0.910462498171639,-0.333308963364235
15833,-1.94059,0.483844,0.00481362198129891,0.912416143749876,0.555523964021923
15833,-1.94874,0.449902,0.00463281832266155,0.912416143752063,-0.555523964220183
15832,-1.9563,0.415823,0.0044509419742231,0.910462498170272,0.333308963168156
15832,-1.96325,0.381618,0.00426782818363989,0.915346582366716,-0.7777525039937
15831,-1.96962,0.347296,0.00408436677382954,0.909485669429575,0.111102085145728
15830,-1.97538,0.312869,0.00389858796875126,0.91925377830502,0.999999999895294
15830,-1.98054,0.278346,0.00371443259661858,0.909485669430092,-0.111102085358556
15829,-1.98509,0.243739,0.0035273248645603,0.915346582363415,0.777752503777664
15829,-1.98904,0.209057,0.00334168100115386,0.910462498171765,-0.333308963386404
15828,-1.99239,0.174311,0.00315413383901194,0.912416143749651,0.555523964001473
15828,-1.99513,0.139513,0.00296664697650645,0.912416143752222,-0.5555239642384
15827,-1.99726,0.104672,0.00277953927358403,0.910462498170184,0.3333089631488
15827,-1.99878,0.069799,0.00258985161535398,0.915346582367074,-0.777752504016448
15826,-1.9997,0.0349048,0.0024040477619447,0.909485669429527,0.111102085121831
15825,-2,2.46315e-16,0.00221179929728791,0.919253778304535,0.999999999870803
15825,-1.9997,-0.0349048,0.00202814807137197,0.909485669430051,-0.111102085378547
15824,-1.99878,-0.069799,0.0018374212569295,0.915346582363134,0.777752503762804
15824,-1.99726,-0.104672,0.00165231986768689,0.910462498171696,-0.333308963393566
15823,-1.99513,-0.139513,0.00146395753128765,0.912416143749586,0.555523964001405
15823,-1.99239,-0.174311,0.00127704444849934,0.912416143752114,-0.555523964232279
15822,-1.98904,-0.209057,0.00109188582905121,0.910462498170195,0.333308963161688
15822,-1.98509,-0.243739,0.000902812869540113,0.915346582366744,-0.7777525039964
15821,-1.98054,-0.278346,0.000721696579918297,0.909485669429545,0.111102085145526
15820,-1.97538,-0.312869,0.00053013109380942,0.919253778305042,0.999999999897283
15820,-1.96962,-0.347296,0.000353891607216534,0.909485669429957,-0.111102085350017
15819,-1.96325,-0.381618,0.000166610280106501,0.915346582363609,0.777752503792499
15819,-1.9563,-0.415823,-1.10228167077553e-05,0.910462498171549,-0.333308963366345
15818,-1.94874,-0.449902,-0.000193191140273204,0.912416143749872,0.555523964026319
15818,-1.94059,-0.483844,-0.000372543111447988,0.91241614375188,-0.555523964209544
15817,-1.93185,-0.517638,-0.000548789752542811,0.910462498170337,0.33330896318265
15817,-1.92252,-0.551275,-0.000730180909146655,0.915346582366458,-0.777752503976945
15816,-1.91261,-0.584743,-0.00089972380385237,0.909485669429567,0.111102085165898
15815,-1.90211,-0.618034,-0.00108346732421293,0.919253778305528,0.999999999919178
15815,-1.89104,-0.651136,-0.0012455545355126,0.90948566942994,-0.111102085328262
15814,-1.87939,-0.68404,-0.00142239890028023,0.915346582363942,0.77775250381428
15814,-1.86716,-0.716736,-0.00158587059394222,0.910462498171397,-0.333308963343943
15813,-1.85437,-0.749213,-0.00175509354060219,0.912416143750119,0.555523964050056
15813,-1.84101,-0.781462,-0.00192027998663749,0.912416143751582,-0.555523964183381
15812,-1.82709,-0.813473,-0.00208118586441054,0.910462498170486,0.333308963212263
15812,-1.81262,-0.845237,-0.00224840798925299,0.915346582365912,-0.777752503943197
15811,-1.79759,-0.876742,-0.00240032921424785,0.909485669429641,0.111102085200675
15810,-1.78201,-0.907981,-0.00256989475502323,0.919253778306197,0.999999999954239
15810,-1.7659,-0.938943,-0.00271218843838862,0.90948566942985,-0.11110208529261
15809,-1.74924,-0.969619,-0.00287263198757102,0.915346582364535,0.777752503850301
15809,-1.73205,-1,-0.00301644243508033,0.9104624981712,-0.333308963308458
15808,-1.71433,-1.03008,-0.00316714653536645,0.912416143750526,0.555523964084446
15808,-1.6961,-1.05984,-0.00331278888928903,0.912416143751243,-0.555523964150944
15807,-1.67734,-1.08928,-0.00345316870234429,0.910462498170725,0.333308963242434
15807,-1.65808,-1.11839,-0.00360094898587596,0.915346582365503,-0.7777525039155
15806,-1.6383,-1.14715,-0.0037304562067585,0.90948566942967,0.111102085228524
15805,-1.61803,-1.17557,-0.00388067037725368,0.919253778306763,0.999999999982893
15805,-1.59727,-1.20363,-0.00399879447216622,0.909485669429812,-0.111102085265547
15804,-1.57602,-1.23132,-0.00413808000335277,0.915346582364898,0.777752503876549
15804,-1.55429,-1.25864,-0.00425800248643191,0.910462498170935,-0.333308963280012
15803,-1.53209,-1.28558,-0.00438589201790403,0.912416143750815,0.555523964114853
15803,-1.50942,-1.31212,-0.00450794099152741,0.912416143750855,-0.555523964118957
15802,-1.48629,-1.33826,-0.0046240155637379,0.910462498170897,0.333308963276791
15802,-1.46271,-1.364,-0.00474851562411521,0.915346582364928,-0.77775250387821
15801,-1.43868,-1.38932,-0.00485240361681081,0.909485669429954,0.111102085257172
15801,-1.41421,-1.41421,-0.00497967425514731,0.919253778307098,-0.999999999999989
10084,-1.38932,-1.43868,-0.00507105100780028,-0.909485669429983,0.111102085260242
10184,-1.364,-1.46271,-0.00518622366009409,-0.915346582364814,-0.777752503871363
10184,-1.33826,-1.48629,-0.00527999689073605,-0.910462498171062,0.333308963290425
10284,-1.31212,-1.50942,-0.00538279527658059,-0.912416143750702,-0.555523964098991
10284,-1.28558,-1.53209,-0.00547932128622593,-0.912416143751175,0.55552396414059
10384,-1.25864,-1.55429,-0.0055695124487798,-0.910462498170858,-0.333308963247603
10384,-1.23132,-1.57602,-0.00566913953363936,-0.915346582365569,0.777752503916277
10484,-1.20363,-1.59727,-0.00574653259377979,-0.909485669429755,-0.111102085221656
10584,-1.17557,-1.61803,-0.00584959960680655,-0.919253778306467,-0.999999999969833
10584,-1.14715,-1.6383,-0.00591404220181174,-0.909485669429891,0.111102085282108
10684,-1.11839,-1.65808,-0.00600451904423575,-0.915346582364624,-0.777752503855743
10684,-1.08928,-1.67734,-0.00607224721406188,-0.910462498171255,0.333308963307532
10784,-1.05984,-1.6961,-0.00615000460791058,-0.912416143750544,-0.555523964080908
10784,-1.03008,-1.71433,-0.00622135862143108,-0.912416143751393,0.555523964158839
10884,-1,-1.73205,-0.0062862869464903,-0.910462498170715,-0.333308963230315
10884,-0.969619,-1.74924,-0.00636157905389637,-0.915346582365772,0.777752503931858
10984,-0.938943,-1.7659,-0.00641358513221218,-0.909485669429763,-0.111102085205032
11084,-0.907981,-1.78201,-0.00649309689908566,-0.919253778306154,-0.99999999995149
11084,-0.876742,-1.79759,-0.00653209374552248,-0.909485669429981,0.111102085301552
11184,-0.845237,-1.81262,-0.00659885578698883,-0.915346582364332,-0.777752503835052
11184,-0.813473,-1.82709,-0.00664196300218458,-0.910462498171421,0.333308963330044
11284,-0.781462,-1.84101,-0.00669585922227164,-0.912416143750289,-0.555523964056998
11284,-0.749213,-1.85437,-0.00674327893261243,-0.912416143751684,0.555523964183542
11384,-0.716736,-1.86716,-0.00678417215568178,-0.910462498170579,-0.333308963203316
11384,-0.68404,-1.87939,-0.00683604293620753,-0.915346582366256,0.777752503962127
11484,-0.651136,-1.89104,-0.00686377515890706,-0.9094856694297,-0.111102085173069
11584,-0.618034,-1.90211,-0.00692017145747707,-0.919253778305473,-0.9999999999182
11584,-0.584743,-1.91261,-0.00693456114644047,-0.909485669430035,0.111102085335111
11684,-0.551275,-1.92252,-0.00697769971335765,-0.915346582363772,-0.777752503801188
11684,-0.517638,-1.93185,-0.00699633290021702,-0.910462498171642,0.333308963364261
11784,-0.483844,-1.94059,-0.00702598388289594,-0.912416143749915,-0.555523964021929
11784,-0.449902,-1.94874,-0.00704882214092842,-0.912416143752077,0.555523964220183
11884,-0.415823,-1.9563,-0.00706475723626708,-0.910462498170266,-0.33330896316818
11884,-0.381618,-1.96325,-0.00709170408576833,-0.915346582366712,0.777752503993725
11984,-0.347296,-1.96962,-0.00709371258329181,-0.909485669429565,-0.111102085145729
12084,-0.312869,-1.97538,-0.00712462456120322,-0.919253778305011,-0.999999999895287
12084,-0.278346,-1.98054,-0.00711253283937248,-0.909485669430107,0.111102085358526
12184,-0.243739,-1.98509,-0.00712926785327739,-0.915346582363447,-0.777752503777644
12184,-0.209057,-1.98904,-0.00712092035619804,-0.910462498171781,0.333308963386432
12284,-0.174311,-1.99239,-0.00712335874246315,-0.912416143749663,-0.555523964001473
12284,-0.139513,-1.99513,-0.00711863052123501,-0.912416143752267,0.555523964238395
12384,-0.104672,-1.99726,-0.00710673479848611,-0.910462498170238,-0.333308963148834
12384,-0.069799,-1.99878,-0.00710548903453414,-0.915346582367131,0.777752504016471
12484,-0.0349048,-1.9997,-0.00707930986001702,-0.909485669429557,-0.111102085121833
12584,-4.35203e-16,-2,-0.00708140501925075,-0.919253778304537,-0.999999999870803
12584,0.0349048,-1.9997,-0.0070410906508631,-0.909485669430058,0.111102085378513
12684,0.069799,-1.99878,-0.00702889657084739,-0.915346582363139,-0.777752503762792
12684,0.104672,-1.99726,-0.00699218149817254,-0.9104624981717,0.333308963393593
12784,0.139513,-1.99513,-0.00696594663791067,-0.912416143749591,-0.555523964001403
12784,0.174311,-1.99239,-0.00693278584308315,-0.912416143752134,0.555523964232273
12884,0.209057,-1.98904,-0.0068928523833795,-0.91046249817019,-0.333308963161724
12884,0.243739,-1.98509,-0.00686320381746109,-0.915346582366752,0.777752503996427
12984,0.278346,-1.98054,-0.006809993959526,-0.909485669429543,-0.111102085145531
13084,0.312869,-1.97538,-0.00678381700067459,-0.919253778305079,-0.999999999897294
13084,0.347296,-1.96962,-0.006717822195698,-0.909485669429971,0.111102085349981
13184,0.381618,-1.96325,-0.00667866211678264,-0.915346582363621,-0.777752503792476
13184,0.415823,-1.9563,-0.00661683724011306,-0.910462498171561,0.33330896336634
13284,0.449902,-1.94874,-0.00656522345697024,-0.912416143749886,-0.555523964026324
13284,0.483844,-1.94059,-0.0065075460405556,-0.912416143751904,0.555523964209538
13384,0.517638,-1.93185,-0.00644401383692495,-0.910462498170363,-0.333308963182687
13384,0.551275,-1.92252,-0.00639041987664774,-0.915346582366464,0.777752503976962
13484,0.584743,-1.91261,-0.00631548522135103,-0.909485669429569,-0.111102085165906
13584,0.618034,-1.90211,-0.00626585621508301,-0.919253778305519,-0.999999999919186
13584,0.651136,-1.89104,-0.00618000433719752,-0.909485669429928,0.111102085328226
13684,0.68404,-1.87939,-0.0061191407721707,-0.915346582363942,-0.777752503814258
13684,0.716736,-1.86716,-0.00603785780697166,-0.910462498171394,0.333308963343945
13784,0.749213,-1.85437,-0.00596619645998338,-0.912416143750121,-0.555523964050058
13784,0.781462,-1.84101,-0.00588927186036086,-0.91241614375158,0.555523964183364
13884,0.813473,-1.82709,-0.00580725071848147,-0.91046249817049,-0.333308963212306
13884,0.845237,-1.81262,-0.00573444853336819,-0.915346582365913,0.777752503943214
13984,0.876742,-1.79759,-0.00564251870153046,-0.909485669429626,-0.1111020852007
14084,0.907981,-1.78201,-0.00557357266769088,-0.919253778306215,-0.999999999954254
14084,0.938943,-1.7659,-0.00547217709444556,-0.909485669429858,0.111102085292581
14184,0.969619,-1.74924,-0.0053933304107443,-0.915346582364524,-0.777752503850263
14184,1,-1.73205,-0.00529630498855793,-0.910462498171194,0.333308963308465
14284,1.03008,-1.71433,-0.0052078991134602,-0.91241614375052,-0.55552396408445
14284,1.05984,-1.6961,-0.00511480744564248,-0.912416143751235,0.55552396415093
14384,1.08928,-1.67734,-0.00501708072946378,-0.910462498170724,-0.333308963242461
14384,1.11839,-1.65808,-0.00492738264986283,-0.915346582365498,0.777752503915531
14484,1.14715,-1.6383,-0.00482049527188222,-0.909485669429676,-0.111102085228531
14584,1.17557,-1.61803,-0.00473357281548047,-0.919253778306762,-0.999999999982903
14584,1.20363,-1.59727,-0.00461768314049642,-0.909485669429825,0.1111020852655
14684,1.23132,-1.57602,-0.00452115107575039,-0.91534658236492,-0.777752503876537
14684,1.25864,-1.55429,-0.00440826061660746,-0.910462498170955,0.333308963280004
14784,1.28558,-1.53209,-0.00430241460800145,-0.912416143750819,-0.555523964114867
14784,1.31212,-1.50942,-0.00419204443770542,-0.912416143750872,0.555523964118932
14884,1.33826,-1.48629,-0.00407734457454304,-0.910462498170903,-0.333308963276861
14884,1.364,-1.46271,-0.00396907147126188,-0.915346582364901,0.777752503878194
14984,1.38932,-1.43868,-0.00384609637920671,-0.909485669429939,-0.111102085257194
14984,1.41421,-1.41421,-0.00373951344394473,-0.919253778307102,0.999999999999985
5850,1.43868,-1.38932,-0.00360887613397944,0.909485669429985,-0.111102085260202
5849,1.46271,-1.364,-0.00349402354013177,0.915346582364833,0.777752503871339
5849,1.48629,-1.33826,-0.00336582544972382,0.910462498171102,-0.333308963290407
5848,1.50942,-1.31212,-0.0032432455435372,0.91241614375073,0.555523964099018
5848,1.53209,-1.28558,-0.0031169665252036,0.912416143751186,-0.555523964140576
5847,1.55429,-1.25864,-0.00298714552591872,0.91046249817085,0.333308963247604
5847,1.57602,-1.23132,-0.00286220149889444,0.91534658236556,-0.777752503916265
5846,1.59727,-1.20363,-0.00272558315628139,0.909485669429786,0.111102085221649
5845,1.61803,-1.17557,-0.00260133747204282,0.919253778306525,0.999999999969829
5845,1.6383,-1.14715,-0.0024583415761646,0.909485669429914,-0.11110208528211
5844,1.65808,-1.11839,-0.00232697121297835,0.915346582364627,0.777752503855747
5844,1.67734,-1.08928,-0.00218515964126321,0.910462498171258,-0.333308963307527
5843,1.6961,-1.05984,-0.00204707255175109,0.912416143750537,0.555523964080912
5843,1.71433,-1.03008,-0.00190577058089261,0.912416143751378,-0.555523964158821
5842,1.73205,-1,-0.00176140744912587,0.910462498170701,0.333308963230334
5842,1.74924,-0.969619,-0.00161994276211947,0.915346582365767,-0.777752503931841
5841,1.7659,-0.938943,-0.0014698015962371,0.909485669429766,0.111102085205045
5840,1.78201,-0.907981,-0.00132752128423597,0.919253778306158,0.99999999995149
5840,1.79759,-0.876742,-0.00117219426755221,0.909485669429983,-0.111102085301555
5839,1.81262,-0.845237,-0.00102398980089503,0.915346582364319,0.777752503835052
5839,1.82709,-0.813473,-0.000868717525860239,0.910462498171384,-0.333308963330046
5838,1.84101,-0.781462,-0.000715372766297991,0.912416143750258,0.555523964056995
5838,1.85437,-0.749213,-0.000559732543397473,0.91241614375167,-0.555523964183538
5837,1.86716,-0.716736,-0.00040214999197767,0.91046249817059,0.333308963203332
5837,1.87939,-0.68404,-0.00024575118826883,0.915346582366259,-0.777752503962114
5836,1.89104,-0.651136,-8.48641706416007e-05,0.909485669429712,0.11110208517308
5835,1.90211,-0.618034,7.26980317786492e-05,0.919253778305505,0.999999999918216
5835,1.91261,-0.584743,0.000235978187650871,0.909485669430072,-0.111102085335106
5834,1.92252,-0.551275,0.000396639490452469,0.915346582363824,0.777752503801191
5834,1.93185,-0.517638,0.000559903463792143,0.910462498171638,-0.333308963364257
5833,1.94059,-0.483844,0.000722769286637846,0.912416143749874,0.555523964021932
5833,1.94874,-0.449902,0.000886459765023886,0.91241614375206,-0.555523964220175
5832,1.9563,-0.415823,0.00105067482286642,0.910462498170272,0.333308963168192
5832,1.96325,-0.381618,0.00121528020856805,0.915346582366721,-0.777752503993719
5831,1.96962,-0.347296,0.00138007084692401,0.909485669429573,0.111102085145735
5830,1.97538,-0.312869,0.00154613450258903,0.919253778305019,0.999999999895301
5830,1.98054,-0.278346,0.00171079469401303,0.909485669430095,-0.11110208535852
5829,1.98509,-0.243739,0.00187749019517222,0.915346582363408,0.777752503777643
5829,1.98904,-0.209057,0.00204271518604097,0.910462498171767,-0.333308963386425
5828,1.99239,-0.174311,0.00220931664917128,0.91241614374965,0.555523964001481
5828,1.99513,-0.139513,0.00237562614179229,0.912416143752221,-0.555523964238393
5827,1.99726,-0.104672,0.00254134619773449,0.910462498170182,0.333308963148836
5827,1.99878,-0.069799,0.00270922102349405,0.915346582367075,-0.777752504016468
5826,1.9997,-0.0349048,0.00287323855142487,0.909485669429527,0.111102085121839
