origElemNum,globCoord-x,globCoord-y,acouIntensity-x,acouIntensity-y,locCoord-xi,locCoord-eta
5825,2,-2.20442e-18,1.41200582196079e-10,1.78704702222093e-10,0.919253778304535,0.999999999870795
5825,1.9997,0.0349048,1.06320111560253e-10,1.56373629437117e-10,0.909485669430051,-0.11110208537854
5824,1.99878,0.069799,7.63446243742735e-11,1.36848979922548e-10,0.915346582363134,0.7777525037628
5824,1.99726,0.104672,5.13487304486457e-11,1.14069150845282e-10,0.910462498171695,-0.333308963393583
5823,1.99513,0.139513,3.11894858638508e-11,9.26579441559584e-11,0.912416143749585,0.555523964001403
5823,1.99239,0.174311,1.60038900477024e-11,6.99898377235623e-11,0.912416143752112,-0.555523964232293
5822,1.98904,0.209057,5.65890838683784e-12,4.79359696030985e-11,0.910462498170195,0.33330896316169
5822,1.98509,0.243739,1.86063292018272e-13,2.59410060957375e-11,0.915346582366752,-0.777752503996411
5821,1.98054,0.278346,-4.79109264704799e-13,4.51693369542245e-12,0.909485669429537,0.111102085145532
5820,1.97538,0.312869,3.6034468779765e-12,-1.61337358712924e-11,0.91925377830504,0.999999999897275
5820,1.96962,0.347296,1.23471709337141e-11,-3.57687006809016e-11,0.909485669429959,-0.111102085350008
5819,1.96325,0.381618,2.562647789564e-11,-5.38248283388849e-11,0.915346582363608,0.777752503792493
5819,1.9563,0.415823,4.3499504728835e-11,-7.11360618841755e-11,0.910462498171543,-0.333308963366333
5818,1.94874,0.449902,6.54564175337307e-11,-8.53898325644208e-11,0.912416143749872,0.555523964026318
5818,1.94059,0.483844,9.21353085485139e-11,-9.98805540030151e-11,0.912416143751876,-0.555523964209557
5817,1.93185,0.517638,1.22105820485604e-10,-1.0920154829184e-10,0.910462498170338,0.333308963182653
5817,1.92252,0.551275,1.57221636511258e-10,-1.20404894119508e-10,0.915346582366455,-0.777752503976955
5816,1.91261,0.584743,1.94410633842829e-10,-1.23758184466435e-10,0.909485669429567,0.111102085165898
5815,1.90211,0.618034,2.35045965613743e-10,-1.23520953749211e-10,0.919253778305533,0.999999999919169
5815,1.89104,0.651136,2.81051230128315e-10,-1.27699712106568e-10,0.909485669429933,-0.111102085328256
5814,1.87939,0.68404,3.27544168566315e-10,-1.20081317315202e-10,0.915346582363941,0.777752503814277
5814,1.86716,0.716736,3.80572418705709e-10,-1.1981857922205e-10,0.910462498171402,-0.333308963343933
5813,1.85437,0.749213,4.31871175794054e-10,-1.04072941546718e-10,0.912416143750119,0.555523964050056
5813,1.84101,0.781462,4.91400491075579e-10,-9.90688526790655e-11,0.912416143751575,-0.555523964183394
5812,1.82709,0.813473,5.46373448876435e-10,-7.45791049608484e-11,0.910462498170486,0.333308963212263
5812,1.81262,0.845237,6.11861084852442e-10,-6.45760768996292e-11,0.915346582365915,-0.777752503943209
5811,1.79759,0.876742,6.69313073634732e-10,-3.08617763036667e-11,0.909485669429635,0.111102085200681
5810,1.78201,0.907981,7.2803721662423e-10,8.22601019749847e-12,0.919253778306195,0.999999999954235
5810,1.7659,0.938943,7.98888324147483e-10,2.76344034530461e-11,0.909485669429844,-0.111102085292603
5809,1.74924,0.969619,8.58280673969574e-10,7.64816317722271e-11,0.915346582364538,0.777752503850291
5809,1.73205,1,9.33250769157929e-10,1.01279921372075e-10,0.910462498171199,-0.333308963308445
5808,1.71433,1.03008,9.92027878969048e-10,1.60011530185336e-10,0.912416143750526,0.555523964084446
5808,1.6961,1.05984,1.07052131231107e-09,1.90257055142754e-10,0.912416143751246,-0.555523964150953
5807,1.67734,1.08928,1.12738830097904e-09,2.58852038061699e-10,0.910462498170725,0.333308963242434
5807,1.65808,1.11839,1.20880917569338e-09,2.94557403581252e-10,0.915346582365508,-0.777752503915519
5806,1.6383,1.14715,1.26247630718135e-09,3.7284925092148e-10,0.909485669429676,0.11110208522853
5805,1.61803,1.17557,1.31494594758973e-09,4.57045188308057e-10,0.919253778306765,0.999999999982884
5805,1.59727,1.20363,1.39542984444315e-09,5.01662896005034e-10,0.909485669429817,-0.111102085265541
5804,1.57602,1.23132,1.44288584972266e-09,5.9513264463867e-10,0.9153465823649,0.777752503876539
5804,1.55429,1.25864,1.52442550801462e-09,6.44770053018101e-10,0.910462498170939,-0.333308963279996
5803,1.53209,1.28558,1.56565731367538e-09,7.46995560789173e-10,0.912416143750815,0.555523964114853
5803,1.50942,1.31212,1.64769386030159e-09,8.01467804880583e-10,0.91241614375085,-0.555523964118972
5802,1.48629,1.33826,1.68154599917481e-09,9.11796433472475e-10,0.910462498170897,0.333308963276791
5802,1.46271,1.364,1.7635384692533e-09,9.70878377630484e-10,0.915346582364929,-0.77775250387822
5801,1.43868,1.38932,1.78892632098812e-09,1.08853016689568e-09,0.909485669429954,0.111102085257182
5801,1.41421,1.41421,1.87035519720588e-09,1.15195848491662e-09,0.919253778307104,-0.999999999999994
850,1.38932,1.43868,1.88627847862552e-09,1.27603532473555e-09,0.909485669429991,-0.111102085260227
849,1.364,1.46271,1.89842718899927e-09,1.40493636792889e-09,0.915346582364834,0.777752503871359
849,1.33826,1.48629,1.97220347923826e-09,1.47300574335644e-09,0.910462498171096,-0.333308963290402
848,1.31212,1.50942,1.973660800076e-09,1.6068880150732e-09,0.912416143750729,0.555523964099008
848,1.28558,1.53209,2.04543781786792e-09,1.67800418195477e-09,0.912416143751184,-0.555523964140596
847,1.25864,1.55429,2.03547322579697e-09,1.81572018631313e-09,0.910462498170846,0.333308963247574
847,1.23132,1.57602,2.10486669070502e-09,1.88947843548831e-09,0.915346582365554,-0.777752503916259
846,1.20363,1.59727,2.08287215160379e-09,2.02980476504162e-09,0.90948566942978,0.111102085221654
845,1.17557,1.61803,2.05609188840349e-09,2.17366663223225e-09,0.919253778306528,0.999999999969813
845,1.14715,1.6383,2.11502965748515e-09,2.24742722362738e-09,0.909485669429915,-0.111102085282135
844,1.11839,1.65808,2.07562268031934e-09,2.39205912903157e-09,0.915346582364625,0.777752503855763
844,1.08928,1.67734,2.1312894739374e-09,2.4668021803551e-09,0.910462498171253,-0.333308963307521
843,1.05984,1.6961,2.07898690984109e-09,2.61084773596859e-09,0.912416143750542,0.555523964080906
843,1.03008,1.71433,2.13117589757206e-09,2.68609285124678e-09,0.912416143751377,-0.555523964158847
842,1,1.73205,2.06585401956612e-09,2.82817131019442e-09,0.910462498170698,0.333308963230309
842,0.969619,1.74924,2.11440080387535e-09,2.90343252858298e-09,0.915346582365766,-0.777752503931825
841,0.938943,1.7659,2.03608319262842e-09,3.04215527517648e-09,0.909485669429764,0.111102085205048
840,0.907981,1.78201,1.95271520930428e-09,3.18223989120475e-09,0.919253778306164,0.99999999995148
840,0.876742,1.79759,1.98972187997096e-09,3.2509297839061e-09,0.909485669429979,-0.11110208530158
839,0.845237,1.81262,1.89372104452987e-09,3.38569443762251e-09,0.91534658236432,0.777752503835068
839,0.813473,1.82709,1.92700308687581e-09,3.45264860149213e-09,0.91046249817139,-0.33330896333004
838,0.781462,1.84101,1.81875654933471e-09,3.58075354484375e-09,0.912416143750255,0.555523964056983
838,0.749213,1.85437,1.84834283697512e-09,3.64551092756745e-09,0.912416143751674,-0.555523964183563
837,0.716736,1.86716,1.72837579125159e-09,3.76566652431907e-09,0.910462498170584,0.333308963203304
837,0.68404,1.87939,1.75433469060119e-09,3.82778127263845e-09,0.915346582366261,-0.777752503962098
836,0.651136,1.89104,1.62330328221238e-09,3.93876017936893e-09,0.909485669429719,0.111102085173086
835,0.618034,1.90211,1.48813605503875e-09,4.04901068369338e-09,0.919253778305509,0.999999999918205
835,0.584743,1.91261,1.50442391522055e-09,4.0984494133215e-09,0.909485669430073,-0.111102085335132
834,0.551275,1.92252,1.35943642975992e-09,4.19790077025695e-09,0.915346582363819,0.777752503801204
834,0.517638,1.93185,1.37277543949114e-09,4.243253671092e-09,0.910462498171637,-0.333308963364254
833,0.483844,1.94059,1.21892272561199e-09,4.33088678531035e-09,0.912416143749877,0.55552396402192
833,0.449902,1.94874,1.22954004118329e-09,4.37181890492353e-09,0.91241614375206,-0.555523964220202
832,0.415823,1.9563,1.06787996995943e-09,4.44672518442321e-09,0.910462498170279,0.333308963168166
832,0.381618,1.96325,1.07603063362863e-09,4.48293369259992e-09,0.915346582366717,-0.777752503993703
831,0.347296,1.96962,9.07710892833358e-10,4.54432298896234e-09,0.909485669429573,0.111102085145737
830,0.312869,1.97538,7.37123876094708e-10,4.60349993174783e-09,0.919253778305012,0.99999999989529
830,0.278346,1.98054,7.39920068295742e-10,4.62274488360352e-09,0.909485669430091,-0.111102085358547
829,0.243739,1.98509,5.64547272106402e-10,4.66749869657132e-09,0.915346582363415,0.77775250377766
829,0.209057,1.98904,5.66098338461645e-10,4.68122493542677e-09,0.910462498171767,-0.333308963386422
828,0.174311,1.99239,3.87254676852141e-10,4.71109510188744e-09,0.912416143749651,0.55552396400147
828,0.139513,1.99513,3.87905090513992e-10,4.71917675767433e-09,0.912416143752224,-0.555523964238419
827,0.104672,1.99726,2.06945831346764e-10,4.73384625841052e-09,0.910462498170184,0.33330896314881
827,0.069799,1.99878,2.07049591904695e-10,4.73619636867629e-09,0.915346582367074,-0.777752504016452
826,0.0349048,1.9997,2.53563628952863e-11,4.73549319540165e-09,0.909485669429527,0.111102085121841
825,1.27747e-16,2,-1.56212795803295e-10,4.73206419625265e-09,0.919253778304535,0.999999999870799
825,-0.0349048,1.9997,-1.55759174505143e-10,4.7159654436299e-09,0.909485669430051,-0.111102085378537
824,-0.069799,1.99878,-3.35968376737423e-10,4.69718139662184e-09,0.915346582363134,0.777752503762801
824,-0.104672,1.99726,-3.34646238415571e-10,4.67538695589369e-09,0.910462498171695,-0.333308963393583
823,-0.139513,1.99513,-5.12113539246931e-10,4.64145015270248e-09,0.912416143749585,0.555523964001401
823,-0.174311,1.99239,-5.09570139766755e-10,4.61407477314042e-09,0.912416143752112,-0.555523964232297
822,-0.209057,1.98904,-6.82939971360044e-10,4.5653346567251e-09,0.910462498170195,0.333308963161685
822,-0.243739,1.98509,-6.78833007366552e-10,4.53253213975198e-09,0.915346582366744,-0.777752503996403
821,-0.278346,1.98054,-8.46788318366805e-10,4.4694823459453e-09,0.909485669429538,0.111102085145537
820,-0.312869,1.97538,-1.01222765258055e-09,4.40429367092835e-09,0.919253778305041,0.999999999897278
820,-0.347296,1.96962,-1.0020689928831e-09,4.35472468172231e-09,0.90948566942996,-0.111102085350006
819,-0.381618,1.96325,-1.16022168276608e-09,4.27618177797921e-09,0.915346582363608,0.777752503792493
819,-0.415823,1.9563,-1.14728749839553e-09,4.22206959791399e-09,0.910462498171543,-0.333308963366333
818,-0.449902,1.94874,-1.29701763873797e-09,4.13100227117078e-09,0.912416143749872,0.555523964026316
818,-0.483844,1.94059,-1.28105944902556e-09,4.07268105693018e-09,0.912416143751875,-0.555523964209561
817,-0.517638,1.93185,-1.4213163982846e-09,3.97003458703059e-09,0.910462498170336,0.333308963182646
817,-0.551275,1.92252,-1.40211413564331e-09,3.90786877824917e-09,0.915346582366457,-0.777752503976948
816,-0.584743,1.91261,-1.53194034425146e-09,3.79470528024563e-09,0.909485669429562,0.111102085165907
815,-0.618034,1.90211,-1.65740068750757e-09,3.68097702229359e-09,0.919253778305526,0.999999999919175
815,-0.651136,1.89104,-1.62786222945278e-09,3.60658900683698e-09,0.909485669429935,-0.111102085328253
814,-0.68404,1.87939,-1.74165314493184e-09,3.48404845006548e-09,0.915346582363941,0.777752503814277
814,-0.716736,1.86716,-1.70822959531968e-09,3.40738343968551e-09,0.910462498171402,-0.333308963343933
813,-0.749213,1.85437,-1.8097239214922e-09,3.27732250068851e-09,0.912416143750117,0.555523964050053
813,-0.781462,1.84101,-1.77236841586331e-09,3.19887301753269e-09,0.912416143751584,-0.555523964183396
812,-0.813473,1.82709,-1.86107186659839e-09,3.0626409789152e-09,0.910462498170484,0.33330896321226
812,-0.845237,1.81262,-1.81977868210114e-09,2.98291216766001e-09,0.91534658236591,-0.7777525039432
811,-0.876742,1.79759,-1.89533027466577e-09,2.84191455901295e-09,0.909485669429639,0.111102085200672
810,-0.907981,1.78201,-1.96565928026884e-09,2.70256912594088e-09,0.919253778306197,0.999999999954239
810,-0.938943,1.7659,-1.91232554447971e-09,2.61712232473148e-09,0.909485669429848,-0.111102085292613
809,-0.969619,1.74924,-1.96917949200466e-09,2.47509753468145e-09,0.915346582364533,0.777752503850298
809,-1,1.73205,-1.91209580297924e-09,2.39028908520638e-09,0.910462498171205,-0.333308963308436
808,-1.03008,1.71433,-1.95550996190113e-09,2.2470696416e-09,0.912416143750522,0.55552396408444
808,-1.05984,1.6961,-1.89489567299138e-09,2.16345134441128e-09,0.912416143751243,-0.555523964150944
807,-1.08928,1.67734,-1.92506868007672e-09,2.02051406832058e-09,0.910462498170733,0.33330896324243
807,-1.11839,1.65808,-1.86119346508896e-09,1.9386331467617e-09,0.915346582365511,-0.777752503915504
806,-1.14715,1.6383,-1.87848549228482e-09,1.79743255365921e-09,0.909485669429678,0.11110208522852
805,-1.17557,1.61803,-1.89093763431123e-09,1.66023876854237e-09,0.91925377830677,0.999999999982889
805,-1.20363,1.59727,-1.81660338954243e-09,1.57977953536856e-09,0.909485669429819,-0.111102085265551
804,-1.23132,1.57602,-1.81693862038187e-09,1.44629727636603e-09,0.915346582364893,0.777752503876544
804,-1.25864,1.55429,-1.74047257835927e-09,1.36943495576205e-09,0.910462498170937,-0.333308963279986
803,-1.28558,1.53209,-1.72944852445221e-09,1.24097334668263e-09,0.912416143750809,0.555523964114847
803,-1.31212,1.50942,-1.65133881363513e-09,1.16817873969843e-09,0.912416143750849,-0.555523964118962
802,-1.33826,1.48629,-1.62985418255757e-09,1.04595738073359e-09,0.910462498170897,0.333308963276791
802,-1.364,1.46271,-1.55063274164658e-09,9.77671977019744e-10,0.915346582364928,-0.77775250387821
801,-1.38932,1.43868,-1.51971844267161e-09,8.62807099133073e-10,0.909485669429954,0.111102085257172
801,-1.41421,1.41421,-1.43995988046035e-09,7.99439881998874e-10,0.919253778307104,-0.999999999999994
15850,-1.43868,1.38932,-1.40076807616576e-09,6.92929241627302e-10,0.909485669429991,-0.111102085260237
15849,-1.46271,1.364,-1.35897896528263e-09,5.92528578626788e-10,0.915346582364828,0.777752503871364
15849,-1.48629,1.33826,-1.27487722408902e-09,5.37560673141847e-10,0.910462498171103,-0.333308963290387
15848,-1.50942,1.31212,-1.2266557125707e-09,4.46631337332673e-10,0.912416143750729,0.555523964099008
15848,-1.53209,1.28558,-1.14404897606081e-09,3.97751814376748e-10,0.912416143751185,-0.555523964140586
15847,-1.55429,1.25864,-1.09079163389843e-09,3.16931871508906e-10,0.910462498170851,0.333308963247569
15847,-1.57602,1.23132,-1.01039593951608e-09,2.74352203096582e-10,0.915346582365555,-0.777752503916249
15846,-1.59727,1.20363,-9.53565244640119e-10,2.04117738934815e-10,0.909485669429784,0.111102085221639
15845,-1.61803,1.17557,-8.96268352273464e-10,1.40262966566621e-10,0.919253778306531,0.999999999969823
15845,-1.6383,1.14715,-8.17222938684544e-10,1.08654184074264e-10,0.909485669429917,-0.111102085282151
15844,-1.65808,1.11839,-7.58546866242588e-10,5.56672339887958e-11,0.915346582364627,0.777752503855772
15844,-1.67734,1.08928,-6.84054827627313e-10,3.07761424403976e-11,0.910462498171251,-0.333308963307506
15843,-1.6961,1.05984,-6.2554780155141e-10,-1.13053327699633e-11,0.912416143750542,0.555523964080906
15843,-1.71433,1.03008,-5.56372014694557e-10,-2.95170862534155e-11,0.912416143751375,-0.555523964158831
15842,-1.73205,1,-4.99579951224856e-10,-6.08361478544342e-11,0.910462498170697,0.333308963230296
15842,-1.74924,0.969619,-4.36482531803086e-10,-7.24656611390062e-11,0.915346582365764,-0.777752503931822
15841,-1.7659,0.938943,-3.82927890786342e-10,-9.33470482708671e-11,0.909485669429762,0.111102085205035
15840,-1.78201,0.907981,-3.31886642617195e-10,-1.08799998587228e-10,0.919253778306162,0.999999999951483
15840,-1.79759,0.876742,-2.77824352117859e-10,-1.09499082013295e-10,0.909485669429984,-0.111102085301589
15839,-1.81262,0.845237,-2.32153355352957e-10,-1.15432085208211e-10,0.915346582364318,0.777752503835071
15839,-1.82709,0.813473,-1.86424105682849e-10,-1.10187818283348e-10,0.910462498171391,-0.333308963330024
15838,-1.84101,0.781462,-1.47499994594223e-10,-1.07367636761329e-10,0.912416143750253,0.555523964056986
15838,-1.85437,0.749213,-1.10779703384662e-10,-9.65365636054793e-11,0.912416143751674,-0.555523964183544
15837,-1.86716,0.716736,-7.98831816215496e-11,-8.58943070348079e-11,0.910462498170589,0.333308963203294
15837,-1.87939,0.68404,-5.28168849864531e-11,-6.9887680878156e-11,0.915346582366259,-0.777752503962095
15836,-1.89104,0.651136,-3.11130381326114e-11,-5.25087634158256e-11,0.909485669429715,0.111102085173074
15835,-1.90211,0.618034,-1.44470835984855e-11,-3.22134320666303e-11,0.919253778305508,0.999999999918209
15835,-1.91261,0.584743,-2.82970835522589e-12,-8.90143164535431e-12,0.909485669430068,-0.111102085335144
15834,-1.92252,0.551275,3.17511138620346e-12,1.61614180625592e-11,0.915346582363818,0.777752503801208
15834,-1.93185,0.517638,3.51689801823943e-12,4.30603824343249e-11,0.910462498171639,-0.333308963364235
15833,-1.94059,0.483844,-1.94640376459813e-12,7.14786535999798e-11,0.912416143749876,0.555523964021923
15833,-1.94874,0.449902,-1.33139505709589e-11,1.01350102372712e-10,0.912416143752063,-0.555523964220183
15832,-1.9563,0.415823,-3.08803841819263e-11,1.31609320858461e-10,0.910462498170272,0.333308963168156
15832,-1.96325,0.381618,-5.43353706541217e-11,1.638021671136e-10,0.915346582366716,-0.7777525039937
15831,-1.96962,0.347296,-8.44554631048575e-11,1.94304656755773e-10,0.909485669429575,0.111102085145728
15830,-1.97538,0.312869,-1.20965292223033e-10,2.2404272998051e-10,0.91925377830502,0.999999999895294
15830,-1.98054,0.278346,-1.63247135402681e-10,2.57220784887208e-10,0.909485669430092,-0.111102085358556
15829,-1.98509,0.243739,-2.12643460334142e-10,2.84621199385538e-10,0.915346582363415,0.777752503777664
15829,-1.98904,0.209057,-2.67567280749301e-10,3.17943845824909e-10,0.910462498171765,-0.333308963386404
15828,-1.99239,0.174311,-3.29807641878803e-10,3.41292607367093e-10,0.912416143749651,0.555523964001473
15828,-1.99513,0.139513,-3.9745580092623e-10,3.74016657134641e-10,0.912416143752222,-0.5555239642384
15827,-1.99726,0.104672,-4.7228891381622e-10,3.91592786047724e-10,0.910462498170184,0.3333089631488
15827,-1.99878,0.069799,-5.52675955215352e-10,4.22966912520674e-10,0.915346582367074,-0.777752504016448
15826,-1.9997,0.0349048,-6.39640989916719e-10,4.33064692647502e-10,0.909485669429527,0.111102085121831
15825,-2,2.46315e-16,-7.32713022704586e-10,4.38268584423658e-10,0.919253778304535,0.999999999870803
15825,-1.9997,-0.0349048,-8.31140392427114e-10,4.63284979407889e-10,0.909485669430051,-0.111102085378547
15824,-1.99878,-0.069799,-9.35336568622003e-10,4.58451612733988e-10,0.915346582363134,0.777752503762804
15824,-1.99726,-0.104672,-1.04578777004495e-09,4.7989174796803e-10,0.910462498171696,-0.333308963393566
15823,-1.99513,-0.139513,-1.16013803960114e-09,4.63454201640833e-10,0.912416143749586,0.555523964001405
15823,-1.99239,-0.174311,-1.28231320094181e-09,4.8061433452512e-10,0.912416143752114,-0.555523964232279
15822,-1.98904,-0.209057,-1.40565272265521e-09,4.51102733330718e-10,0.910462498170195,0.333308963161688
15822,-1.98509,-0.243739,-1.53918707288148e-09,4.63301897404311e-10,0.915346582366744,-0.7777525039964
15821,-1.98054,-0.278346,-1.67016747532891e-09,4.19363086194552e-10,0.909485669429545,0.111102085145526
15820,-1.97538,-0.312869,-1.80527027005259e-09,3.66831169569155e-10,0.919253778305042,0.999999999897283
15820,-1.96962,-0.347296,-1.9517345292814e-09,3.66363767998369e-10,0.909485669429957,-0.111102085350017
15819,-1.96325,-0.381618,-2.09225835301991e-09,2.97546374562673e-10,0.915346582363609,0.777752503792499
15819,-1.9563,-0.415823,-2.24818724954773e-09,2.90421277849338e-10,0.910462498171549,-0.333308963366345
15818,-1.94874,-0.449902,-2.39239071928376e-09,2.04346685928121e-10,0.912416143749872,0.555523964026319
15818,-1.94059,-0.483844,-2.55716149810747e-09,1.90063639829377e-10,0.91241614375188,-0.555523964209544
15817,-1.93185,-0.517638,-2.70317439005448e-09,8.59393150788123e-11,0.910462498170337,0.33330896318265
15817,-1.92252,-0.551275,-2.87611816238219e-09,6.40462540028931e-11,0.915346582366458,-0.777752503976945
15816,-1.91261,-0.584743,-3.02195770132873e-09,-5.87317982929057e-11,0.909485669429567,0.111102085165898
15815,-1.90211,-0.618034,-3.16859707106436e-09,-1.92550079612549e-10,0.919253778305528,0.999999999919178
15815,-1.89104,-0.651136,-3.34595039299684e-09,-2.30465556827729e-10,0.90948566942994,-0.111102085328262
15814,-1.87939,-0.68404,-3.48942951279704e-09,-3.83560555297894e-10,0.915346582363942,0.77775250381428
15814,-1.86716,-0.716736,-3.67225375764376e-09,-4.29781121799189e-10,0.910462498171397,-0.333308963343943
15813,-1.85437,-0.749213,-3.81041690865459e-09,-6.02203873094417e-10,0.912416143750119,0.555523964050056
15813,-1.84101,-0.781462,-3.99789755459337e-09,-6.56908900320527e-10,0.912416143751582,-0.555523964183381
15812,-1.82709,-0.813473,-4.12856201618656e-09,-8.48488634822804e-10,0.910462498170486,0.333308963212263
15812,-1.81262,-0.845237,-4.319867967539e-09,-9.11795791285674e-10,0.915346582365912,-0.777752503943197
15811,-1.79759,-0.876742,-4.44084127330783e-09,-1.12214240723516e-09,0.909485669429641,0.111102085200675
15810,-1.78201,-0.907981,-4.55867792258797e-09,-1.3441439070423e-09,0.919253778306197,0.999999999954239
15810,-1.7659,-0.938943,-4.74423099216541e-09,-1.42259836063215e-09,0.90948566942985,-0.11110208529261
15809,-1.74924,-0.969619,-4.84929877346659e-09,-1.66247603878844e-09,0.915346582364535,0.777752503850301
15809,-1.73205,-1,-5.03574474889798e-09,-1.74898899124734e-09,0.9104624981712,-0.333308963308458
15808,-1.71433,-1.03008,-5.12595706754893e-09,-2.00576745030179e-09,0.912416143750526,0.555523964084446
15808,-1.6961,-1.05984,-5.31246750853239e-09,-2.1001584966611e-09,0.912416143751243,-0.555523964150944
15807,-1.67734,-1.08928,-5.38581776846024e-09,-2.37265161213851e-09,0.910462498170725,0.333308963242434
15807,-1.65808,-1.11839,-5.57157793403269e-09,-2.47467937654775e-09,0.915346582365503,-0.7777525039155
15806,-1.6383,-1.14715,-5.62615793539037e-09,-2.76149737427208e-09,0.90948566942967,0.111102085228524
15805,-1.61803,-1.17557,-5.67395292966981e-09,-3.05862085757236e-09,0.919253778306763,0.999999999982893
15805,-1.59727,-1.20363,-5.8443975561912e-09,-3.1704087875262e-09,0.909485669429812,-0.111102085265547
15804,-1.57602,-1.23132,-5.87098047424052e-09,-3.47953444324679e-09,0.915346582364898,0.777752503876549
15804,-1.55429,-1.25864,-6.03813861594141e-09,-3.59723666747241e-09,0.910462498170935,-0.333308963280012
15803,-1.53209,-1.28558,-6.04198476101853e-09,-3.91648395741248e-09,0.912416143750815,0.555523964114853
15803,-1.50942,-1.31212,-6.2051922313242e-09,-4.03961099403232e-09,0.912416143750855,-0.555523964118957
15802,-1.48629,-1.33826,-6.18495451586624e-09,-4.36695272530564e-09,0.910462498170897,0.333308963276791
15802,-1.46271,-1.364,-6.34358950069395e-09,-4.49497203754432e-09,0.915346582364928,-0.77775250387821
15801,-1.43868,-1.38932,-6.29811116893304e-09,-4.82824926779539e-09,0.909485669429954,0.111102085257172
15801,-1.41421,-1.41421,-6.45159604820782e-09,-4.96058766850366e-09,0.919253778307098,-0.999999999999989
10084,-1.38932,-1.43868,-6.37992961273174e-09,-5.29752323575914e-09,-0.909485669429983,0.111102085260242
10184,-1.364,-1.46271,-6.29877265393607e-09,-5.64070368043094e-09,-0.915346582364814,-0.777752503871363
10184,-1.33826,-1.48629,-6.42915438334169e-09,-5.77179230824304e-09,-0.910462498171062,0.333308963290425
10284,-1.31212,-1.50942,-6.32095947594231e-09,-6.11519184788208e-09,-0.912416143750702,-0.555523964098991
10284,-1.28558,-1.53209,-6.44480707342513e-09,-6.24797014969497e-09,-0.912416143751175,0.55552396414059
10384,-1.25864,-1.55429,-6.30919991798696e-09,-6.58911349118671e-09,-0.910462498170858,-0.333308963247603
10384,-1.23132,-1.57602,-6.42619496235212e-09,-6.72288778680503e-09,-0.915346582365569,0.777752503916277
10484,-1.20363,-1.59727,-6.26305114106998e-09,-7.0592529053548e-09,-0.909485669429755,-0.111102085221656
10584,-1.17557,-1.61803,-6.08998477189417e-09,-7.39888953055544e-09,-0.919253778306467,-0.999999999969833
10584,-1.14715,-1.6383,-6.18238942704759e-09,-7.52236397516865e-09,-0.909485669429891,0.111102085282108
10684,-1.11839,-1.65808,-5.98221358254294e-09,-7.85355104040702e-09,-0.915346582364624,-0.777752503855743
10684,-1.08928,-1.67734,-6.06740047378355e-09,-7.97521774771348e-09,-0.910462498171255,0.333308963307532
10784,-1.05984,-1.6961,-5.84062205009957e-09,-8.29546246830888e-09,-0.912416143750544,-0.555523964080908
10784,-1.03008,-1.71433,-5.91856556238949e-09,-8.41463222551916e-09,-0.912416143751393,0.555523964158839
10884,-1,-1.73205,-5.66594003652966e-09,-8.72149596930127e-09,-0.910462498170715,-0.333308963230315
10884,-0.969619,-1.74924,-5.7366743691021e-09,-8.8374962331528e-09,-0.915346582365772,0.777752503931858
10984,-0.938943,-1.7659,-5.45921214760844e-09,-9.12862651214439e-09,-0.909485669429763,-0.111102085205032
11084,-0.907981,-1.78201,-5.17325494490351e-09,-9.41893177553949e-09,-0.919253778306154,-0.99999999995149
11084,-0.876742,-1.79759,-5.22177285402544e-09,-9.51398217339697e-09,-0.909485669429981,0.111102085301552
11184,-0.845237,-1.81262,-4.91298723628264e-09,-9.78536947871515e-09,-0.915346582364332,-0.777752503835052
11184,-0.813473,-1.82709,-4.95520081359908e-09,-9.87486763703407e-09,-0.910462498171421,0.333308963330044
11284,-0.781462,-1.84101,-4.62509119492559e-09,-1.01253342834349e-08,-0.912416143750289,-0.555523964056998
11284,-0.749213,-1.85437,-4.66129264572609e-09,-1.02087622719732e-08,-0.912416143751684,0.555523964183542
11384,-0.716736,-1.86716,-4.31155175519017e-09,-1.04364498358445e-08,-0.910462498170579,-0.333308963203316
11384,-0.68404,-1.87939,-4.34207290358144e-09,-1.05133231852175e-08,-0.915346582366256,0.777752503962127
11484,-0.651136,-1.89104,-3.97459429060016e-09,-1.07165376711511e-08,-0.9094856694297,-0.111102085173069
11584,-0.618034,-1.90211,-3.60169756119221e-09,-1.09157717822954e-08,-0.919253778305473,-0.9999999999182
11584,-0.584743,-1.91261,-3.61665205055555e-09,-1.09636685095103e-08,-0.909485669430035,0.111102085335111
11684,-0.551275,-1.92252,-3.22919470513001e-09,-1.11363321556798e-08,-0.915346582363772,-0.777752503801188
11684,-0.517638,-1.93185,-3.24030056059714e-09,-1.11761873638412e-08,-0.910462498171642,0.333308963364261
11784,-0.483844,-1.94059,-2.84047749773323e-09,-1.13211226274191e-08,-0.912416143749915,-0.555523964021929
11784,-0.449902,-1.94874,-2.84822383811895e-09,-1.1352696553597e-08,-0.912416143752077,0.555523964220183
11884,-0.415823,-1.9563,-2.4383366113811e-09,-1.14689498244014e-08,-0.910462498170266,-0.33330896316818
11884,-0.381618,-1.96325,-2.44322886013172e-09,-1.14920483334876e-08,-0.915346582366712,0.777752503993725
11984,-0.347296,-1.96962,-2.02568623737347e-09,-1.15788888497373e-08,-0.909485669429565,-0.111102085145729
12084,-0.312869,-1.97538,-1.60685616165028e-09,-1.16601162169113e-08,-0.919253778305011,-0.999999999895287
12084,-0.278346,-1.98054,-1.60551328128321e-09,-1.16503170077625e-08,-0.909485669430107,0.111102085358526
12184,-0.243739,-1.98509,-1.18275873205294e-09,-1.17014948097242e-08,-0.915346582363447,-0.777752503777644
12184,-0.209057,-1.98904,-1.18082630242231e-09,-1.16829113222158e-08,-0.910462498171781,0.333308963386432
12284,-0.174311,-1.99239,-7.56626602053194e-10,-1.17039166136712e-08,-0.912416143749663,-0.555523964001473
12284,-0.139513,-1.99513,-7.54641891236376e-10,-1.16766361755322e-08,-0.912416143752267,0.555523964238395
12384,-0.104672,-1.99726,-3.3148029751809e-10,-1.16675853189434e-08,-0.910462498170238,-0.333308963148834
12384,-0.069799,-1.99878,-3.29971819059598e-10,-1.16317506602078e-08,-0.915346582367131,0.777752504016471
12484,-0.0349048,-1.9997,8.97046368375471e-11,-1.1593004135817e-08,-0.909485669429557,-0.111102085121833
12584,-4.35203e-16,-2,5.06294005391877e-10,-1.15488115928937e-08,-0.919253778304537,-0.999999999870803
12584,0.0349048,-1.9997,5.04044235263235e-10,-1.14809607846214e-08,-0.909485669430058,0.111102085378513
12684,0.069799,-1.99878,9.13629480793213e-10,-1.14079795661517e-08,-0.915346582363139,-0.777752503762792
12684,0.104672,-1.99726,9.08763774863239e-10,-1.13324989750078e-08,-0.9104624981717,0.333308963393593
12784,0.139513,-1.99513,1.30911087130234e-09,-1.12316336987914e-08,-0.912416143749591,-0.555523964001403
12784,0.174311,-1.99239,1.30119602787951e-09,-1.11489046354192e-08,-0.912416143752134,0.555523964232273
12884,0.209057,-1.98904,1.69016085623595e-09,-1.10212630226335e-08,-0.91046249817019,-0.333308963161724
12884,0.243739,-1.98509,1.67879514322277e-09,-1.09317070320748e-08,-0.915346582366752,0.777752503996427
12984,0.278346,-1.98054,2.05435810584984e-09,-1.07785931121112e-08,-0.909485669429543,-0.111102085145531
13084,0.312869,-1.97538,2.42318479089375e-09,-1.06218478988506e-08,-0.919253778305079,-0.999999999897294
13084,0.347296,-1.96962,2.39947118324048e-09,-1.05055620499839e-08,-0.909485669429971,0.111102085349981
13184,0.381618,-1.96325,2.75214852890972e-09,-1.03255048846686e-08,-0.915346582363621,-0.777752503792476
13184,0.415823,-1.9563,2.72346544037895e-09,-1.02042922816936e-08,-0.910462498171561,0.33330896336634
13284,0.449902,-1.94874,3.05837328020013e-09,-1.00026295063186e-08,-0.912416143749886,-0.555523964026324
13284,0.483844,-1.94059,3.02450722767323e-09,-9.87707524562733e-09,-0.912416143751904,0.555523964209538
13384,0.517638,-1.93185,3.34020729253956e-09,-9.65564495258931e-09,-0.910462498170363,-0.333308963182687
13384,0.551275,-1.92252,3.30098935536447e-09,-9.52635046792586e-09,-0.915346582366464,0.777752503976962
13484,0.584743,-1.91261,3.59624834394762e-09,-9.28709274205516e-09,-0.909485669429569,-0.111102085165906
13584,0.618034,-1.90211,3.88247435834307e-09,-9.04714270165015e-09,-0.919253778305519,-0.999999999919186
13584,0.651136,-1.89104,3.82533289387843e-09,-8.89959759855301e-09,-0.909485669429928,0.111102085328226
13684,0.68404,-1.87939,4.08959571415605e-09,-8.64471408220459e-09,-0.915346582363942,-0.777752503814258
13684,0.716736,-1.86716,4.02651540303759e-09,-8.4958564800446e-09,-0.910462498171394,0.333308963343945
13784,0.749213,-1.85437,4.26804013179848e-09,-8.22816334918745e-09,-0.912416143750121,-0.555523964050058
13784,0.781462,-1.84101,4.19907757248096e-09,-8.07863427215774e-09,-0.91241614375158,0.555523964183364
13884,0.813473,-1.82709,4.41730089667471e-09,-7.80029960628626e-09,-0.91046249817049,-0.333308963212306
13884,0.845237,-1.81262,4.34255830910022e-09,-7.6507333637732e-09,-0.915346582365913,0.777752503943214
13984,0.876742,-1.79759,4.53713801580093e-09,-7.36393425163285e-09,-0.909485669429626,-0.1111020852007
14084,0.907981,-1.78201,4.72196336524232e-09,-7.07982026109452e-09,-0.919253778306215,-0.999999999954254
14084,0.938943,-1.7659,4.62755130348216e-09,-6.92185252690946e-09,-0.909485669429858,0.111102085292581
14184,0.969619,-1.74924,4.788525879203e-09,-6.63233879163891e-09,-0.915346582364524,-0.777752503850263
14184,1,-1.73205,4.68876182779766e-09,-6.47680536375873e-09,-0.910462498171194,0.333308963308465
14284,1.03008,-1.71433,4.82602064938126e-09,-6.1840299106313e-09,-0.91241614375052,-0.55552396408445
14284,1.05984,-1.6961,4.72121787773322e-09,-6.03149389784463e-09,-0.912416143751235,0.55552396415093
14384,1.08928,-1.67734,4.83509229290824e-09,-5.73754358739569e-09,-0.910462498170724,-0.333308963242461
14384,1.11839,-1.65808,4.72559870841448e-09,-5.58853845842201e-09,-0.915346582365498,0.777752503915531
14484,1.14715,-1.6383,4.81660527590215e-09,-5.29542567322639e-09,-0.909485669429676,-0.111102085228531
14584,1.17557,-1.61803,4.8987190203905e-09,-5.00810649501427e-09,-0.919253778306762,-0.999999999982903
14584,1.20363,-1.59727,4.77161763169329e-09,-4.86010250991824e-09,-0.909485669429825,0.1111020852655
14684,1.23132,-1.57602,4.83185344610577e-09,-4.57629584353846e-09,-0.91534658236492,-0.777752503876537
14684,1.25864,-1.55429,4.7013631109847e-09,-4.43387526253094e-09,-0.910462498170955,0.333308963280004
14784,1.28558,-1.53209,4.74062729852796e-09,-4.15536618853646e-09,-0.912416143750819,-0.555523964114867
14784,1.31212,-1.50942,4.60724786978541e-09,-4.01890536351762e-09,-0.912416143750872,0.555523964118932
14884,1.33826,-1.48629,4.6265931329548e-09,-3.74735703097464e-09,-0.910462498170903,-0.333308963276861
14884,1.364,-1.46271,4.4908417470667e-09,-3.61718992842369e-09,-0.915346582364901,0.777752503878194
14984,1.38932,-1.43868,4.49144841148007e-09,-3.35412948801905e-09,-0.909485669429939,-0.111102085257194
14984,1.41421,-1.41421,4.35385524693069e-09,-3.23054597742224e-09,-0.919253778307102,0.999999999999985
5850,1.43868,-1.38932,4.33701000480605e-09,-2.97735975991509e-09,0.909485669429985,-0.111102085260202
5849,1.46271,-1.364,4.31397287436041e-09,-2.73269144384016e-09,0.915346582364833,0.777752503871339
5849,1.48629,-1.33826,4.16519654190523e-09,-2.61853390187391e-09,0.910462498171102,-0.333308963290407
5848,1.50942,-1.31212,4.12671324866847e-09,-2.38536873497183e-09,0.91241614375073,0.555523964099018
5848,1.53209,-1.28558,3.97801153808245e-09,-2.27894027906694e-09,0.912416143751186,-0.555523964140576
5847,1.55429,-1.25864,3.92557341263349e-09,-2.05828253850216e-09,0.91046249817085,0.333308963247604
5847,1.57602,-1.23132,3.77752270782934e-09,-1.95966520222388e-09,0.91534658236556,-0.777752503916265
5846,1.59727,-1.20363,3.71266894390883e-09,-1.75236395282505e-09,0.909485669429786,0.111102085221649
5845,1.61803,-1.17557,3.64391716792771e-09,-1.55413531929348e-09,0.919253778306525,0.999999999969829
5845,1.6383,-1.14715,3.49014642190097e-09,-1.46834769206889e-09,0.909485669429914,-0.11110208528211
5844,1.65808,-1.11839,3.41124706381739e-09,-1.28431770789883e-09,0.915346582364627,0.777752503855747
5844,1.67734,-1.08928,3.26017341729616e-09,-1.20676795289649e-09,0.910462498171258,-0.333308963307527
5843,1.6961,-1.05984,3.17274041013409e-09,-1.037385587373e-09,0.912416143750537,0.555523964080912
5843,1.71433,-1.03008,3.02492045495713e-09,-9.67953947365975e-10,0.912416143751378,-0.555523964158821
5842,1.73205,-1,2.93056512298597e-09,-8.13508966879775e-10,0.910462498170701,0.333308963230334
5842,1.74924,-0.969619,2.78653864288851e-09,-7.52037772116206e-10,0.915346582365767,-0.777752503931841
5841,1.7659,-0.938943,2.68685401943487e-09,-6.12671529276619e-10,0.909485669429766,0.111102085205045
5840,1.78201,-0.907981,2.58630691277349e-09,-4.8210858181263e-10,0.919253778306158,0.99999999995149
5840,1.79759,-0.876742,2.44369709573188e-09,-4.34679434305289e-10,0.909485669429983,-0.111102085301555
5839,1.81262,-0.845237,2.34005947489047e-09,-3.1903273240721e-10,0.915346582364319,0.777752503835052
5839,1.82709,-0.813473,2.20313349386305e-09,-2.7916295291552e-10,0.910462498171384,-0.333308963330046
5838,1.84101,-0.781462,2.09791834487755e-09,-1.78215299380664e-10,0.912416143750258,0.555523964056995
5838,1.85437,-0.749213,1.96713655334334e-09,-1.45579881433221e-10,0.91241614375167,-0.555523964183538
5837,1.86716,-0.716736,1.86179889649035e-09,-5.89830381467299e-11,0.91046249817059,0.333308963203332
5837,1.87939,-0.68404,1.73759858342367e-09,-3.32296728235041e-11,0.915346582366259,-0.777752503962114
5836,1.89104,-0.651136,1.63352676516923e-09,3.94815015661069e-11,0.909485669429712,0.11110208517308
5835,1.90211,-0.618034,1.53127917032746e-09,1.04754957265056e-10,0.919253778305505,0.999999999918216
5835,1.91261,-0.584743,1.41483716231457e-09,1.18133259892392e-10,0.909485669430072,-0.111102085335106
5834,1.92252,-0.551275,1.31572067277211e-09,1.70495707803695e-10,0.915346582363824,0.777752503801191
5834,1.93185,-0.517638,1.20736842837314e-09,1.78064046852076e-10,0.910462498171638,-0.333308963364257
5833,1.94059,-0.483844,1.1125872003316e-09,2.18261168437635e-10,0.912416143749874,0.555523964021932
5833,1.94874,-0.449902,1.01264932880053e-09,2.20496537565918e-10,0.91241614375206,-0.555523964220175
5832,1.9563,-0.415823,9.23315143748765e-10,2.49375446341482e-10,0.910462498170272,0.333308963168192
5832,1.96325,-0.381618,8.32088737082269e-10,2.46773496313845e-10,0.915346582366721,-0.777752503993719
5831,1.96962,-0.347296,7.49214345584506e-10,2.65277622836984e-10,0.909485669429573,0.111102085145735
5830,1.97538,-0.312869,6.70168434154464e-10,2.785611013899e-10,0.919253778305019,0.999999999895301
5830,1.98054,-0.278346,5.91456930063176e-10,2.67520813808126e-10,0.909485669430095,-0.11110208535852
5829,1.98509,-0.243739,5.20127699160267e-10,2.72089446522772e-10,0.915346582363408,0.777752503777643
5829,1.98904,-0.209057,4.51055506830239e-10,2.5776816788009e-10,0.910462498171767,-0.333308963386425
5828,1.99239,-0.174311,3.88156975363045e-10,2.54810781554132e-10,0.91241614374965,0.555523964001481
5828,1.99513,-0.139513,3.28835412335955e-10,2.37776496261089e-10,0.912416143752221,-0.555523964238393
5827,1.99726,-0.104672,2.74925862083051e-10,2.28543273340675e-10,0.910462498170182,0.333308963148836
5827,1.99878,-0.069799,2.25413442189138e-10,2.09363743809616e-10,0.915346582367075,-0.777752504016468
5826,1.9997,-0.0349048,1.80890408255564e-10,1.95125675611956e-10,0.909485669429527,0.111102085121839
