origElemNum,globCoord-x,globCoord-y,acouIntensity-x,acouIntensity-y,locCoord-xi,locCoord-eta
5825,2,-2.20442e-18,1.26895948735044e-07,-1.17809500909896e-07,0.919253778304535,0.999999999870795
5825,1.9997,0.0349048,1.06775809838593e-07,-1.05347598612389e-07,0.909485669430051,-0.11110208537854
5824,1.99878,0.069799,8.8131323346623e-08,-9.00788162950626e-08,0.915346582363134,0.7777525037628
5824,1.99726,0.104672,7.11119088634436e-08,-7.80312494569187e-08,0.910462498171695,-0.333308963393583
5823,1.99513,0.139513,5.55425239786993e-08,-6.4171511716574e-08,0.912416143749585,0.555523964001403
5823,1.99239,0.174311,4.1668433705926e-08,-5.23531967945282e-08,0.912416143752112,-0.555523964232293
5822,1.98904,0.209057,2.9281555926086e-08,-3.95148000897276e-08,0.910462498170195,0.33330896316169
5822,1.98509,0.243739,1.85827930664066e-08,-2.7737918123803e-08,0.915346582366752,-0.777752503996411
5821,1.98054,0.278346,9.44138085743205e-09,-1.55255285605635e-08,0.909485669429537,0.111102085145532
5820,1.97538,0.312869,1.92385257955941e-09,-3.54359164383214e-09,0.91925377830504,0.999999999897275
5820,1.96962,0.347296,-3.94497670390188e-09,8.38264982279404e-09,0.909485669429959,-0.111102085350008
5819,1.96325,0.381618,-8.20687434777647e-09,2.03828574412715e-08,0.915346582363608,0.777752503792493
5819,1.9563,0.415823,-1.09042434044726e-08,3.27928368390395e-08,0.910462498171543,-0.333308963366333
5818,1.94874,0.449902,-1.19603274259606e-08,4.5201741680814e-08,0.912416143749872,0.555523964026318
5818,1.94059,0.483844,-1.1522507052761e-08,5.827923991803e-08,0.912416143751876,-0.555523964209557
5817,1.93185,0.517638,-9.4666430946382e-09,7.14776853271255e-08,0.910462498170338,0.333308963182653
5817,1.92252,0.551275,-5.94493184319504e-09,8.54024218249182e-08,0.915346582366455,-0.777752503976955
5816,1.91261,0.584743,-9.14497033808794e-10,9.97577395148101e-08,0.909485669429567,0.111102085165898
5815,1.90211,0.618034,5.53453979782981e-09,1.14981485300915e-07,0.919253778305533,0.999999999919169
5815,1.89104,0.651136,1.34496232243791e-08,1.30565927957806e-07,0.909485669429933,-0.111102085328256
5814,1.87939,0.68404,2.25858699539317e-08,1.47513533484737e-07,0.915346582363941,0.777752503814277
5814,1.86716,0.716736,3.33227034576517e-08,1.64398112293785e-07,0.910462498171402,-0.333308963343933
5813,1.85437,0.749213,4.49041647416906e-08,1.83383980712057e-07,0.912416143750119,0.555523964050056
5813,1.84101,0.781462,5.8346925230243e-08,2.01716038876279e-07,0.912416143751575,-0.555523964183394
5812,1.82709,0.813473,7.20930660745672e-08,2.23025234550642e-07,0.910462498170486,0.333308963212263
5812,1.81262,0.845237,8.81115018386127e-08,2.42940874943589e-07,0.915346582365915,-0.777752503943209
5811,1.79759,0.876742,1.03705588677364e-07,2.66825257779567e-07,0.909485669429635,0.111102085200681
5810,1.78201,0.907981,1.20102425766249e-07,2.92478295370125e-07,0.919253778306195,0.999999999954235
5810,1.7659,0.938943,1.39247940703915e-07,3.1512368531682e-07,0.909485669429844,-0.111102085292603
5809,1.74924,0.969619,1.56955974607241e-07,3.4371029719318e-07,0.915346582364538,0.777752503850291
5809,1.73205,1,1.78183664891729e-07,3.68206734565797e-07,0.910462498171199,-0.333308963308445
5808,1.71433,1.03008,1.9681060028249e-07,3.9987910453858e-07,0.912416143750526,0.555523964084446
5808,1.6961,1.05984,2.1993832835683e-07,4.2630231431665e-07,0.912416143751246,-0.555523964150953
5807,1.67734,1.08928,2.39068450430654e-07,4.61168364596249e-07,0.910462498170725,0.333308963242434
5807,1.65808,1.11839,2.63904957124021e-07,4.89577938825673e-07,0.915346582365508,-0.777752503915519
5806,1.6383,1.14715,2.83102804465905e-07,5.2769846870795e-07,0.909485669429676,0.11110208522853
5805,1.61803,1.17557,3.02197871903583e-07,5.68114595173754e-07,0.919253778306765,0.999999999982884
5805,1.59727,1.20363,3.28261822515664e-07,5.99518115501764e-07,0.909485669429817,-0.111102085265541
5804,1.57602,1.23132,3.46748450249245e-07,6.43227052463134e-07,0.9153465823649,0.777752503876539
5804,1.55429,1.25864,3.73874156793705e-07,6.7659805355985e-07,0.910462498170939,-0.333308963279996
5803,1.53209,1.28558,3.91290404483791e-07,7.23518190192727e-07,0.912416143750815,0.555523964114853
5803,1.50942,1.31212,4.1925612363908e-07,7.58828723007379e-07,0.91241614375085,-0.555523964118972
5802,1.48629,1.33826,4.35138565212714e-07,8.0881764251048e-07,0.910462498170897,0.333308963276791
5802,1.46271,1.364,4.63718325837529e-07,8.46015847404026e-07,0.915346582364929,-0.77775250387822
5801,1.43868,1.38932,4.77608709315301e-07,8.98867793561701e-07,0.909485669429954,0.111102085257182
5801,1.41421,1.41421,5.06574607466193e-07,9.37877666283529e-07,0.919253778307104,-0.999999999999994
850,1.38932,1.43868,5.18027832619424e-07,9.93325247108385e-07,0.909485669429991,-0.111102085260227
849,1.364,1.46271,5.28220074077103e-07,1.05096821271342e-06,0.915346582364834,0.777752503871359
849,1.33826,1.48629,5.55744686270478e-07,1.09176453311022e-06,0.910462498171096,-0.333308963290402
848,1.31212,1.50942,5.62900083318149e-07,1.1515406283261e-06,0.912416143750729,0.555523964099008
848,1.28558,1.53209,5.9013972898143e-07,1.1936777086039e-06,0.912416143751184,-0.555523964140596
847,1.25864,1.55429,5.93885910716056e-07,1.25517211435158e-06,0.910462498170846,0.333308963247574
847,1.23132,1.57602,6.20635935020275e-07,1.29847919778667e-06,0.915346582365554,-0.777752503916259
846,1.20363,1.59727,6.20643054932072e-07,1.36123088587729e-06,0.90948566942978,0.111102085221654
845,1.17557,1.61803,6.18881205721001e-07,1.42574411833046e-06,0.919253778306528,0.999999999969813
845,1.14715,1.6383,6.42701986930766e-07,1.46904216807292e-06,0.909485669429915,-0.111102085282135
844,1.11839,1.65808,6.3682987962423e-07,1.53412420211986e-06,0.915346582364625,0.777752503855763
844,1.08928,1.67734,6.59667557699389e-07,1.57791451471192e-06,0.910462498171253,-0.333308963307521
843,1.05984,1.6961,6.49486504326654e-07,1.64306714636469e-06,0.912416143750542,0.555523964080906
843,1.03008,1.71433,6.71223869774979e-07,1.6871638103247e-06,0.912416143751377,-0.555523964158847
842,1,1.73205,6.56589789826407e-07,1.751902267537e-06,0.910462498170698,0.333308963230309
842,0.969619,1.74924,6.77134429233872e-07,1.79613107471646e-06,0.915346582365766,-0.777752503931825
841,0.938943,1.7659,6.5795663697739e-07,1.85999235939138e-06,0.909485669429764,0.111102085205048
840,0.907981,1.78201,6.3668569702499e-07,1.92485546780726e-06,0.919253778306164,0.99999999995148
840,0.876742,1.79759,6.53477124070678e-07,1.96673945067374e-06,0.909485669429979,-0.11110208530158
839,0.845237,1.81262,6.27616499951913e-07,2.03010587140876e-06,0.91534658236432,0.777752503835068
839,0.813473,1.82709,6.43105969610147e-07,2.07158694900641e-06,0.91046249817139,-0.33330896333004
838,0.781462,1.84101,6.12673225824864e-07,2.13305703815575e-06,0.912416143750255,0.555523964056983
838,0.749213,1.85437,6.26850596744336e-07,2.1740162167268e-06,0.912416143751674,-0.555523964183563
837,0.716736,1.86716,5.91896144544306e-07,2.23321262377929e-06,0.910462498170584,0.333308963203304
837,0.68404,1.87939,6.04762380207324e-07,2.2735368400265e-06,0.915346582366261,-0.777752503962098
836,0.651136,1.89104,5.65367692628268e-07,2.33009518061543e-06,0.909485669429719,0.111102085173086
835,0.618034,1.90211,5.23816261954115e-07,2.3869292339027e-06,0.919253778305509,0.999999999918205
835,0.584743,1.91261,5.33208710506769e-07,2.4232289009564e-06,0.909485669430073,-0.111102085335132
834,0.551275,1.92252,4.87388814840781e-07,2.47688590384917e-06,0.915346582363819,0.777752503801204
834,0.517638,1.93185,4.95577246942771e-07,2.51212874341209e-06,0.910462498171637,-0.333308963364254
833,0.483844,1.94059,4.45651869657688e-07,2.56224072416281e-06,0.912416143749877,0.55552396402192
833,0.449902,1.94874,4.52670076232582e-07,2.59629882650723e-06,0.91241614375206,-0.555523964220202
832,0.415823,1.9563,3.98837011557213e-07,2.64249802493087e-06,0.910462498170279,0.333308963168166
832,0.381618,1.96325,4.04726905781009e-07,2.67523877743892e-06,0.915346582366717,-0.777752503993703
831,0.347296,1.96962,3.47222056926881e-07,2.71716488573047e-06,0.909485669429573,0.111102085145737
830,0.312869,1.97538,2.87862443326938e-07,2.75861836492365e-06,0.919253778305012,0.99999999989529
830,0.278346,1.98054,2.91132914546018e-07,2.78575804041847e-06,0.909485669430091,-0.111102085358547
829,0.243739,1.98509,2.28543767537541e-07,2.82242205043045e-06,0.915346582363415,0.77775250377766
829,0.209057,1.98904,2.30943451375293e-07,2.84780714471897e-06,0.910462498171767,-0.333308963386422
828,0.174311,1.99239,1.65462499779078e-07,2.87935875878903e-06,0.912416143749651,0.55552396400147
828,0.139513,1.99513,1.6707427030661e-07,2.90286311789244e-06,0.912416143752224,-0.555523964238419
827,0.104672,1.99726,9.90732042399387e-08,2.92900488769532e-06,0.910462498170184,0.33330896314881
827,0.069799,1.99878,9.99894948958849e-08,2.95050844837846e-06,0.915346582367074,-0.777752504016452
826,0.0349048,1.9997,2.98682939908915e-08,2.97097659974231e-06,0.909485669429527,0.111102085121841
825,1.27747e-16,2,-4.13471244623024e-08,2.9903689410876e-06,0.919253778304535,0.999999999870799
825,-0.0349048,1.9997,-4.16269934678387e-08,3.00493788651687e-06,0.909485669430051,-0.111102085378537
824,-0.069799,1.99878,-1.14295950562991e-07,3.01833763593836e-06,0.915346582363134,0.777752503762801
824,-0.104672,1.99726,-1.14857228548507e-07,3.03060120646865e-06,0.910462498171695,-0.333308963393583
823,-0.139513,1.99513,-1.88521468897607e-07,3.03784315107399e-06,0.912416143749585,0.555523964001401
823,-0.174311,1.99239,-1.89238925431049e-07,3.04772834429776e-06,0.912416143752112,-0.555523964232297
822,-0.209057,1.98904,-2.6342078031462e-07,3.04868876577243e-06,0.910462498170195,0.333308963161685
822,-0.243739,1.98509,-2.6416378525542e-07,3.05613340286804e-06,0.915346582366744,-0.777752503996403
821,-0.278346,1.98054,-3.3837169108804e-07,3.05073046035343e-06,0.909485669429538,0.111102085145537
820,-0.312869,1.97538,-4.1266606868405e-07,3.04401530598061e-06,0.919253778305041,0.999999999897278
820,-0.347296,1.96962,-4.12739762502478e-07,3.04387429443337e-06,0.90948566942996,-0.111102085350006
819,-0.381618,1.96325,-4.86284759564599e-07,3.03076058446705e-06,0.915346582363608,0.777752503792493
819,-0.415823,1.9563,-4.85881900584662e-07,3.02807695195905e-06,0.910462498171543,-0.333308963366333
818,-0.449902,1.94874,-5.58172097561864e-07,3.00858937924615e-06,0.912416143749872,0.555523964026316
818,-0.483844,1.94059,-5.57149926369705e-07,3.00334853250125e-06,0.912416143751875,-0.555523964209561
817,-0.517638,1.93185,-6.27682468295101e-07,2.97755714447785e-06,0.910462498170336,0.333308963182646
817,-0.551275,1.92252,-6.25898662991665e-07,2.96975947961281e-06,0.915346582366457,-0.777752503976948
816,-0.584743,1.91261,-6.94181392559769e-07,2.93778296618309e-06,0.909485669429562,0.111102085165907
815,-0.618034,1.90211,-7.61506022580929e-07,2.90469645597585e-06,0.919253778305526,0.999999999919175
815,-0.651136,1.89104,-7.57051186746182e-07,2.88945095713469e-06,0.909485669429935,-0.111102085328253
814,-0.68404,1.87939,-8.2139553822767e-07,2.85046326299294e-06,0.915346582363941,0.777752503814277
814,-0.716736,1.86716,-8.1569601886237e-07,2.83281733373776e-06,0.910462498171402,-0.333308963343933
813,-0.749213,1.85437,-8.76612792629671e-07,2.78818127427212e-06,0.912416143750117,0.555523964050053
813,-0.781462,1.84101,-8.69551643487181e-07,2.76821659343237e-06,0.912416143751584,-0.555523964183396
812,-0.813473,1.82709,-9.2662507730751e-07,2.71824049480603e-06,0.910462498170484,0.33330896321226
812,-0.845237,1.81262,-9.18097164287817e-07,2.69605964045308e-06,0.91534658236591,-0.7777525039432
811,-0.876742,1.79759,-9.70950256058878e-07,2.64110308565949e-06,0.909485669429639,0.111102085200672
810,-0.907981,1.78201,-1.02198942476959e-06,2.5856829197042e-06,0.919253778306197,0.999999999954239
810,-0.938943,1.7659,-1.00916090365635e-06,2.55729838220913e-06,0.909485669429848,-0.111102085292613
809,-0.969619,1.74924,-1.05547002850951e-06,2.49752452890403e-06,0.915346582364533,0.777752503850298
809,-1,1.73205,-1.04089106741075e-06,2.46742148136374e-06,0.910462498171205,-0.333308963308436
808,-1.03008,1.71433,-1.08220911512103e-06,2.40376943466335e-06,0.912416143750522,0.55552396408444
808,-1.05984,1.6961,-1.06584758041956e-06,2.37212993841236e-06,0.912416143751243,-0.555523964150944
807,-1.08928,1.67734,-1.10197188347697e-06,2.30511267673423e-06,0.910462498170733,0.33330896324243
807,-1.11839,1.65808,-1.08381677720242e-06,2.27213268106634e-06,0.915346582365511,-0.777752503915504
806,-1.14715,1.6383,-1.11460402257952e-06,2.20229163538514e-06,0.909485669429678,0.11110208522852
805,-1.17557,1.61803,-1.14313607740975e-06,2.132961168048e-06,0.91925377830677,0.999999999982889
805,-1.20363,1.59727,-1.12003031790106e-06,2.09607497278375e-06,0.909485669429819,-0.111102085265551
804,-1.23132,1.57602,-1.14309272323233e-06,2.02475383922608e-06,0.915346582364893,0.777752503876544
804,-1.25864,1.55429,-1.11825510269489e-06,1.98725287551858e-06,0.910462498170937,-0.333308963279986
803,-1.28558,1.53209,-1.13585227663852e-06,1.91452091854087e-06,0.912416143750809,0.555523964114847
803,-1.31212,1.50942,-1.10936343745337e-06,1.87662478831328e-06,0.912416143750849,-0.555523964118962
802,-1.33826,1.48629,-1.1215603409962e-06,1.80306041254189e-06,0.910462498170897,0.333308963276791
802,-1.364,1.46271,-1.09352081096675e-06,1.76498540165848e-06,0.915346582364928,-0.77775250387821
801,-1.38932,1.43868,-1.10044134501715e-06,1.69115617621266e-06,0.909485669429954,0.111102085257172
801,-1.41421,1.41421,-1.07097007615721e-06,1.6531121057321e-06,0.919253778307104,-0.999999999999994
15850,-1.43868,1.38932,-1.07279352751757e-06,1.5795679504248e-06,0.909485669429991,-0.111102085260237
15849,-1.46271,1.364,-1.07253973541823e-06,1.50782254217664e-06,0.915346582364828,0.777752503871364
15849,-1.48629,1.33826,-1.03898661837378e-06,1.4690229574786e-06,0.910462498171103,-0.333308963290387
15848,-1.50942,1.31212,-1.03398610564537e-06,1.39831160952646e-06,0.912416143750729,0.555523964099008
15848,-1.53209,1.28558,-9.99457914594867e-07,1.36020869849501e-06,0.912416143751185,-0.555523964140586
15847,-1.55429,1.25864,-9.9002201358015e-07,1.29100692755839e-06,0.910462498170851,0.333308963247569
15847,-1.57602,1.23132,-9.54707838224472e-07,1.25376618892357e-06,0.915346582365555,-0.777752503916249
15846,-1.59727,1.20363,-9.41192289662354e-07,1.18651300154097e-06,0.909485669429784,0.111102085221639
15845,-1.61803,1.17557,-9.26130385087659e-07,1.12160755592234e-06,0.919253778306531,0.999999999969823
15845,-1.6383,1.14715,-8.880953406071e-07,1.08537970988119e-06,0.909485669429917,-0.111102085282151
15844,-1.65808,1.11839,-8.6954373690823e-07,1.02296689208209e-06,0.915346582364627,0.777752503855772
15844,-1.67734,1.08928,-8.31377532417944e-07,9.88095244888431e-07,0.910462498171251,-0.333308963307506
15843,-1.6961,1.05984,-8.09786101213629e-07,9.28497861869711e-07,0.912416143750542,0.555523964080906
15843,-1.71433,1.03008,-7.71724215070459e-07,8.95078809159843e-07,0.912416143751375,-0.555523964158831
15842,-1.73205,1,-7.47567315295316e-07,8.38566657745227e-07,0.910462498170697,0.333308963230296
15842,-1.74924,0.969619,-7.09849951492562e-07,8.06676566434934e-07,0.915346582365764,-0.777752503931822
15841,-1.7659,0.938943,-6.83619771372938e-07,7.53465268111439e-07,0.909485669429762,0.111102085205035
15840,-1.78201,0.907981,-6.56811704852863e-07,7.0290365082917e-07,0.919253778306162,0.999999999951483
15840,-1.79759,0.876742,-6.18691437415407e-07,6.73410199403433e-07,0.909485669429984,-0.111102085301589
15839,-1.81262,0.845237,-5.90555713570985e-07,6.2632273519659e-07,0.915346582364318,0.777752503835071
15839,-1.82709,0.813473,-5.53539170367348e-07,5.98541834297142e-07,0.910462498171391,-0.333308963330024
15838,-1.84101,0.781462,-5.24589417681805e-07,5.55001986420929e-07,0.912416143750253,0.555523964056986
15838,-1.85437,0.749213,-4.88921371022709e-07,5.28924779327435e-07,0.912416143751674,-0.555523964183544
15837,-1.86716,0.716736,-4.59668527662798e-07,4.88951306085364e-07,0.910462498170589,0.333308963203294
15837,-1.87939,0.68404,-4.25590242095632e-07,4.64549151621045e-07,0.915346582366259,-0.777752503962095
15836,-1.89104,0.651136,-3.96536835594963e-07,4.28107271258603e-07,0.909485669429715,0.111102085173074
15835,-1.90211,0.618034,-3.67949022252725e-07,3.94053970138352e-07,0.919253778305508,0.999999999918209
15835,-1.91261,0.584743,-3.35919221478762e-07,3.72333907636532e-07,0.909485669430068,-0.111102085335144
15834,-1.92252,0.551275,-3.08242896087108e-07,3.41609042843663e-07,0.915346582363818,0.777752503801208
15834,-1.93185,0.517638,-2.78513845813006e-07,3.21423906980074e-07,0.910462498171639,-0.333308963364235
15833,-1.94059,0.483844,-2.52205494767003e-07,2.93860134020104e-07,0.912416143749876,0.555523964021923
15833,-1.94874,0.449902,-2.24983844053113e-07,2.75101858314183e-07,0.912416143752063,-0.555523964220183
15832,-1.9563,0.415823,-2.00470631750643e-07,2.50485209157332e-07,0.910462498170272,0.333308963168156
15832,-1.96325,0.381618,-1.75950142226153e-07,2.33028981571099e-07,0.915346582366716,-0.7777525039937
15831,-1.96962,0.347296,-1.53625114979298e-07,2.11102300897586e-07,0.909485669429575,0.111102085145728
15830,-1.97538,0.312869,-1.32620084442124e-07,1.9079935823059e-07,0.91925377830502,0.999999999895294
15830,-1.98054,0.278346,-1.12202786773809e-07,1.75273668589896e-07,0.909485669430092,-0.111102085358556
15829,-1.98509,0.243739,-9.3888952327522e-08,1.57148091791997e-07,0.915346582363415,0.777752503777664
15829,-1.98904,0.209057,-7.66786924164429e-08,1.42510023192562e-07,0.910462498171765,-0.333308963386404
15828,-1.99239,0.174311,-6.13443516540333e-08,1.26208865228075e-07,0.912416143749651,0.555523964001473
15828,-1.99513,0.139513,-4.74639225385957e-08,1.1227583245288e-07,0.912416143752222,-0.5555239642384
15827,-1.99726,0.104672,-3.53488140438993e-08,9.7416099004575e-08,0.910462498170184,0.3333089631488
15827,-1.99878,0.069799,-2.49015940231673e-08,8.39961384132189e-08,0.915346582367074,-0.777752504016448
15826,-1.9997,0.0349048,-1.61940556620056e-08,7.01702714836278e-08,0.909485669429527,0.111102085121831
15825,-2,2.46315e-16,-9.26320862862324e-09,5.683979247786e-08,0.919253778304535,0.999999999870803
15825,-1.9997,-0.0349048,-4.09740788030944e-09,4.38451469386792e-08,0.909485669430051,-0.111102085378547
15824,-1.99878,-0.069799,-7.43978850886127e-10,3.08461415828888e-08,0.915346582363134,0.777752503762804
15824,-1.99726,-0.104672,8.01212398663838e-10,1.77950109851902e-08,0.910462498171696,-0.333308963393566
15823,-1.99513,-0.139513,5.28686841312133e-10,4.68185418002378e-09,0.912416143749586,0.555523964001405
15823,-1.99239,-0.174311,-1.55871602816711e-09,-8.63772837701674e-09,0.912416143752114,-0.555523964232279
15822,-1.98904,-0.209057,-5.4476357226997e-09,-2.23143868217322e-08,0.910462498170195,0.333308963161688
15822,-1.98509,-0.243739,-1.11573895046458e-08,-3.61145018384718e-08,0.915346582366744,-0.7777525039964
15821,-1.98054,-0.278346,-1.85950282501206e-08,-5.08007831747654e-08,0.909485669429545,0.111102085145526
15820,-1.97538,-0.312869,-2.77388248959948e-08,-6.62756611969931e-08,0.919253778305042,0.999999999897283
15820,-1.96962,-0.347296,-3.87557254697673e-08,-8.14232380233318e-08,0.909485669429957,-0.111102085350017
15819,-1.96325,-0.381618,-5.12304002086275e-08,-9.86118743962273e-08,0.915346582363609,0.777752503792499
15819,-1.9563,-0.415823,-6.56932196649883e-08,-1.14806816804064e-07,0.910462498171549,-0.333308963366345
15818,-1.94874,-0.449902,-8.12889203708733e-08,-1.34116395251703e-07,0.912416143749872,0.555523964026319
15818,-1.94059,-0.483844,-9.90939967380652e-08,-1.51547494653355e-07,0.91241614375188,-0.555523964209544
15817,-1.93185,-0.517638,-1.17547208426387e-07,-1.73359001079176e-07,0.910462498170337,0.33330896318265
15817,-1.92252,-0.551275,-1.38570344436868e-07,-1.92204772284076e-07,0.915346582366458,-0.777752503976945
15816,-1.91261,-0.584743,-1.59566790128172e-07,-2.16867556884581e-07,0.909485669429567,0.111102085165898
15815,-1.90211,-0.618034,-1.81662998637854e-07,-2.43452567257137e-07,0.919253778305528,0.999999999919178
15815,-1.89104,-0.651136,-2.06841882673831e-07,-2.65120226947419e-07,0.90948566942994,-0.111102085328262
15814,-1.87939,-0.68404,-2.30918271473867e-07,-2.9505957382269e-07,0.915346582363942,0.77775250381428
15814,-1.86716,-0.716736,-2.58805186125633e-07,-3.18538224979771e-07,0.910462498171397,-0.333308963343943
15813,-1.85437,-0.749213,-2.84439509942196e-07,-3.52073978471304e-07,0.912416143750119,0.555523964050056
15813,-1.84101,-0.781462,-3.14835071176574e-07,-3.77480202411839e-07,0.912416143751582,-0.555523964183381
15812,-1.82709,-0.813473,-3.41571167939705e-07,-4.14805880762804e-07,0.910462498170486,0.333308963212263
15812,-1.81262,-0.845237,-3.74263001074948e-07,-4.42238762911922e-07,0.915346582365912,-0.777752503943197
15811,-1.79759,-0.876742,-4.01616511550711e-07,-4.83497700434501e-07,0.909485669429641,0.111102085200675
15810,-1.78201,-0.907981,-4.29068198495345e-07,-5.27391158380383e-07,0.919253778306197,0.999999999954239
15810,-1.7659,-0.938943,-4.63845400686674e-07,-5.58321359031048e-07,0.90948566942985,-0.11110208529261
15809,-1.74924,-0.969619,-4.91149092003114e-07,-6.06308471257004e-07,0.915346582364535,0.777752503850301
15809,-1.73205,-1,-5.27502461569651e-07,-6.39375230935879e-07,0.9104624981712,-0.333308963308458
15808,-1.71433,-1.03008,-5.54131501073327e-07,-6.91461608938143e-07,0.912416143750526,0.555523964084446
15808,-1.6961,-1.05984,-5.91815706510687e-07,-7.26683204250295e-07,0.912416143751243,-0.555523964150944
15807,-1.67734,-1.08928,-6.17236888704065e-07,-7.82819362384274e-07,0.910462498170725,0.333308963242434
15807,-1.65808,-1.11839,-6.56004214416219e-07,-8.20194521242716e-07,0.915346582365503,-0.7777525039155
15806,-1.6383,-1.14715,-6.79683665619259e-07,-8.80276228736516e-07,0.90948566942967,0.111102085228524
15805,-1.61803,-1.17557,-7.02301175049898e-07,-9.4316217287921e-07,0.919253778306763,0.999999999982893
15805,-1.59727,-1.20363,-7.40696373299393e-07,-9.83653171228548e-07,0.909485669429812,-0.111102085265547
15804,-1.57602,-1.23132,-7.60791464509222e-07,-1.05026494151294e-06,0.915346582364898,0.777752503876549
15804,-1.55429,-1.25864,-7.99516208322972e-07,-1.09270093783591e-06,0.910462498170935,-0.333308963280012
15803,-1.53209,-1.28558,-8.16588071164897e-07,-1.1628001254398e-06,0.912416143750815,0.555523964114853
15803,-1.50942,-1.31212,-8.55410061055123e-07,-1.20710506731199e-06,0.912416143750855,-0.555523964118957
15802,-1.48629,-1.33826,-8.68981203901774e-07,-1.28040685298315e-06,0.910462498170897,0.333308963276791
15802,-1.46271,-1.364,-9.07677475246352e-07,-1.32649069764323e-06,0.915346582364928,-0.77775250387821
15801,-1.43868,-1.38932,-9.17299098940819e-07,-1.40266662524521e-06,0.909485669429954,0.111102085257172
15801,-1.41421,-1.41421,-9.55657086989096e-07,-1.45042622975008e-06,0.919253778307098,-0.999999999999989
10084,-1.38932,-1.43868,-9.609139011594e-07,-1.52910492033592e-06,-0.909485669429983,0.111102085260242
10184,-1.364,-1.46271,-9.63875034767188e-07,-1.61004202297774e-06,-0.915346582364814,-0.777752503871363
10184,-1.33826,-1.48629,-9.99246578584818e-07,-1.65919494777392e-06,-0.910462498171062,0.333308963290425
10284,-1.31212,-1.50942,-9.97305356228898e-07,-1.7420294614436e-06,-0.912416143750702,-0.555523964098991
10284,-1.28558,-1.53209,-1.03177050966553e-06,-1.79236074834031e-06,-0.912416143751175,0.55552396414059
10384,-1.25864,-1.55429,-1.02461441357377e-06,-1.87662524552002e-06,-0.910462498170858,-0.333308963247603
10384,-1.23132,-1.57602,-1.05801285397338e-06,-1.92797997361534e-06,-0.915346582365569,0.777752503916277
10484,-1.20363,-1.59727,-1.0453738378043e-06,-2.01317452811794e-06,-0.909485669429755,-0.111102085221656
10584,-1.17557,-1.61803,-1.02993527333745e-06,-2.09998728910472e-06,-0.919253778306467,-0.999999999969833
10584,-1.14715,-1.6383,-1.05921439556141e-06,-2.15098251702325e-06,-0.909485669429891,0.111102085282108
10684,-1.11839,-1.65808,-1.0379948842808e-06,-2.23794677380381e-06,-0.915346582364624,-0.777752503855743
10684,-1.08928,-1.67734,-1.06582669795726e-06,-2.28932006219223e-06,-0.910462498171255,0.333308963307532
10784,-1.05984,-1.6961,-1.03867595237833e-06,-2.37587375343847e-06,-0.912416143750544,-0.555523964080908
10784,-1.03008,-1.71433,-1.06496145087328e-06,-2.42742816347918e-06,-0.912416143751393,0.555523964158839
10884,-1,-1.73205,-1.03177692912316e-06,-2.51298985585052e-06,-0.910462498170715,-0.333308963230315
10884,-0.969619,-1.74924,-1.05643152769468e-06,-2.56451938540628e-06,-0.915346582365772,0.777752503931858
10984,-0.938943,-1.7659,-1.01716375294754e-06,-2.64849107623031e-06,-0.909485669429763,-0.111102085205032
11084,-0.907981,-1.78201,-9.74878267378671e-07,-2.7330236726457e-06,-0.919253778306154,-0.99999999995149
11084,-0.876742,-1.79759,-9.94774241445814e-07,-2.78155588293228e-06,-0.909485669429981,0.111102085301552
11184,-0.845237,-1.81262,-9.46462633152275e-07,-2.86360974437389e-06,-0.915346582364332,-0.777752503835052
11184,-0.813473,-1.82709,-9.64617960228942e-07,-2.91135398113488e-06,-0.910462498171421,0.333308963330044
11284,-0.781462,-1.84101,-9.10370965286976e-07,-2.99031854403611e-06,-0.912416143750289,-0.555523964056998
11284,-0.749213,-1.85437,-9.26772246188538e-07,-3.03704975544714e-06,-0.912416143751684,0.555523964183542
11384,-0.716736,-1.86716,-8.66735054725114e-07,-3.11231676910671e-06,-0.910462498170579,-0.333308963203316
11384,-0.68404,-1.87939,-8.81385681628477e-07,-3.15780872441948e-06,-0.915346582366256,0.777752503962127
11484,-0.651136,-1.89104,-8.15763232072681e-07,-3.22878180617399e-06,-0.9094856694297,-0.111102085173069
11584,-0.618034,-1.90211,-7.47455565937756e-07,-3.29920454597458e-06,-0.919253778305473,-0.9999999999182
11584,-0.584743,-1.91261,-7.57741187022014e-07,-3.33891932843296e-06,-0.909485669430035,0.111102085335111
11684,-0.551275,-1.92252,-6.8429734871766e-07,-3.4042244056506e-06,-0.915346582363772,-0.777752503801188
11684,-0.517638,-1.93185,-6.93027990486475e-07,-3.44198221677687e-06,-0.910462498171642,0.333308963364261
11784,-0.483844,-1.94059,-6.14795309507107e-07,-3.50165767067061e-06,-0.912416143749915,-0.555523964021929
11784,-0.449902,-1.94874,-6.22052049930802e-07,-3.5372821299751e-06,-0.912416143752077,0.555523964220183
11884,-0.415823,-1.9563,-5.39431157416066e-07,-3.59086473798084e-06,-0.910462498170266,-0.33330896316818
11884,-0.381618,-1.96325,-5.45310704446172e-07,-3.62420085801414e-06,-0.915346582366712,0.777752503993725
11984,-0.347296,-1.96962,-4.5875284474995e-07,-3.67128829774279e-06,-0.909485669429565,-0.111102085145729
12084,-0.312869,-1.97538,-3.70393933810604e-07,-3.71693386842926e-06,-0.919253778305011,-0.999999999895287
12084,-0.278346,-1.98054,-3.73361896201738e-07,-3.74246445738803e-06,-0.909485669430107,0.111102085358526
12184,-0.243739,-1.98509,-2.8185109903767e-07,-3.78113729957308e-06,-0.915346582363447,-0.777752503777644
12184,-0.209057,-1.98904,-2.83900028339253e-07,-3.80402350086543e-06,-0.910462498171781,0.333308963386432
12284,-0.174311,-1.99239,-1.89768530659166e-07,-3.83549197088251e-06,-0.912416143749663,-0.555523964001473
12284,-0.139513,-1.99513,-1.9103866671731e-07,-3.85569262138198e-06,-0.912416143752267,0.555523964238395
12384,-0.104672,-1.99726,-9.48343137567608e-08,-3.87979458735375e-06,-0.910462498170238,-0.333308963148834
12384,-0.069799,-1.99878,-9.54689374983721e-08,-3.89729460639849e-06,-0.915346582367131,0.777752504016471
12484,-0.0349048,-1.9997,2.25597936847049e-09,-3.91393749484506e-06,-0.909485669429557,-0.111102085121833
12584,-4.35203e-16,-2,1.00592515464546e-07,-3.92874737003672e-06,-0.919253778304537,-0.999999999870803
12584,0.0349048,-1.9997,1.00811989657632e-07,-3.93790132717301e-06,-0.909485669430058,0.111102085378513
12684,0.069799,-1.99878,1.99823855080814e-07,-3.94521909702585e-06,-0.915346582363139,-0.777752503762792
12684,0.104672,-1.99726,2.00153874434541e-07,-3.95173422897372e-06,-0.9104624981717,0.333308963393593
12784,0.139513,-1.99513,2.99309024883171e-07,-3.95160125317821e-06,-0.912416143749591,-0.555523964001403
12784,0.174311,-1.99239,2.9961390565162e-07,-3.95553300436942e-06,-0.912416143752134,0.555523964232273
12884,0.209057,-1.98904,3.98390004340097e-07,-3.94802391258402e-06,-0.91046249817019,-0.333308963161724
12884,0.243739,-1.98509,3.98538002229621e-07,-3.94942813688731e-06,-0.915346582366752,0.777752503996427
12984,0.278346,-1.98054,4.96425720622943e-07,-3.93464012895761e-06,-0.909485669429543,-0.111102085145531
13084,0.312869,-1.97538,5.93824618662865e-07,-3.91811878592648e-06,-0.919253778305079,-0.999999999897294
13084,0.347296,-1.96962,5.92792138365545e-07,-3.91161263730589e-06,-0.909485669429971,0.111102085349981
13184,0.381618,-1.96325,6.8854522356264e-07,-3.88799682215222e-06,-0.915346582363621,-0.777752503792476
13184,0.415823,-1.9563,6.86877745247348e-07,-3.87911189029398e-06,-0.910462498171561,0.33330896336634
13284,0.449902,-1.94874,7.80506731379849e-07,-3.8485411964596e-06,-0.912416143749886,-0.555523964026324
13284,0.483844,-1.94059,7.78080512267242e-07,-3.83731670696919e-06,-0.912416143751904,0.555523964209538
13384,0.517638,-1.93185,8.69117045798293e-07,-3.79994806143992e-06,-0.910462498170363,-0.333308963182687
13384,0.551275,-1.92252,8.65808888199909e-07,-3.78642059805623e-06,-0.915346582366464,0.777752503976962
13484,0.584743,-1.91261,9.5379679773217e-07,-3.74243103769645e-06,-0.909485669429569,-0.111102085165906
13584,0.618034,-1.90211,1.0403657746422e-06,-3.69710315089598e-06,-0.919253778305519,-0.999999999919186
13584,0.651136,-1.89104,1.03397500597212e-06,-3.67621768374171e-06,-0.909485669429928,0.111102085328226
13684,0.68404,-1.87939,1.11681548678125e-06,-3.62459051584056e-06,-0.915346582363942,-0.777752503814258
13684,0.716736,-1.86716,1.10908632761633e-06,-3.60155127280235e-06,-0.910462498171394,0.333308963343945
13784,0.749213,-1.85437,1.18776583599738e-06,-3.54385358447847e-06,-0.912416143750121,-0.555523964050058
13784,0.781462,-1.84101,1.17857471272748e-06,-3.51869363806954e-06,-0.91241614375158,0.555523964183364
13884,0.813473,-1.82709,1.25267707653838e-06,-3.45517710047362e-06,-0.91046249817049,-0.333308963212306
13884,0.845237,-1.81262,1.24190007250517e-06,-3.42793177837206e-06,-0.915346582365913,0.777752503943214
13984,0.876742,-1.79759,1.31102951361556e-06,-3.35888151869024e-06,-0.909485669429626,-0.1111020852007
14084,0.907981,-1.78201,1.37797158947576e-06,-3.28912658218551e-06,-0.919253778306215,-0.999999999954254
14084,0.938943,-1.7659,1.36232871038823e-06,-3.25534434064767e-06,-0.909485669429858,0.111102085292581
14184,0.969619,-1.74924,1.42373602468403e-06,-3.18058298296768e-06,-0.915346582364524,-0.777752503850263
14184,1,-1.73205,1.40611605906385e-06,-3.14501583876853e-06,-0.910462498171194,0.333308963308465
14284,1.03008,-1.71433,1.46166390758225e-06,-3.06566226111206e-06,-0.91241614375052,-0.55552396408445
14284,1.05984,-1.6961,1.44198664758846e-06,-3.02842540493179e-06,-0.912416143751235,0.55552396415093
14384,1.08928,-1.67734,1.49140038368032e-06,-2.94495209496037e-06,-0.910462498170724,-0.333308963242461
14384,1.11839,-1.65808,1.46960606702026e-06,-2.90618727958946e-06,-0.915346582365498,0.777752503915531
14484,1.14715,-1.6383,1.51267067381373e-06,-2.81913327464556e-06,-0.909485669429676,-0.111102085228531
14584,1.17557,-1.61803,1.55300972180666e-06,-2.73231139065274e-06,-0.919253778306762,-0.999999999982903
14584,1.20363,-1.59727,1.52529710297558e-06,-2.68899129271872e-06,-0.909485669429825,0.1111020852655
14684,1.23132,-1.57602,1.5590518283687e-06,-2.59950061478473e-06,-0.91534658236492,-0.777752503876537
14684,1.25864,-1.55429,1.52921362953157e-06,-2.5554068794364e-06,-0.910462498170955,0.333308963280004
14784,1.28558,-1.53209,1.55635444959966e-06,-2.46393851461203e-06,-0.912416143750819,-0.555523964114867
14784,1.31212,-1.50942,1.52447158100126e-06,-2.41932703889834e-06,-0.912416143750872,0.555523964118932
14884,1.33826,-1.48629,1.54505299444931e-06,-2.3265981567506e-06,-0.910462498170903,-0.333308963276861
14884,1.364,-1.46271,1.51123823117778e-06,-2.28173347523156e-06,-0.915346582364901,0.777752503878194
14984,1.38932,-1.43868,1.52539629585242e-06,-2.18846626162179e-06,-0.909485669429939,-0.111102085257194
14984,1.41421,-1.41421,1.48979096368344e-06,-2.14361362001668e-06,-0.919253778307102,0.999999999999985
5850,1.43868,-1.38932,1.49773696045561e-06,-2.05051632683387e-06,0.909485669429985,-0.111102085260202
5849,1.46271,-1.364,1.5029592044022e-06,-1.95917659344275e-06,0.915346582364833,0.777752503871339
5849,1.48629,-1.33826,1.46252218934451e-06,-1.91368803301593e-06,0.910462498171102,-0.333308963290407
5848,1.50942,-1.31212,1.46192819329794e-06,-1.82348320560472e-06,0.91241614375073,0.555523964099018
5848,1.53209,-1.28558,1.42028099143622e-06,-1.77886980887737e-06,0.912416143751186,-0.555523964140576
5847,1.55429,-1.25864,1.41424226540992e-06,-1.69041098693847e-06,0.91046249817085,0.333308963247604
5847,1.57602,-1.23132,1.37160702945689e-06,-1.64687742353152e-06,0.91534658236556,-0.777752503916265
5846,1.59727,-1.20363,1.36053742367867e-06,-1.56071436409024e-06,0.909485669429786,0.111102085221649
5845,1.61803,-1.17557,1.34724293050162e-06,-1.47700972382682e-06,0.919253778306525,0.999999999969829
5845,1.6383,-1.14715,1.30148785781692e-06,-1.43505718102168e-06,0.909485669429914,-0.11110208528211
5844,1.65808,-1.11839,1.28381171626297e-06,-1.35431566860154e-06,0.915346582364627,0.777752503855747
5844,1.67734,-1.08928,1.23779390344847e-06,-1.3140081102965e-06,0.910462498171258,-0.333308963307527
5843,1.6961,-1.05984,1.21622042836218e-06,-1.23660548775004e-06,0.912416143750537,0.555523964080912
5843,1.71433,-1.03008,1.17016753614487e-06,-1.19803374451531e-06,0.912416143751378,-0.555523964158821
5842,1.73205,-1,1.14518925005322e-06,-1.12427412027915e-06,0.910462498170701,0.333308963230334
5842,1.74924,-0.969619,1.09932392758824e-06,-1.08750433952206e-06,0.915346582365767,-0.777752503931841
5841,1.7659,-0.938943,1.07143858762416e-06,-1.01762979774023e-06,0.909485669429766,0.111102085205045
5840,1.78201,-0.907981,1.04231649410627e-06,-9.50645315945494e-07,0.919253778306158,0.99999999995149
5840,1.79759,-0.876742,9.95687776638463e-07,-9.16900623183298e-07,0.909485669429983,-0.111102085301555
5839,1.81262,-0.845237,9.64402377514828e-07,-8.5402036715244e-07,0.915346582364319,0.777752503835052
5839,1.82709,-0.813473,9.1864849080938e-07,-8.22234681327652e-07,0.910462498171384,-0.333308963330046
5838,1.84101,-0.781462,8.85696762951797e-07,-7.63551768780322e-07,0.912416143750258,0.555523964056995
5838,1.85437,-0.749213,8.41019596782117e-07,-7.33704631494721e-07,0.91241614375167,-0.555523964183538
5837,1.86716,-0.716736,8.06889454819479e-07,-6.79260938103537e-07,0.91046249817059,0.333308963203332
5837,1.87939,-0.68404,7.63485066524402e-07,-6.51315683056576e-07,0.915346582366259,-0.777752503962114
5836,1.89104,-0.651136,7.28652676352135e-07,-6.01105363246214e-07,0.909485669429712,0.11110208517308
5835,1.90211,-0.618034,6.93647661217502e-07,-5.53658884233922e-07,0.919253778305505,0.999999999918216
5835,1.91261,-0.584743,6.51636948836781e-07,-5.28980349916645e-07,0.909485669430072,-0.111102085335106
5834,1.92252,-0.551275,6.16617401779608e-07,-4.85636315296944e-07,0.915346582363824,0.777752503801191
5834,1.93185,-0.517638,5.7646889867346e-07,-4.62723421613268e-07,0.910462498171638,-0.333308963364257
5833,1.94059,-0.483844,5.41870205599164e-07,-4.23364641008406e-07,0.912416143749874,0.555523964021932
5833,1.94874,-0.449902,5.03749280043181e-07,-4.02119316546969e-07,0.91241614375206,-0.555523964220175
5832,1.9563,-0.415823,4.69985635342503e-07,-3.66591205234736e-07,0.910462498170272,0.333308963168192
5832,1.96325,-0.381618,4.34049831812744e-07,-3.46903766710715e-07,0.915346582366721,-0.777752503993719
5831,1.96962,-0.347296,4.0151202523389e-07,-3.15017356788283e-07,0.909485669429573,0.111102085145735
5830,1.97538,-0.312869,3.69720511264328e-07,-2.85342286635511e-07,0.919253778305019,0.999999999895301
5830,1.98054,-0.278346,3.3696363582864e-07,-2.68300684154432e-07,0.909485669430095,-0.11110208535852
5829,1.98509,-0.243739,3.06936332080688e-07,-2.41884572500105e-07,0.915346582363408,0.777752503777643
5829,1.98904,-0.209057,2.76816459865368e-07,-2.26056227627508e-07,0.910462498171767,-0.333308963386425
5828,1.99239,-0.174311,2.48873141458578e-07,-2.02627652006264e-07,0.91241614374965,0.555523964001481
5828,1.99513,-0.139513,2.21504794445797e-07,-1.87858550429677e-07,0.912416143752221,-0.555523964238393
5827,1.99726,-0.104672,1.95931864457842e-07,-1.67116622658666e-07,0.910462498170182,0.333308963148836
5827,1.99878,-0.069799,1.71417791048177e-07,-1.53244825733537e-07,0.915346582367075,-0.777752504016468
5826,1.9997,-0.0349048,1.48465464805716e-07,-1.34862458433439e-07,0.909485669429527,0.111102085121839
