origElemNum,globCoord-x,globCoord-y,acouIntensity-x,acouIntensity-y,locCoord-xi,locCoord-eta
5825,2,-2.20442e-18,4.48559837246928e-09,-3.30807890095527e-08,0.919253778304535,0.999999999870795
5825,1.9997,0.0349048,9.69640119321726e-09,-4.58974490026326e-08,0.909485669430051,-0.11110208537854
5824,1.99878,0.069799,1.68226504933652e-08,-5.81026944263025e-08,0.915346582363134,0.7777525037628
5824,1.99726,0.104672,2.58525826737844e-08,-7.04842774165344e-08,0.910462498171695,-0.333308963393583
5823,1.99513,0.139513,3.6691082560114e-08,-8.14994816142939e-08,0.912416143749585,0.555523964001403
5823,1.99239,0.174311,4.94363800443369e-08,-9.32023843669502e-08,0.912416143752112,-0.555523964232293
5822,1.98904,0.209057,6.3802204576762e-08,-1.02550438301092e-07,0.910462498170195,0.33330896316169
5822,1.98509,0.243739,8.01294592994761e-08,-1.13341928284343e-07,0.915346582366752,-0.777752503996411
5821,1.98054,0.278346,9.77896810496682e-08,-1.20569875942078e-07,0.909485669429537,0.111102085145532
5820,1.97538,0.312869,1.16925486060667e-07,-1.26368103889205e-07,0.91925377830504,0.999999999897275
5820,1.96962,0.347296,1.38214847956136e-07,-1.34915631386614e-07,0.909485669429959,-0.111102085350008
5819,1.96325,0.381618,1.60175115353374e-07,-1.37932185349309e-07,0.915346582363608,0.777752503792493
5819,1.9563,0.415823,1.84573345818278e-07,-1.44995678030396e-07,0.910462498171543,-0.333308963366333
5818,1.94874,0.449902,2.09015584083197e-07,-1.44863874287795e-07,0.912416143749872,0.555523964026318
5818,1.94059,0.483844,2.36301369370023e-07,-1.50273231980678e-07,0.912416143751876,-0.555523964209557
5817,1.93185,0.517638,2.62850015613606e-07,-1.46665225286162e-07,0.910462498170338,0.333308963182653
5817,1.92252,0.551275,2.92783156960049e-07,-1.50271996599777e-07,0.915346582366455,-0.777752503976955
5816,1.91261,0.584743,3.21034288714228e-07,-1.42901773178376e-07,0.909485669429567,0.111102085165898
5815,1.90211,0.618034,3.49666846824526e-07,-1.33220564651295e-07,0.919253778305533,0.999999999919169
5815,1.89104,0.651136,3.82883179540256e-07,-1.33206529997499e-07,0.909485669429933,-0.111102085328256
5814,1.87939,0.68404,4.12501163601257e-07,-1.19408271988529e-07,0.915346582363941,0.777752503814277
5814,1.86716,0.716736,4.47677160686935e-07,-1.17283628654045e-07,0.910462498171402,-0.333308963343933
5813,1.85437,0.749213,4.77820919261668e-07,-9.92054213555852e-08,0.912416143750119,0.555523964050056
5813,1.84101,0.781462,5.1467060397644e-07,-9.49110153275555e-08,0.912416143751575,-0.555523964183394
5812,1.82709,0.813473,5.44868942207611e-07,-7.24389697112349e-08,0.910462498170486,0.333308963212263
5812,1.81262,0.845237,5.83098847328308e-07,-6.5942145264468e-08,0.915346582365915,-0.777752503943209
5811,1.79759,0.876742,6.12872150895577e-07,-3.90122523062105e-08,0.909485669429635,0.111102085200681
5810,1.78201,0.907981,6.41601086522565e-07,-9.53961651706517e-09,0.919253778306195,0.999999999954235
5810,1.7659,0.938943,6.81046368841982e-07,1.09471216168701e-09,0.909485669429844,-0.111102085292603
5809,1.74924,0.969619,7.08547073839701e-07,3.50009774812037e-08,0.915346582364538,0.777752503850291
5809,1.73205,1,7.48602873814744e-07,4.78252250030779e-08,0.910462498171199,-0.333308963308445
5808,1.71433,1.03008,7.74389899825009e-07,8.60963643138057e-08,0.912416143750526,0.555523964084446
5808,1.6961,1.05984,8.14750454948328e-07,1.01042976652171e-07,0.912416143751246,-0.555523964150953
5807,1.67734,1.08928,8.38339316163588e-07,1.43554933244996e-07,0.910462498170725,0.333308963242434
5807,1.65808,1.11839,8.78696324386203e-07,1.60526371290792e-07,0.915346582365508,-0.777752503915519
5806,1.6383,1.14715,8.99607689153377e-07,2.07097543846413e-07,0.909485669429676,0.11110208522853
5805,1.61803,1.17557,9.1804186573187e-07,2.55712731692754e-07,0.919253778306765,0.999999999982884
5805,1.59727,1.20363,9.5741930193306e-07,2.76356597265489e-07,0.909485669429817,-0.111102085265541
5804,1.57602,1.23132,9.72428568396851e-07,3.28585972414526e-07,0.9153465823649,0.777752503876539
5804,1.55429,1.25864,1.01101746046255e-06,3.50873694022064e-07,0.910462498170939,-0.333308963279996
5803,1.53209,1.28558,1.02216784514454e-06,4.06381371886176e-07,0.912416143750815,0.555523964114853
5803,1.50942,1.31212,1.05967616114329e-06,4.30100654713069e-07,0.91241614375085,-0.555523964118972
5802,1.48629,1.33826,1.06656458080553e-06,4.88496308574991e-07,0.910462498170897,0.333308963276791
5802,1.46271,1.364,1.10271752527982e-06,5.13407588054238e-07,0.915346582364929,-0.77775250387822
5801,1.43868,1.38932,1.10498092739534e-06,5.74252206141782e-07,0.909485669429954,0.111102085257182
5801,1.41421,1.41421,1.13952414651489e-06,6.00090967211614e-07,0.919253778307104,-0.999999999999994
850,1.38932,1.43868,1.13684528586973e-06,6.62899954514475e-07,0.909485669429991,-0.111102085260227
849,1.364,1.46271,1.13048106380681e-06,7.26178259426006e-07,0.915346582364834,0.777752503871359
849,1.33826,1.48629,1.16166403662367e-06,7.53629181750901e-07,0.910462498171096,-0.333308963290402
848,1.31212,1.50942,1.14998582648251e-06,8.17990181812497e-07,0.912416143750729,0.555523964099008
848,1.28558,1.53209,1.17903584493237e-06,8.45585761627219e-07,0.912416143751184,-0.555523964140596
847,1.25864,1.55429,1.16188642841525e-06,9.10469899903398e-07,0.910462498170846,0.333308963247574
847,1.23132,1.57602,1.18866172264344e-06,9.37889624414901e-07,0.915346582365554,-0.777752503916259
846,1.20363,1.59727,1.16595149359587e-06,1.00272766968186e-06,0.90948566942978,0.111102085221654
845,1.17557,1.61803,1.13936217851531e-06,1.06669017453828e-06,0.919253778306528,0.999999999969813
845,1.14715,1.6383,1.16205160386964e-06,1.09386641651742e-06,0.909485669429915,-0.111102085282135
844,1.11839,1.65808,1.12991101230225e-06,1.15683266856491e-06,0.915346582364625,0.777752503855763
844,1.08928,1.67734,1.15015722382792e-06,1.18298909902793e-06,0.910462498171253,-0.333308963307521
843,1.05984,1.6961,1.11254610086213e-06,1.24438966124442e-06,0.912416143750542,0.555523964080906
843,1.03008,1.71433,1.13033635632955e-06,1.26920741339653e-06,0.912416143751377,-0.555523964158847
842,1,1.73205,1.087397457708e-06,1.32848405165452e-06,0.910462498170698,0.333308963230309
842,0.969619,1.74924,1.10275310133662e-06,1.35165431185776e-06,0.915346582365766,-0.777752503931825
841,0.938943,1.7659,1.05468932737742e-06,1.40827002744634e-06,0.909485669429764,0.111102085205048
840,0.907981,1.78201,1.00323160422301e-06,1.4623302945891e-06,0.919253778306164,0.99999999995148
840,0.876742,1.79759,1.01473702519006e-06,1.48294689400425e-06,0.909485669429979,-0.11110208530158
839,0.845237,1.81262,9.58618967753117e-07,1.53352166450717e-06,0.91534658236432,0.777752503835068
839,0.813473,1.82709,9.67942002238486e-07,1.55176745665104e-06,0.91046249817139,-0.33330896333004
838,0.781462,1.84101,9.07510998995036e-07,1.59840588650597e-06,0.912416143750255,0.555523964056983
838,0.749213,1.85437,9.14786256159044e-07,1.61404378129583e-06,0.912416143751674,-0.555523964183563
837,0.716736,1.86716,8.50438904615919e-07,1.65633650754801e-06,0.910462498170584,0.333308963203304
837,0.68404,1.87939,8.55826752314489e-07,1.66915740349798e-06,0.915346582366261,-0.777752503962098
836,0.651136,1.89104,7.88003058689383e-07,1.70674697207266e-06,0.909485669429719,0.111102085173086
835,0.618034,1.90211,7.1799499463578e-07,1.74051960007118e-06,0.919253778305509,0.999999999918205
835,0.584743,1.91261,7.20866714092016e-07,1.74916825877583e-06,0.909485669430073,-0.111102085335132
834,0.551275,1.92252,6.48192639775679e-07,1.77776906198661e-06,0.915346582363819,0.777752503801204
834,0.517638,1.93185,6.49748591643495e-07,1.78324507438219e-06,0.910462498171637,-0.333308963364254
833,0.483844,1.94059,5.74935642074613e-07,1.80649709188944e-06,0.912416143749877,0.55552396402192
833,0.449902,1.94874,5.75408467492788e-07,1.80874176772295e-06,0.91241614375206,-0.555523964220202
832,0.415823,1.9563,4.98998655124329e-07,1.82654185903639e-06,0.910462498170279,0.333308963168166
832,0.381618,1.96325,4.98628371163025e-07,1.82553547942351e-06,0.915346582366717,-0.777752503993703
831,0.347296,1.96962,4.21166410847206e-07,1.83784631524632e-06,0.909485669429573,0.111102085145737
830,0.312869,1.97538,3.43137437817611e-07,1.84580707110991e-06,0.919253778305012,0.99999999989529
830,0.278346,1.98054,3.42219546186419e-07,1.84044287991238e-06,0.909485669430091,-0.111102085358547
829,0.243739,1.98509,2.64031165791454e-07,1.8429323952072e-06,0.915346582363415,0.77775250377766
829,0.209057,1.98904,2.62926518006014e-07,1.83444258109749e-06,0.910462498171767,-0.333308963386422
828,0.174311,1.99239,1.85099692382004e-07,1.83156189889377e-06,0.912416143749651,0.55552396400147
828,0.139513,1.99513,1.84035254529912e-07,1.82002800399647e-06,0.912416143752224,-0.555523964238419
827,0.104672,1.99726,1.07071448168958e-07,1.81191999277938e-06,0.910462498170184,0.33330896314881
827,0.069799,1.99878,1.06265926257429e-07,1.7974420780155e-06,0.915346582367074,-0.777752504016452
826,0.0349048,1.9997,3.06451298941626e-08,1.78428411503906e-06,0.909485669429527,0.111102085121841
825,1.27747e-16,2,-4.39415374094651e-08,1.76697807679871e-06,0.919253778304535,0.999999999870799
825,-0.0349048,1.9997,-4.35126594666819e-08,1.74897943141122e-06,0.909485669430051,-0.111102085378537
824,-0.069799,1.99878,-1.15991756150539e-07,1.72696346125979e-06,0.915346582363134,0.777752503762801
824,-0.104672,1.99726,-1.14771254860787e-07,1.70638037659755e-06,0.910462498171695,-0.333308963393583
823,-0.139513,1.99513,-1.8472965239286e-07,1.67992152693133e-06,0.912416143749585,0.555523964001401
823,-0.174311,1.99239,-1.82541660166396e-07,1.65691426655869e-06,0.912416143752112,-0.555523964232297
822,-0.209057,1.98904,-2.49600080332867e-07,1.62631381016537e-06,0.910462498170195,0.333308963161685
822,-0.243739,1.98509,-2.46282801002816e-07,1.60106231952987e-06,0.915346582366744,-0.777752503996403
821,-0.278346,1.98054,-3.10097409046385e-07,1.56665435653578e-06,0.909485669429538,0.111102085145537
820,-0.312869,1.97538,-3.71573254651023e-07,1.52889388995538e-06,0.919253778305041,0.999999999897278
820,-0.347296,1.96962,-3.65767628445457e-07,1.50150834227134e-06,0.90948566942996,-0.111102085350006
819,-0.381618,1.96325,-4.2348022435085e-07,1.46054502567768e-06,0.915346582363608,0.777752503792493
819,-0.415823,1.9563,-4.16213291374187e-07,1.43148881048868e-06,0.910462498171543,-0.333308963366333
818,-0.449902,1.94874,-4.6991784534139e-07,1.38773409996448e-06,0.912416143749872,0.555523964026316
818,-0.483844,1.94059,-4.61098522135888e-07,1.35724771382514e-06,0.912416143751875,-0.555523964209561
817,-0.517638,1.93185,-5.10591106759035e-07,1.31113255032351e-06,0.910462498170336,0.333308963182646
817,-0.551275,1.92252,-5.00150499369979e-07,1.27946867995142e-06,0.915346582366457,-0.777752503976948
816,-0.584743,1.91261,-5.45269588557677e-07,1.23144024804632e-06,0.909485669429562,0.111102085165907
815,-0.618034,1.90211,-5.87206941233516e-07,1.18130162750501e-06,0.919253778305526,0.999999999919175
815,-0.651136,1.89104,-5.73791846918078e-07,1.14937772195587e-06,0.909485669429935,-0.111102085328253
814,-0.68404,1.87939,-6.11148737994255e-07,1.09808529585257e-06,0.915346582363941,0.777752503814277
814,-0.716736,1.86716,-5.96068291107483e-07,1.06567389112372e-06,0.910462498171402,-0.333308963343933
813,-0.749213,1.85437,-6.28807120644498e-07,1.01368822744802e-06,0.912416143750117,0.555523964050053
813,-0.781462,1.84101,-6.12078962532082e-07,9.81052374841595e-07,0.912416143751584,-0.555523964183396
812,-0.813473,1.82709,-6.40204321813338e-07,9.28824062193495e-07,0.910462498170484,0.33330896321226
812,-0.845237,1.81262,-6.21867614798637e-07,8.96222726517727e-07,0.91534658236591,-0.7777525039432
811,-0.876742,1.79759,-6.45423706888235e-07,8.44189691208598e-07,0.909485669429639,0.111102085200672
810,-0.907981,1.78201,-6.65553295933932e-07,7.91488856522399e-07,0.919253778306197,0.999999999954239
810,-0.938943,1.7659,-6.44610515393278e-07,7.6046118539093e-07,0.909485669429848,-0.111102085292613
809,-0.969619,1.74924,-6.60300977771242e-07,7.08672973945949e-07,0.915346582364533,0.777752503850298
809,-1,1.73205,-6.37970163263678e-07,6.78287863086279e-07,0.910462498171205,-0.333308963308436
808,-1.03008,1.71433,-6.49373000694941e-07,6.27803391134202e-07,0.912416143750522,0.55552396408444
808,-1.05984,1.6961,-6.25764932484824e-07,5.98288624732015e-07,0.912416143751243,-0.555523964150944
807,-1.08928,1.67734,-6.33066984394357e-07,5.49476320667747e-07,0.910462498170733,0.33330896324243
807,-1.11839,1.65808,-6.08312039660045e-07,5.21051220462852e-07,0.915346582365511,-0.777752503915504
806,-1.14715,1.6383,-6.11735248399558e-07,4.7425618295759e-07,0.909485669429678,0.11110208522852
805,-1.17557,1.61803,-6.12127984535881e-07,4.28135800579894e-07,0.91925377830677,0.999999999982889
805,-1.20363,1.59727,-5.85784550068092e-07,4.02672073218002e-07,0.909485669429819,-0.111102085265551
804,-1.23132,1.57602,-5.82726464420595e-07,3.59122748548839e-07,0.915346582364893,0.777752503876544
804,-1.25864,1.55429,-5.55673396064201e-07,3.35212548889393e-07,0.910462498170937,-0.333308963279986
803,-1.28558,1.53209,-5.49475917157701e-07,2.94504057650145e-07,0.912416143750809,0.555523964114847
803,-1.31212,1.50942,-5.21907364076153e-07,2.72321275540767e-07,0.912416143750849,-0.555523964118962
802,-1.33826,1.48629,-5.12907921787727e-07,2.34690864904613e-07,0.910462498170897,0.333308963276791
802,-1.364,1.46271,-4.85033741213692e-07,2.14393835469761e-07,0.915346582364928,-0.77775250387821
801,-1.38932,1.43868,-4.73593149959861e-07,1.80044299602985e-07,0.909485669429954,0.111102085257172
801,-1.41421,1.41421,-4.45637503959912e-07,1.61774068075682e-07,0.919253778307104,-0.999999999999994
15850,-1.43868,1.38932,-4.32136399333003e-07,1.30870835461779e-07,0.909485669429991,-0.111102085260237
15849,-1.46271,1.364,-4.16797867176399e-07,1.01754422772868e-07,0.915346582364828,0.777752503871364
15849,-1.48629,1.33826,-3.89169769072346e-07,8.74181290106979e-08,0.910462498171103,-0.333308963290387
15848,-1.50942,1.31212,-3.72430431135245e-07,6.19789177733058e-08,0.912416143750729,0.555523964099008
15848,-1.53209,1.28558,-3.45346087587068e-07,4.9871755402543e-08,0.912416143751185,-0.555523964140586
15847,-1.55429,1.25864,-3.2762006321933e-07,2.81676815355772e-08,0.910462498170851,0.333308963247569
15847,-1.57602,1.23132,-3.01332430230173e-07,1.83527212705958e-08,0.915346582365555,-0.777752503916249
15846,-1.59727,1.20363,-2.83038723394778e-07,3.98411854084777e-10,0.909485669429784,0.111102085221639
15845,-1.61803,1.17557,-2.63888641449996e-07,-1.54600551629008e-08,0.919253778306531,0.999999999969823
15845,-1.6383,1.14715,-2.39361505108347e-07,-2.13192240569739e-08,0.909485669429917,-0.111102085282151
15844,-1.65808,1.11839,-2.20340789074469e-07,-3.345771794299e-08,0.915346582364627,0.777752503855772
15844,-1.67734,1.08928,-1.97258967494711e-07,-3.70438858189209e-08,0.910462498171251,-0.333308963307506
15843,-1.6961,1.05984,-1.78778142821452e-07,-4.5564461965931e-08,0.912416143750542,0.555523964080906
15843,-1.71433,1.03008,-1.57390661143983e-07,-4.69019341828237e-08,0.912416143751375,-0.555523964158831
15842,-1.73205,1,-1.39848927329581e-07,-5.19496463013437e-08,0.910462498170697,0.333308963230296
15842,-1.74924,0.969619,-1.20398465323039e-07,-5.10868069042343e-08,0.915346582365764,-0.777752503931822
15841,-1.7659,0.938943,-1.04179380090283e-07,-5.28488556247859e-08,0.909485669429762,0.111102085205035
15840,-1.78201,0.907981,-8.8350918386394e-08,-5.27061446337108e-08,0.919253778306162,0.999999999951483
15840,-1.79759,0.876742,-7.23668081539792e-08,-4.85616783517101e-08,0.909485669429984,-0.111102085301589
15839,-1.81262,0.845237,-5.84635654027129e-08,-4.54931505106659e-08,0.915346582364318,0.777752503835071
15839,-1.82709,0.813473,-4.49736507179845e-08,-3.94487320772778e-08,0.910462498171391,-0.333308963330024
15838,-1.84101,0.781462,-3.3319227606055e-08,-3.37450755871204e-08,0.912416143750253,0.555523964056986
15838,-1.85437,0.749213,-2.25221042188278e-08,-2.59286738571275e-08,0.912416143751674,-0.555523964183544
15837,-1.86716,0.716736,-1.34110196203729e-08,-1.79155759910447e-08,0.910462498170589,0.333308963203294
15837,-1.87939,0.68404,-5.48862720771346e-09,-8.47512998439014e-09,0.915346582366259,-0.777752503962095
15836,-1.89104,0.651136,8.1714050251985e-10,1.48923340457599e-09,0.909485669429715,0.111102085173074
15835,-1.90211,0.618034,5.76335225121472e-09,1.25771512556538e-08,0.919253778305508,0.999999999918209
15835,-1.91261,0.584743,8.97593337089577e-09,2.39157723282138e-08,0.909485669430068,-0.111102085335144
15834,-1.92252,0.551275,1.07471279556641e-08,3.6329339917539e-08,0.915346582363818,0.777752503801208
15834,-1.93185,0.517638,1.07351088779374e-08,4.87686072336718e-08,0.910462498171639,-0.333308963364235
15833,-1.94059,0.483844,9.17040581396819e-09,6.20798529643364e-08,0.912416143749876,0.555523964021923
15833,-1.94874,0.449902,5.82764552105144e-09,7.54161430878998e-08,0.912416143752063,-0.555523964220183
15832,-1.9563,0.415823,8.09063014981399e-10,8.91790104508492e-08,0.910462498170272,0.333308963168156
15832,-1.96325,0.381618,-5.94600580057716e-09,1.03197198730762e-07,0.915346582366716,-0.7777525039937
15831,-1.96962,0.347296,-1.44913137651612e-08,1.16952499308642e-07,0.909485669429575,0.111102085145728
15830,-1.97538,0.312869,-2.48394551764138e-08,1.30637914645297e-07,0.91925377830502,0.999999999895294
15830,-1.98054,0.278346,-3.68123812706832e-08,1.44708650175699e-07,0.909485669430092,-0.111102085358556
15829,-1.98509,0.243739,-5.07191569979121e-08,1.57634370616128e-07,0.915346582363415,0.777752503777664
15829,-1.98904,0.209057,-6.61607756025608e-08,1.71746377817943e-07,0.910462498171765,-0.333308963386404
15828,-1.99239,0.174311,-8.35723019738797e-08,1.83442782785375e-07,0.912416143749651,0.555523964001473
15828,-1.99513,0.139513,-1.02466776997156e-07,1.97363483319343e-07,0.912416143752222,-0.5555239642384
15827,-1.99726,0.104672,-1.23281042189463e-07,2.07367359100337e-07,0.910462498170184,0.3333089631488
15827,-1.99878,0.069799,-1.45584477125043e-07,2.20865332962804e-07,0.915346582367074,-0.777752504016448
15826,-1.9997,0.0349048,-1.69652549859599e-07,2.28725113861193e-07,0.909485669429527,0.111102085121831
15825,-2,2.46315e-16,-1.95293452986114e-07,2.35232424553473e-07,0.919253778304535,0.999999999870803
15825,-1.9997,-0.0349048,-2.22420819903169e-07,2.46852785640051e-07,0.909485669430051,-0.111102085378547
15824,-1.99878,-0.069799,-2.50980574773301e-07,2.50522628821891e-07,0.915346582363134,0.777752503762804
15824,-1.99726,-0.104672,-2.81248428768028e-07,2.61113108315576e-07,0.910462498171696,-0.333308963393566
15823,-1.99513,-0.139513,-3.12459750521802e-07,2.61544194821544e-07,0.912416143749586,0.555523964001405
15823,-1.99239,-0.174311,-3.45729710808289e-07,2.70902250658243e-07,0.912416143752114,-0.555523964232279
15822,-1.98904,-0.209057,-3.79285471016789e-07,2.67720996144564e-07,0.910462498170195,0.333308963161688
15822,-1.98509,-0.243739,-4.15394954866057e-07,2.75656824546992e-07,0.915346582366744,-0.7777525039964
15821,-1.98054,-0.278346,-4.50951434311332e-07,2.68521207909148e-07,0.909485669429545,0.111102085145526
15820,-1.97538,-0.312869,-4.87201412927478e-07,2.58987239405018e-07,0.919253778305042,0.999999999897283
15820,-1.96962,-0.347296,-5.26896253538677e-07,2.63463237222325e-07,0.909485669429957,-0.111102085350017
15819,-1.96325,-0.381618,-5.64511137310246e-07,2.49501584385364e-07,0.915346582363609,0.777752503792499
15819,-1.9563,-0.415823,-6.06509052392136e-07,2.5212021322755e-07,0.910462498171549,-0.333308963366345
15818,-1.94874,-0.449902,-6.4506437640487e-07,2.33487038094863e-07,0.912416143749872,0.555523964026319
15818,-1.94059,-0.483844,-6.89134710742759e-07,2.34123670428275e-07,0.91241614375188,-0.555523964209544
15817,-1.93185,-0.517638,-7.28183289445954e-07,2.10616991857239e-07,0.910462498170337,0.33330896318265
15817,-1.92252,-0.551275,-7.74080444226372e-07,2.09167970234983e-07,0.915346582366458,-0.777752503976945
15816,-1.91261,-0.584743,-8.13156561342112e-07,1.80630198322193e-07,0.909485669429567,0.111102085165898
15815,-1.90211,-0.618034,-8.51570322101956e-07,1.49156933197951e-07,0.919253778305528,0.999999999919178
15815,-1.89104,-0.651136,-8.99245352208511e-07,1.43335383649009e-07,0.90948566942994,-0.111102085328262
15814,-1.87939,-0.68404,-9.36881742058088e-07,1.06693840952097e-07,0.915346582363942,0.77775250381428
15814,-1.86716,-0.716736,-9.85690269715785e-07,9.86147956386196e-08,0.910462498171397,-0.333308963343943
15813,-1.85437,-0.749213,-1.02205519080341e-06,5.6779101754041e-08,0.912416143750119,0.555523964050056
15813,-1.84101,-0.781462,-1.0717182732975e-06,4.6425212722247e-08,0.912416143751582,-0.555523964183381
15812,-1.82709,-0.813473,-1.10631556446147e-06,-5.81473967710933e-10,0.910462498170486,0.333308963212263
15812,-1.81262,-0.845237,-1.15654952613067e-06,-1.32025406731719e-08,0.915346582365912,-0.777752503943197
15811,-1.79759,-0.876742,-1.18888463707516e-06,-6.53094085430478e-08,0.909485669429641,0.111102085200675
15810,-1.78201,-0.907981,-1.21901178601321e-06,-1.20184815960936e-07,0.919253778306197,0.999999999954239
15810,-1.7659,-0.938943,-1.26898632421014e-06,-1.37254107268087e-07,0.90948566942985,-0.11110208529261
15809,-1.74924,-0.969619,-1.29603663088198e-06,-1.96986490655674e-07,0.915346582364535,0.777752503850301
15809,-1.73205,-1,-1.34585316511878e-06,-2.16192238450826e-07,0.9104624981712,-0.333308963308458
15808,-1.71433,-1.03008,-1.36935461879306e-06,-2.80584636130671e-07,0.912416143750526,0.555523964084446
15808,-1.6961,-1.05984,-1.41873311603725e-06,-3.01827524017039e-07,0.912416143751243,-0.555523964150944
15807,-1.67734,-1.08928,-1.43823051728805e-06,-3.70635369059096e-07,0.910462498170725,0.333308963242434
15807,-1.65808,-1.11839,-1.48689615705754e-06,-3.93790787049489e-07,0.915346582365503,-0.7777525039155
15806,-1.6383,-1.14715,-1.50195614981469e-06,-4.66722517801185e-07,0.90948566942967,0.111102085228524
15805,-1.61803,-1.17557,-1.51338554655589e-06,-5.41544687217826e-07,0.919253778306763,0.999999999982893
15805,-1.59727,-1.20363,-1.5598580288524e-06,-5.68359800280046e-07,0.909485669429812,-0.111102085265547
15804,-1.57602,-1.23132,-1.56618890806557e-06,-6.46694595982674e-07,0.915346582364898,0.777752503876549
15804,-1.55429,-1.25864,-1.6113042878631e-06,-6.74993730483398e-07,0.910462498170935,-0.333308963280012
15803,-1.53209,-1.28558,-1.61218506052466e-06,-7.56433400360321e-07,0.912416143750815,0.555523964114853
15803,-1.50942,-1.31212,-1.65571201808766e-06,-7.86008137404208e-07,0.912416143750855,-0.555523964118957
15802,-1.48629,-1.33826,-1.65082938629597e-06,-8.7010693768273e-07,0.910462498170897,0.333308963276791
15802,-1.46271,-1.364,-1.69255390865349e-06,-9.007288501438e-07,0.915346582364928,-0.77775250387821
15801,-1.43868,-1.38932,-1.68163679603945e-06,-9.87007489925555e-07,0.909485669429954,0.111102085257172
15801,-1.41421,-1.41421,-1.7213650490493e-06,-1.01843045104564e-06,0.919253778307098,-0.999999999999989
10084,-1.38932,-1.43868,-1.70418754493667e-06,-1.10638096865232e-06,-0.909485669429983,0.111102085260242
10184,-1.364,-1.46271,-1.68230875562842e-06,-1.19432688478639e-06,-0.915346582364814,-0.777752503871363
10184,-1.33826,-1.48629,-1.71813461211683e-06,-1.22743503017482e-06,-0.910462498171062,0.333308963290425
10284,-1.31212,-1.50942,-1.68973730364325e-06,-1.31613239734571e-06,-0.912416143750702,-0.555523964098991
10284,-1.28558,-1.53209,-1.72320894816986e-06,-1.34934967339486e-06,-0.912416143751175,0.55552396414059
10384,-1.25864,-1.55429,-1.68820669665499e-06,-1.43824409801168e-06,-0.910462498170858,-0.333308963247603
10384,-1.23132,-1.57602,-1.71922539373198e-06,-1.47128773381548e-06,-0.915346582365569,0.777752503916277
10484,-1.20363,-1.59727,-1.6775885076631e-06,-1.55982103211441e-06,-0.909485669429755,-0.111102085221656
10584,-1.17557,-1.61803,-1.63113085854299e-06,-1.64686573754851e-06,-0.919253778306467,-0.999999999969833
10584,-1.14715,-1.6383,-1.65784228400661e-06,-1.6800253157076e-06,-0.909485669429891,0.111102085282108
10684,-1.11839,-1.65808,-1.60483148443793e-06,-1.76575796403871e-06,-0.915346582364624,-0.777752503855743
10684,-1.08928,-1.67734,-1.6290175256701e-06,-1.79803405855762e-06,-0.910462498171255,0.333308963307532
10784,-1.05984,-1.6961,-1.56957629841754e-06,-1.88192045888848e-06,-0.912416143750544,-0.555523964080908
10784,-1.03008,-1.71433,-1.59125123744716e-06,-1.91305042963894e-06,-0.912416143751393,0.555523964158839
10884,-1,-1.73205,-1.52555633949187e-06,-1.99457820273473e-06,-0.910462498170715,-0.333308963230315
10884,-0.969619,-1.74924,-1.54476443010334e-06,-2.02431435620656e-06,-0.915346582365772,0.777752503931858
10984,-0.938943,-1.7659,-1.47304227597488e-06,-2.10299858621604e-06,-0.909485669429763,-0.111102085205032
11084,-0.907981,-1.78201,-1.39705424720454e-06,-2.17839408376611e-06,-0.919253778306154,-0.99999999995149
11084,-0.876742,-1.79759,-1.4123749067119e-06,-2.20649513405833e-06,-0.909485669429981,0.111102085301552
11184,-0.845237,-1.81262,-1.33083636565243e-06,-2.27826384341746e-06,-0.915346582364332,-0.777752503835052
11184,-0.813473,-1.82709,-1.34395582109473e-06,-2.30442812705259e-06,-0.910462498171421,0.333308963330044
11284,-0.781462,-1.84101,-1.25719742111352e-06,-2.37216411835768e-06,-0.912416143750289,-0.555523964056998
11284,-0.749213,-1.85437,-1.26823856367095e-06,-2.39620275983936e-06,-0.912416143751684,0.555523964183542
11384,-0.716736,-1.86716,-1.17662023453688e-06,-2.45952726998162e-06,-0.910462498170579,-0.333308963203316
11384,-0.68404,-1.87939,-1.18572086040392e-06,-2.48126513479258e-06,-0.915346582366256,0.777752503962127
11484,-0.651136,-1.89104,-1.08962608739772e-06,-2.53982279330771e-06,-0.9094856694297,-0.111102085173069
11584,-0.618034,-1.90211,-9.90455137110916e-07,-2.59369294492979e-06,-0.919253778305473,-0.9999999999182
11584,-0.584743,-1.91261,-9.96769757518956e-07,-2.61254892588956e-06,-0.909485669430035,0.111102085335111
11684,-0.551275,-1.92252,-8.93835868041157e-07,-2.66108425608041e-06,-0.915346582363772,-0.777752503801188
11684,-0.517638,-1.93185,-8.98638231348137e-07,-2.67722698392839e-06,-0.910462498171642,0.333308963364261
11784,-0.483844,-1.94059,-7.92385547768963e-07,-2.72012322028613e-06,-0.912416143749915,-0.555523964021929
11784,-0.449902,-1.94874,-7.95849173911875e-07,-2.73339813214963e-06,-0.912416143752077,0.555523964220183
11884,-0.415823,-1.9563,-6.86742533647078e-07,-2.77036481483411e-06,-0.910462498170266,-0.33330896316818
11884,-0.381618,-1.96325,-6.8905059684573e-07,-2.78062100742655e-06,-0.915346582366712,0.777752503993725
11984,-0.347296,-1.96962,-5.77576160783359e-07,-2.81138160052445e-06,-0.909485669429565,-0.111102085145729
12084,-0.312869,-1.97538,-4.64658438032723e-07,-2.83656900855801e-06,-0.919253778305011,-0.999999999895287
12084,-0.278346,-1.98054,-4.65587484841724e-07,-2.84276436336557e-06,-0.909485669430107,0.111102085358526
12184,-0.243739,-1.98509,-3.51193469972457e-07,-2.86135459847998e-06,-0.915346582363447,-0.777752503777644
12184,-0.209057,-1.98904,-3.5151391657231e-07,-2.8641283491709e-06,-0.910462498171781,0.333308963386432
12284,-0.174311,-1.99239,-2.36191330909874e-07,-2.87590636390065e-06,-0.912416143749663,-0.555523964001473
12284,-0.139513,-1.99513,-2.36129278698602e-07,-2.87512897685912e-06,-0.912416143752267,0.555523964238395
12384,-0.104672,-1.99726,-1.20448277890355e-07,-2.87991674712889e-06,-0.910462498170238,-0.333308963148834
12384,-0.069799,-1.99878,-1.20241960177827e-07,-2.87547828300569e-06,-0.915346582367131,0.777752504016471
12484,-0.0349048,-1.9997,-4.7947845682621e-09,-2.87314563367015e-06,-0.909485669429557,-0.111102085121833
12584,-4.35203e-16,-2,1.10180366189937e-07,-2.86496256601751e-06,-0.919253778304537,-0.999999999870803
12584,0.0349048,-1.9997,1.09909451508728e-07,-2.85544025991219e-06,-0.909485669430058,0.111102085378513
12684,0.069799,-1.99878,2.23614231697904e-07,-2.84009500411723e-06,-0.915346582363139,-0.777752503762792
12684,0.104672,-1.99726,2.22785445998365e-07,-2.82675495567032e-06,-0.9104624981717,0.333308963393593
12784,0.139513,-1.99513,3.34597222584334e-07,-2.80429645804086e-06,-0.912416143749591,-0.555523964001403
12784,0.174311,-1.99239,3.32947652872788e-07,-2.78716559812516e-06,-0.912416143752134,0.555523964232273
12884,0.209057,-1.98904,4.42248888018111e-07,-2.75772512737616e-06,-0.91046249817019,-0.333308963161724
12884,0.243739,-1.98509,4.39520279932638e-07,-2.73687758862546e-06,-0.915346582366752,0.777752503996427
12984,0.278346,-1.98054,5.45708669684354e-07,-2.70066992849284e-06,-0.909485669429543,-0.111102085145531
13084,0.312869,-1.97538,6.49473306973851e-07,-2.65915076522885e-06,-0.919253778305079,-0.999999999897294
13084,0.347296,-1.96962,6.44150334733829e-07,-2.63354991420038e-06,-0.909485669429971,0.111102085349981
13184,0.381618,-1.96325,7.43843722744027e-07,-2.58579374665799e-06,-0.915346582363621,-0.777752503792476
13184,0.415823,-1.9563,7.36797969655674e-07,-2.5569086889736e-06,-0.910462498171561,0.33330896336634
13284,0.449902,-1.94874,8.31902862118109e-07,-2.50333095500665e-06,-0.912416143749886,-0.555523964026324
13284,0.483844,-1.94059,8.22939947805646e-07,-2.4714012916639e-06,-0.912416143751904,0.555523964209538
13384,0.517638,-1.93185,9.12984847580966e-07,-2.41248011743674e-06,-0.910462498170363,-0.333308963182687
13384,0.551275,-1.92252,9.01936972654755e-07,-2.37777924325763e-06,-0.915346582366464,0.777752503976962
13484,0.584743,-1.91261,9.86502474880864e-07,-2.31404561391912e-06,-0.909485669429569,-0.111102085165906
13584,0.618034,-1.90211,1.06707608116901e-06,-2.24638254246184e-06,-0.919253778305519,-0.999999999919186
13584,0.651136,-1.89104,1.05195486732345e-06,-2.20890120072651e-06,-0.909485669429928,0.111102085328226
13684,0.68404,-1.87939,1.12644767554191e-06,-2.13738157935068e-06,-0.915346582363942,-0.777752503814258
13684,0.716736,-1.86716,1.10893334310894e-06,-2.09797278577676e-06,-0.910462498171394,0.333308963343945
13784,0.749213,-1.85437,1.17708556883887e-06,-2.02321623867699e-06,-0.912416143750121,-0.555523964050058
13784,0.781462,-1.84101,1.15712388613365e-06,-1.98221980330087e-06,-0.91241614375158,0.555523964183364
13884,0.813473,-1.82709,1.2187378473345e-06,-1.90485571107687e-06,-0.91046249817049,-0.333308963212306
13884,0.845237,-1.81262,1.1963026345236e-06,-1.862612727273e-06,-0.915346582365913,0.777752503943214
13984,0.876742,-1.79759,1.25123899841038e-06,-1.78326538423744e-06,-0.909485669429626,-0.1111020852007
14084,0.907981,-1.78201,1.30138132540612e-06,-1.70187028962743e-06,-0.919253778306215,-0.999999999954254
14084,0.938943,-1.7659,1.27450400704386e-06,-1.65939002148222e-06,-0.909485669429858,0.111102085292581
14184,0.969619,-1.74924,1.31783897605821e-06,-1.57703221685437e-06,-0.915346582364524,-0.777752503850263
14184,1,-1.73205,1.28852420000075e-06,-1.53415157570145e-06,-0.910462498171194,0.333308963308465
14284,1.03008,-1.71433,1.32505841455241e-06,-1.45142309662996e-06,-0.91241614375052,-0.55552396408445
14284,1.05984,-1.6961,1.29336897467434e-06,-1.40845856717404e-06,-0.912416143751235,0.55552396415093
14384,1.08928,-1.67734,1.32316214392246e-06,-1.32594453908592e-06,-0.910462498170724,-0.333308963242461
14384,1.11839,-1.65808,1.28918877166336e-06,-1.28321008242532e-06,-0.915346582365498,0.777752503915531
14484,1.14715,-1.6383,1.31235435464686e-06,-1.20148314639639e-06,-0.909485669429676,-0.111102085228531
14584,1.17557,-1.61803,1.33080574670811e-06,-1.11962215386811e-06,-0.919253778306762,-0.999999999982903
14584,1.20363,-1.59727,1.29291658798139e-06,-1.07889689022694e-06,-0.909485669429825,0.1111020852655
14684,1.23132,-1.57602,1.30503013630739e-06,-9.98750372790799e-07,-0.91534658236492,-0.777752503876537
14684,1.25864,-1.55429,1.26520561855168e-06,-9.59010954318919e-07,-0.910462498170955,0.333308963280004
14784,1.28558,-1.53209,1.27123232613541e-06,-8.81094386928881e-07,-0.912416143750819,-0.555523964114867
14784,1.31212,-1.50942,1.22965860666699e-06,-8.4262254790298e-07,-0.912416143750872,0.555523964118932
14884,1.33826,-1.48629,1.22990333313289e-06,-7.67432299159027e-07,-0.910462498170903,-0.333308963276861
14884,1.364,-1.46271,1.18679711614931e-06,-7.30501001397713e-07,-0.915346582364901,0.777752503878194
14984,1.38932,-1.43868,1.18161990631069e-06,-6.58509744088848e-07,-0.909485669429939,-0.111102085257194
14984,1.41421,-1.41421,1.13722797991748e-06,-6.23379855818808e-07,-0.919253778307102,0.999999999999985
5850,1.43868,-1.38932,1.12704183733172e-06,-5.55028520954833e-07,0.909485669429985,-0.111102085260202
5849,1.46271,-1.364,1.11325316782366e-06,-4.88488700723e-07,0.915346582364833,0.777752503871339
5849,1.48629,-1.33826,1.06690467755955e-06,-4.57634113920229e-07,0.910462498171102,-0.333308963290407
5848,1.50942,-1.31212,1.04886657529773e-06,-3.9539740065178e-07,0.91241614375073,0.555523964099018
5848,1.53209,-1.28558,1.00201094052296e-06,-3.66903088932742e-07,0.912416143751186,-0.555523964140576
5847,1.55429,-1.25864,9.8025045569017e-07,-3.09291091711866e-07,0.91046249817085,0.333308963247604
5847,1.57602,-1.23132,9.33221193365764e-07,-2.83334722151112e-07,0.91534658236556,-0.777752503916265
5846,1.59727,-1.20363,9.08297977018023e-07,-2.30614016464308e-07,0.909485669429786,0.111102085221649
5845,1.61803,-1.17557,8.80921401622004e-07,-1.80533468506841e-07,0.919253778306525,0.999999999969829
5845,1.6383,-1.14715,8.33938276790405e-07,-1.59716443329999e-07,0.909485669429914,-0.11110208528211
5844,1.65808,-1.11839,8.04341231385527e-07,-1.14861049558063e-07,0.915346582364627,0.777752503855747
5844,1.67734,-1.08928,7.58114771591112e-07,-9.68440969103482e-08,0.910462498171258,-0.333308963307527
5843,1.6961,-1.05984,7.26892010953645e-07,-5.73046918284133e-08,0.912416143750537,0.555523964080912
5843,1.71433,-1.03008,6.81770363400482e-07,-4.21365889003007e-08,0.912416143751378,-0.555523964158821
5842,1.73205,-1,6.49512050835842e-07,-7.93574371423543e-09,0.910462498170701,0.333308963230334
5842,1.74924,-0.969619,6.05835981840996e-07,4.37047022175937e-09,0.915346582365767,-0.777752503931841
5841,1.7659,-0.938943,5.73118523644314e-07,3.32778706963475e-08,0.909485669429766,0.111102085205045
5840,1.78201,-0.907981,5.39623569469384e-07,5.92468720944092e-08,0.919253778306158,0.99999999995149
5840,1.79759,-0.876742,4.98593165517185e-07,6.64679320849713e-08,0.909485669429983,-0.111102085301555
5839,1.81262,-0.845237,4.65545154391789e-07,8.73134095187359e-08,0.915346582364319,0.777752503835052
5839,1.82709,-0.813473,4.267769576764e-07,9.18578624074866e-08,0.910462498171384,-0.333308963330046
5838,1.84101,-0.781462,3.94691148308827e-07,1.07783184078143e-07,0.912416143750258,0.555523964056995
5838,1.85437,-0.749213,3.58466306624463e-07,1.09755619957915e-07,0.91241614375167,-0.555523964183538
5837,1.86716,-0.716736,3.27826516003219e-07,1.21016177818038e-07,0.91046249817059,0.333308963203332
5837,1.87939,-0.68404,2.9440530887399e-07,1.20548261431933e-07,0.915346582366259,-0.777752503962114
5836,1.89104,-0.651136,2.65659498326917e-07,1.27447960422955e-07,0.909485669429712,0.11110208517308
5835,1.90211,-0.618034,2.37630051514945e-07,1.31930583619801e-07,0.919253778305505,0.999999999918216
5835,1.91261,-0.584743,2.08837272944518e-07,1.27583154754976e-07,0.909485669430072,-0.111102085335106
5834,1.92252,-0.551275,1.83372510672186e-07,1.2826402138826e-07,0.915346582363824,0.777752503801191
5834,1.93185,-0.517638,1.57942299400047e-07,1.21988747698436e-07,0.910462498171638,-0.333308963364257
5833,1.94059,-0.483844,1.35383649305031e-07,1.19280957110473e-07,0.912416143749874,0.555523964021932
5833,1.94874,-0.449902,1.13487882148125e-07,1.11286918691451e-07,0.91241614375206,-0.555523964220175
5832,1.9563,-0.415823,9.41311979255283e-08,1.0563514342625e-07,0.910462498170272,0.333308963168192
5832,1.96325,-0.381618,7.59148475337245e-08,9.6147303487524e-08,0.915346582366721,-0.777752503993719
5831,1.96962,-0.347296,6.00084980579209e-08,8.80224583056639e-08,0.909485669429573,0.111102085145735
5830,1.97538,-0.312869,4.57999997837937e-08,7.86155479157949e-08,0.919253778305019,0.999999999895301
5830,1.98054,-0.278346,3.33309254083294e-08,6.71730008500209e-08,0.909485669430095,-0.11110208535852
5829,1.98509,-0.243739,2.2889925679331e-08,5.60845255636458e-08,0.915346582363408,0.777752503777643
5829,1.98904,-0.209057,1.43325129235169e-08,4.38427674830662e-08,0.910462498171767,-0.333308963386425
5828,1.99239,-0.174311,7.77107202955941e-09,3.15880688351413e-08,0.91241614374965,0.555523964001481
5828,1.99513,-0.139513,3.16347403412356e-09,1.88054436745486e-08,0.912416143752221,-0.555523964238393
5827,1.99726,-0.104672,5.39791811246705e-10,5.90580967215262e-09,0.910462498170182,0.333308963148836
5827,1.99878,-0.069799,-1.11696574559123e-10,-7.15671596626507e-09,0.915346582367075,-0.777752504016468
5826,1.9997,-0.0349048,1.20639729318167e-09,-2.01807724995314e-08,0.909485669429527,0.111102085121839
