origElemNum,globCoord-x,globCoord-y,acouIntensity-x,acouIntensity-y,locCoord-xi,locCoord-eta
5825,2,-2.20442e-18,1.47526786807473e-16,-7.16145513022842e-17,0.919253778304535,0.999999999870795
5825,1.9997,0.0349048,1.72066091697116e-16,-7.6706805752274e-17,0.909485669430051,-0.11110208537854
5824,1.99878,0.069799,1.98437681355555e-16,-7.42553863302954e-17,0.915346582363134,0.7777525037628
5824,1.99726,0.104672,2.26313530123382e-16,-7.83396301566775e-17,0.910462498171695,-0.333308963393583
5823,1.99513,0.139513,2.55363336343935e-16,-7.2841681595069e-17,0.912416143749585,0.555523964001403
5823,1.99239,0.174311,2.86375870605922e-16,-7.57468955839586e-17,0.912416143752112,-0.555523964232293
5822,1.98904,0.209057,3.17779499844564e-16,-6.7328635926454e-17,0.910462498170195,0.33330896316169
5822,1.98509,0.243739,3.51921715194958e-16,-6.89177832357608e-17,0.915346582366752,-0.777752503996411
5821,1.98054,0.278346,3.85677387970683e-16,-5.77330295325137e-17,0.909485669429537,0.111102085145532
5820,1.97538,0.312869,4.21203037370776e-16,-4.54676384899149e-17,0.91925377830504,0.999999999897275
5820,1.96962,0.347296,4.5946893437297e-16,-4.37836931181882e-17,0.909485669429959,-0.111102085350008
5819,1.96325,0.381618,4.97623707029635e-16,-2.82805743648693e-17,0.915346582363608,0.777752503792493
5819,1.9563,0.415823,5.39623576129435e-16,-2.47860967672107e-17,0.910462498171543,-0.333308963366333
5818,1.94874,0.449902,5.80415316603805e-16,-5.31291793279939e-18,0.912416143749872,0.555523964026318
5818,1.94059,0.483844,6.26346895824014e-16,2.41053591399303e-19,0.912416143751876,-0.555523964209557
5817,1.93185,0.517638,6.69515860583317e-16,2.44873011596035e-17,0.910462498170338,0.333308963182653
5817,1.92252,0.551275,7.19456057617403e-16,3.23657350301236e-17,0.915346582366455,-0.777752503976955
5816,1.91261,0.584743,7.64484252894665e-16,6.2131937030518e-17,0.909485669429567,0.111102085165898
5815,1.90211,0.618034,8.10932018904494e-16,9.55577359243191e-17,0.919253778305533,0.999999999919169
5815,1.89104,0.651136,8.64566571814001e-16,1.08481667980333e-16,0.909485669429933,-0.111102085328256
5814,1.87939,0.68404,9.11882250902117e-16,1.4835950733137e-16,0.915346582363941,0.777752503814277
5814,1.86716,0.716736,9.68809651641302e-16,1.64172147030216e-16,0.910462498171402,-0.333308963343933
5813,1.85437,0.749213,1.01618259400397e-15,2.1073154723811e-16,0.912416143750119,0.555523964050056
5813,1.84101,0.781462,1.0761698174922e-15,2.29619325880588e-16,0.912416143751575,-0.555523964183394
5812,1.82709,0.813473,1.12276725414254e-15,2.82958498973646e-16,0.910462498170486,0.333308963212263
5812,1.81262,0.845237,1.18556963838832e-15,3.05091067010718e-16,0.915346582365915,-0.777752503943209
5811,1.79759,0.876742,1.23054587618345e-15,3.65231163162988e-16,0.909485669429635,0.111102085200681
5810,1.78201,0.907981,1.27593904851229e-15,4.29962991005677e-16,0.919253778306195,0.999999999954235
5810,1.7659,0.938943,1.33842732543532e-15,4.57633216049072e-16,0.909485669429844,-0.111102085292603
5809,1.74924,0.969619,1.38110216889789e-15,5.29102312555659e-16,0.915346582364538,0.777752503850291
5809,1.73205,1,1.44534622283999e-15,5.60120084882744e-16,0.910462498171199,-0.333308963308445
5808,1.71433,1.03008,1.48451025612479e-15,6.38102208250977e-16,0.912416143750526,0.555523964084446
5808,1.6961,1.05984,1.55026693035719e-15,6.72545951783239e-16,0.912416143751246,-0.555523964150953
5807,1.67734,1.08928,1.58513966125848e-15,7.56769176991665e-16,0.910462498170725,0.333308963242434
5807,1.65808,1.11839,1.65217146394879e-15,7.94705959813406e-16,0.915346582365508,-0.777752503915519
5806,1.6383,1.14715,1.68198370635789e-15,8.84858843458491e-16,0.909485669429676,0.11110208522853
5805,1.61803,1.17557,1.71121307011846e-15,9.7981132366962e-16,0.919253778306765,0.999999999982884
5805,1.59727,1.20363,1.77408199290925e-15,1.02203813776206e-15,0.909485669429817,-0.111102085265541
5804,1.57602,1.23132,1.79732643516981e-15,1.12241275681327e-15,0.9153465823649,0.777752503876539
5804,1.55429,1.25864,1.86055358074272e-15,1.16785771486446e-15,0.910462498170939,-0.333308963279996
5803,1.53209,1.28558,1.87720505259273e-15,1.27311363767727e-15,0.912416143750815,0.555523964114853
5803,1.50942,1.31212,1.9405968632188e-15,1.32178775616108e-15,0.91241614375085,-0.555523964118972
5802,1.48629,1.33826,1.95009088130445e-15,1.43136139193158e-15,0.910462498170897,0.333308963276791
5802,1.46271,1.364,2.01346788625565e-15,1.48327685170815e-15,0.915346582364929,-0.77775250387822
5801,1.43868,1.38932,2.0152798530703e-15,1.59659559271288e-15,0.909485669429954,0.111102085257182
5801,1.41421,1.41421,2.07847562757356e-15,1.65176685804586e-15,0.919253778307104,-0.999999999999994
850,1.38932,1.43868,2.07212329284337e-15,1.76823591063835e-15,0.909485669429991,-0.111102085260227
849,1.364,1.46271,2.06427325871645e-15,1.88915364787156e-15,0.915346582364834,0.777752503871359
849,1.33826,1.48629,2.12000509017318e-15,1.94567010403853e-15,0.910462498171096,-0.333308963290402
848,1.31212,1.50942,2.10338019947759e-15,2.06897866733488e-15,0.912416143750729,0.555523964099008
848,1.28558,1.53209,2.1583223828554e-15,2.12824605953408e-15,0.912416143751184,-0.555523964140596
847,1.25864,1.55429,2.13250451264054e-15,2.25327074018465e-15,0.910462498170846,0.333308963247574
847,1.23132,1.57602,2.18651059325167e-15,2.31525483585293e-15,0.915346582365554,-0.777752503916259
846,1.20363,1.59727,2.15117968589086e-15,2.44124179313865e-15,0.90948566942978,0.111102085221654
845,1.17557,1.61803,2.11378613394912e-15,2.57151971297063e-15,0.919253778306528,0.999999999969813
845,1.14715,1.6383,2.15906046821965e-15,2.63202083642738e-15,0.909485669429915,-0.111102085282135
844,1.11839,1.65808,2.11195837556273e-15,2.76217891638233e-15,0.915346582364625,0.777752503855763
844,1.08928,1.67734,2.15586340418702e-15,2.82472243113874e-15,0.910462498171253,-0.333308963307521
843,1.05984,1.6961,2.09888366436038e-15,2.95396871629841e-15,0.912416143750542,0.555523964080906
843,1.03008,1.71433,2.14131921373694e-15,3.01850414955904e-15,0.912416143751377,-0.555523964158847
842,1,1.73205,2.07432268282255e-15,3.14607396267948e-15,0.910462498170698,0.333308963230309
842,0.969619,1.74924,2.11519623776205e-15,3.21255490323019e-15,0.915346582365766,-0.777752503931825
841,0.938943,1.7659,2.03811683677169e-15,3.33766259874246e-15,0.909485669429764,0.111102085205048
840,0.907981,1.78201,1.95848075546555e-15,3.46658575759206e-15,0.919253778306164,0.99999999995148
840,0.876742,1.79759,1.99016121755213e-15,3.52783406836798e-15,0.909485669429979,-0.11110208530158
839,0.845237,1.81262,1.90040547396841e-15,3.65322889672224e-15,0.91534658236432,0.777752503835068
839,0.813473,1.82709,1.93033352606468e-15,3.71561099146069e-15,0.91046249817139,-0.33330896333004
838,0.781462,1.84101,1.83040452077404e-15,3.83660503410672e-15,0.912416143750255,0.555523964056983
838,0.749213,1.85437,1.85848212843037e-15,3.89995617626152e-15,0.912416143751674,-0.555523964183563
837,0.716736,1.86716,1.74842614266247e-15,4.01561819418854e-15,0.910462498170584,0.333308963203304
837,0.68404,1.87939,1.77455910294517e-15,4.07974942243619e-15,0.915346582366261,-0.777752503962098
836,0.651136,1.89104,1.65464361940376e-15,4.18907015146101e-15,0.909485669429719,0.111102085173086
835,0.618034,1.90211,1.53182229675325e-15,4.30150540990215e-15,0.919253778305509,0.999999999918205
835,0.584743,1.91261,1.54936592430674e-15,4.35571449607879e-15,0.909485669430073,-0.111102085335132
834,0.551275,1.92252,1.41719471780611e-15,4.46047798435032e-15,0.915346582363819,0.777752503801204
834,0.517638,1.93185,1.43285783787052e-15,4.5143215715842e-15,0.910462498171637,-0.333308963364254
833,0.483844,1.94059,1.29157991814053e-15,4.61045858457943e-15,0.912416143749877,0.55552396402192
833,0.449902,1.94874,1.30533698791198e-15,4.66366858966936e-15,0.91241614375206,-0.555523964220202
832,0.415823,1.9563,1.15532173843875e-15,4.75019800040383e-15,0.910462498170279,0.333308963168166
832,0.381618,1.96325,1.1671602924074e-15,4.80247305930733e-15,0.915346582366717,-0.777752503993703
831,0.347296,1.96962,1.0090148778545e-15,4.87837211056994e-15,0.909485669429573,0.111102085145737
830,0.312869,1.97538,8.47871836575103e-16,4.95647061530203e-15,0.919253778305012,0.99999999989529
830,0.278346,1.98054,8.53415300778013e-16,4.99363284929392e-15,0.909485669430091,-0.111102085358547
829,0.243739,1.98509,6.85209056004311e-16,5.05976013937465e-15,0.915346582363415,0.77775250377766
829,0.209057,1.98904,6.89358510774721e-16,5.09466619102582e-15,0.910462498171767,-0.333308963386422
828,0.174311,1.99239,5.14985610576427e-16,5.14789535083876e-15,0.912416143749651,0.55552396400147
828,0.139513,1.99513,5.17846080007564e-16,5.18022815287455e-15,0.912416143752224,-0.555523964238419
827,0.104672,1.99726,3.38407536441097e-16,5.21972547678661e-15,0.910462498170184,0.33330896314881
827,0.069799,1.99878,3.40109756292127e-16,5.2491828771015e-15,0.915346582367074,-0.777752504016452
826,0.0349048,1.9997,1.56798638039095e-16,5.27423725050581e-15,0.909485669429527,0.111102085121841
825,1.27747e-16,2,-2.83531410191833e-17,5.30053143786959e-15,0.919253778304535,0.999999999870799
825,-0.0349048,1.9997,-2.8553392555899e-17,5.31055078165796e-15,0.909485669430051,-0.111102085378537
824,-0.069799,1.99878,-2.16055721341108e-16,5.32162394199845e-15,0.915346582363134,0.777752503762801
824,-0.104672,1.99726,-2.16361781395348e-16,5.32788866135264e-15,0.910462498171695,-0.333308963393583
823,-0.139513,1.99513,-4.04978076320098e-16,5.32329247922829e-15,0.912416143749585,0.555523964001401
823,-0.174311,1.99239,-4.05157600135342e-16,5.32559523503553e-15,0.912416143752112,-0.555523964232297
822,-0.209057,1.98904,-5.93416335949277e-16,5.30504419381459e-15,0.910462498170195,0.333308963161685
822,-0.243739,1.98509,-5.93222193709969e-16,5.30322207084993e-15,0.915346582366744,-0.777752503996403
821,-0.278346,1.98054,-7.7958208048259e-16,5.26663474036881e-15,0.909485669429538,0.111102085145537
820,-0.312869,1.97538,-9.65950425011308e-16,5.23092803007232e-15,0.919253778305041,0.999999999897278
820,-0.347296,1.96962,-9.61754153866068e-16,5.20805837474448e-15,0.90948566942996,-0.111102085350006
819,-0.381618,1.96325,-1.14402867125784e-15,5.15652638805527e-15,0.915346582363608,0.777752503792493
819,-0.415823,1.9563,-1.13818768368234e-15,5.12955869014536e-15,0.910462498171543,-0.333308963366333
818,-0.449902,1.94874,-1.31475670356379e-15,5.06265716247701e-15,0.912416143749872,0.555523964026316
818,-0.483844,1.94059,-1.30704388449426e-15,5.0317317181329e-15,0.912416143751875,-0.555523964209561
817,-0.517638,1.93185,-1.47645272737179e-15,4.9501708061329e-15,0.910462498170336,0.333308963182646
817,-0.551275,1.92252,-1.46666731438975e-15,4.91550815354779e-15,0.915346582366457,-0.777752503976948
816,-0.584743,1.91261,-1.62788690814185e-15,4.82008729642169e-15,0.909485669429562,0.111102085165907
815,-0.618034,1.90211,-1.78729899307935e-15,4.72620406397509e-15,0.919253778305526,0.999999999919175
815,-0.651136,1.89104,-1.76805244707923e-15,4.67343586970862e-15,0.909485669429935,-0.111102085328253
814,-0.68404,1.87939,-1.9179609368477e-15,4.56682300981545e-15,0.915346582363941,0.777752503814277
814,-0.716736,1.86716,-1.89574245860879e-15,4.51136492085078e-15,0.910462498171402,-0.333308963343933
813,-0.749213,1.85437,-2.03488355352354e-15,4.39315176090161e-15,0.912416143750117,0.555523964050053
813,-0.781462,1.84101,-2.00958986098216e-15,4.33529791267932e-15,0.912416143751584,-0.555523964183396
812,-0.813473,1.82709,-2.1369483600365e-15,4.20674375464438e-15,0.910462498170484,0.33330896321226
812,-0.845237,1.81262,-2.10850951394894e-15,4.14682705170337e-15,0.91534658236591,-0.7777525039432
811,-0.876742,1.79759,-2.22350511525157e-15,4.00916655836222e-15,0.909485669429639,0.111102085200672
810,-0.907981,1.78201,-2.33535588258661e-15,3.87441277349799e-15,0.919253778306197,0.999999999954239
810,-0.938943,1.7659,-2.29407549615438e-15,3.80202695755096e-15,0.909485669429848,-0.111102085292613
809,-0.969619,1.74924,-2.39278297461409e-15,3.65997578895269e-15,0.915346582364533,0.777752503850298
809,-1,1.73205,-2.34815021614497e-15,3.58712815945207e-15,0.910462498171205,-0.333308963308436
808,-1.03008,1.71433,-2.43323419694936e-15,3.43933192304963e-15,0.912416143750522,0.55552396408444
808,-1.05984,1.6961,-2.38537252291164e-15,3.36644661474763e-15,0.912416143751243,-0.555523964150944
807,-1.08928,1.67734,-2.45668631845082e-15,3.21443655817979e-15,0.910462498170733,0.33330896324243
807,-1.11839,1.65808,-2.40575505843346e-15,3.14193534587211e-15,0.915346582365511,-0.777752503915504
806,-1.14715,1.6383,-2.46346578500733e-15,2.98711531463515e-15,0.909485669429678,0.11110208522852
805,-1.17557,1.61803,-2.51786253626026e-15,2.83675183866824e-15,0.91925377830677,0.999999999982889
805,-1.20363,1.59727,-2.45401274934436e-15,2.75908401057208e-15,0.909485669429819,-0.111102085265551
804,-1.23132,1.57602,-2.49507538608327e-15,2.60771234957405e-15,0.915346582364893,0.777752503876544
804,-1.25864,1.55429,-2.42874527916185e-15,2.5320604880378e-15,0.910462498170937,-0.333308963279986
803,-1.28558,1.53209,-2.45671451839578e-15,2.38109811165425e-15,0.912416143750809,0.555523964114847
803,-1.31212,1.50942,-2.38817447956706e-15,2.3077708204381e-15,0.912416143750849,-0.555523964118962
802,-1.33826,1.48629,-2.40350312752904e-15,2.15854802398054e-15,0.910462498170897,0.333308963276791
802,-1.364,1.46271,-2.33304765618139e-15,2.08783774633384e-15,0.915346582364928,-0.77775250387821
801,-1.38932,1.43868,-2.33638003073267e-15,1.94156101927134e-15,0.909485669429954,0.111102085257172
801,-1.41421,1.41421,-2.26432080068311e-15,1.8737344155971e-15,0.919253778307104,-0.999999999999994
15850,-1.43868,1.38932,-2.25640971804928e-15,1.73151445560459e-15,0.909485669429991,-0.111102085260237
15849,-1.46271,1.364,-2.24617844671758e-15,1.59523696777892e-15,0.915346582364828,0.777752503871364
15849,-1.48629,1.33826,-2.16474548476394e-15,1.52966542751764e-15,0.910462498171103,-0.333308963290387
15848,-1.50942,1.31212,-2.14442753705735e-15,1.39868715185498e-15,0.912416143750729,0.555523964099008
15848,-1.53209,1.28558,-2.06262678342257e-15,1.33713067579074e-15,0.912416143751185,-0.555523964140586
15847,-1.55429,1.25864,-2.03315561268887e-15,1.21231126319055e-15,0.910462498170851,0.333308963247569
15847,-1.57602,1.23132,-1.9513571054566e-15,1.1548903598007e-15,0.915346582365555,-0.777752503916249
15846,-1.59727,1.20363,-1.91368576712519e-15,1.03703785662084e-15,0.909485669429784,0.111102085221639
15845,-1.61803,1.17557,-1.87477695048635e-15,9.25344322515322e-16,0.919253778306531,0.999999999969823
15845,-1.6383,1.14715,-1.78738877276027e-15,8.7373738163319e-16,0.909485669429917,-0.111102085282151
15844,-1.65808,1.11839,-1.74162216082573e-15,7.69950513265945e-16,0.915346582364627,0.777752503855772
15844,-1.67734,1.08928,-1.65575882720856e-15,7.23127580491036e-16,0.910462498171251,-0.333308963307506
15843,-1.6961,1.05984,-1.60431065340698e-15,6.27727309509173e-16,0.912416143750542,0.555523964080906
15843,-1.71433,1.03008,-1.52039317364149e-15,5.85675533083511e-16,0.912416143751375,-0.555523964158831
15842,-1.73205,1,-1.46446060564998e-15,4.98971666070914e-16,0.910462498170697,0.333308963230296
15842,-1.74924,0.969619,-1.38289188562049e-15,4.6163875963681e-16,0.915346582365764,-0.777752503931822
15841,-1.7659,0.938943,-1.32363366360354e-15,3.83859554868486e-16,0.909485669429762,0.111102085205035
15840,-1.78201,0.907981,-1.26482089111178e-15,3.11890104513189e-16,0.919253778306162,0.999999999951483
15840,-1.79759,0.876742,-1.1833636085102e-15,2.82467253152477e-16,0.909485669429984,-0.111102085301589
15839,-1.81262,0.845237,-1.1227694438729e-15,2.19469024932486e-16,0.915346582364318,0.777752503835071
15839,-1.82709,0.813473,-1.04519081988701e-15,1.94703775716428e-16,0.910462498171391,-0.333308963330024
15838,-1.84101,0.781462,-9.83971925515731e-16,1.40568009979755e-16,0.912416143750253,0.555523964056986
15838,-1.85437,0.749213,-9.10622101553992e-16,1.20258924593126e-16,0.912416143751674,-0.555523964183544
15837,-1.86716,0.716736,-8.49866527134417e-16,7.47568827244979e-17,0.910462498170589,0.333308963203294
15837,-1.87939,0.68404,-7.81069262884535e-16,5.86745368478968e-17,0.915346582366259,-0.777752503962095
15836,-1.89104,0.651136,-7.21791582161459e-16,2.15355908279068e-17,0.909485669429715,0.111102085173074
15835,-1.90211,0.618034,-6.64489885808892e-16,-1.09438360602649e-17,0.919253778305508,0.999999999918209
15835,-1.91261,0.584743,-6.01049782173447e-16,-1.96992701573353e-17,0.909485669430068,-0.111102085335144
15834,-1.92252,0.551275,-5.46551104065793e-16,-4.45196399561203e-17,0.915346582363818,0.777752503801208
15834,-1.93185,0.517638,-4.88889860975936e-16,-4.97383905581161e-17,0.910462498171639,-0.333308963364235
15833,-1.94059,0.483844,-4.3809013626545e-16,-6.75210734522487e-17,0.912416143749876,0.555523964021923
15833,-1.94874,0.449902,-3.86420509067362e-16,-6.95451135392161e-17,0.912416143752063,-0.555523964220183
15832,-1.9563,0.415823,-3.40084137390562e-16,-8.0978877874072e-17,0.910462498170272,0.333308963168156
15832,-1.96325,0.381618,-2.94581547642498e-16,-8.01636342590882e-17,0.915346582366716,-0.7777525039937
15831,-1.96962,0.347296,-2.53361104480271e-16,-8.59659624078498e-17,0.909485669429575,0.111102085145728
15830,-1.97538,0.312869,-2.1519062391049e-16,-8.90446903019888e-17,0.91925377830502,0.999999999895294
15830,-1.98054,0.278346,-1.78635048883532e-16,-8.36196367759055e-17,0.909485669430092,-0.111102085358556
15829,-1.98509,0.243739,-1.46302764937528e-16,-8.23094203170331e-17,0.915346582363415,0.777752503777664
15829,-1.98904,0.209057,-1.16487471648452e-16,-7.51525060969711e-17,0.910462498171765,-0.333308963386404
15828,-1.99239,0.174311,-9.0392981211146e-17,-7.03105783287579e-17,0.912416143749651,0.555523964001473
15828,-1.99513,0.139513,-6.73504430656259e-17,-6.18226223562806e-17,0.912416143752222,-0.5555239642384
15827,-1.99726,0.104672,-4.7777527593038e-17,-5.43307552038409e-17,0.910462498170184,0.3333089631488
15827,-1.99878,0.069799,-3.15138383937816e-17,-4.49138574766469e-17,0.915346582367074,-0.777752504016448
15826,-1.9997,0.0349048,-1.86296749438068e-17,-3.5680769536535e-17,0.909485669429527,0.111102085121831
15825,-2,2.46315e-16,-9.11799201640633e-18,-2.59001897841872e-17,0.919253778304535,0.999999999870803
15825,-1.9997,-0.0349048,-2.96046327447772e-18,-1.56850371032198e-17,0.909485669430051,-0.111102085378547
15824,-1.99878,-0.069799,-1.37211486776139e-19,-5.5818026970575e-18,0.915346582363134,0.777752503762804
15824,-1.99726,-0.104672,-6.14112772278831e-19,4.35468809409263e-18,0.910462498171696,-0.333308963393566
15823,-1.99513,-0.139513,-4.34200970452288e-18,1.38952940921027e-17,0.912416143749586,0.555523964001405
15823,-1.99239,-0.174311,-1.12898830173179e-17,2.31809522932133e-17,0.912416143752114,-0.555523964232279
15822,-1.98904,-0.209057,-2.13224541879281e-17,3.13028823634451e-17,0.910462498170195,0.333308963161688
15822,-1.98509,-0.243739,-3.45539233350568e-17,3.95781625888219e-17,0.915346582366744,-0.7777525039964
15821,-1.98054,-0.278346,-5.0533540746772e-17,4.54596820314058e-17,0.909485669429545,0.111102085145526
15820,-1.97538,-0.312869,-6.94258985665726e-17,4.98160963242234e-17,0.919253778305042,0.999999999897283
15820,-1.96962,-0.347296,-9.12949856584727e-17,5.52561766079173e-17,0.909485669429957,-0.111102085350017
15819,-1.96325,-0.381618,-1.15456206163252e-16,5.62083265541187e-17,0.915346582363609,0.777752503792499
15819,-1.9563,-0.415823,-1.42808745360825e-16,5.96691619027186e-17,0.910462498171549,-0.333308963366345
15818,-1.94874,-0.449902,-1.71642623557946e-16,5.65445811995679e-17,0.912416143749872,0.555523964026319
15818,-1.94059,-0.483844,-2.04155600035993e-16,5.77571873368523e-17,0.91241614375188,-0.555523964209544
15817,-1.93185,-0.517638,-2.36964038091766e-16,4.99574374763273e-17,0.910462498170337,0.33330896318265
15817,-1.92252,-0.551275,-2.74281568901468e-16,4.86803262624094e-17,0.915346582366458,-0.777752503976945
15816,-1.91261,-0.584743,-3.10291774339065e-16,3.57190656313953e-17,0.909485669429567,0.111102085165898
15815,-1.90211,-0.618034,-3.48127061443005e-16,1.96713853001426e-17,0.919253778305528,0.999999999919178
15815,-1.89104,-0.651136,-3.90466187157888e-16,1.32453650416525e-17,0.90948566942994,-0.111102085328262
15814,-1.87939,-0.68404,-4.30392445663091e-16,-8.56042482586477e-18,0.915346582363942,0.77775250381428
15814,-1.86716,-0.716736,-4.76314433949025e-16,-1.79479613603654e-17,0.910462498171397,-0.333308963343943
15813,-1.85437,-0.749213,-5.1747252155809e-16,-4.57919758882994e-17,0.912416143750119,0.555523964050056
15813,-1.84101,-0.781462,-5.66572917014852e-16,-5.82487007192826e-17,0.912416143751582,-0.555523964183381
15812,-1.82709,-0.813473,-6.08027537084891e-16,-9.22895979551353e-17,0.910462498170486,0.333308963212263
15812,-1.81262,-0.845237,-6.59872698715043e-16,-1.07885607647045e-16,0.915346582365912,-0.777752503943197
15811,-1.79759,-0.876742,-7.00683894866184e-16,-1.4812980471366e-16,0.909485669429641,0.111102085200675
15810,-1.78201,-0.907981,-7.41934932186845e-16,-1.92273507028543e-16,0.919253778306197,0.999999999954239
15810,-1.7659,-0.938943,-7.94131369156222e-16,-2.13256712182199e-16,0.90948566942985,-0.11110208529261
15809,-1.74924,-0.969619,-8.33506903106895e-16,-2.63529579479533e-16,0.915346582364535,0.777752503850301
15809,-1.73205,-1,-8.87083124989408e-16,-2.87522132038883e-16,0.9104624981712,-0.333308963308458
15808,-1.71433,-1.03008,-9.23666541766164e-16,-3.43712919171937e-16,0.912416143750526,0.555523964084446
15808,-1.6961,-1.05984,-9.78204406988464e-16,-3.70639528073348e-16,0.912416143751243,-0.555523964150944
15807,-1.67734,-1.08928,-1.01108399822457e-15,-4.32392086700597e-16,0.910462498170725,0.333308963242434
15807,-1.65808,-1.11839,-1.06617372282178e-15,-4.62145510866364e-16,0.915346582365503,-0.7777525039155
15806,-1.6383,-1.14715,-1.09452826463972e-15,-5.28985715996534e-16,0.90948566942967,0.111102085228524
15805,-1.61803,-1.17557,-1.12202456315486e-15,-5.99697696243806e-16,0.919253778306763,0.999999999982893
15805,-1.59727,-1.20363,-1.17292760832651e-15,-6.32849848656606e-16,0.909485669429812,-0.111102085265547
15804,-1.57602,-1.23132,-1.19493807204673e-15,-7.07963439173492e-16,0.915346582364898,0.777752503876549
15804,-1.55429,-1.25864,-1.2452782036222e-15,-7.43289206267539e-16,0.910462498170935,-0.333308963280012
15803,-1.53209,-1.28558,-1.26110972060192e-15,-8.22190771403449e-16,0.912416143750815,0.555523964114853
15803,-1.50942,-1.31212,-1.31056195208163e-15,-8.59477363803494e-16,0.912416143750855,-0.555523964118957
15802,-1.48629,-1.33826,-1.31956084822059e-15,-9.41432837852995e-16,0.910462498170897,0.333308963276791
15802,-1.46271,-1.364,-1.36781472535929e-15,-9.80441365814904e-16,0.915346582364928,-0.77775250387821
15801,-1.43868,-1.38932,-1.36942460459366e-15,-1.06464811050232e-15,0.909485669429954,0.111102085257172
15801,-1.41421,-1.41421,-1.41620909042905e-15,-1.10513315374108e-15,0.919253778307098,-0.999999999999989
10084,-1.38932,-1.43868,-1.40995818550529e-15,-1.19075823980753e-15,-0.909485669429983,0.111102085260242
10184,-1.364,-1.46271,-1.40174991818264e-15,-1.27937152902729e-15,-0.915346582364814,-0.777752503871363
10184,-1.33826,-1.48629,-1.44051652405174e-15,-1.31861812701875e-15,-0.910462498171062,0.333308963290425
10284,-1.31212,-1.50942,-1.42398339424211e-15,-1.40743540061224e-15,-0.912416143750702,-0.555523964098991
10284,-1.28558,-1.53209,-1.4605943507853e-15,-1.44700322232841e-15,-0.912416143751175,0.55552396414059
10384,-1.25864,-1.55429,-1.43557350887391e-15,-1.53505312816148e-15,-0.910462498170858,-0.333308963247603
10384,-1.23132,-1.57602,-1.46990503009241e-15,-1.57466470128328e-15,-0.915346582365569,0.777752503916277
10484,-1.20363,-1.59727,-1.43640436823058e-15,-1.660968082831e-15,-0.909485669429755,-0.111102085221656
10584,-1.17557,-1.61803,-1.40095791990324e-15,-1.74932961054748e-15,-0.919253778306467,-0.999999999969833
10584,-1.14715,-1.6383,-1.42653489007072e-15,-1.78389738617081e-15,-0.909485669429891,0.111102085282108
10684,-1.11839,-1.65808,-1.38303937118695e-15,-1.86904089313799e-15,-0.915346582364624,-0.777752503855743
10684,-1.08928,-1.67734,-1.40621290222769e-15,-1.90253423587001e-15,-0.910462498171255,0.333308963307532
10784,-1.05984,-1.6961,-1.35511424760358e-15,-1.98348658185972e-15,-0.912416143750544,-0.555523964080908
10784,-1.03008,-1.71433,-1.37595590855314e-15,-2.01574943617656e-15,-0.912416143751393,0.555523964158839
10884,-1,-1.73205,-1.31783648066778e-15,-2.0917954850038e-15,-0.910462498170715,-0.333308963230315
10884,-0.969619,-1.74924,-1.33649779548634e-15,-2.12279454917007e-15,-0.915346582365772,0.777752503931858
10984,-0.938943,-1.7659,-1.27192659729269e-15,-2.19348489854825e-15,-0.909485669429763,-0.111102085205032
11084,-0.907981,-1.78201,-1.20634622556942e-15,-2.26513915885192e-15,-0.919253778306154,-0.99999999995149
11084,-0.876742,-1.79759,-1.21796302796861e-15,-2.28823261926914e-15,-0.909485669429981,0.111102085301552
11184,-0.845237,-1.81262,-1.14634015312415e-15,-2.35413699180179e-15,-0.915346582364332,-0.777752503835052
11184,-0.813473,-1.82709,-1.15633141641667e-15,-2.37562626607328e-15,-0.910462498171421,0.333308963330044
11284,-0.781462,-1.84101,-1.07893774237625e-15,-2.43535325642187e-15,-0.912416143750289,-0.555523964056998
11284,-0.749213,-1.85437,-1.08739413991226e-15,-2.45511973090113e-15,-0.912416143751684,0.555523964183542
11384,-0.716736,-1.86716,-1.00464555495985e-15,-2.50818494263033e-15,-0.910462498170579,-0.333308963203316
11384,-0.68404,-1.87939,-1.01166273137501e-15,-2.52611397770419e-15,-0.915346582366256,0.777752503962127
11484,-0.651136,-1.89104,-9.24123571556769e-16,-2.57199128189313e-15,-0.9094856694297,-0.111102085173069
11584,-0.618034,-1.90211,-8.35817768516419e-16,-2.61845707678556e-15,-0.919253778305473,-0.9999999999182
11584,-0.584743,-1.91261,-8.38138408722586e-16,-2.62603428669003e-15,-0.909485669430035,0.111102085335111
11684,-0.551275,-1.92252,-7.46196656128989e-16,-2.66450507383422e-15,-0.915346582363772,-0.777752503801188
11684,-0.517638,-1.93185,-7.47600772669773e-16,-2.66963391404563e-15,-0.910462498171642,0.333308963364261
11784,-0.483844,-1.94059,-6.528822993417e-16,-2.69974999032248e-15,-0.912416143749915,-0.555523964021929
11784,-0.449902,-1.94874,-6.53538731771276e-16,-2.70247322811901e-15,-0.912416143752077,0.555523964220183
11884,-0.415823,-1.9563,-5.5685053859419e-16,-2.72416497143173e-15,-0.910462498170266,-0.33330896316818
11884,-0.381618,-1.96325,-5.56934533903545e-16,-2.72459653208358e-15,-0.915346582366712,0.777752503993725
11984,-0.347296,-1.96962,-4.58975212529831e-16,-2.73789744991945e-15,-0.909485669429565,-0.111102085145729
12084,-0.312869,-1.97538,-3.61489766874305e-16,-2.75149192136857e-15,-0.919253778305011,-0.999999999895287
12084,-0.278346,-1.98054,-3.60099057378231e-16,-2.74103379759762e-15,-0.909485669430107,0.111102085358526
12184,-0.243739,-1.98509,-2.6237499436728e-16,-2.74626964361101e-15,-0.915346582363447,-0.777752503777644
12184,-0.209057,-1.98904,-2.61104601805128e-16,-2.73370304417638e-15,-0.910462498171781,0.333308963386432
12284,-0.174311,-1.99239,-1.63870997235694e-16,-2.7307301819279e-15,-0.912416143749663,-0.555523964001473
12284,-0.139513,-1.99513,-1.62851515144937e-16,-2.71619355695555e-15,-0.912416143752267,0.555523964238395
12384,-0.104672,-1.99726,-6.67468373383514e-17,-2.70523645851471e-15,-0.910462498170238,-0.333308963148834
12384,-0.069799,-1.99878,-6.60947185722983e-17,-2.68882817826863e-15,-0.915346582367131,0.777752504016471
12484,-0.0349048,-1.9997,2.82932630100105e-17,-2.67008972913294e-15,-0.909485669429557,-0.111102085121833
12584,-4.35203e-16,-2,1.21449893777374e-16,-2.65185827472414e-15,-0.919253778304537,-0.999999999870803
12584,0.0349048,-1.9997,1.20538882801858e-16,-2.62557454892261e-15,-0.909485669430058,0.111102085378513
12684,0.069799,-1.99878,2.1111089559227e-16,-2.59990244944808e-15,-0.915346582363139,-0.777752503762792
12684,0.104672,-1.99726,2.09285850519509e-16,-2.57212133347392e-15,-0.9104624981717,0.333308963393593
12784,0.139513,-1.99513,2.96723327232417e-16,-2.5394120767073e-15,-0.912416143749591,-0.555523964001403
12784,0.174311,-1.99239,2.93911079333072e-16,-2.51030416709789e-15,-0.912416143752134,0.555523964232273
12884,0.209057,-1.98904,3.77744287186573e-16,-2.47099229898416e-15,-0.91046249817019,-0.333308963161724
12884,0.243739,-1.98509,3.73878726176393e-16,-2.44068374281831e-15,-0.915346582366752,0.777752503996427
12984,0.278346,-1.98054,4.53657193226049e-16,-2.39517770846074e-15,-0.909485669429543,-0.111102085145531
13084,0.312869,-1.97538,5.31705155718203e-16,-2.35060657797999e-15,-0.919253778305079,-0.999999999897294
13084,0.347296,-1.96962,5.23932129372691e-16,-2.3125071420047e-15,-0.909485669429971,0.111102085349981
13184,0.381618,-1.96325,5.97252778940349e-16,-2.26235679521492e-15,-0.915346582363621,-0.777752503792476
13184,0.415823,-1.9563,5.88088056618736e-16,-2.22361302767684e-15,-0.910462498171561,0.33330896336634
13284,0.449902,-1.94874,6.56319541133537e-16,-2.16840678068216e-15,-0.912416143749886,-0.555523964026324
13284,0.483844,-1.94059,6.45737900983059e-16,-2.12914050643545e-15,-0.912416143751904,0.555523964209538
13384,0.517638,-1.93185,7.08578693774946e-16,-2.06937765672958e-15,-0.910462498170363,-0.333308963182687
13384,0.551275,-1.92252,6.96552000582074e-16,-2.02968009517224e-15,-0.915346582366464,0.777752503976962
13484,0.584743,-1.91261,7.53716616618652e-16,-1.96589796758293e-15,-0.909485669429569,-0.111102085165906
13584,0.618034,-1.90211,8.08845838724629e-16,-1.90360419310465e-15,-0.919253778305519,-0.999999999919186
13584,0.651136,-1.89104,7.91491770172081e-16,-1.85874919624496e-15,-0.909485669429928,0.111102085328226
13684,0.68404,-1.87939,8.4062961622218e-16,-1.79330488136059e-15,-0.915346582363942,-0.777752503814258
13684,0.716736,-1.86716,8.21787518041081e-16,-1.7488087040004e-15,-0.910462498171394,0.333308963343945
13784,0.749213,-1.85437,8.64842226745135e-16,-1.68086983587308e-15,-0.912416143750121,-0.555523964050058
13784,0.781462,-1.84101,8.44554331385172e-16,-1.63686535420453e-15,-0.91241614375158,0.555523964183364
13884,0.813473,-1.82709,8.81441279580835e-16,-1.56702395515283e-15,-0.91046249817049,-0.333308963212306
13884,0.845237,-1.81262,8.59743925932052e-16,-1.52361574209895e-15,-0.915346582365913,0.777752503943214
13984,0.876742,-1.79759,8.90407290270588e-16,-1.45249113153726e-15,-0.909485669429626,-0.1111020852007
14084,0.907981,-1.78201,9.1903736760618e-16,-1.3834915791e-15,-0.919253778306215,-0.999999999954254
14084,0.938943,-1.7659,8.91847503282011e-16,-1.33808383848822e-15,-0.909485669429858,0.111102085292581
14184,0.969619,-1.74924,9.14335770835277e-16,-1.26866663239725e-15,-0.915346582364524,-0.777752503850263
14184,1,-1.73205,8.85991693999562e-16,-1.22461080738091e-15,-0.910462498171194,0.333308963308465
14284,1.03008,-1.71433,9.0250291498402e-16,-1.15538305211474e-15,-0.91241614375052,-0.55552396408445
14284,1.05984,-1.6961,8.73110924788159e-16,-1.11279151338473e-15,-0.912416143751235,0.55552396415093
14384,1.08928,-1.67734,8.83825514475858e-16,-1.04432439483891e-15,-0.910462498170724,-0.333308963242461
14384,1.11839,-1.65808,8.53501298018251e-16,-1.00330717819951e-15,-0.915346582365498,0.777752503915531
14484,1.14715,-1.6383,8.58652667492545e-16,-9.36185064498578e-16,-0.909485669429676,-0.111102085228531
14584,1.17557,-1.61803,8.62168545489039e-16,-8.71716142995489e-16,-0.919253778306762,-0.999999999982903
14584,1.20363,-1.59727,8.27449111456871e-16,-8.31682253083825e-16,-0.909485669429825,0.1111020852655
14684,1.23132,-1.57602,8.25851045318778e-16,-7.69295522851777e-16,-0.91534658236492,-0.777752503876537
14684,1.25864,-1.55429,7.90766824368337e-16,-7.31481893026369e-16,-0.910462498170955,0.333308963280004
14784,1.28558,-1.53209,7.84454385437356e-16,-6.71671828230715e-16,-0.912416143750819,-0.555523964114867
14784,1.31212,-1.50942,7.49182436878944e-16,-6.36155160579865e-16,-0.912416143750872,0.555523964118932
14884,1.33826,-1.48629,7.38575620883104e-16,-5.79361707893471e-16,-0.910462498170903,-0.333308963276861
14884,1.364,-1.46271,7.0330117567024e-16,-5.46211064887931e-16,-0.915346582364901,0.777752503878194
14984,1.38932,-1.43868,6.88869301151266e-16,-4.92835665755276e-16,-0.909485669429939,-0.111102085257194
14984,1.41421,-1.41421,6.53796028229703e-16,-4.62119834669763e-16,-0.919253778307102,0.999999999999985
5850,1.43868,-1.38932,6.36062303775954e-16,-4.12509648087487e-16,0.909485669429985,-0.111102085260202
5849,1.46271,-1.364,6.17631532831575e-16,-3.65873651202971e-16,0.915346582364833,0.777752503871339
5849,1.48629,-1.33826,5.80920861393271e-16,-3.38726817405847e-16,0.910462498171102,-0.333308963290407
5848,1.50942,-1.31212,5.5995700855108e-16,-2.96169401154168e-16,0.91241614375073,0.555523964099018
5848,1.53209,-1.28558,5.24233331054542e-16,-2.71763542081016e-16,0.912416143751186,-0.555523964140576
5847,1.55429,-1.25864,5.01316201760094e-16,-2.33497346257698e-16,0.91046249817085,0.333308963247604
5847,1.57602,-1.23132,4.66818938857987e-16,-2.11833589201323e-16,0.91534658236556,-0.777752503916265
5846,1.59727,-1.20363,4.42552078709152e-16,-1.78000152037475e-16,0.909485669429786,0.111102085221649
5845,1.61803,-1.17557,4.18309010343822e-16,-1.46964851010812e-16,0.919253778306525,0.999999999969829
5845,1.6383,-1.14715,3.84505970024304e-16,-1.29714381509826e-16,0.909485669429914,-0.11110208528211
5844,1.65808,-1.11839,3.59749659933099e-16,-1.03090361677811e-16,0.915346582364627,0.777752503855747
5844,1.67734,-1.08928,3.2798594732353e-16,-8.85794029903641e-17,0.910462498171258,-0.333308963307527
5843,1.6961,-1.05984,3.03292624937668e-16,-6.63243805855598e-17,0.912416143750537,0.555523964080912
5843,1.71433,-1.03008,2.73780742992101e-16,-5.44611154568317e-17,0.912416143751378,-0.555523964158821
5842,1.73205,-1,2.49722116819223e-16,-3.64677897303301e-17,0.910462498170701,0.333308963230334
5842,1.74924,-0.969619,2.2267309205195e-16,-2.71459884573401e-17,0.915346582365767,-0.777752503931841
5841,1.7659,-0.938943,1.99801984811617e-16,-1.3228024093746e-17,0.909485669429766,0.111102085205045
5840,1.78201,-0.907981,1.77883903875962e-16,-1.4685390468119e-18,0.919253778306158,0.99999999995149
5840,1.79759,-0.876742,1.54231680580568e-16,3.7810183114702e-18,0.909485669429983,-0.111102085301555
5839,1.81262,-0.845237,1.34197016555553e-16,1.19230460827391e-17,0.915346582364319,0.777752503835052
5839,1.82709,-0.813473,1.13628829913574e-16,1.50150367210153e-17,0.910462498171384,-0.333308963330046
5838,1.84101,-0.781462,9.59013866823666e-17,1.98657440677809e-17,0.912416143750258,0.555523964056995
5838,1.85437,-0.749213,7.85439905150872e-17,2.0984013198623e-17,0.91241614375167,-0.555523964183538
5837,1.86716,-0.716736,6.35001416527471e-17,2.29213484365867e-17,0.91046249817059,0.333308963203332
5837,1.87939,-0.68404,4.94619513506879e-17,2.22596804463882e-17,0.915346582366259,-0.777752503962114
5836,1.89104,-0.651136,3.74141746942817e-17,2.17127514157331e-17,0.909485669429712,0.11110208517308
5835,1.90211,-0.618034,2.69658138620166e-17,2.00570554982672e-17,0.919253778305505,0.999999999918216
5835,1.91261,-0.584743,1.79586914797766e-17,1.68940634780941e-17,0.909485669430072,-0.111102085335106
5834,1.92252,-0.551275,1.08265833475373e-17,1.34551882735506e-17,0.915346582363824,0.777752503801191
5834,1.93185,-0.517638,5.35976537769716e-18,9.11541413674491e-18,0.910462498171638,-0.333308963364257
5833,1.94059,-0.483844,1.68933967961529e-18,4.32590281650419e-18,0.912416143749874,0.555523964021932
5833,1.94874,-0.449902,-2.10433592484087e-19,-9.92775652240822e-19,0.91241614375206,-0.555523964220175
5832,1.9563,-0.415823,-3.09817443326729e-19,-6.71697610909314e-18,0.910462498170272,0.333308963168192
5832,1.96325,-0.381618,1.39888775892707e-18,-1.28277144901642e-17,0.915346582366721,-0.777752503993719
5831,1.96962,-0.347296,4.96792340838708e-18,-1.90916223631486e-17,0.909485669429573,0.111102085145735
5830,1.97538,-0.312869,1.04127112410846e-17,-2.5489084504799e-17,0.919253778305019,0.999999999895301
5830,1.98054,-0.278346,1.7714186952399e-17,-3.22272199207328e-17,0.909485669430095,-0.11110208535852
5829,1.98509,-0.243739,2.70190987361451e-17,-3.85147254920466e-17,0.915346582363408,0.777752503777643
5829,1.98904,-0.209057,3.81937844747608e-17,-4.54923700488329e-17,0.910462498171767,-0.333308963386425
5828,1.99239,-0.174311,5.14941824710176e-17,-5.10970902594601e-17,0.91241614374965,0.555523964001481
5828,1.99513,-0.139513,6.66679375869169e-17,-5.81023940519426e-17,0.912416143752221,-0.555523964238393
5827,1.99726,-0.104672,8.39933333187497e-17,-6.23104158677851e-17,0.910462498170182,0.333308963148836
5827,1.99878,-0.069799,1.03210117328316e-16,-6.90913920874929e-17,0.915346582367075,-0.777752504016468
5826,1.9997,-0.0349048,1.2436365263878e-16,-7.11488457826986e-17,0.909485669429527,0.111102085121839
