origElemNum,globCoord-x,globCoord-y,acouIntensity-x,acouIntensity-y,locCoord-xi,locCoord-eta
5825,2,-2.20442e-18,9.83540443126112e-08,3.63249333653129e-08,0.919253778304535,0.999999999870795
5825,1.9997,0.0349048,1.20345305979768e-07,4.12830893321054e-08,0.909485669430051,-0.11110208537854
5824,1.99878,0.069799,1.4417371460055e-07,5.08645919714242e-08,0.915346582363134,0.7777525037628
5824,1.99726,0.104672,1.70177757728465e-07,5.66704709250277e-08,0.910462498171695,-0.333308963393583
5823,1.99513,0.139513,1.97752765610957e-07,6.88996488353213e-08,0.912416143749585,0.555523964001403
5823,1.99239,0.174311,2.27643630183869e-07,7.57771382047842e-08,0.912416143752112,-0.555523964232293
5822,1.98904,0.209057,2.58690079964027e-07,9.11203222359441e-08,0.910462498170195,0.33330896316169
5822,1.98509,0.243739,2.92322806941023e-07,9.92833116032572e-08,0.915346582366752,-0.777752503996411
5821,1.98054,0.278346,3.26515154155649e-07,1.18180358683538e-07,0.909485669429537,0.111102085145532
5820,1.97538,0.312869,3.61905136883262e-07,1.39324477141115e-07,0.91925377830504,0.999999999897275
5820,1.96962,0.347296,4.00689049441732e-07,1.50688498104493e-07,0.909485669429959,-0.111102085350008
5819,1.96325,0.381618,4.38614468163197e-07,1.76005987013867e-07,0.915346582363608,0.777752503792493
5819,1.9563,0.415823,4.80606361158759e-07,1.89199577145355e-07,0.910462498171543,-0.333308963366333
5818,1.94874,0.449902,5.20623291185529e-07,2.19028553262549e-07,0.912416143749872,0.555523964026318
5818,1.94059,0.483844,5.65599555621914e-07,2.34206220955111e-07,0.912416143751876,-0.555523964209557
5817,1.93185,0.517638,6.07225225638183e-07,2.68836451966198e-07,0.910462498170338,0.333308963182653
5817,1.92252,0.551275,6.54948313149097e-07,2.86134346438734e-07,0.915346582366455,-0.777752503976955
5816,1.91261,0.584743,6.97669761764029e-07,3.25808005112778e-07,0.909485669429567,0.111102085165898
5815,1.90211,0.618034,7.40379168768032e-07,3.6846973561774e-07,0.919253778305533,0.999999999919169
5815,1.89104,0.651136,7.91175701579106e-07,3.90259245710422e-07,0.909485669429933,-0.111102085328256
5814,1.87939,0.68404,8.3413921370505e-07,4.38255474838881e-07,0.915346582363941,0.777752503814277
5814,1.86716,0.716736,8.86940943622103e-07,4.62446801087023e-07,0.910462498171402,-0.333308963343933
5813,1.85437,0.749213,9.29599150110891e-07,5.15909363653398e-07,0.912416143750119,0.555523964050056
5813,1.84101,0.781462,9.84146861512957e-07,5.42567442916497e-07,0.912416143751575,-0.555523964183394
5812,1.82709,0.813473,1.02592735160394e-06,6.01583191969077e-07,0.910462498170486,0.333308963212263
5812,1.81262,0.845237,1.0819594754547e-06,6.30754989560817e-07,0.915346582365915,-0.777752503943209
5811,1.79759,0.876742,1.12227827993201e-06,6.9536279755027e-07,0.909485669429635,0.111102085200681
5810,1.78201,0.907981,1.16112444714526e-06,7.63201404009437e-07,0.919253778306195,0.999999999954235
5810,1.7659,0.938943,1.21779493458343e-06,7.97265018880001e-07,0.909485669429844,-0.111102085292603
5809,1.74924,0.969619,1.25424991260005e-06,8.70659397029682e-07,0.915346582364538,0.777752503850291
5809,1.73205,1,1.31161152804256e-06,9.07234578484012e-07,0.910462498171199,-0.333308963308445
5808,1.71433,1.03008,1.34507365617055e-06,9.8608772394149e-07,0.912416143750526,0.555523964084446
5808,1.6961,1.05984,1.4028533796622e-06,1.02513755454649e-06,0.912416143751246,-0.555523964150953
5807,1.67734,1.08928,1.43271540699107e-06,1.10928801132699e-06,0.910462498170725,0.333308963242434
5807,1.65808,1.11839,1.49063366858029e-06,1.15074877386885e-06,0.915346582365508,-0.777752503915519
5806,1.6383,1.14715,1.51628357570932e-06,1.23995823778312e-06,0.909485669429676,0.11110208522853
5805,1.61803,1.17557,1.53895770925423e-06,1.3320375875456e-06,0.919253778306765,0.999999999982884
5805,1.59727,1.20363,1.59487828865125e-06,1.37767711556758e-06,0.909485669429817,-0.111102085265541
5804,1.57602,1.23132,1.61242539783948e-06,1.47427496902282e-06,0.9153465823649,0.777752503876539
5804,1.55429,1.25864,1.66760346517192e-06,1.52189763858854e-06,0.910462498170939,-0.333308963279996
5803,1.53209,1.28558,1.67944745345108e-06,1.6225482381443e-06,0.912416143750815,0.555523964114853
5803,1.50942,1.31212,1.73358632695152e-06,1.6719537214608e-06,0.91241614375085,-0.555523964118972
5802,1.48629,1.33826,1.73918464365147e-06,1.7761162791461e-06,0.910462498170897,0.333308963276791
5802,1.46271,1.364,1.79199953537377e-06,1.8270773289022e-06,0.915346582364929,-0.77775250387822
5801,1.43868,1.38932,1.79085590903591e-06,1.93415113441749e-06,0.909485669429954,0.111102085257182
5801,1.41421,1.41421,1.84208067380506e-06,1.98641915524859e-06,0.919253778307104,-0.999999999999994
850,1.38932,1.43868,1.83375447511038e-06,2.09575650453505e-06,0.909485669429991,-0.111102085260227
849,1.364,1.46271,1.82113807501491e-06,2.20641330577771e-06,0.915346582364834,0.777752503871359
849,1.33826,1.48629,1.8672575024977e-06,2.25998036581192e-06,0.910462498171096,-0.333308963290402
848,1.31212,1.50942,1.84694095101379e-06,2.3718369010069e-06,0.912416143750729,0.555523964099008
848,1.28558,1.53209,1.89083054127375e-06,2.42582087231369e-06,0.912416143751184,-0.555523964140596
847,1.25864,1.55429,1.86253819990305e-06,2.53813645528704e-06,0.910462498170846,0.333308963247574
847,1.23132,1.57602,1.90403064522778e-06,2.59222824228232e-06,0.915346582365554,-0.777752503916259
846,1.20363,1.59727,1.86755813159628e-06,2.70422889729166e-06,0.90948566942978,0.111102085221654
845,1.17557,1.61803,1.82646771340532e-06,2.81626289508853e-06,0.919253778306528,0.999999999969813
845,1.14715,1.6383,1.86173012578102e-06,2.86899272763332e-06,0.909485669429915,-0.111102085282135
844,1.11839,1.65808,1.81234400101282e-06,2.97948334713202e-06,0.915346582364625,0.777752503855763
844,1.08928,1.67734,1.84489046661252e-06,3.03128275275157e-06,0.910462498171253,-0.333308963307521
843,1.05984,1.6961,1.78720849760415e-06,3.13941271399165e-06,0.912416143750542,0.555523964080906
843,1.03008,1.71433,1.81698740635083e-06,3.18995034382788e-06,0.912416143751377,-0.555523964158847
842,1,1.73205,1.7510917372429e-06,3.29491176079033e-06,0.910462498170698,0.333308963230309
842,0.969619,1.74924,1.77808435651388e-06,3.34386561564778e-06,0.915346582365766,-0.777752503931825
841,0.938943,1.7659,1.70413934968078e-06,3.44487550290299e-06,0.909485669429764,0.111102085205048
840,0.907981,1.78201,1.62591177478077e-06,3.54413898193686e-06,0.919253778306164,0.99999999995148
840,0.876742,1.79759,1.64660886341841e-06,3.58825242849818e-06,0.909485669429979,-0.11110208530158
839,0.845237,1.81262,1.56077225266011e-06,3.68244135566724e-06,0.91534658236432,0.777752503835068
839,0.813473,1.82709,1.57886151185432e-06,3.72405712084638e-06,0.91046249817139,-0.33330896333004
838,0.781462,1.84101,1.48576470506143e-06,3.81249890573426e-06,0.912416143750255,0.555523964056983
838,0.749213,1.85437,1.50135220796402e-06,3.851374132946e-06,0.912416143751674,-0.555523964183563
837,0.716736,1.86716,1.40140679213848e-06,3.93344405693271e-06,0.910462498170584,0.333308963203304
837,0.68404,1.87939,1.41462057799732e-06,3.96935518002955e-06,0.915346582366261,-0.777752503962098
836,0.651136,1.89104,1.30829680868414e-06,4.04447385973191e-06,0.909485669429719,0.111102085173086
835,0.618034,1.90211,1.19870419356047e-06,4.11639292618315e-06,0.919253778305509,0.999999999918205
835,0.584743,1.91261,1.20710577253036e-06,4.14484552293082e-06,0.909485669430073,-0.111102085335132
834,0.551275,1.92252,1.09199877223544e-06,4.20900335588077e-06,0.915346582363819,0.777752503801204
834,0.517638,1.93185,1.09856948511394e-06,4.23387321430459e-06,0.910462498171637,-0.333308963364254
833,0.483844,1.94059,9.78549994558504e-07,4.28980152988255e-06,0.912416143749877,0.55552396402192
833,0.449902,1.94874,9.83483338865671e-07,4.31092713341814e-06,0.91241614375206,-0.555523964220202
832,0.415823,1.9563,8.59198341110728e-07,4.35820283306635e-06,0.910462498170279,0.333308963168166
832,0.381618,1.96325,8.62699547655101e-07,4.37543679096553e-06,0.915346582366717,-0.777752503993703
831,0.347296,1.96962,7.3483771324322e-07,4.4136876095187e-06,0.909485669429573,0.111102085145737
830,0.312869,1.97538,6.05318329645688e-07,4.44777508685102e-06,0.919253778305012,0.99999999989529
830,0.278346,1.98054,6.06408853940267e-07,4.45581140397989e-06,0.909485669430091,-0.111102085358547
829,0.243739,1.98509,4.74488593967107e-07,4.48042424247354e-06,0.915346582363415,0.77775250377766
829,0.209057,1.98904,4.7489151341056e-07,4.48421547354595e-06,0.910462498171767,-0.333308963386422
828,0.174311,1.99239,3.41336916269977e-07,4.49914676376988e-06,0.912416143749651,0.55552396400147
828,0.139513,1.99513,3.4129628385043e-07,4.49863623947233e-06,0.912416143752224,-0.555523964238419
827,0.104672,1.99726,2.06890974527443e-07,4.50375370806815e-06,0.910462498170184,0.33330896314881
827,0.069799,1.99878,2.06655250879127e-07,4.4989125936762e-06,0.915346582367074,-0.777752504016452
826,0.0349048,1.9997,7.21913895440879e-08,4.49416187007303e-06,0.909485669429527,0.111102085121841
825,1.27747e-16,2,-6.19840036356968e-08,4.48499040378568e-06,0.919253778304535,0.999999999870799
825,-0.0349048,1.9997,-6.17190042921584e-08,4.47039590672954e-06,0.909485669430051,-0.111102085378537
824,-0.069799,1.99878,-1.94692728550507e-07,4.45143338981314e-06,0.915346582363134,0.777752503762801
824,-0.104672,1.99726,-1.93804409376107e-07,4.43258707428322e-06,0.910462498171695,-0.333308963393583
823,-0.139513,1.99513,-3.24797581053754e-07,4.40397876719047e-06,0.912416143749585,0.555523964001401
823,-0.174311,1.99239,-3.2304461874553e-07,4.38097069250876e-06,0.912416143752112,-0.555523964232297
822,-0.209057,1.98904,-4.51294603602293e-07,4.34293610727684e-06,0.910462498170195,0.333308963161685
822,-0.243739,1.98509,-4.4844388999589e-07,4.31588258769952e-06,0.915346582366744,-0.777752503996403
821,-0.278346,1.98054,-5.73210982309794e-07,4.26871189572066e-06,0.909485669429538,0.111102085145537
820,-0.312869,1.97538,-6.95818425718672e-07,4.2176739717587e-06,0.919253778305041,0.999999999897278
820,-0.347296,1.96962,-6.8961247360226e-07,4.18180439221579e-06,0.90948566942996,-0.111102085350006
819,-0.381618,1.96325,-8.07614579332092e-07,4.12221894970358e-06,0.915346582363608,0.777752503792493
819,-0.415823,1.9563,-7.9961034253097e-07,4.08280017140236e-06,0.910462498171543,-0.333308963366333
818,-0.449902,1.94874,-9.12351117872361e-07,4.01512601698984e-06,0.912416143749872,0.555523964026316
818,-0.483844,1.94059,-9.0237006266969e-07,3.97237020262728e-06,0.912416143751875,-0.555523964209561
817,-0.517638,1.93185,-1.00923861675804e-06,3.89712470156336e-06,0.910462498170336,0.333308963182646
817,-0.551275,1.92252,-9.97120540652569e-07,3.85126358447156e-06,0.915346582366457,-0.777752503976948
816,-0.584743,1.91261,-1.09755645761473e-06,3.76901768526185e-06,0.909485669429562,0.111102085165907
815,-0.618034,1.90211,-1.19433055766635e-06,3.68418017860917e-06,0.919253778305526,0.999999999919175
815,-0.651136,1.89104,-1.17665832751936e-06,3.6316763949028e-06,0.909485669429935,-0.111102085328253
814,-0.68404,1.87939,-1.26620979695393e-06,3.54083218733609e-06,0.915346582363941,0.777752503814277
814,-0.716736,1.86716,-1.24597899232191e-06,3.48603772454753e-06,0.910462498171402,-0.333308963343933
813,-0.749213,1.85437,-1.32789880589384e-06,3.38988082204048e-06,0.912416143750117,0.555523964050053
813,-0.781462,1.84101,-1.30504281090787e-06,3.33309809612416e-06,0.912416143751584,-0.555523964183396
812,-0.813473,1.82709,-1.37899199444649e-06,3.23236061813371e-06,0.910462498170484,0.33330896321226
812,-0.845237,1.81262,-1.35347174337797e-06,3.17390558886879e-06,0.91534658236591,-0.7777525039432
811,-0.876742,1.79759,-1.41918587704751e-06,3.06935172138937e-06,0.909485669429639,0.111102085200672
810,-0.907981,1.78201,-1.48040776150515e-06,2.96399210517522e-06,0.919253778306197,0.999999999954239
810,-0.938943,1.7659,-1.4482840211898e-06,2.90197148670789e-06,0.909485669429848,-0.111102085292613
809,-0.969619,1.74924,-1.50099297831598e-06,2.79403205224756e-06,0.915346582364533,0.777752503850298
809,-1,1.73205,-1.46620110841797e-06,2.73136482937334e-06,0.910462498171205,-0.333308963308436
808,-1.03008,1.71433,-1.51034045866662e-06,2.62165860193374e-06,0.912416143750522,0.55552396408444
808,-1.05984,1.6961,-1.4729660552871e-06,2.55869353809351e-06,0.912416143751243,-0.555523964150944
807,-1.08928,1.67734,-1.50856337505201e-06,2.44803810856184e-06,0.910462498170733,0.33330896324243
807,-1.11839,1.65808,-1.46872427437793e-06,2.38512456204422e-06,0.915346582365511,-0.777752503915504
806,-1.14715,1.6383,-1.49589168853431e-06,2.27433322268045e-06,0.909485669429678,0.11110208522852
805,-1.17557,1.61803,-1.51863454761973e-06,2.16466739635774e-06,0.91925377830677,0.999999999982889
805,-1.20363,1.59727,-1.47267066976376e-06,2.1016909000373e-06,0.909485669429819,-0.111102085265551
804,-1.23132,1.57602,-1.48730260607206e-06,1.99311365271161e-06,0.915346582364893,0.777752503876544
804,-1.25864,1.55429,-1.43935865921568e-06,1.93123052480486e-06,0.910462498170937,-0.333308963279986
803,-1.28558,1.53209,-1.44620337384318e-06,1.82450207109268e-06,0.912416143750809,0.555523964114847
803,-1.31212,1.50942,-1.39652359718357e-06,1.76403124609643e-06,0.912416143750849,-0.555523964118962
802,-1.33826,1.48629,-1.39598176273605e-06,1.65987544485731e-06,0.910462498170897,0.333308963276791
802,-1.364,1.46271,-1.34483801243917e-06,1.60111947937803e-06,0.915346582364928,-0.77775250387821
801,-1.38932,1.43868,-1.33738263423292e-06,1.50021540711092e-06,0.909485669429954,0.111102085257172
801,-1.41421,1.41421,-1.28507232348216e-06,1.4434573743042e-06,0.919253778307104,-0.999999999999994
15850,-1.43868,1.38932,-1.27124287427519e-06,1.34643175922693e-06,0.909485669429991,-0.111102085260237
15849,-1.46271,1.364,-1.25425146987538e-06,1.25246490617739e-06,0.915346582364828,0.777752503871364
15849,-1.48629,1.33826,-1.198482622263e-06,1.19935240923932e-06,0.910462498171103,-0.333308963290387
15848,-1.50942,1.31212,-1.17605375826547e-06,1.11009310956911e-06,0.912416143750729,0.555523964099008
15848,-1.53209,1.28558,-1.12009551457478e-06,1.05971389378323e-06,0.912416143751185,-0.555523964140586
15847,-1.55429,1.25864,-1.09290902088723e-06,9.75620892276939e-07,0.910462498170851,0.333308963247569
15847,-1.57602,1.23132,-1.03713774472051e-06,9.28153186883165e-07,0.915346582365555,-0.777752503916249
15846,-1.59727,1.20363,-1.00591335085219e-06,8.49610574586999e-07,0.909485669429784,0.111102085221639
15845,-1.61803,1.17557,-9.7282739424949e-07,7.74767911328997e-07,0.919253778306531,0.999999999969823
15845,-1.6383,1.14715,-9.1620516859395e-07,7.32513884189106e-07,0.909485669429917,-0.111102085282151
15844,-1.65808,1.11839,-8.80237330671933e-07,6.63633078416379e-07,0.915346582364627,0.777752503855772
15844,-1.67734,1.08928,-8.24952750102404e-07,6.24666918498571e-07,0.910462498171251,-0.333308963307506
15843,-1.6961,1.05984,-7.8688597516126e-07,5.61921060751845e-07,0.912416143750542,0.555523964080906
15843,-1.71433,1.03008,-7.33341257827718e-07,5.26286662844451e-07,0.912416143751375,-0.555523964158831
15842,-1.73205,1,-6.93965621845916e-07,4.69763256087928e-07,0.910462498170697,0.333308963230296
15842,-1.74924,0.969619,-6.42559321498542e-07,4.3746927999091e-07,0.915346582365764,-0.777752503931822
15841,-1.7659,0.938943,-6.02662247856103e-07,3.87169944792765e-07,0.909485669429762,0.111102085205035
15840,-1.78201,0.907981,-5.62751400307631e-07,3.40593714692085e-07,0.919253778306162,0.999999999951483
15840,-1.79759,0.876742,-5.14142391456696e-07,3.14030939518481e-07,0.909485669429984,-0.111102085301589
15839,-1.81262,0.845237,-4.74885641753737e-07,2.7348293572442e-07,0.915346582364318,0.777752503835071
15839,-1.82709,0.813473,-4.29540177537442e-07,2.50117455611488e-07,0.910462498171391,-0.333308963330024
15838,-1.84101,0.781462,-3.91676017788803e-07,2.15382700161252e-07,0.912416143750253,0.555523964056986
15838,-1.85437,0.749213,-3.49944559863406e-07,1.95085607745458e-07,0.912416143751674,-0.555523964183544
15837,-1.86716,0.716736,-3.14175354050149e-07,1.6587006422687e-07,0.910462498170589,0.333308963203294
15837,-1.87939,0.68404,-2.7638708060475e-07,1.48481399458417e-07,0.915346582366259,-0.777752503962095
15836,-1.89104,0.651136,-2.43370431985758e-07,1.24416303324104e-07,0.909485669429715,0.111102085173074
15835,-1.90211,0.618034,-2.11965866691076e-07,1.03174026668795e-07,0.919253778305508,0.999999999918209
15835,-1.91261,0.584743,-1.80170902399988e-07,9.03939329896974e-08,0.909485669430068,-0.111102085335144
15834,-1.92252,0.551275,-1.52415999524787e-07,7.35646153899297e-08,0.915346582363818,0.777752503801208
15834,-1.93185,0.517638,-1.25399215359508e-07,6.30849179463392e-08,0.910462498171639,-0.333308963364235
15833,-1.94059,0.483844,-1.0180294390787e-07,5.0133663286121e-08,0.912416143749876,0.555523964021923
15833,-1.94874,0.449902,-7.97815410278866e-08,4.16900153023147e-08,0.912416143752063,-0.555523964220183
15832,-1.9563,0.415823,-6.07826081488767e-08,3.20298194062764e-08,0.910462498170272,0.333308963168156
15832,-1.96325,0.381618,-4.39396844369019e-08,2.53390221726264e-08,0.915346582366716,-0.7777525039937
15831,-1.96962,0.347296,-2.9901177516153e-08,1.83386995855647e-08,0.909485669429575,0.111102085145728
15830,-1.97538,0.312869,-1.84692053072475e-08,1.25643383852644e-08,0.91925377830502,0.999999999895294
15830,-1.98054,0.278346,-9.58903198687716e-09,8.09443768985629e-09,0.909485669430092,-0.111102085358556
15829,-1.98509,0.243739,-3.50987097712583e-09,3.90579997363838e-09,0.915346582363415,0.777752503777664
15829,-1.98904,0.209057,-1.56049723987087e-10,2.91848791347942e-10,0.910462498171765,-0.333308963386404
15828,-1.99239,0.174311,4.17505755018133e-10,-3.01514836452738e-09,0.912416143749651,0.555523964001473
15828,-1.99513,0.139513,-1.78826832995999e-09,-6.1009735482399e-09,0.912416143752222,-0.5555239642384
15827,-1.99726,0.104672,-6.78637034003796e-09,-9.24222449015388e-09,0.910462498170184,0.3333089631488
15827,-1.99878,0.069799,-1.45459038797532e-08,-1.21297813860454e-08,0.915346582367074,-0.777752504016448
15826,-1.9997,0.0349048,-2.5094261001669e-08,-1.58234960742615e-08,0.909485669429527,0.111102085121831
15825,-2,2.46315e-16,-3.83627878649015e-08,-2.01813100769796e-08,0.919253778304535,0.999999999870803
15825,-1.9997,-0.0349048,-5.43528678182759e-08,-2.37984846251122e-08,0.909485669430051,-0.111102085378547
15824,-1.99878,-0.069799,-7.29620405247876e-08,-2.98289489471771e-08,0.915346582363134,0.777752503762804
15824,-1.99726,-0.104672,-9.42845415272172e-08,-3.41854088274474e-08,0.910462498171696,-0.333308963393566
15823,-1.99513,-0.139513,-1.17994325171907e-07,-4.2568646228206e-08,0.912416143749586,0.555523964001405
15823,-1.99239,-0.174311,-1.44490268286863e-07,-4.7968602223006e-08,0.912416143752114,-0.555523964232279
15822,-1.98904,-0.209057,-1.72978976789106e-07,-5.9353701345243e-08,0.910462498170195,0.333308963161688
15822,-1.98509,-0.243739,-2.0445414009925e-07,-6.60863172189578e-08,0.915346582366744,-0.7777525039964
15821,-1.98054,-0.278346,-2.37322398165824e-07,-8.10828222592499e-08,0.909485669429545,0.111102085145526
15820,-1.97538,-0.312869,-2.72118178866686e-07,-9.84537917381522e-08,0.919253778305042,0.999999999897283
15820,-1.96962,-0.347296,-3.10324672825762e-07,-1.08589166548582e-07,0.909485669429957,-0.111102085350017
15819,-1.96325,-0.381618,-3.48742432993114e-07,-1.30439715623776e-07,0.915346582363609,0.777752503792499
15819,-1.9563,-0.415823,-3.9118725541337e-07,-1.4262998538795e-07,0.910462498171549,-0.333308963366345
15818,-1.94874,-0.449902,-4.32654698446203e-07,-1.69431499140107e-07,0.912416143749872,0.555523964026319
15818,-1.94059,-0.483844,-4.79021847124922e-07,-1.83877072437832e-07,0.91241614375188,-0.555523964209544
15817,-1.93185,-0.517638,-5.229101965325e-07,-2.16035394728163e-07,0.910462498170337,0.33330896318265
15817,-1.92252,-0.551275,-5.72860213201459e-07,-2.32908491930064e-07,0.915346582366458,-0.777752503976945
15816,-1.91261,-0.584743,-6.18491525990217e-07,-2.70758570422556e-07,0.909485669429567,0.111102085165898
15815,-1.90211,-0.618034,-6.64550564573614e-07,-3.12095325851447e-07,0.919253778305528,0.999999999919178
15815,-1.89104,-0.651136,-7.18319389684294e-07,-3.34002227266944e-07,0.90948566942994,-0.111102085328262
15814,-1.87939,-0.68404,-7.6500465533506e-07,-3.8141447193958e-07,0.915346582363942,0.77775250381428
15814,-1.86716,-0.716736,-8.21264637899253e-07,-4.06055395895464e-07,0.910462498171397,-0.333308963343943
15813,-1.85437,-0.749213,-8.67813192497181e-07,-4.59673036272997e-07,0.912416143750119,0.555523964050056
15813,-1.84101,-0.781462,-9.26161157325913e-07,-4.87090699367018e-07,0.912416143751582,-0.555523964183381
15812,-1.82709,-0.813473,-9.71792448541648e-07,-5.46959531267678e-07,0.910462498170486,0.333308963212263
15812,-1.81262,-0.845237,-1.03181859540498e-06,-5.77162378232426e-07,0.915346582365912,-0.777752503943197
15811,-1.79759,-0.876742,-1.07574337903253e-06,-6.43243076932799e-07,0.909485669429641,0.111102085200675
15810,-1.78201,-0.907981,-1.11826146562894e-06,-7.13049015044077e-07,0.919253778306197,0.999999999954239
15810,-1.7659,-0.938943,-1.17846398886686e-06,-7.48371968337438e-07,0.90948566942985,-0.11110208529261
15809,-1.74924,-0.969619,-1.21807813530366e-06,-8.24171871607423e-07,0.915346582364535,0.777752503850301
15809,-1.73205,-1,-1.27876289250665e-06,-8.62073754136397e-07,0.9104624981712,-0.333308963308458
15808,-1.71433,-1.03008,-1.31470816103716e-06,-9.43606709877947e-07,0.912416143750526,0.555523964084446
15808,-1.6961,-1.05984,-1.37547273415161e-06,-9.83957698201162e-07,0.912416143751243,-0.555523964150944
15807,-1.67734,-1.08928,-1.40700931094463e-06,-1.07088073447256e-06,0.910462498170725,0.333308963242434
15807,-1.65808,-1.11839,-1.46746217722559e-06,-1.11351897184352e-06,0.915346582365503,-0.7777525039155
15806,-1.6383,-1.14715,-1.49388388140867e-06,-1.2054101455908e-06,0.90948566942967,0.111102085228524
15805,-1.61803,-1.17557,-1.517187512003e-06,-1.30032568834324e-06,0.919253778306763,0.999999999982893
15805,-1.59727,-1.20363,-1.57429079222009e-06,-1.34650456199859e-06,0.909485669429812,-0.111102085265547
15804,-1.57602,-1.23132,-1.59150222977268e-06,-1.44559738680468e-06,0.915346582364898,0.777752503876549
15804,-1.55429,-1.25864,-1.64725804187225e-06,-1.49337390825347e-06,0.910462498170935,-0.333308963280012
15803,-1.53209,-1.28558,-1.65780127237468e-06,-1.59603754560592e-06,0.912416143750815,0.555523964114853
15803,-1.50942,-1.31212,-1.71189369218572e-06,-1.6451376562786e-06,0.912416143750855,-0.555523964118957
15802,-1.48629,-1.33826,-1.71525570665371e-06,-1.75070644718084e-06,0.910462498170897,0.333308963276791
15802,-1.46271,-1.364,-1.76739486453448e-06,-1.80083489855959e-06,0.915346582364928,-0.77775250387821
15801,-1.43868,-1.38932,-1.76313167993957e-06,-1.90859129787476e-06,0.909485669429954,0.111102085257172
15801,-1.41421,-1.41421,-1.8130559043239e-06,-1.95943457996144e-06,0.919253778307098,-0.999999999999989
10084,-1.38932,-1.43868,-1.80079872606588e-06,-2.0686166280562e-06,-0.909485669429983,0.111102085260242
10184,-1.364,-1.46271,-1.78413872218083e-06,-2.1789163401913e-06,-0.915346582364814,-0.777752503871363
10184,-1.33826,-1.48629,-1.82773703061778e-06,-2.22965633501391e-06,-0.910462498171062,0.333308963290425
10284,-1.31212,-1.50942,-1.80270941886915e-06,-2.34014251657968e-06,-0.912416143750702,-0.555523964098991
10284,-1.28558,-1.53209,-1.84354271061157e-06,-2.3905469187133e-06,-0.912416143751175,0.55552396414059
10384,-1.25864,-1.55429,-1.80999380704053e-06,-2.5003850626408e-06,-0.910462498170858,-0.333308963247603
10384,-1.23132,-1.57602,-1.84793221240148e-06,-2.55010050314249e-06,-0.915346582365569,0.777752503916277
10484,-1.20363,-1.59727,-1.80579722833549e-06,-2.65844484842269e-06,-0.909485669429755,-0.111102085221656
10584,-1.17557,-1.61803,-1.75910935323777e-06,-2.76643089611288e-06,-0.919253778306467,-0.999999999969833
10584,-1.14715,-1.6383,-1.79005070097789e-06,-2.81312254851365e-06,-0.909485669429891,0.111102085282108
10684,-1.11839,-1.65808,-1.73489251791776e-06,-2.91831285528592e-06,-0.915346582364624,-0.777752503855743
10684,-1.08928,-1.67734,-1.76281042337816e-06,-2.96323423079891e-06,-0.910462498171255,0.333308963307532
10784,-1.05984,-1.6961,-1.69934731611668e-06,-3.06480380471614e-06,-0.912416143750544,-0.555523964080908
10784,-1.03008,-1.71433,-1.72425491897258e-06,-3.10762526169271e-06,-0.912416143751393,0.555523964158839
10884,-1,-1.73205,-1.65273813373852e-06,-3.20477471784655e-06,-0.910462498170715,-0.333308963230315
10884,-0.969619,-1.74924,-1.67468188974883e-06,-3.2451821213147e-06,-0.915346582365772,0.777752503931858
10984,-0.938943,-1.7659,-1.5954468859374e-06,-3.33714628533647e-06,-0.909485669429763,-0.111102085205032
11084,-0.907981,-1.78201,-1.51233946814698e-06,-3.42690101257257e-06,-0.919253778306154,-0.99999999995149
11084,-0.876742,-1.79759,-1.5279670448535e-06,-3.46090241260676e-06,-0.909485669429981,0.111102085301552
11184,-0.845237,-1.81262,-1.43785481587361e-06,-3.5443775696017e-06,-0.915346582364332,-0.777752503835052
11184,-0.813473,-1.82709,-1.45089406898965e-06,-3.57510174923053e-06,-0.910462498171421,0.333308963330044
11284,-0.781462,-1.84101,-1.35430214892916e-06,-3.65166105038677e-06,-0.912416143750289,-0.555523964056998
11284,-0.749213,-1.85437,-1.36491623876135e-06,-3.67888543764728e-06,-0.912416143751684,0.555523964183542
11384,-0.716736,-1.86716,-1.26243255349174e-06,-3.74795339084371e-06,-0.910462498170579,-0.333308963203316
11384,-0.68404,-1.87939,-1.27080676051681e-06,-3.77148393435493e-06,-0.915346582366256,0.777752503962127
11484,-0.651136,-1.89104,-1.16307521827758e-06,-3.83255198317073e-06,-0.9094856694297,-0.111102085173069
11584,-0.618034,-1.90211,-1.05295178655035e-06,-3.89006586206222e-06,-0.919253778305473,-0.9999999999182
11584,-0.584743,-1.91261,-1.05712444431183e-06,-3.9048559069642e-06,-0.909485669430035,0.111102085335111
11684,-0.551275,-1.92252,-9.42876048805337e-07,-3.95372655363531e-06,-0.915346582363772,-0.777752503801188
11684,-0.517638,-1.93185,-9.45525705109647e-07,-3.96436759538157e-06,-0.910462498171642,0.333308963364261
11784,-0.483844,-1.94059,-8.27893417636446e-07,-4.0042748715237e-06,-0.912416143749915,-0.555523964021929
11784,-0.449902,-1.94874,-8.2926492131784e-07,-4.01069311205305e-06,-0.912416143752077,0.555523964220183
11884,-0.415823,-1.9563,-7.09014423445033e-07,-4.0413912959913e-06,-0.910462498170266,-0.33330896316818
11884,-0.381618,-1.96325,-7.0935914106548e-07,-4.04354256081477e-06,-0.915346582366712,0.777752503993725
11984,-0.347296,-1.96962,-5.87272509628131e-07,-4.06486114883745e-06,-0.909485669429565,-0.111102085145729
12084,-0.312869,-1.97538,-4.64684094824264e-07,-4.08207865549936e-06,-0.919253778305011,-0.999999999895287
12084,-0.278346,-1.98054,-4.63712698192539e-07,-4.0745738522463e-06,-0.909485669430107,0.111102085358526
12184,-0.243739,-1.98509,-3.40546165902659e-07,-4.08230588315572e-06,-0.915346582363447,-0.777752503777644
12184,-0.209057,-1.98904,-3.39381864712769e-07,-4.07052148691702e-06,-0.910462498171781,0.333308963386432
12284,-0.174311,-1.99239,-2.1642457804721e-07,-4.06879124322503e-06,-0.912416143749663,-0.555523964001473
12284,-0.139513,-1.99513,-2.15320199109418e-07,-4.05279837539679e-06,-0.912416143752267,0.555523964238395
12384,-0.104672,-1.99726,-9.33501491033025e-08,-4.04170352487317e-06,-0.910462498170238,-0.333308963148834
12384,-0.069799,-1.99878,-9.2552040040627e-08,-4.02160055143053e-06,-0.915346582367131,0.777752504016471
12484,-0.0349048,-1.9997,2.76696926121973e-08,-4.00131246832582e-06,-0.909485669429557,-0.111102085121833
12584,-4.35203e-16,-2,1.46506984106981e-07,-3.97722445424623e-06,-0.919253778304537,-0.999999999870803
12584,0.0349048,-1.9997,1.45660276825072e-07,-3.94798666339764e-06,-0.909485669430058,0.111102085378513
12684,0.069799,-1.99878,2.61593379177644e-07,-3.91512320092281e-06,-0.915346582363139,-0.777752503762792
12684,0.104672,-1.99726,2.59687322517535e-07,-3.88218983575661e-06,-0.9104624981717,0.333308963393593
12784,0.139513,-1.99513,3.7202787030926e-07,-3.84090249715676e-06,-0.912416143749591,-0.555523964001403
12784,0.174311,-1.99239,3.68863966393815e-07,-3.80447758427435e-06,-0.912416143752134,0.555523964232273
12884,0.209057,-1.98904,4.76961371550193e-07,-3.75518383419028e-06,-0.91046249817019,-0.333308963161724
12884,0.243739,-1.98509,4.7235891111306e-07,-3.71549363362429e-06,-0.915346582366752,0.777752503996427
12984,0.278346,-1.98054,5.7560782658767e-07,-3.65867226454305e-06,-0.909485669429543,-0.111102085145531
13084,0.312869,-1.97538,6.75917826361492e-07,-3.59909250219532e-06,-0.919253778305079,-0.999999999897294
13084,0.347296,-1.96962,6.67252564583619e-07,-3.55214672669397e-06,-0.909485669429971,0.111102085349981
13184,0.381618,-1.96325,7.61859198000622e-07,-3.4858910896319e-06,-0.915346582363621,-0.777752503792476
13184,0.415823,-1.9563,7.51258422070387e-07,-3.43644832545205e-06,-0.910462498171561,0.33330896336634
13284,0.449902,-1.94874,8.39701637451274e-07,-3.36411838302748e-06,-0.912416143749886,-0.555523964026324
13284,0.483844,-1.94059,8.270703926038e-07,-3.31246745243963e-06,-0.912416143751904,0.555523964209538
13384,0.517638,-1.93185,9.08954028279141e-07,-3.23469637906196e-06,-0.910462498170363,-0.333308963182687
13384,0.551275,-1.92252,8.9421982166507e-07,-3.18113041046148e-06,-0.915346582366464,0.777752503976962
13484,0.584743,-1.91261,9.69214600799006e-07,-3.09857332123195e-06,-0.909485669429569,-0.111102085165906
13584,0.618034,-1.90211,1.0403636300894e-06,-3.01478153080614e-06,-0.919253778305519,-0.999999999919186
13584,0.651136,-1.89104,1.02017101303693e-06,-2.95671275119433e-06,-0.909485669429928,0.111102085328226
13684,0.68404,-1.87939,1.08404919120973e-06,-2.86917855761163e-06,-0.915346582363942,-0.777752503814258
13684,0.716736,-1.86716,1.06159912369693e-06,-2.81008728356544e-06,-0.910462498171394,0.333308963343945
13784,0.749213,-1.85437,1.11805198894592e-06,-2.71949309937536e-06,-0.912416143750121,-0.555523964050058
13784,0.781462,-1.84101,1.09336355519002e-06,-2.65967578735901e-06,-0.91241614375158,0.555523964183364
13884,0.813473,-1.82709,1.14230427703401e-06,-2.56670989765545e-06,-0.91046249817049,-0.333308963212306
13884,0.845237,-1.81262,1.11542006834322e-06,-2.50646252083703e-06,-0.915346582365913,0.777752503943214
13984,0.876742,-1.79759,1.15683002408186e-06,-2.41181837476156e-06,-0.909485669429626,-0.1111020852007
14084,0.907981,-1.78201,1.19429628754517e-06,-2.31756454535543e-06,-0.919253778306215,-0.999999999954254
14084,0.938943,-1.7659,1.16174581643265e-06,-2.25581351781763e-06,-0.909485669429858,0.111102085292581
14184,0.969619,-1.74924,1.19178092483697e-06,-2.16094933941566e-06,-0.915346582364524,-0.777752503850263
14184,1,-1.73205,1.15726312469358e-06,-2.09969632751655e-06,-0.910462498171194,0.333308963308465
14284,1.03008,-1.71433,1.18002155718007e-06,-2.00492235124387e-06,-0.91241614375052,-0.55552396408445
14284,1.05984,-1.6961,1.14369140926054e-06,-1.94446966636523e-06,-0.912416143751235,0.55552396415093
14384,1.08928,-1.67734,1.15939876599823e-06,-1.85048205710578e-06,-0.910462498170724,-0.333308963242461
14384,1.11839,-1.65808,1.12143975981655e-06,-1.79112783770878e-06,-0.915346582365498,0.777752503915531
14484,1.14715,-1.6383,1.13039225795509e-06,-1.6986078985288e-06,-0.909485669429676,-0.111102085228531
14584,1.17557,-1.61803,1.13597191785879e-06,-1.60797799929574e-06,-0.919253778306762,-0.999999999982903
14584,1.20363,-1.59727,1.09357593625275e-06,-1.55024305552124e-06,-0.909485669429825,0.1111020852655
14684,1.23132,-1.57602,1.09296904714761e-06,-1.46204462014473e-06,-0.91534658236492,-0.777752503876537
14684,1.25864,-1.55429,1.04961048622717e-06,-1.40627620131468e-06,-0.910462498170955,0.333308963280004
14784,1.28558,-1.53209,1.04327767194289e-06,-1.32109297673663e-06,-0.912416143750819,-0.555523964114867
14784,1.31212,-1.50942,9.9923381387314e-07,-1.26752437702658e-06,-0.912416143750872,0.555523964118932
14884,1.33826,-1.48629,9.87688638846392e-07,-1.18588207189097e-06,-0.910462498170903,-0.333308963276861
14884,1.364,-1.46271,9.43250059471377e-07,-1.13471988489054e-06,-0.915346582364901,0.777752503878194
14984,1.38932,-1.43868,9.27050698182428e-07,-1.05708014692138e-06,-0.909485669429939,-0.111102085257194
14984,1.41421,-1.41421,8.82518533840604e-07,-1.00850307567066e-06,-0.919253778307102,0.999999999999985
5850,1.43868,-1.38932,8.62259522264459e-07,-9.35261542972025e-07,0.909485669429985,-0.111102085260202
5849,1.46271,-1.364,8.40127287390344e-07,-8.65095388299724e-07,0.915346582364833,0.777752503871339
5849,1.48629,-1.33826,7.94247992428262e-07,-8.20906185324845e-07,0.910462498171102,-0.333308963290407
5848,1.50942,-1.31212,7.69011094800678e-07,-7.55583715629657e-07,0.91241614375073,0.555523964099018
5848,1.53209,-1.28558,7.23976472050636e-07,-7.14398390029193e-07,0.912416143751186,-0.555523964140576
5847,1.55429,-1.25864,6.96287421123298e-07,-6.54142739407677e-07,0.91046249817085,0.333308963247604
5847,1.57602,-1.23132,6.52421067571522e-07,-6.16023097421245e-07,0.91534658236556,-0.777752503916265
5846,1.59727,-1.20363,6.22939389761586e-07,-5.60984061253613e-07,0.909485669429786,0.111102085221649
5845,1.61803,-1.17557,5.92751764868915e-07,-5.09178068324092e-07,0.919253778306525,0.999999999969829
5845,1.6383,-1.14715,5.49941141974176e-07,-4.76208235907465e-07,0.909485669429914,-0.11110208528211
5844,1.65808,-1.11839,5.18955350807362e-07,-4.29662621100093e-07,0.915346582364627,0.777752503855747
5844,1.67734,-1.08928,4.78241725901501e-07,-3.99800139987145e-07,0.910462498171258,-0.333308963307527
5843,1.6961,-1.05984,4.4709209806198e-07,-3.58457218549203e-07,0.912416143750537,0.555523964080912
5843,1.71433,-1.03008,4.08750975294082e-07,-3.31630156109122e-07,0.912416143751378,-0.555523964158821
5842,1.73205,-1,3.78043378268565e-07,-2.9535463893694e-07,0.910462498170701,0.333308963230334
5842,1.74924,-0.969619,3.42329609963586e-07,-2.71462179617928e-07,0.915346582365767,-0.777752503931841
5841,1.7659,-0.938943,3.12635722685644e-07,-2.40049837812264e-07,0.909485669429766,0.111102085205045
5840,1.78201,-0.907981,2.83657493359097e-07,-2.1136406766168e-07,0.919253778306158,0.99999999995149
5840,1.79759,-0.876742,2.51638124258001e-07,-1.92153431804181e-07,0.909485669429983,-0.111102085301555
5839,1.81262,-0.845237,2.24477463543886e-07,-1.678703239791e-07,0.915346582364319,0.777752503835052
5839,1.82709,-0.813473,1.95761035531678e-07,-1.51203788921968e-07,0.910462498171384,-0.333308963330046
5838,1.84101,-0.781462,1.70889292146721e-07,-1.30983380653726e-07,0.912416143750258,0.555523964056995
5838,1.85437,-0.749213,1.45655483054885e-07,-1.16677021440677e-07,0.91241614375167,-0.555523964183538
5837,1.86716,-0.716736,1.23501479122571e-07,-1.00139036991555e-07,0.91046249817059,0.333308963203332
5837,1.87939,-0.68404,1.01912228967067e-07,-8.79956643741828e-08,0.915346582366259,-0.777752503962114
5836,1.89104,-0.651136,8.28611297947407e-08,-7.47256669897019e-08,0.909485669429712,0.11110208517308
5835,1.90211,-0.618034,6.55281423693062e-08,-6.3100184883556e-08,0.919253778305505,0.999999999918216
5835,1.91261,-0.584743,4.94536708543588e-08,-5.40921846283505e-08,0.909485669430072,-0.111102085335106
5834,1.92252,-0.551275,3.57161232211914e-08,-4.50147971041441e-08,0.915346582363824,0.777752503801191
5834,1.93185,-0.517638,2.37018367450218e-08,-3.75546329768198e-08,0.910462498171638,-0.333308963364257
5833,1.94059,-0.483844,1.38261827657038e-08,-3.05487931187123e-08,0.912416143749874,0.555523964021932
5833,1.94874,-0.449902,5.96273429779394e-09,-2.44007415120306e-08,0.91241614375206,-0.555523964220175
5832,1.9563,-0.415823,1.65512706038467e-10,-1.89705672748728e-08,0.910462498170272,0.333308963168192
5832,1.96325,-0.381618,-3.47727233514336e-09,-1.3892895622829e-08,0.915346582366721,-0.777752503993719
5831,1.96962,-0.347296,-5.03331283737267e-09,-9.52510066590947e-09,0.909485669429573,0.111102085145735
5830,1.97538,-0.312869,-4.44024158179841e-09,-5.47116807397483e-09,0.919253778305019,0.999999999895301
5830,1.98054,-0.278346,-1.6179053985971e-09,-1.43812257104691e-09,0.909485669430095,-0.11110208535852
5829,1.98509,-0.243739,3.33757589783053e-09,2.39326391734813e-09,0.915346582363408,0.777752503777643
5829,1.98904,-0.209057,1.04808018079501e-08,6.07713374351304e-09,0.910462498171767,-0.333308963386425
5828,1.99239,-0.174311,1.98127275769036e-08,1.02226469759939e-08,0.91241614374965,0.555523964001481
5828,1.99513,-0.139513,3.12491222325933e-08,1.38104879455074e-08,0.912416143752221,-0.555523964238393
5827,1.99726,-0.104672,4.49143176778223e-08,1.88026085721224e-08,0.910462498170182,0.333308963148836
5827,1.99878,-0.069799,6.05949771344156e-08,2.25443244522326e-08,0.915346582367075,-0.777752504016468
5826,1.9997,-0.0349048,7.84967751377555e-08,2.89049300924686e-08,0.909485669429527,0.111102085121839
