origElemNum,globCoord-x,globCoord-y,acouIntensity-x,acouIntensity-y,locCoord-xi,locCoord-eta
5825,2,-2.20442e-18,7.40777416281244e-08,1.65362877476095e-07,0.919253778304535,0.999999999870795
5825,1.9997,0.0349048,8.19955390751795e-08,1.77071939910672e-07,0.909485669430051,-0.11110208537854
5824,1.99878,0.069799,9.02590290277944e-08,1.91441697116121e-07,0.915346582363134,0.7777525037628
5824,1.99726,0.104672,9.88336708034691e-08,2.03371711230239e-07,0.910462498171695,-0.333308963393583
5823,1.99513,0.139513,1.07579196342987e-07,2.18374609377593e-07,0.912416143749585,0.555523964001403
5823,1.99239,0.174311,1.16781296869524e-07,2.3056377316281e-07,0.912416143752112,-0.555523964232293
5822,1.98904,0.209057,1.25915855576773e-07,2.46233180171126e-07,0.910462498170195,0.33330896316169
5822,1.98509,0.243739,1.35711923012215e-07,2.5871793842285e-07,0.915346582366752,-0.777752503996411
5821,1.98054,0.278346,1.45133334317684e-07,2.75078362826107e-07,0.909485669429537,0.111102085145532
5820,1.97538,0.312869,1.54798046630557e-07,2.92239428432788e-07,0.91925377830504,0.999999999897275
5820,1.96962,0.347296,1.6508494532439e-07,3.04960024819129e-07,0.909485669429959,-0.111102085350008
5819,1.96325,0.381618,1.74884362439034e-07,3.22864918500882e-07,0.915346582363608,0.777752503792493
5819,1.9563,0.415823,1.85615431068617e-07,3.35917393877581e-07,0.910462498171543,-0.333308963366333
5818,1.94874,0.449902,1.9543246932217e-07,3.54571285319435e-07,0.912416143749872,0.555523964026318
5818,1.94059,0.483844,2.06564806959997e-07,3.6798173588688e-07,0.912416143751876,-0.555523964209557
5817,1.93185,0.517638,2.16279950068105e-07,3.87385587089851e-07,0.910462498170338,0.333308963182653
5817,1.92252,0.551275,2.27771132176639e-07,4.01178514588482e-07,0.915346582366455,-0.777752503976955
5816,1.91261,0.584743,2.37263870241134e-07,4.21329410673758e-07,0.909485669429567,0.111102085165898
5815,1.90211,0.618034,2.46809593294582e-07,4.42493323595974e-07,0.919253778305533,0.999999999919169
5815,1.89104,0.651136,2.58222413567307e-07,4.56417840062166e-07,0.909485669429933,-0.111102085328256
5814,1.87939,0.68404,2.67373994946983e-07,4.78350498344345e-07,0.915346582363941,0.777752503814277
5814,1.86716,0.716736,2.78995663631306e-07,4.92655329692927e-07,0.910462498171402,-0.333308963343933
5813,1.85437,0.749213,2.87634177703097e-07,5.15333851606099e-07,0.912416143750119,0.555523964050056
5813,1.84101,0.781462,2.99428742174162e-07,5.30034065790496e-07,0.912416143751575,-0.555523964183394
5812,1.82709,0.813473,3.07440416154498e-07,5.53426887532483e-07,0.910462498170486,0.333308963212263
5812,1.81262,0.845237,3.19375452425417e-07,5.68536547863786e-07,0.915346582365915,-0.777752503943209
5811,1.79759,0.876742,3.26653419829466e-07,5.92604708971577e-07,0.909485669429635,0.111102085200681
5810,1.78201,0.907981,3.33762544288641e-07,6.17827454069271e-07,0.919253778306195,0.999999999954235
5810,1.7659,0.938943,3.45145724561395e-07,6.32833670892574e-07,0.909485669429844,-0.111102085292603
5809,1.74924,0.969619,3.51381503624543e-07,6.5868274858939e-07,0.915346582364538,0.777752503850291
5809,1.73205,1,3.62804194113628e-07,6.74072965961171e-07,0.910462498171199,-0.333308963308445
5808,1.71433,1.03008,3.68085391783541e-07,7.00488982655075e-07,0.912416143750526,0.555523964084446
5808,1.6961,1.05984,3.79531806664704e-07,7.16280433367386e-07,0.912416143751246,-0.555523964150953
5807,1.67734,1.08928,3.83787927155035e-07,7.43203159677101e-07,0.910462498170725,0.333308963242434
5807,1.65808,1.11839,3.95244935828129e-07,7.59415180982704e-07,0.915346582365508,-0.777752503915519
5806,1.6383,1.14715,3.98413356529923e-07,7.86781928245377e-07,0.909485669429676,0.11110208522853
5805,1.61803,1.17557,4.01251200963758e-07,8.15294273459381e-07,0.919253778306765,0.999999999982884
5805,1.59727,1.20363,4.1189224991334e-07,8.31176328832988e-07,0.909485669429817,-0.111102085265541
5804,1.57602,1.23132,4.13564662565887e-07,8.60038800143986e-07,0.9153465823649,0.777752503876539
5804,1.55429,1.25864,4.24158148788615e-07,8.76328571671609e-07,0.910462498170939,-0.333308963279996
5803,1.53209,1.28558,4.2461504575827e-07,9.05460884837931e-07,0.912416143750815,0.555523964114853
5803,1.50942,1.31212,4.35144806379219e-07,9.22169885535143e-07,0.91241614375085,-0.555523964118972
5802,1.48629,1.33826,4.34335976693323e-07,9.51485026576705e-07,0.910462498170897,0.333308963276791
5802,1.46271,1.364,4.44781861279181e-07,9.68618879561653e-07,0.915346582364929,-0.77775250387822
5801,1.43868,1.38932,4.42653343658181e-07,9.98019842609027e-07,0.909485669429954,0.111102085257182
5801,1.41421,1.41421,4.52989324820262e-07,1.01557519172369e-06,0.919253778307104,-0.999999999999994
850,1.38932,1.43868,4.49482469595208e-07,1.04495037364411e-06,0.909485669429991,-0.111102085260227
849,1.364,1.46271,4.45521991033624e-07,1.07533553196785e-06,0.915346582364834,0.777752503871359
849,1.33826,1.48629,4.54727511060162e-07,1.09213571593104e-06,0.910462498171096,-0.333308963290402
848,1.31212,1.50942,4.49299426668243e-07,1.12232391848778e-06,0.912416143750729,0.555523964099008
848,1.28558,1.53209,4.5828399154108e-07,1.13940976487246e-06,0.912416143751184,-0.555523964140596
847,1.25864,1.55429,4.51317932321397e-07,1.169254819272e-06,0.910462498170846,0.333308963247574
847,1.23132,1.57602,4.60039566484394e-07,1.1865792150744e-06,0.915346582365554,-0.777752503916259
846,1.20363,1.59727,4.51464662117749e-07,1.21591518472055e-06,0.90948566942978,0.111102085221654
845,1.17557,1.61803,4.4232273680029e-07,1.24617380370663e-06,0.919253778306528,0.999999999969813
845,1.14715,1.6383,4.49630128441656e-07,1.26205986498979e-06,0.909485669429915,-0.111102085282135
844,1.11839,1.65808,4.38790197348817e-07,1.29156190330165e-06,0.915346582364625,0.777752503855763
844,1.08928,1.67734,4.45715363777789e-07,1.30741983794702e-06,0.910462498171253,-0.333308963307521
843,1.05984,1.6961,4.33127693760767e-07,1.33596363966725e-06,0.912416143750542,0.555523964080906
843,1.03008,1.71433,4.39637173796365e-07,1.35171400128618e-06,0.912416143751377,-0.555523964158847
842,1,1.73205,4.25265499329338e-07,1.3790959449824e-06,0.910462498170698,0.333308963230309
842,0.969619,1.74924,4.31331629710672e-07,1.39465897928362e-06,0.915346582365766,-0.777752503931825
841,0.938943,1.7659,4.15158145260555e-07,1.42067670794656e-06,0.909485669429764,0.111102085205048
840,0.907981,1.78201,3.98301021075727e-07,1.44741768602893e-06,0.919253778306164,0.99999999995148
840,0.876742,1.79759,4.02788065608125e-07,1.46042937801712e-06,0.909485669429979,-0.11110208530158
839,0.845237,1.81262,3.84138402339902e-07,1.48553759740135e-06,0.91534658236432,0.777752503835068
839,0.813473,1.82709,3.88167441639748e-07,1.49808858659818e-06,0.91046249817139,-0.33330896333004
838,0.781462,1.84101,3.67764197832221e-07,1.52137694079547e-06,0.912416143750255,0.555523964056983
838,0.749213,1.85437,3.71339065450329e-07,1.53340704213681e-06,0.912416143751674,-0.555523964183563
837,0.716736,1.86716,3.49247202470437e-07,1.55470155501695e-06,0.910462498170584,0.333308963203304
837,0.68404,1.87939,3.52378234348823e-07,1.56615771977083e-06,0.915346582366261,-0.777752503962098
836,0.651136,1.89104,3.28693059764387e-07,1.58529725878969e-06,0.909485669429719,0.111102085173086
835,0.618034,1.90211,3.04400963908126e-07,1.6049041831717e-06,0.919253778305509,0.999999999918205
835,0.584743,1.91261,3.06242156456772e-07,1.61296836485988e-06,0.909485669430073,-0.111102085335132
834,0.551275,1.92252,2.80563474526557e-07,1.63020420362628e-06,0.915346582363819,0.777752503801204
834,0.517638,1.93185,2.82062206581786e-07,1.63753490312825e-06,0.910462498171637,-0.333308963364254
833,0.483844,1.94059,2.55158608055052e-07,1.65226790600395e-06,0.912416143749877,0.55552396402192
833,0.449902,1.94874,2.56344203614195e-07,1.65883131984481e-06,0.91241614375206,-0.555523964220202
832,0.415823,1.9563,2.28396611838393e-07,1.67094391413826e-06,0.910462498170279,0.333308963168166
832,0.381618,1.96325,2.29300930657095e-07,1.67670822651387e-06,0.915346582366717,-0.777752503993703
831,0.347296,1.96962,2.00507351504539e-07,1.68609940291079e-06,0.909485669429573,0.111102085145737
830,0.312869,1.97538,1.71522060382752e-07,1.69572952241708e-06,0.919253778305012,0.99999999989529
830,0.278346,1.98054,1.71735677565012e-07,1.69762121259168e-06,0.909485669430091,-0.111102085358547
829,0.243739,1.98509,1.42246413069352e-07,1.70441302876131e-06,0.915346582363415,0.77775250377766
829,0.209057,1.98904,1.42334135275859e-07,1.70541498629733e-06,0.910462498171767,-0.333308963386422
828,0.174311,1.99239,1.12559330800226e-07,1.7093132757105e-06,0.912416143749651,0.55552396400147
828,0.139513,1.99513,1.12561215724691e-07,1.70940315010969e-06,0.912416143752224,-0.555523964238419
827,0.104672,1.99726,8.27201846537059e-08,1.71037160998076e-06,0.910462498170184,0.33330896314881
827,0.069799,1.99878,8.26776085337666e-08,1.70952968966582e-06,0.915346582367074,-0.777752504016452
826,0.0349048,1.9997,5.29837272304855e-08,1.70755340645281e-06,0.909485669429527,0.111102085121841
825,1.27747e-16,2,2.3595937237328e-08,1.70576198697611e-06,0.919253778304535,0.999999999870799
825,-0.0349048,1.9997,2.35941497568088e-08,1.70084428757292e-06,0.909485669430051,-0.111102085378537
824,-0.069799,1.99878,-5.34589774980375e-09,1.69612141133671e-06,0.915346582363134,0.777752503762801
824,-0.104672,1.99726,-5.21727019925699e-09,1.69024521260257e-06,0.910462498171695,-0.333308963393583
823,-0.139513,1.99513,-3.35321259113505e-08,1.68261609859704e-06,0.912416143749585,0.555523964001401
823,-0.174311,1.99239,-3.32299391028231e-08,1.67577265808472e-06,0.912416143752112,-0.555523964232297
822,-0.209057,1.98904,-6.07541002315408e-08,1.66527911663857e-06,0.910462498170195,0.333308963161685
822,-0.243739,1.98509,-6.02354201680014e-08,1.65746470100824e-06,0.915346582366744,-0.777752503996403
821,-0.278346,1.98054,-8.68180741542099e-08,1.64416929764641e-06,0.909485669429538,0.111102085145537
820,-0.312869,1.97538,-1.12842604923613e-07,1.63114334721212e-06,0.919253778305041,0.999999999897278
820,-0.347296,1.96962,-1.11547665236986e-07,1.61937502916626e-06,0.90948566942996,-0.111102085350006
819,-0.381618,1.96325,-1.36450964532253e-07,1.60366545293472e-06,0.915346582363608,0.777752503792493
819,-0.415823,1.9563,-1.34782382054824e-07,1.59101570013161e-06,0.910462498171543,-0.333308963366333
818,-0.449902,1.94874,-1.5844833668186e-07,1.57273824486486e-06,0.912416143749872,0.555523964026316
818,-0.483844,1.94059,-1.56374926913968e-07,1.55924641584977e-06,0.912416143751875,-0.555523964209561
817,-0.517638,1.93185,-1.78699987185763e-07,1.53854088293595e-06,0.910462498170336,0.333308963182646
817,-0.551275,1.92252,-1.76195020295386e-07,1.52425504596076e-06,0.915346582366457,-0.777752503976948
816,-0.584743,1.91261,-1.97088922935662e-07,1.50128021153793e-06,0.909485669429562,0.111102085165907
815,-0.618034,1.90211,-2.17339754169783e-07,1.4787129601706e-06,0.919253778305526,0.999999999919175
815,-0.651136,1.89104,-2.13513519068351e-07,1.46118355347867e-06,0.909485669429935,-0.111102085328253
814,-0.68404,1.87939,-2.32218542085648e-07,1.43657650771154e-06,0.915346582363941,0.777752503814277
814,-0.716736,1.86716,-2.27884095153457e-07,1.41849619821236e-06,0.910462498171402,-0.333308963343933
813,-0.749213,1.85437,-2.44970071349824e-07,1.39204422576345e-06,0.912416143750117,0.555523964050053
813,-0.781462,1.84101,-2.40123747970565e-07,1.37348093473742e-06,0.912416143751584,-0.555523964183396
812,-0.813473,1.82709,-2.55530941565866e-07,1.3453902925466e-06,0.910462498170484,0.33330896321226
812,-0.845237,1.81262,-2.50174484092929e-07,1.32641288042177e-06,0.91534658236591,-0.7777525039432
811,-0.876742,1.79759,-2.638592126027e-07,1.29689495014124e-06,0.909485669429639,0.111102085200672
810,-0.907981,1.78201,-2.76802069035647e-07,1.26798925735529e-06,0.919253778306197,0.999999999954239
810,-0.938943,1.7659,-2.69929347665221e-07,1.2468378104582e-06,0.909485669429848,-0.111102085292613
809,-0.969619,1.74924,-2.81091590515085e-07,1.21678954864159e-06,0.915346582364533,0.777752503850298
809,-1,1.73205,-2.73729782743027e-07,1.19549655919738e-06,0.910462498171205,-0.333308963308436
808,-1.03008,1.71433,-2.83094029032008e-07,1.16452195271657e-06,0.912416143750522,0.55552396408444
808,-1.05984,1.6961,-2.75264459197452e-07,1.14314450699956e-06,0.912416143751243,-0.555523964150944
807,-1.08928,1.67734,-2.82827411569092e-07,1.11145656199804e-06,0.910462498170733,0.33330896324243
807,-1.11839,1.65808,-2.74555001062185e-07,1.0900470422598e-06,0.915346582365511,-0.777752503915504
806,-1.14715,1.6383,-2.80328798211124e-07,1.05785301495965e-06,0.909485669429678,0.11110208522852
805,-1.17557,1.61803,-2.85308314844977e-07,1.02652960600536e-06,0.91925377830677,0.999999999982889
805,-1.20363,1.59727,-2.75653599323833e-07,1.00396085039684e-06,0.909485669429819,-0.111102085265551
804,-1.23132,1.57602,-2.78876006362196e-07,9.72404952286389e-07,0.915346582364893,0.777752503876544
804,-1.25864,1.55429,-2.68879802387945e-07,9.50022118264761e-07,0.910462498170937,-0.333308963279986
803,-1.28558,1.53209,-2.70404610246237e-07,9.18427547949016e-07,0.912416143750809,0.555523964114847
803,-1.31212,1.50942,-2.60113316475312e-07,8.96271992396185e-07,0.912416143750849,-0.555523964118962
802,-1.33826,1.48629,-2.60024367311607e-07,8.64823732330564e-07,0.910462498170897,0.333308963276791
802,-1.364,1.46271,-2.4949024859342e-07,8.42935706698202e-07,0.915346582364928,-0.77775250387821
801,-1.38932,1.43868,-2.47893358196097e-07,8.11807486828613e-07,0.909485669429954,0.111102085257172
801,-1.41421,1.41421,-2.37174031564721e-07,7.90224973806083e-07,0.919253778307104,-0.999999999999994
15850,-1.43868,1.38932,-2.34194278937614e-07,7.59579205901154e-07,0.909485669429991,-0.111102085260237
15849,-1.46271,1.364,-2.30627316054505e-07,7.30044746639902e-07,0.915346582364828,0.777752503871364
15849,-1.48629,1.33826,-2.19133058868008e-07,7.08323753003739e-07,0.910462498171103,-0.333308963290387
15848,-1.50942,1.31212,-2.14398033520735e-07,6.79448161497767e-07,0.912416143750729,0.555523964099008
15848,-1.53209,1.28558,-2.0293556224904e-07,6.58207294330697e-07,0.912416143751185,-0.555523964140586
15847,-1.55429,1.25864,-1.97197644390371e-07,6.30111960957786e-07,0.910462498170851,0.333308963247569
15847,-1.57602,1.23132,-1.8584427464997e-07,6.09373683867365e-07,0.915346582365555,-0.777752503916249
15846,-1.59727,1.20363,-1.79278084876718e-07,5.82161809944375e-07,0.909485669429784,0.111102085221639
15845,-1.61803,1.17557,-1.72402087526501e-07,5.56041137624838e-07,0.919253778306531,0.999999999969823
15845,-1.6383,1.14715,-1.60901160764981e-07,5.35699484256253e-07,0.909485669429917,-0.111102085282151
15844,-1.65808,1.11839,-1.53467291454422e-07,5.10537198723806e-07,0.915346582364627,0.777752503855772
15844,-1.67734,1.08928,-1.4233537333245e-07,4.9080158777834e-07,0.910462498171251,-0.333308963307506
15843,-1.6961,1.05984,-1.34530869039973e-07,4.66651984348289e-07,0.912416143750542,0.555523964080906
15843,-1.71433,1.03008,-1.23851284123387e-07,4.47519658304401e-07,0.912416143751375,-0.555523964158831
15842,-1.73205,1,-1.15861922323224e-07,4.24418970483193e-07,0.910462498170697,0.333308963230296
15842,-1.74924,0.969619,-1.05717006571766e-07,4.05881133897015e-07,0.915346582365764,-0.777752503931822
15841,-1.7659,0.938943,-9.77240730382055e-08,3.83848443950345e-07,0.909485669429762,0.111102085205035
15840,-1.78201,0.907981,-8.98049719641398e-08,3.62729762848216e-07,0.919253778306162,0.999999999951483
15840,-1.79759,0.876742,-8.03731709415994e-08,3.44927175112114e-07,0.909485669429984,-0.111102085301589
15839,-1.81262,0.845237,-7.27070275644667e-08,3.24828414549722e-07,0.915346582364318,0.777752503835071
15839,-1.82709,0.813473,-6.40549793552449e-08,3.07617367823662e-07,0.910462498171391,-0.333308963330024
15838,-1.84101,0.781462,-5.68047029491376e-08,2.8851219700614e-07,0.912416143750253,0.555523964056986
15838,-1.85437,0.749213,-4.90020472195311e-08,2.718568311023e-07,0.912416143751674,-0.555523964183544
15837,-1.86716,0.716736,-4.23187762598568e-08,2.53702375176357e-07,0.910462498170589,0.333308963203294
15837,-1.87939,0.68404,-3.54308839959457e-08,2.37561119508597e-07,0.915346582366259,-0.777752503962095
15836,-1.89104,0.651136,-2.94525272699548e-08,2.20300225076523e-07,0.909485669429715,0.111102085173074
15835,-1.90211,0.618034,-2.38671330958863e-08,2.03621550021548e-07,0.919253778305508,0.999999999918209
15835,-1.91261,0.584743,-1.83913414976936e-08,1.88188819535849e-07,0.909485669430068,-0.111102085335144
15834,-1.92252,0.551275,-1.36923073156018e-08,1.72252742554885e-07,0.915346582363818,0.777752503801208
15834,-1.93185,0.517638,-9.30159527469118e-09,1.57234022136622e-07,0.910462498171639,-0.333308963364235
15833,-1.94059,0.483844,-5.59101207198252e-09,1.41952423313406e-07,0.912416143749876,0.555523964021923
15833,-1.94874,0.449902,-2.32888352376907e-09,1.27286488409301e-07,0.912416143752063,-0.555523964220183
15832,-1.9563,0.415823,3.07756558096183e-10,1.12562168739074e-07,0.910462498170272,0.333308963168156
15832,-1.96325,0.381618,2.40304587513576e-09,9.81851870839663e-08,0.915346582366716,-0.7777525039937
15831,-1.96962,0.347296,3.89753843777407e-09,8.39140470657829e-08,0.909485669429575,0.111102085145728
15830,-1.97538,0.312869,4.79812041149081e-09,6.9790412334732e-08,0.91925377830502,0.999999999895294
15830,-1.98054,0.278346,5.09577148453335e-09,5.58328036670238e-08,0.909485669430092,-0.111102085358556
15829,-1.98509,0.243739,4.78026885693845e-09,4.19558674378388e-08,0.915346582363415,0.777752503777664
15829,-1.98904,0.209057,3.84562179028108e-09,2.81379674377675e-08,0.910462498171765,-0.333308963386404
15828,-1.99239,0.174311,2.29288179062955e-09,1.43930872794736e-08,0.912416143749651,0.555523964001473
15828,-1.99513,0.139513,1.1761019986282e-10,6.45876698433186e-10,0.912416143752222,-0.5555239642384
15827,-1.99726,0.104672,-2.6726847115483e-09,-1.30828397629114e-08,0.910462498170184,0.3333089631488
15827,-1.99878,0.069799,-6.08923000505412e-09,-2.68286481669058e-08,0.915346582367074,-0.777752504016448
15826,-1.9997,0.0349048,-1.00960673364674e-08,-4.06569927149247e-08,0.909485669429527,0.111102085121831
15825,-2,2.46315e-16,-1.47465277584499e-08,-5.48196528875486e-08,0.919253778304535,0.999999999870803
15825,-1.9997,-0.0349048,-1.99274029221979e-08,-6.85124496408803e-08,0.909485669430051,-0.111102085378547
15824,-1.99878,-0.069799,-2.57354810321023e-08,-8.29855602525371e-08,0.915346582363134,0.777752503762804
15824,-1.99726,-0.104672,-3.20874148366119e-08,-9.6827704686408e-08,0.910462498171696,-0.333308963393566
15823,-1.99513,-0.139513,-3.89798958037419e-08,-1.11718037457137e-07,0.912416143749586,0.555523964001405
15823,-1.99239,-0.174311,-4.64680676225599e-08,-1.25774057581816e-07,0.912416143752114,-0.555523964232279
15822,-1.98904,-0.209057,-5.43516504981998e-08,-1.41181287534243e-07,0.910462498170195,0.333308963161688
15822,-1.98509,-0.243739,-6.29336400217372e-08,-1.55513156815181e-07,0.915346582366744,-0.7777525039964
15821,-1.98054,-0.278346,-7.1696287503322e-08,-1.71528221378978e-07,0.909485669429545,0.111102085145526
15820,-1.97538,-0.312869,-8.09841877084665e-08,-1.88332140601713e-07,0.919253778305042,0.999999999897283
15820,-1.96962,-0.347296,-9.08350869413049e-08,-2.02898459892481e-07,0.909485669429957,-0.111102085350017
15819,-1.96325,-0.381618,-1.00819427886922e-07,-2.20469580536039e-07,0.915346582363609,0.777752503792499
15819,-1.9563,-0.415823,-1.11567359619468e-07,-2.35416475023105e-07,0.910462498171549,-0.333308963366345
15818,-1.94874,-0.449902,-1.22097053399791e-07,-2.53817680856121e-07,0.912416143749872,0.555523964026319
15818,-1.94059,-0.483844,-1.33673654417697e-07,-2.69190063513415e-07,0.91241614375188,-0.555523964209544
15817,-1.93185,-0.517638,-1.44585565796239e-07,-2.88471079301093e-07,0.910462498170337,0.33330896318265
15817,-1.92252,-0.551275,-1.56918625155298e-07,-3.04308957520355e-07,0.915346582366458,-0.777752503976945
15816,-1.91261,-0.584743,-1.68039837576874e-07,-3.24505005883729e-07,0.909485669429567,0.111102085165898
15815,-1.90211,-0.618034,-1.79425793898613e-07,-3.45854169157494e-07,0.919253778305528,0.999999999919178
15815,-1.89104,-0.651136,-1.92203855763561e-07,-3.61972685848919e-07,0.90948566942994,-0.111102085328262
15814,-1.87939,-0.68404,-2.03541864310185e-07,-3.8430233217087e-07,0.915346582363942,0.77775250381428
15814,-1.86716,-0.716736,-2.16813609801404e-07,-4.00902449840014e-07,0.910462498171397,-0.333308963343943
15813,-1.85437,-0.749213,-2.27916235229591e-07,-4.24201396059865e-07,0.912416143750119,0.555523964050056
15813,-1.84101,-0.781462,-2.41600868745971e-07,-4.41295702354465e-07,0.912416143751582,-0.555523964183381
15812,-1.82709,-0.813473,-2.52279836616334e-07,-4.6553188747212e-07,0.910462498170486,0.333308963212263
15812,-1.81262,-0.845237,-2.66296362071683e-07,-4.83125783299307e-07,0.915346582365912,-0.777752503943197
15811,-1.79759,-0.876742,-2.76365098207224e-07,-5.08245521394503e-07,0.909485669429641,0.111102085200675
15810,-1.78201,-0.907981,-2.86365872210792e-07,-5.3471128335994e-07,0.919253778306197,0.999999999954239
15810,-1.7659,-0.938943,-2.9990936951685e-07,-5.5226397730813e-07,0.90948566942985,-0.11110208529261
15809,-1.74924,-0.969619,-3.09045976991407e-07,-5.7952627714308e-07,0.915346582364535,0.777752503850301
15809,-1.73205,-1,-3.22658874642799e-07,-5.9747887727655e-07,0.9104624981712,-0.333308963308458
15808,-1.71433,-1.03008,-3.3076463979181e-07,-6.25423441965456e-07,0.912416143750526,0.555523964084446
15808,-1.6961,-1.05984,-3.44371713723201e-07,-6.43752952571796e-07,0.912416143751243,-0.555523964150944
15807,-1.67734,-1.08928,-3.51291850219851e-07,-6.72244480644382e-07,0.910462498170725,0.333308963242434
15807,-1.65808,-1.11839,-3.64820071856066e-07,-6.90921883030928e-07,0.915346582365503,-0.7777525039155
15806,-1.6383,-1.14715,-3.70412886961002e-07,-7.19806440517506e-07,0.90948566942967,0.111102085228524
15805,-1.61803,-1.17557,-3.75679469031815e-07,-7.49961471747992e-07,0.919253778306763,0.999999999982893
15805,-1.59727,-1.20363,-3.87929396253736e-07,-7.67902111789957e-07,0.909485669429812,-0.111102085265547
15804,-1.57602,-1.23132,-3.91705012674403e-07,-7.98213048029513e-07,0.915346582364898,0.777752503876549
15804,-1.55429,-1.25864,-4.03660181329764e-07,-8.16301598975814e-07,0.910462498170935,-0.333308963280012
15803,-1.53209,-1.28558,-4.05842020515854e-07,-8.46573296694041e-07,0.912416143750815,0.555523964114853
15803,-1.50942,-1.31212,-4.17442848379962e-07,-8.64755526109472e-07,0.912416143750855,-0.555523964118957
15802,-1.48629,-1.33826,-4.1794316488075e-07,-8.94783586184992e-07,0.910462498170897,0.333308963276791
15802,-1.46271,-1.364,-4.29133777249381e-07,-9.12999633503592e-07,0.915346582364928,-0.77775250387821
15801,-1.43868,-1.38932,-4.27879037283579e-07,-9.42573406577405e-07,0.909485669429954,0.111102085257172
15801,-1.41421,-1.41421,-4.3860739341515e-07,-9.60757852761676e-07,0.919253778307098,-0.999999999999989
10084,-1.38932,-1.43868,-4.3554001422307e-07,-9.89663732008968e-07,-0.909485669429983,0.111102085260242
10184,-1.364,-1.46271,-4.32024283560532e-07,-1.01952882101795e-06,-0.915346582364814,-0.777752503871363
10184,-1.33826,-1.48629,-4.40837003909567e-07,-1.0357738283617e-06,-0.910462498171062,0.333308963290425
10284,-1.31212,-1.50942,-4.3546305884249e-07,-1.06468805658047e-06,-0.912416143750702,-0.555523964098991
10284,-1.28558,-1.53209,-4.43704565776522e-07,-1.0806257904062e-06,-0.912416143751175,0.55552396414059
10384,-1.25864,-1.55429,-4.36452862493814e-07,-1.10838709990123e-06,-0.910462498170858,-0.333308963247603
10384,-1.23132,-1.57602,-4.44101090793256e-07,-1.12394966960247e-06,-0.915346582365569,0.777752503916277
10484,-1.20363,-1.59727,-4.34971108648055e-07,-1.15036439856096e-06,-0.909485669429755,-0.111102085221656
10584,-1.17557,-1.61803,-4.25351571115586e-07,-1.1775924253237e-06,-0.919253778306467,-0.999999999969833
10584,-1.14715,-1.6383,-4.31024472243421e-07,-1.19037457352472e-06,-0.909485669429891,0.111102085282108
10684,-1.11839,-1.65808,-4.19560042605082e-07,-1.21601500570821e-06,-0.915346582364624,-0.777752503855743
10684,-1.08928,-1.67734,-4.24646876913251e-07,-1.22819270433769e-06,-0.910462498171255,0.333308963307532
10784,-1.05984,-1.6961,-4.11382403536514e-07,-1.25208468539106e-06,-0.912416143750544,-0.555523964080908
10784,-1.03008,-1.71433,-4.15895821945999e-07,-1.26361377966182e-06,-0.912416143751393,0.555523964158839
10884,-1,-1.73205,-4.0089153909388e-07,-1.28561025324463e-06,-0.910462498170715,-0.333308963230315
10884,-0.969619,-1.74924,-4.04849468332093e-07,-1.29645154345098e-06,-0.915346582365772,0.777752503931858
10984,-0.938943,-1.7659,-3.88182798505406e-07,-1.31641773533072e-06,-0.909485669429763,-0.111102085205032
11084,-0.907981,-1.78201,-3.71048529773729e-07,-1.33701232601821e-06,-0.919253778306154,-0.99999999995149
11084,-0.876742,-1.79759,-3.73372599539644e-07,-1.34434932532925e-06,-0.909485669429981,0.111102085301552
11184,-0.845237,-1.81262,-3.54713640651785e-07,-1.36273970871265e-06,-0.915346582364332,-0.777752503835052
11184,-0.813473,-1.82709,-3.56596885917139e-07,-1.3692618921523e-06,-0.910462498171421,0.333308963330044
11284,-0.781462,-1.84101,-3.36532933174227e-07,-1.38533795192218e-06,-0.912416143750289,-0.555523964056998
11284,-0.749213,-1.85437,-3.38009649706205e-07,-1.39102464005837e-06,-0.912416143751684,0.555523964183542
11384,-0.716736,-1.86716,-3.16677737635289e-07,-1.40468424510741e-06,-0.910462498170579,-0.333308963203316
11384,-0.68404,-1.87939,-3.17783548173431e-07,-1.40951524460789e-06,-0.915346582366256,0.777752503962127
11484,-0.651136,-1.89104,-2.95340396888107e-07,-1.42066433451781e-06,-0.9094856694297,-0.111102085173069
11584,-0.618034,-1.90211,-2.72644900945188e-07,-1.43224490917198e-06,-0.919253778305473,-0.9999999999182
11584,-0.584743,-1.91261,-2.72731159018756e-07,-1.43317423098236e-06,-0.909485669430035,0.111102085335111
11684,-0.551275,-1.92252,-2.49198019518262e-07,-1.44211454886369e-06,-0.915346582363772,-0.777752503801188
11684,-0.517638,-1.93185,-2.49072170114222e-07,-1.44211990688721e-06,-0.910462498171642,0.333308963364261
11784,-0.483844,-1.94059,-2.2489280930845e-07,-1.44835163925611e-06,-0.912416143749915,-0.555523964021929
11784,-0.449902,-1.94874,-2.24594999325382e-07,-1.44741461072178e-06,-0.912416143752077,0.555523964220183
11884,-0.415823,-1.9563,-1.9996904745235e-07,-1.45087936400132e-06,-0.910462498170266,-0.33330896316818
11884,-0.381618,-1.96325,-1.99539638476636e-07,-1.44897809275706e-06,-0.915346582366712,0.777752503993725
11984,-0.347296,-1.96962,-1.74672884861278e-07,-1.44963034254749e-06,-0.909485669429565,-0.111102085145729
12084,-0.312869,-1.97538,-1.49982727480234e-07,-1.45056952688779e-06,-0.919253778305011,-0.999999999895287
12084,-0.278346,-1.98054,-1.49254701840138e-07,-1.4445531753017e-06,-0.909485669430107,0.111102085358526
12184,-0.243739,-1.98509,-1.24648929698073e-07,-1.44263784863729e-06,-0.915346582363447,-0.777752503777644
12184,-0.209057,-1.98904,-1.23963711056894e-07,-1.43561984470511e-06,-0.910462498171781,0.333308963386432
12284,-0.174311,-1.99239,-9.96457496183599e-08,-1.43085568374947e-06,-0.912416143749663,-0.555523964001473
12284,-0.139513,-1.99513,-9.90470481867295e-08,-1.42282779847137e-06,-0.912416143752267,0.555523964238395
12384,-0.104672,-1.99726,-7.52153425196547e-08,-1.41524439577073e-06,-0.910462498170238,-0.333308963148834
12384,-0.069799,-1.99878,-7.47471339635403e-08,-1.40620557957546e-06,-0.915346582367131,0.777752504016471
12484,-0.0349048,-1.9997,-5.15896588723701e-08,-1.39585952179148e-06,-0.909485669429557,-0.111102085121833
12584,-4.35203e-16,-2,-2.89994531751846e-08,-1.38581597001132e-06,-0.919253778304537,-0.999999999870803
12584,0.0349048,-1.9997,-2.89845611786091e-08,-1.37278915204695e-06,-0.909485669430058,0.111102085378513
12684,0.069799,-1.99878,-7.31285644436951e-09,-1.36009559489356e-06,-0.915346582363139,-0.777752503762792
12684,0.104672,-1.99726,-7.59520220703213e-09,-1.34615307952778e-06,-0.9104624981717,0.333308963393593
12784,0.139513,-1.99513,1.301845668169e-08,-1.33092516488588e-06,-0.912416143749591,-0.555523964001403
12784,0.174311,-1.99239,1.24036329357092e-08,-1.3161038603064e-06,-0.912416143752134,0.555523964232273
12884,0.209057,-1.98904,3.18375316439868e-08,-1.29848194590434e-06,-0.91046249817019,-0.333308963161724
12884,0.243739,-1.98509,3.0858958951966e-08,-1.2828304716687e-06,-0.915346582366752,0.777752503996427
12984,0.278346,-1.98054,4.90104882910353e-08,-1.26298115001884e-06,-0.909485669429543,-0.111102085145531
13084,0.312869,-1.97538,6.64577621155636e-08,-1.24358076206029e-06,-0.919253778305079,-0.999999999897294
13084,0.347296,-1.96962,6.44292543911245e-08,-1.22467340640391e-06,-0.909485669429971,0.111102085349981
13184,0.381618,-1.96325,8.04916325935783e-08,-1.20329386682676e-06,-0.915346582363621,-0.777752503792476
13184,0.415823,-1.9563,7.80113172984858e-08,-1.18384020635682e-06,-0.910462498171561,0.33330896336634
13284,0.449902,-1.94874,9.26318762199943e-08,-1.16069895757982e-06,-0.912416143749886,-0.555523964026324
13284,0.483844,-1.94059,8.96970725335002e-08,-1.14079360730671e-06,-0.912416143751904,0.555523964209538
13384,0.517638,-1.93185,1.0283484610058e-07,-1.11612726188961e-06,-0.910462498170363,-0.333308963182687
13384,0.551275,-1.92252,9.9451045553578e-08,-1.09587310605782e-06,-0.915346582366464,0.777752503976962
13484,0.584743,-1.91261,1.11081300644952e-07,-1.0699344097683e-06,-0.909485669429569,-0.111102085165906
13584,0.618034,-1.90211,1.21992710898972e-07,-1.04465432348451e-06,-0.919253778305519,-0.999999999919186
13584,0.651136,-1.89104,1.17378067828289e-07,-1.02249234362147e-06,-0.909485669429928,0.111102085328226
13684,0.68404,-1.87939,1.26768353327908e-07,-9.96281707239198e-07,-0.915346582363942,-0.777752503814258
13684,0.716736,-1.86716,1.21758473307247e-07,-9.74177769651104e-07,-0.910462498171394,0.333308963343945
13784,0.749213,-1.85437,1.29646052102272e-07,-9.47300673445059e-07,-0.912416143750121,-0.555523964050058
13784,0.781462,-1.84101,1.24281358760694e-07,-9.25359093460777e-07,-0.91241614375158,0.555523964183364
13884,0.813473,-1.82709,1.30704282599417e-07,-8.98069719753263e-07,-0.91046249817049,-0.333308963212306
13884,0.845237,-1.81262,1.25030852727305e-07,-8.76386802900732e-07,-0.915346582365913,0.777752503943214
13984,0.876742,-1.79759,1.30045343670246e-07,-8.48925373975871e-07,-0.909485669429626,-0.1111020852007
14084,0.907981,-1.78201,1.34377493182402e-07,-8.22358384744201e-07,-0.919253778306215,-0.999999999954254
14084,0.938943,-1.7659,1.27789741772495e-07,-8.00177570467922e-07,-0.909485669429858,0.111102085292581
14184,0.969619,-1.74924,1.30807768702148e-07,-7.73723814361865e-07,-0.915346582364524,-0.777752503850263
14184,1,-1.73205,1.24072409269064e-07,-7.5210295540966e-07,-0.910462498171194,0.333308963308465
14284,1.03008,-1.71433,1.25865854090792e-07,-7.2595229764552e-07,-0.91241614375052,-0.55552396408445
14284,1.05984,-1.6961,1.19039991301312e-07,-7.04937798126085e-07,-0.912416143751235,0.55552396415093
14384,1.08928,-1.67734,1.19708507114671e-07,-6.7925319002242e-07,-0.910462498170724,-0.333308963242461
14384,1.11839,-1.65808,1.12848562754923e-07,-6.58879411801268e-07,-0.915346582365498,0.777752503915531
14484,1.14715,-1.6383,1.12500548615826e-07,-6.33800723853582e-07,-0.909485669429676,-0.111102085228531
14584,1.17557,-1.61803,1.11631389326225e-07,-6.09755529097496e-07,-0.919253778306762,-0.999999999982903
14584,1.20363,-1.59727,1.04412844953015e-07,-5.89737737867038e-07,-0.909485669429825,0.1111020852655
14684,1.23132,-1.57602,1.02697817829646e-07,-5.6643563569772e-07,-0.91534658236492,-0.777752503876537
14684,1.25864,-1.55429,9.56218000336848e-08,-5.47173502041929e-07,-0.910462498170955,0.333308963280004
14784,1.28558,-1.53209,9.31892295430699e-08,-5.24695369971426e-07,-0.912416143750819,-0.555523964114867
14784,1.31212,-1.50942,8.63077925061018e-08,-5.0618317185723e-07,-0.912416143750872,0.555523964118932
14884,1.33826,-1.48629,8.32902178486843e-08,-4.84585651845791e-07,-0.910462498170903,-0.333308963276861
14884,1.364,-1.46271,7.66526473813335e-08,-4.66810369358103e-07,-0.915346582364901,0.777752503878194
14984,1.38932,-1.43868,7.31833850770125e-08,-4.46127982279635e-07,-0.909485669429939,-0.111102085257194
14984,1.41421,-1.41421,6.68358186297646e-08,-4.29069668450945e-07,-0.919253778307102,0.999999999999985
5850,1.43868,-1.38932,6.30461248728107e-08,-4.09317243309203e-07,0.909485669429985,-0.111102085260202
5849,1.46271,-1.364,5.90945763484972e-08,-3.90510297446267e-07,0.915346582364833,0.777752503871339
5849,1.48629,-1.33826,5.30487399643581e-08,-3.74123025666753e-07,0.910462498171102,-0.333308963290407
5848,1.50942,-1.31212,4.89719929419204e-08,-3.56199197613405e-07,0.91241614375073,0.555523964099018
5848,1.53209,-1.28558,4.33517025864171e-08,-3.40491525616833e-07,0.912416143751186,-0.555523964140576
5847,1.55429,-1.25864,3.92673256074501e-08,-3.2342098995624e-07,0.91046249817085,0.333308963247604
5847,1.57602,-1.23132,3.41050944746582e-08,-3.0834936702695e-07,0.91534658236556,-0.777752503916265
5846,1.59727,-1.20363,3.01224440417911e-08,-2.92090441881518e-07,0.909485669429786,0.111102085221649
5845,1.61803,-1.17557,2.62011709494106e-08,-2.76572386499497e-07,0.919253778306525,0.999999999969829
5845,1.6383,-1.14715,2.16686584463392e-08,-2.62109864233607e-07,0.909485669429914,-0.11110208528211
5844,1.65808,-1.11839,1.80036384679106e-08,-2.47291576161528e-07,0.915346582364627,0.777752503855747
5844,1.67734,-1.08928,1.4027031362972e-08,-2.33371881032776e-07,0.910462498171258,-0.333308963307527
5843,1.6961,-1.05984,1.07059273524706e-08,-2.19192831065532e-07,0.912416143750537,0.555523964080912
5843,1.71433,-1.03008,7.30868075996555e-09,-2.05764256512144e-07,0.912416143751378,-0.555523964158821
5842,1.73205,-1,4.4107448032515e-09,-1.92162032225314e-07,0.910462498170701,0.333308963230334
5842,1.74924,-0.969619,1.6155864362453e-09,-1.79173683133275e-07,0.915346582365767,-0.777752503931841
5841,1.7659,-0.938943,-7.88146455513312e-10,-1.66086229490046e-07,0.909485669429766,0.111102085205045
5840,1.78201,-0.907981,-2.93292161804328e-09,-1.53437661877648e-07,0.919253778306158,0.99999999995149
5840,1.79759,-0.876742,-4.80507225134257e-09,-1.40855264928327e-07,0.909485669429983,-0.111102085301555
5839,1.81262,-0.845237,-6.36146870365914e-09,-1.28600115366752e-07,0.915346582364319,0.777752503835052
5839,1.82709,-0.813473,-7.56177780664892e-09,-1.16361108340487e-07,0.910462498171384,-0.333308963330046
5838,1.84101,-0.781462,-8.47735742502716e-09,-1.04438597499142e-07,0.912416143750258,0.555523964056995
5838,1.85437,-0.749213,-8.98749650159105e-09,-9.24954647659339e-08,0.91241614375167,-0.555523964183538
5837,1.86716,-0.716736,-9.21705968901628e-09,-8.08428499148195e-08,0.91046249817059,0.333308963203332
5837,1.87939,-0.68404,-9.01936653602678e-09,-6.91477267165356e-08,0.915346582366259,-0.777752503962114
5836,1.89104,-0.651136,-8.52519332890457e-09,-5.76996618989484e-08,0.909485669429712,0.11110208517308
5835,1.90211,-0.618034,-7.6606751469357e-09,-4.63826047639818e-08,0.919253778305505,0.999999999918216
5835,1.91261,-0.584743,-6.35467113193205e-09,-3.48922894098214e-08,0.909485669430072,-0.111102085335106
5834,1.92252,-0.551275,-4.72093368416769e-09,-2.36449179878943e-08,0.915346582363824,0.777752503801191
5834,1.93185,-0.517638,-2.66716756760823e-09,-1.23002952660711e-08,0.910462498171638,-0.333308963364257
5833,1.94059,-0.483844,-2.46046766832209e-10,-1.05025384857996e-09,0.912416143749874,0.555523964021932
5833,1.94874,-0.449902,2.56609045404118e-09,1.01993948430556e-08,0.91241614375206,-0.555523964220175
5832,1.9563,-0.415823,5.78376749384205e-09,2.15254589475673e-08,0.910462498170272,0.333308963168192
5832,1.96325,-0.381618,9.36320007120648e-09,3.27302991147112e-08,0.915346582366721,-0.777752503993719
5831,1.96962,-0.347296,1.33766791306377e-08,4.42053397579918e-08,0.909485669429573,0.111102085145735
5830,1.97538,-0.312869,1.78048582195114e-08,5.58870133227806e-08,0.919253778305019,0.999999999895301
5830,1.98054,-0.278346,2.25275993089872e-08,6.71104841724551e-08,0.909485669430095,-0.11110208535852
5829,1.98509,-0.243739,2.77364029444243e-08,7.90826754872478e-08,0.915346582363408,0.777752503777643
5829,1.98904,-0.209057,3.3216652082772e-08,9.03594346611672e-08,0.910462498171767,-0.333308963386425
5828,1.99239,-0.174311,3.91769990261729e-08,1.02690916893221e-07,0.91241614374965,0.555523964001481
5828,1.99513,-0.139513,4.54084679256266e-08,1.14067788233978e-07,0.912416143752221,-0.555523964238393
5827,1.99726,-0.104672,5.20790625795252e-08,1.26823550436509e-07,0.910462498170182,0.333308963148836
5827,1.99878,-0.069799,5.9051535412121e-08,1.38346140548125e-07,0.915346582367075,-0.777752504016468
5826,1.9997,-0.0349048,6.63786373208769e-08,1.51585162714667e-07,0.909485669429527,0.111102085121839
