origElemNum,globCoord-x,globCoord-y,acouPotentialD1-,locCoord-xi,locCoord-eta
5825,2,-2.20442e-18,-0.000736544304470976,0.919253778304535,0.999999999870795
5825,1.9997,0.0349048,-9.53967138061775e-05,0.909485669430051,-0.11110208537854
5824,1.99878,0.069799,0.000539006649526871,0.915346582363134,0.7777525037628
5824,1.99726,0.104672,0.00117640033688796,0.910462498171695,-0.333308963393583
5823,1.99513,0.139513,0.00181023956799727,0.912416143749585,0.555523964001403
5823,1.99239,0.174311,0.00244341356805227,0.912416143752112,-0.555523964232293
5822,1.98904,0.209057,0.00307559993029903,0.910462498170195,0.33330896316169
5822,1.98509,0.243739,0.00370409509609799,0.915346582366752,-0.777752503996411
5821,1.98054,0.278346,0.0043335305346805,0.909485669429537,0.111102085145532
5820,1.97538,0.312869,0.00495688696264469,0.91925377830504,0.999999999897275
5820,1.96962,0.347296,0.00558247080130496,0.909485669429959,-0.111102085350008
5819,1.96325,0.381618,0.00620199428576954,0.915346582363608,0.777752503792493
5819,1.9563,0.415823,0.00682090106364786,0.910462498171543,-0.333308963366333
5818,1.94874,0.449902,0.00743553733100212,0.912416143749872,0.555523964026318
5818,1.94059,0.483844,0.00804736383033379,0.912416143751876,-0.555523964209557
5817,1.93185,0.517638,0.00865607070506485,0.910462498170338,0.333308963182653
5817,1.92252,0.551275,0.00926040782947967,0.915346582366455,-0.777752503976955
5816,1.91261,0.584743,0.00986211116610335,0.909485669429567,0.111102085165898
5815,1.90211,0.618034,0.0104585262100617,0.919253778305533,0.999999999919169
5815,1.89104,0.651136,0.0110521224771158,0.909485669429933,-0.111102085328256
5814,1.87939,0.68404,0.011640457061523,0.915346582363941,0.777752503814277
5814,1.86716,0.716736,0.0122245642278798,0.910462498171402,-0.333308963343933
5813,1.85437,0.749213,0.012803728771938,0.912416143750119,0.555523964050056
5813,1.84101,0.781462,0.0133779364104004,0.912416143751575,-0.555523964183394
5812,1.82709,0.813473,0.0139468841158787,0.910462498170486,0.333308963212263
5812,1.81262,0.845237,0.0145108243741257,0.915346582365915,-0.777752503943209
5811,1.79759,0.876742,0.0150685618044316,0.909485669429635,0.111102085200681
5810,1.78201,0.907981,0.0156218988849237,0.919253778306195,0.999999999954235
5810,1.7659,0.938943,0.0161674362066381,0.909485669429844,-0.111102085292603
5809,1.74924,0.969619,0.0167086323237511,0.915346582364538,0.777752503850291
5809,1.73205,1,0.0172421140809542,0.910462498171199,-0.333308963308445
5808,1.71433,1.03008,0.017770101123865,0.912416143750526,0.555523964084446
5808,1.6961,1.05984,0.0182911088392541,0.912416143751246,-0.555523964150953
5807,1.67734,1.08928,0.0188047906183931,0.910462498170725,0.333308963242434
5807,1.65808,1.11839,0.0193129167132933,0.915346582365508,-0.777752503915519
5806,1.6383,1.14715,0.0198112388537535,0.909485669429676,0.11110208522853
5805,1.61803,1.17557,0.0203061242721752,0.919253778306765,0.999999999982884
5805,1.59727,1.20363,0.0207881187866346,0.909485669429817,-0.111102085265541
5804,1.57602,1.23132,0.0212667757695028,0.9153465823649,0.777752503876539
5804,1.55429,1.25864,0.0217342437153647,0.910462498170939,-0.333308963279996
5803,1.53209,1.28558,0.0221957984244171,0.912416143750815,0.555523964114853
5803,1.50942,1.31212,0.0226485036538064,0.91241614375085,-0.555523964118972
5802,1.48629,1.33826,0.0230920905229221,0.910462498170897,0.333308963276791
5802,1.46271,1.364,0.0235297852243157,0.915346582364929,-0.77775250387822
5801,1.43868,1.38932,0.0239545234850127,0.909485669429954,0.111102085257182
5801,1.41421,1.41421,0.0243769490743828,0.919253778307104,-0.999999999999994
850,1.38932,1.43868,0.0247819712583128,0.909485669429991,-0.111102085260227
849,1.364,1.46271,0.0251847952154936,0.915346582364834,0.777752503871359
849,1.33826,1.48629,0.0255733770708015,0.910462498171096,-0.333308963290402
848,1.31212,1.50942,0.0259558046890158,0.912416143750729,0.555523964099008
848,1.28558,1.53209,0.0263277729456537,0.912416143751184,-0.555523964140596
847,1.25864,1.55429,0.026689046592497,0.910462498170846,0.333308963247574
847,1.23132,1.57602,0.0270442245106523,0.915346582365554,-0.777752503916259
846,1.20363,1.59727,0.0273835782930529,0.90948566942978,0.111102085221654
845,1.17557,1.61803,0.027721761806807,0.919253778306528,0.999999999969813
845,1.14715,1.6383,0.0280384194340051,0.909485669429915,-0.111102085282135
844,1.11839,1.65808,0.0283540147167513,0.915346582364625,0.777752503855763
844,1.08928,1.67734,0.0286526311970722,0.910462498171253,-0.333308963307521
843,1.05984,1.6961,0.02894495772398,0.912416143750542,0.555523964080906
843,1.03008,1.71433,0.0292254499679296,0.912416143751377,-0.555523964158847
842,1,1.73205,0.0294940023790169,0.910462498170698,0.333308963230309
842,0.969619,1.74924,0.0297563927805102,0.915346582365766,-0.777752503931825
841,0.938943,1.7659,0.0300008660004998,0.909485669429764,0.111102085205048
840,0.907981,1.78201,0.0302452671315991,0.919253778306164,0.99999999995148
840,0.876742,1.79759,0.0304655157513682,0.909485669429979,-0.11110208530158
839,0.845237,1.81262,0.0306859124252334,0.91534658236432,0.777752503835068
839,0.813473,1.82709,0.0308880720481581,0.91046249817139,-0.33330896333004
838,0.781462,1.84101,0.0310844255489483,0.912416143750255,0.555523964056983
838,0.749213,1.85437,0.0312687348489059,0.912416143751674,-0.555523964183563
837,0.716736,1.86716,0.031441064579357,0.910462498170584,0.333308963203304
837,0.68404,1.87939,0.0316077610599896,0.915346582366261,-0.777752503962098
836,0.651136,1.89104,0.0317561541036981,0.909485669429719,0.111102085173086
835,0.618034,1.90211,0.0319054839760737,0.919253778305509,0.999999999918205
835,0.584743,1.91261,0.032030101830055,0.909485669430073,-0.111102085335132
834,0.551275,1.92252,0.0321558456387551,0.915346582363819,0.777752503801204
834,0.517638,1.93185,0.0322633842613276,0.910462498171637,-0.333308963364254
833,0.483844,1.94059,0.0323657613791342,0.912416143749877,0.55552396402192
833,0.449902,1.94874,0.0324565134135,0.91241614375206,-0.555523964220202
832,0.415823,1.9563,0.0325357646672782,0.910462498170279,0.333308963168166
832,0.381618,1.96325,0.0326099843896018,0.915346582366717,-0.777752503993703
831,0.347296,1.96962,0.0326663411689005,0.909485669429573,0.111102085145737
830,0.312869,1.97538,0.0327242373320916,0.919253778305012,0.99999999989529
830,0.278346,1.98054,0.0327579061372116,0.909485669430091,-0.111102085358547
829,0.243739,1.98509,0.0327931978482458,0.915346582363415,0.77775250377766
829,0.209057,1.98904,0.032810805052799,0.910462498171767,-0.333308963386422
828,0.174311,1.99239,0.0328236552081575,0.912416143749651,0.55552396400147
828,0.139513,1.99513,0.0328253278567011,0.912416143752224,-0.555523964238419
827,0.104672,1.99726,0.0328158811526117,0.910462498170184,0.33330896314881
827,0.069799,1.99878,0.0328017130592937,0.915346582367074,-0.777752504016452
826,0.0349048,1.9997,0.0327700896955391,0.909485669429527,0.111102085121841
825,1.27747e-16,2,0.0327401408308157,0.919253778304535,0.999999999870799
825,-0.0349048,1.9997,0.0326864271317761,0.909485669430051,-0.111102085378537
824,-0.069799,1.99878,0.0326343803085486,0.915346582363134,0.777752503762801
824,-0.104672,1.99726,0.0325649573012397,0.910462498171695,-0.333308963393583
823,-0.139513,1.99513,0.0324908241673907,0.912416143749585,0.555523964001401
823,-0.174311,1.99239,0.0324056514699041,0.912416143752112,-0.555523964232297
822,-0.209057,1.98904,0.0323093899962825,0.910462498170195,0.333308963161685
822,-0.243739,1.98509,0.0322083902903964,0.915346582366744,-0.777752503996403
821,-0.278346,1.98054,0.0320899081235661,0.909485669429538,0.111102085145537
820,-0.312869,1.97538,0.0319729776743988,0.919253778305041,0.999999999897278
820,-0.347296,1.96962,0.0318321452161271,0.90948566942996,-0.111102085350006
819,-0.381618,1.96325,0.0316927980960319,0.915346582363608,0.777752503792493
819,-0.415823,1.9563,0.0315358343360747,0.910462498171543,-0.333308963366333
818,-0.449902,1.94874,0.0313739212367791,0.912416143749872,0.555523964026316
818,-0.483844,1.94059,0.0312007009293741,0.912416143751875,-0.555523964209561
817,-0.517638,1.93185,0.0310160733572297,0.910462498170336,0.333308963182646
817,-0.551275,1.92252,0.0308264857586541,0.915346582366457,-0.777752503976948
816,-0.584743,1.91261,0.0306190082987241,0.909485669429562,0.111102085165907
815,-0.618034,1.90211,0.0304129614047736,0.919253778305526,0.999999999919175
815,-0.651136,1.89104,0.0301825231487426,0.909485669429935,-0.111102085328253
814,-0.68404,1.87939,0.0299534855984447,0.915346582363941,0.777752503814277
814,-0.716736,1.86716,0.0297064733434914,0.910462498171402,-0.333308963343933
813,-0.749213,1.85437,0.0294543810951402,0.912416143750117,0.555523964050053
813,-0.781462,1.84101,0.0291907790420941,0.912416143751584,-0.555523964183396
812,-0.813473,1.82709,0.0289156124203214,0.910462498170484,0.33330896321226
812,-0.845237,1.81262,0.0286354471255605,0.91534658236591,-0.7777525039432
811,-0.876742,1.79759,0.0283372468098037,0.909485669429639,0.111102085200672
810,-0.907981,1.78201,0.0280405909802148,0.919253778306197,0.999999999954239
810,-0.938943,1.7659,0.027719469304861,0.909485669429848,-0.111102085292613
809,-0.969619,1.74924,0.0273999513770971,0.915346582364533,0.777752503850298
809,-1,1.73205,0.0270625981327023,0.910462498171205,-0.333308963308436
808,-1.03008,1.71433,0.0267204435002776,0.912416143750522,0.55552396408444
808,-1.05984,1.6961,0.0263670887083132,0.912416143751243,-0.555523964150944
807,-1.08928,1.67734,0.0260026051574364,0.910462498170733,0.33330896324243
807,-1.11839,1.65808,0.025633529711103,0.915346582365511,-0.777752503915504
806,-1.14715,1.6383,0.025247104149924,0.909485669429678,0.11110208522852
805,-1.17557,1.61803,0.0248626334738724,0.91925377830677,0.999999999982889
805,-1.20363,1.59727,0.0244547208921182,0.909485669429819,-0.111102085265551
804,-1.23132,1.57602,0.024048909057687,0.915346582364893,0.777752503876544
804,-1.25864,1.55429,0.023626330965638,0.910462498170937,-0.333308963279986
803,-1.28558,1.53209,0.0231997086237884,0.912416143750809,0.555523964114847
803,-1.31212,1.50942,0.022762889548059,0.912416143750849,-0.555523964118962
802,-1.33826,1.48629,0.0223160326930131,0.910462498170897,0.333308963276791
802,-1.364,1.46271,0.0218654149944069,0.915346582364928,-0.77775250387821
801,-1.38932,1.43868,0.0213989417488065,0.909485669429954,0.111102085257172
801,-1.41421,1.41421,0.0209349843318666,0.919253778307104,-0.999999999999994
15850,-1.43868,1.38932,0.0204495539582901,0.909485669429991,-0.111102085260237
15849,-1.46271,1.364,0.0199668119278937,0.915346582364828,0.777752503871364
15849,-1.48629,1.33826,0.0194690416518242,0.910462498171103,-0.333308963290387
15848,-1.50942,1.31212,0.0189682223970883,0.912416143750729,0.555523964099008
15848,-1.53209,1.28558,0.0184586306463457,0.912416143751185,-0.555523964140586
15847,-1.55429,1.25864,0.0179404810340318,0.910462498170851,0.333308963247569
15847,-1.57602,1.23132,0.0174195972183291,0.915346582365555,-0.777752503916249
15846,-1.59727,1.20363,0.0168848999200906,0.909485669429784,0.111102085221639
15845,-1.61803,1.17557,0.0163532615729311,0.919253778306531,0.999999999969823
15845,-1.6383,1.14715,0.0158028310056124,0.909485669429917,-0.111102085282151
15844,-1.65808,1.11839,0.0152556366792458,0.915346582364627,0.777752503855772
15844,-1.67734,1.08928,0.0146956610799472,0.910462498171251,-0.333308963307506
15843,-1.6961,1.05984,0.0141337575834885,0.912416143750542,0.555523964080906
15843,-1.71433,1.03008,0.0135648102378841,0.912416143751375,-0.555523964158831
15842,-1.73205,1,0.01298907280055,0.910462498170697,0.333308963230296
15842,-1.74924,0.969619,0.012411730568289,0.915346582365764,-0.777752503931822
15841,-1.7659,0.938943,0.0118230598699651,0.909485669429762,0.111102085205035
15840,-1.78201,0.907981,0.0112379006039344,0.919253778306162,0.999999999951483
15840,-1.79759,0.876742,0.010637221146045,0.909485669429984,-0.111102085301589
15839,-1.81262,0.845237,0.0100402215142505,0.915346582364318,0.777752503835071
15839,-1.82709,0.813473,0.00943308455115932,0.910462498171391,-0.333308963330024
15838,-1.84101,0.781462,0.00882519371259188,0.912416143750253,0.555523964056986
15838,-1.85437,0.749213,0.00821220098599746,0.912416143751674,-0.555523964183544
15837,-1.86716,0.716736,0.00759438872873679,0.910462498170589,0.333308963203294
15837,-1.87939,0.68404,0.00697614203512298,0.915346582366259,-0.777752503962095
15836,-1.89104,0.651136,0.00634939735843826,0.909485669429715,0.111102085173074
15835,-1.90211,0.618034,0.00572649780756739,0.919253778305508,0.999999999918209
15835,-1.91261,0.584743,0.00509182487027626,0.909485669430068,-0.111102085335144
15834,-1.92252,0.551275,0.00446115053617096,0.915346582363818,0.777752503801208
15834,-1.93185,0.517638,0.00382328463907879,0.910462498171639,-0.333308963364235
15833,-1.94059,0.483844,0.00318584718442104,0.912416143749876,0.555523964021923
15833,-1.94874,0.449902,0.00254538995489671,0.912416143752063,-0.555523964220183
15832,-1.9563,0.415823,0.00190220342964617,0.910462498170272,0.333308963168156
15832,-1.96325,0.381618,0.00125974571646184,0.915346582366716,-0.7777525039937
15831,-1.96962,0.347296,0.000611824978525326,0.909485669429575,0.111102085145728
15830,-1.97538,0.312869,-3.20520769884922e-05,0.91925377830502,0.999999999895294
15830,-1.98054,0.278346,-0.000683690134083752,0.909485669430092,-0.111102085358556
15829,-1.98509,0.243739,-0.00133115940330569,0.915346582363415,0.777752503777664
15829,-1.98904,0.209057,-0.00198274843296895,0.910462498171765,-0.333308963386404
15828,-1.99239,0.174311,-0.00263279100658019,0.912416143749651,0.555523964001473
15828,-1.99513,0.139513,-0.00328375380509803,0.912416143752222,-0.5555239642384
15827,-1.99726,0.104672,-0.00393533900467744,0.910462498170184,0.3333089631488
15827,-1.99878,0.069799,-0.00458509880588322,0.915346582367074,-0.777752504016448
15826,-1.9997,0.0349048,-0.00523718190981637,0.909485669429527,0.111102085121831
15825,-2,2.46315e-16,-0.00588516198238911,0.919253778304535,0.999999999870803
15825,-1.9997,-0.0349048,-0.00653668707340857,0.909485669430051,-0.111102085378547
15824,-1.99878,-0.069799,-0.00718399723949938,0.915346582363134,0.777752503762804
15824,-1.99726,-0.104672,-0.00783221660704708,0.910462498171696,-0.333308963393566
15823,-1.99513,-0.139513,-0.00847779666347808,0.912416143749586,0.555523964001405
15823,-1.99239,-0.174311,-0.00912213596749776,0.912416143752114,-0.555523964232279
15822,-1.98904,-0.209057,-0.00976492713644955,0.910462498170195,0.333308963161688
15822,-1.98509,-0.243739,-0.0104048210366303,0.915346582366744,-0.7777525039964
15821,-1.98054,-0.278346,-0.0110437679320755,0.909485669429545,0.111102085145526
15820,-1.97538,-0.312869,-0.0116786603229217,0.919253778305042,0.999999999897283
15820,-1.96962,-0.347296,-0.012312710656681,0.909485669429957,-0.111102085350017
15819,-1.96325,-0.381618,-0.0129426167045185,0.915346582363609,0.777752503792499
15819,-1.9563,-0.415823,-0.0135701571315404,0.910462498171549,-0.333308963366345
15818,-1.94874,-0.449902,-0.0141940289901198,0.912416143749872,0.555523964026319
15818,-1.94059,-0.483844,-0.0148145132866086,0.91241614375188,-0.555523964209544
15817,-1.93185,-0.517638,-0.0154313008841882,0.910462498170337,0.33330896318265
15817,-1.92252,-0.551275,-0.016044188193208,0.915346582366458,-0.777752503976945
15816,-1.91261,-0.584743,-0.0166528401990329,0.909485669429567,0.111102085165898
15815,-1.90211,-0.618034,-0.0172575919270679,0.919253778305528,0.999999999919178
15815,-1.89104,-0.651136,-0.0178570607623775,0.90948566942994,-0.111102085328262
15814,-1.87939,-0.68404,-0.0184525541958139,0.915346582363942,0.77775250381428
15814,-1.86716,-0.716736,-0.019042395079381,0.910462498171397,-0.333308963343943
15813,-1.85437,-0.749213,-0.0196275978324618,0.912416143750119,0.555523964050056
15813,-1.84101,-0.781462,-0.0202072962503942,0.912416143751582,-0.555523964183381
15812,-1.82709,-0.813473,-0.0207811897951891,0.910462498170486,0.333308963212263
15812,-1.81262,-0.845237,-0.0213502456808894,0.915346582365912,-0.777752503943197
15811,-1.79759,-0.876742,-0.0219118290715627,0.909485669429641,0.111102085200675
15810,-1.78201,-0.907981,-0.0224697540229746,0.919253778306197,0.999999999954239
15810,-1.7659,-0.938943,-0.0230180430746448,0.90948566942985,-0.11110208529261
15809,-1.74924,-0.969619,-0.0235626231366207,0.915346582364535,0.777752503850301
15809,-1.73205,-1,-0.0240983916506487,0.9104624981712,-0.333308963308458
15808,-1.71433,-1.03008,-0.0246286713757049,0.912416143750526,0.555523964084446
15808,-1.6961,-1.05984,-0.0251514725980934,0.912416143751243,-0.555523964150944
15807,-1.67734,-1.08928,-0.0256665200105575,0.910462498170725,0.333308963242434
15807,-1.65808,-1.11839,-0.0261759218065724,0.915346582365503,-0.7777525039155
15806,-1.6383,-1.14715,-0.0266748335836815,0.90948566942967,0.111102085228524
15805,-1.61803,-1.17557,-0.027170425861864,0.919253778306763,0.999999999982893
15805,-1.59727,-1.20363,-0.0276523292425603,0.909485669429812,-0.111102085265547
15804,-1.57602,-1.23132,-0.0281308968271939,0.915346582364898,0.777752503876549
15804,-1.55429,-1.25864,-0.0285977762961387,0.910462498170935,-0.333308963280012
15803,-1.53209,-1.28558,-0.029058494073735,0.912416143750815,0.555523964114853
15803,-1.50942,-1.31212,-0.0295100065488413,0.912416143750855,-0.555523964118957
15802,-1.48629,-1.33826,-0.0299520893660109,0.910462498170897,0.333308963276791
15802,-1.46271,-1.364,-0.0303879181303248,0.915346582364928,-0.77775250387821
15801,-1.43868,-1.38932,-0.0308106209161184,0.909485669429954,0.111102085257172
15801,-1.41421,-1.41421,-0.0312304757515072,0.919253778307098,-0.999999999999989
10084,-1.38932,-1.43868,-0.0316330942169175,-0.909485669429983,0.111102085260242
10184,-1.364,-1.46271,-0.0320328999642205,-0.915346582364814,-0.777752503871363
10184,-1.33826,-1.48629,-0.0324185811853389,-0.910462498171062,0.333308963290425
10284,-1.31212,-1.50942,-0.032797684680581,-0.912416143750702,-0.555523964098991
10284,-1.28558,-1.53209,-0.0331662138250391,-0.912416143751175,0.55552396414059
10384,-1.25864,-1.55429,-0.0335239941644824,-0.910462498170858,-0.333308963247603
10384,-1.23132,-1.57602,-0.0338751788443656,-0.915346582365569,0.777752503916277
10484,-1.20363,-1.59727,-0.0342110449714727,-0.909485669429755,-0.111102085221656
10584,-1.17557,-1.61803,-0.0345447154005049,-0.919253778306467,-0.999999999969833
10584,-1.14715,-1.6383,-0.0348581073636821,-0.909485669429891,0.111102085282108
10684,-1.11839,-1.65808,-0.0351693883472022,-0.915346582364624,-0.777752503855743
10684,-1.08928,-1.67734,-0.0354645123921324,-0.910462498171255,0.333308963307532
10784,-1.05984,-1.6961,-0.0357528935551165,-0.912416143750544,-0.555523964080908
10784,-1.03008,-1.71433,-0.0360296522095724,-0.912416143751393,0.555523964158839
10884,-1,-1.73205,-0.0362946619164025,-0.910462498170715,-0.333308963230315
10884,-0.969619,-1.74924,-0.0365529937948002,-0.915346582365772,0.777752503931858
10984,-0.938943,-1.7659,-0.0367942070859575,-0.909485669429763,-0.111102085205032
11084,-0.907981,-1.78201,-0.0370340825617378,-0.919253778306154,-0.99999999995149
11084,-0.876742,-1.79759,-0.0372511198082547,-0.909485669429981,0.111102085301552
11184,-0.845237,-1.81262,-0.0374669682864982,-0.915346582364332,-0.777752503835052
11184,-0.813473,-1.82709,-0.0376650698751262,-0.910462498171421,0.333308963330044
11284,-0.781462,-1.84101,-0.0378565729355668,-0.912416143750289,-0.555523964056998
11284,-0.749213,-1.85437,-0.038035797195315,-0.912416143751684,0.555523964183542
11384,-0.716736,-1.86716,-0.0382026709030249,-0.910462498170579,-0.333308963203316
11384,-0.68404,-1.87939,-0.0383630966972837,-0.915346582366256,0.777752503962127
11484,-0.651136,-1.89104,-0.0385050904467026,-0.9094856694297,-0.111102085173069
11584,-0.618034,-1.90211,-0.0386468196832793,-0.919253778305473,-0.9999999999182
11584,-0.584743,-1.91261,-0.0387637134494518,-0.909485669430035,0.111102085335111
11684,-0.551275,-1.92252,-0.0388805349015635,-0.915346582363772,-0.777752503801188
11684,-0.517638,-1.93185,-0.0389784722795878,-0.910462498171642,0.333308963364261
11784,-0.483844,-1.94059,-0.0390702172045331,-0.912416143749915,-0.555523964021929
11784,-0.449902,-1.94874,-0.0391493752202855,-0.912416143752077,0.555523964220183
11884,-0.415823,-1.9563,-0.0392159331825995,-0.910462498170266,-0.33330896316818
11884,-0.381618,-1.96325,-0.0392765241663389,-0.915346582366712,0.777752503993725
11984,-0.347296,-1.96962,-0.0393178546974473,-0.909485669429565,-0.111102085145729
12084,-0.312869,-1.97538,-0.0393601387694224,-0.919253778305011,-0.999999999895287
12084,-0.278346,-1.98054,-0.0393762826024182,-0.909485669430107,0.111102085358526
12184,-0.243739,-1.98509,-0.0393936506249417,-0.915346582363447,-0.777752503777644
12184,-0.209057,-1.98904,-0.0393916615466609,-0.910462498171781,0.333308963386432
12284,-0.174311,-1.99239,-0.0393842791651277,-0.912416143749663,-0.555523964001473
12284,-0.139513,-1.99513,-0.0393645845035443,-0.912416143752267,0.555523964238395
12384,-0.104672,-1.99726,-0.0393326986056099,-0.910462498170238,-0.333308963148834
12384,-0.069799,-1.99878,-0.0392957755473689,-0.915346582367131,0.777752504016471
12484,-0.0349048,-1.9997,-0.0392396997316391,-0.909485669429557,-0.111102085121833
12584,-4.35203e-16,-2,-0.0391860685066578,-0.919253778304537,-0.999999999870803
12584,0.0349048,-1.9997,-0.0391061701891206,-0.909485669430058,0.111102085378513
12684,0.069799,-1.99878,-0.0390290814292896,-0.915346582363139,-0.777752503762792
12684,0.104672,-1.99726,-0.038933072516429,-0.9104624981717,0.333308963393593
12784,0.139513,-1.99513,-0.0388329418713626,-0.912416143749591,-0.555523964001403
12784,0.174311,-1.99239,-0.0387214241538088,-0.912416143752134,0.555523964232273
12884,0.209057,-1.98904,-0.038598686828238,-0.91046249817019,-0.333308963161724
12884,0.243739,-1.98509,-0.0384722758552383,-0.915346582366752,0.777752503996427
12984,0.278346,-1.98054,-0.0383273657000037,-0.909485669429543,-0.111102085145531
13084,0.312869,-1.97538,-0.0381866777445742,-0.919253778305079,-0.999999999897294
13084,0.347296,-1.96962,-0.0380200006704817,-0.909485669429971,0.111102085349981
13184,0.381618,-1.96325,-0.0378579211853995,-0.915346582363621,-0.777752503792476
13184,0.415823,-1.9563,-0.037677530723424,-0.910462498171561,0.33330896336634
13284,0.449902,-1.94874,-0.0374943627943566,-0.912416143749886,-0.555523964026324
13284,0.483844,-1.94059,-0.0373007351387269,-0.912416143751904,0.555523964209538
13384,0.517638,-1.93185,-0.0370966522691809,-0.910462498170363,-0.333308963182687
13384,0.551275,-1.92252,-0.036890165546548,-0.915346582366464,0.777752503976962
13484,0.584743,-1.91261,-0.0366651917525663,-0.909485669429569,-0.111102085165906
13584,0.618034,-1.90211,-0.0364461106231033,-0.919253778305519,-0.999999999919186
13584,0.651136,-1.89104,-0.0362001353037538,-0.909485669429928,0.111102085328226
13684,0.68404,-1.87939,-0.0359602329002938,-0.915346582363942,-0.777752503814258
13684,0.716736,-1.86716,-0.0357014375432151,-0.910462498171394,0.333308963343945
13784,0.749213,-1.85437,-0.0354404675059249,-0.912416143750121,-0.555523964050058
13784,0.781462,-1.84101,-0.035168913582955,-0.91241614375158,0.555523964183364
13884,0.813473,-1.82709,-0.0348865983319622,-0.91046249817049,-0.333308963212306
13884,0.845237,-1.81262,-0.0346023061246172,-0.915346582365913,0.777752503943214
13984,0.876742,-1.79759,-0.0342983686641755,-0.909485669429626,-0.1111020852007
14084,0.907981,-1.78201,-0.034001318982394,-0.919253778306215,-0.999999999954254
14084,0.938943,-1.7659,-0.0336755017102684,-0.909485669429858,0.111102085292581
14184,0.969619,-1.74924,-0.0333566246524654,-0.915346582364524,-0.777752503850263
14184,1,-1.73205,-0.0330177473143092,-0.910462498171194,0.333308963308465
14284,1.03008,-1.71433,-0.0326768551945725,-0.91241614375052,-0.55552396408445
14284,1.05984,-1.6961,-0.0323249619339679,-0.912416143751235,0.55552396415093
14384,1.08928,-1.67734,-0.0319620097877752,-0.910462498170724,-0.333308963242461
14384,1.11839,-1.65808,-0.0315972111004468,-0.915346582365498,0.777752503915531
14484,1.14715,-1.6383,-0.0312123528730896,-0.909485669429676,-0.111102085228531
14584,1.17557,-1.61803,-0.0308348528292768,-0.919253778306762,-0.999999999982903
14584,1.20363,-1.59727,-0.0304284396292341,-0.909485669429825,0.1111020852655
14684,1.23132,-1.57602,-0.0300295070265121,-0.91534658236492,-0.777752503876537
14684,1.25864,-1.55429,-0.0296110487768578,-0.910462498170955,0.333308963280004
14784,1.28558,-1.53209,-0.0291911925837397,-0.912416143750819,-0.555523964114867
14784,1.31212,-1.50942,-0.0287610790559191,-0.912416143750872,0.555523964118932
14884,1.33826,-1.48629,-0.0283208544055774,-0.910462498170903,-0.333308963276861
14884,1.364,-1.46271,-0.0278794597372845,-0.915346582364901,0.777752503878194
14984,1.38932,-1.43868,-0.0274194426841454,-0.909485669429939,-0.111102085257194
14984,1.41421,-1.41421,-0.0269671294413356,-0.919253778307102,0.999999999999985
5850,1.43868,-1.38932,-0.0264879277788941,0.909485669429985,-0.111102085260202
5849,1.46271,-1.364,-0.0260165275631619,0.915346582364833,0.777752503871339
5849,1.48629,-1.33826,-0.0255273234419397,0.910462498171102,-0.333308963290407
5848,1.50942,-1.31212,-0.0250374910423313,0.91241614375073,0.555523964099018
5848,1.53209,-1.28558,-0.0245386935290911,0.912416143751186,-0.555523964140576
5847,1.55429,-1.25864,-0.0240311257985977,0.91046249817085,0.333308963247604
5847,1.57602,-1.23132,-0.0235231488671692,0.91534658236556,-0.777752503916265
5846,1.59727,-1.20363,-0.0229985791852108,0.909485669429786,0.111102085221649
5845,1.61803,-1.17557,-0.0224818394044312,0.919253778306525,0.999999999969829
5845,1.6383,-1.14715,-0.0219410234360339,0.909485669429914,-0.11110208528211
5844,1.65808,-1.11839,-0.0214081152630627,0.915346582364627,0.777752503855747
5844,1.67734,-1.08928,-0.0208596286175609,0.910462498171258,-0.333308963307527
5843,1.6961,-1.05984,-0.0203113135778942,0.912416143750537,0.555523964080912
5843,1.71433,-1.03008,-0.0197555822117052,0.912416143751378,-0.555523964158821
5842,1.73205,-1,-0.0191926862850895,0.910462498170701,0.333308963230334
5842,1.74924,-0.969619,-0.0186301872101213,0.915346582365767,-0.777752503931841
5841,1.7659,-0.938943,-0.0180536448086731,0.909485669429766,0.111102085205045
5840,1.78201,-0.907981,-0.0174849065137193,0.919253778306158,0.99999999995149
5840,1.79759,-0.876742,-0.0168957000071382,0.909485669429983,-0.111102085301555
5839,1.81262,-0.845237,-0.0163143816960327,0.915346582364319,0.777752503835052
5839,1.82709,-0.813473,-0.0157202927828896,0.910462498171384,-0.333308963330046
5838,1.84101,-0.781462,-0.0151272791264973,0.912416143750258,0.555523964056995
5838,1.85437,-0.749213,-0.014528727007459,0.91241614375167,-0.555523964183538
5837,1.86716,-0.716736,-0.0139248828174678,0.91046249817059,0.333308963203332
5837,1.87939,-0.68404,-0.0133223041501679,0.915346582366259,-0.777752503962114
5836,1.89104,-0.651136,-0.0127085793433699,0.909485669429712,0.11110208517308
5835,1.90211,-0.618034,-0.0121024681159763,0.919253778305505,0.999999999918216
5835,1.91261,-0.584743,-0.0114798978430965,0.909485669430072,-0.111102085335106
5834,1.92252,-0.551275,-0.0108650104136342,0.915346582363824,0.777752503801191
5834,1.93185,-0.517638,-0.0102404076061156,0.910462498171638,-0.333308963364257
5833,1.94059,-0.483844,-0.00961777377279685,0.912416143749874,0.555523964021932
5833,1.94874,-0.449902,-0.00899162507472496,0.91241614375206,-0.555523964220175
5832,1.9563,-0.415823,-0.00836223885115688,0.910462498170272,0.333308963168192
5832,1.96325,-0.381618,-0.00773499857258361,0.915346582366721,-0.777752503993719
5831,1.96962,-0.347296,-0.00709984500337751,0.909485669429573,0.111102085145735
5830,1.97538,-0.312869,-0.00647195976595979,0.919253778305019,0.999999999895301
5830,1.98054,-0.278346,-0.00583204351080745,0.909485669430095,-0.11110208535852
5829,1.98509,-0.243739,-0.00519941626816449,0.915346582363408,0.777752503777643
5829,1.98904,-0.209057,-0.00456031010150392,0.910462498171767,-0.333308963386425
5828,1.99239,-0.174311,-0.00392396889508214,0.91241614374965,0.555523964001481
5828,1.99513,-0.139513,-0.00328614070178088,0.912416143752221,-0.555523964238393
5827,1.99726,-0.104672,-0.00264713050473866,0.910462498170182,0.333308963148836
5827,1.99878,-0.069799,-0.00201104407481501,0.915346582367075,-0.777752504016468
5826,1.9997,-0.0349048,-0.0013704254185612,0.909485669429527,0.111102085121839
