origElemNum,globCoord-x,globCoord-y,acouPotentialD1-,locCoord-xi,locCoord-eta
5825,2,-2.20442e-18,0.000194747829231163,0.919253778304535,0.999999999870795
5825,1.9997,0.0349048,0.00017084601705301,0.909485669430051,-0.11110208537854
5824,1.99878,0.069799,0.000147081114370473,0.915346582363134,0.7777525037628
5824,1.99726,0.104672,0.000123286507347069,0.910462498171695,-0.333308963393583
5823,1.99513,0.139513,9.95554290069269e-05,0.912416143749585,0.555523964001403
5823,1.99239,0.174311,7.58561667502258e-05,0.912416143752112,-0.555523964232293
5822,1.98904,0.209057,5.220215253825e-05,0.910462498170195,0.33330896316169
5822,1.98509,0.243739,2.85887145702373e-05,0.915346582366752,-0.777752503996411
5821,1.98054,0.278346,5.0580965647455e-06,0.909485669429537,0.111102085145532
5820,1.97538,0.312869,-1.84770606427918e-05,0.91925377830504,0.999999999897275
5820,1.96962,0.347296,-4.18355696111086e-05,0.909485669429959,-0.111102085350008
5819,1.96325,0.381618,-6.5222224560197e-05,0.915346582363608,0.777752503792493
5819,1.9563,0.415823,-8.84341873945978e-05,0.910462498171543,-0.333308963366333
5818,1.94874,0.449902,-0.000111621059090253,0.912416143749872,0.555523964026318
5818,1.94059,0.483844,-0.000134690317355269,0.912416143751876,-0.555523964209557
5817,1.93185,0.517638,-0.000157625159474998,0.910462498170338,0.333308963182653
5817,1.92252,0.551275,-0.000180554912642882,0.915346582366455,-0.777752503976955
5816,1.91261,0.584743,-0.000203185587268526,0.909485669429567,0.111102085165898
5815,1.90211,0.618034,-0.000225978970614353,0.919253778305533,0.999999999919169
5815,1.89104,0.651136,-0.000248254385706027,0.909485669429933,-0.111102085328256
5814,1.87939,0.68404,-0.000270714827169362,0.915346582363941,0.777752503814277
5814,1.86716,0.716736,-0.000292785130408818,0.910462498171402,-0.333308963343933
5813,1.85437,0.749213,-0.000314862886744409,0.912416143750119,0.555523964050056
5813,1.84101,0.781462,-0.000336732562284055,0.912416143751575,-0.555523964183394
5812,1.82709,0.813473,-0.00035837885103826,0.910462498170486,0.333308963212263
5812,1.81262,0.845237,-0.000380052337419625,0.915346582365915,-0.777752503943209
5811,1.79759,0.876742,-0.000401219492233072,0.909485669429635,0.111102085200681
5810,1.78201,0.907981,-0.000422701250171506,0.919253778306195,0.999999999954235
5810,1.7659,0.938943,-0.00044334275340973,0.909485669429844,-0.111102085292603
5809,1.74924,0.969619,-0.000464320347816159,0.915346582364538,0.777752503850291
5809,1.73205,1,-0.00048470719046163,0.910462498171199,-0.333308963308445
5808,1.71433,1.03008,-0.000505134598445724,0.912416143750526,0.555523964084446
5808,1.6961,1.05984,-0.000525271363425507,0.912416143751246,-0.555523964150953
5807,1.67734,1.08928,-0.000545103128151962,0.910462498170725,0.333308963242434
5807,1.65808,1.11839,-0.000564993902044421,0.915346582365508,-0.777752503915519
5806,1.6383,1.14715,-0.000584185462729923,0.909485669429676,0.11110208522853
5805,1.61803,1.17557,-0.00060383395481756,0.919253778306765,0.999999999982884
5805,1.59727,1.20363,-0.000622341746793879,0.909485669429817,-0.111102085265541
5804,1.57602,1.23132,-0.000641325917161637,0.9153465823649,0.777752503876539
5804,1.55429,1.25864,-0.000659532270185483,0.910462498170939,-0.333308963279996
5803,1.53209,1.28558,-0.000677808804165616,0.912416143750815,0.555523964114853
5803,1.50942,1.31212,-0.000695717025105577,0.91241614375085,-0.555523964118972
5802,1.48629,1.33826,-0.000713243300430897,0.910462498170897,0.333308963276791
5802,1.46271,1.364,-0.000730856065173429,0.915346582364929,-0.77775250387822
5801,1.43868,1.38932,-0.000747590607585895,0.909485669429954,0.111102085257182
5801,1.41421,1.41421,-0.0007649100831246,0.919253778307104,-0.999999999999994
850,1.38932,1.43868,-0.000780812736285377,0.909485669429991,-0.111102085260227
849,1.364,1.46271,-0.000797317170097029,0.915346582364834,0.777752503871359
849,1.33826,1.48629,-0.000812872426710747,0.910462498171096,-0.333308963290402
848,1.31212,1.50942,-0.000828522753987013,0.912416143750729,0.555523964099008
848,1.28558,1.53209,-0.000843733254361911,0.912416143751184,-0.555523964140596
847,1.25864,1.55429,-0.000858492000700692,0.910462498170846,0.333308963247574
847,1.23132,1.57602,-0.000873359920332918,0.915346582365554,-0.777752503916259
846,1.20363,1.59727,-0.000887191225287867,0.90948566942978,0.111102085221654
845,1.17557,1.61803,-0.00090171806089102,0.919253778306528,0.999999999969813
845,1.14715,1.6383,-0.000914587338049323,0.909485669429915,-0.111102085282135
844,1.11839,1.65808,-0.000928166058148718,0.915346582364625,0.777752503855763
844,1.08928,1.67734,-0.000940647596438548,0.910462498171253,-0.333308963307521
843,1.05984,1.6961,-0.000953244729050618,0.912416143750542,0.555523964080906
843,1.03008,1.71433,-0.000965340377693602,0.912416143751377,-0.555523964158847
842,1,1.73205,-0.000976924632918704,0.910462498170698,0.333308963230309
842,0.969619,1.74924,-0.000988635879471031,0.915346582365766,-0.777752503931825
841,0.938943,1.7659,-0.000999178078397067,0.909485669429764,0.111102085205048
840,0.907981,1.78201,-0.00101050569781063,0.919253778306164,0.99999999995148
840,0.876742,1.79759,-0.00101997826167362,0.909485669429979,-0.11110208530158
839,0.845237,1.81262,-0.00103024692024133,0.91534658236432,0.777752503835068
839,0.813473,1.82709,-0.00103929896202257,0.91046249817139,-0.33330896333004
838,0.781462,1.84101,-0.00104848251358725,0.912416143750255,0.555523964056983
838,0.749213,1.85437,-0.00105711541084274,0.912416143751674,-0.555523964183563
837,0.716736,1.86716,-0.00106519018431236,0.910462498170584,0.333308963203304
837,0.68404,1.87939,-0.00107340479697491,0.915346582366261,-0.777752503962098
836,0.651136,1.89104,-0.00108034911968775,0.909485669429719,0.111102085173086
835,0.618034,1.90211,-0.00108814515739023,0.919253778305509,0.999999999918205
835,0.584743,1.91261,-0.00109393869392982,0.909485669430073,-0.111102085335132
834,0.551275,1.92252,-0.00110059078400732,0.915346582363819,0.777752503801204
834,0.517638,1.93185,-0.00110593879179481,0.910462498171637,-0.333308963364254
833,0.483844,1.94059,-0.0011114283716889,0.912416143749877,0.55552396402192
833,0.449902,1.94874,-0.00111633131341839,0.91241614375206,-0.555523964220202
832,0.415823,1.9563,-0.00112064268759502,0.910462498170279,0.333308963168166
832,0.381618,1.96325,-0.00112510044693066,0.915346582366717,-0.777752503993703
831,0.347296,1.96962,-0.00112822018518576,0.909485669429573,0.111102085145737
830,0.312869,1.97538,-0.00113223153911231,0.919253778305012,0.99999999989529
830,0.278346,1.98054,-0.00113414808116857,0.909485669430091,-0.111102085358547
829,0.243739,1.98509,-0.00113695923574997,0.915346582363415,0.77775250377766
829,0.209057,1.98904,-0.00113841475826653,0.910462498171767,-0.333308963386422
828,0.174311,1.99239,-0.00114001615495992,0.912416143749651,0.55552396400147
828,0.139513,1.99513,-0.00114101024820842,0.912416143752224,-0.555523964238419
827,0.104672,1.99726,-0.00114139458674656,0.910462498170184,0.33330896314881
827,0.069799,1.99878,-0.00114192570893532,0.915346582367074,-0.777752504016452
826,0.0349048,1.9997,-0.0011410876223648,0.909485669429527,0.111102085121841
825,1.27747e-16,2,-0.00114115306877491,0.919253778304535,0.999999999870799
825,-0.0349048,1.9997,-0.00113908951381006,0.909485669430051,-0.111102085378537
824,-0.069799,1.99878,-0.00113792832319343,0.915346582363134,0.777752503762801
824,-0.104672,1.99726,-0.00113539657994776,0.910462498171695,-0.333308963393583
823,-0.139513,1.99513,-0.00113300829828723,0.912416143749585,0.555523964001401
823,-0.174311,1.99239,-0.00113000715254561,0.912416143752112,-0.555523964232297
822,-0.209057,1.98904,-0.00112639358406295,0.910462498170195,0.333308963161685
822,-0.243739,1.98509,-0.00112292058683664,0.915346582366744,-0.777752503996403
821,-0.278346,1.98054,-0.00111808539896741,0.909485669429538,0.111102085145537
820,-0.312869,1.97538,-0.00111413689645426,0.919253778305041,0.999999999897278
820,-0.347296,1.96962,-0.00110808598247751,0.90948566942996,-0.111102085350006
819,-0.381618,1.96325,-0.00110291627407347,0.915346582363608,0.777752503792493
819,-0.415823,1.9563,-0.00109639911596336,0.910462498171543,-0.333308963366333
818,-0.449902,1.94874,-0.00109001599089325,0.912416143749872,0.555523964026316
818,-0.483844,1.94059,-0.00108302955502535,0.912416143751875,-0.555523964209561
817,-0.517638,1.93185,-0.001075442617543,0.910462498170336,0.333308963182646
817,-0.551275,1.92252,-0.00106798269461058,0.915346582366457,-0.777752503976948
816,-0.584743,1.91261,-0.00105920394311216,0.909485669429562,0.111102085165907
815,-0.618034,1.90211,-0.00105126579219819,0.919253778305526,0.999999999919175
815,-0.651136,1.89104,-0.00104131034021349,0.909485669429935,-0.111102085328253
814,-0.68404,1.87939,-0.00103218599060344,0.915346582363941,0.777752503814277
814,-0.716736,1.86716,-0.00102177429962891,0.910462498171402,-0.333308963343933
813,-0.749213,1.85437,-0.0010114805995569,0.912416143750117,0.555523964050053
813,-0.781462,1.84101,-0.00100060856666741,0.912416143751584,-0.555523964183396
812,-0.813473,1.82709,-0.000989163692223787,0.910462498170484,0.33330896321226
812,-0.845237,1.81262,-0.000977826044219435,0.91534658236591,-0.7777525039432
811,-0.876742,1.79759,-0.00096525063758239,0.909485669429639,0.111102085200672
810,-0.907981,1.78201,-0.000953441860561171,0.919253778306197,0.999999999954239
810,-0.938943,1.7659,-0.000939759805887053,0.909485669429848,-0.111102085292613
809,-0.969619,1.74924,-0.000926831009743703,0.915346582364533,0.777752503850298
809,-1,1.73205,-0.000912711844671127,0.910462498171205,-0.333308963308436
808,-1.03008,1.71433,-0.000898688881174019,0.912416143750522,0.55552396408444
808,-1.05984,1.6961,-0.000884128308283158,0.912416143751243,-0.555523964150944
807,-1.08928,1.67734,-0.000869038921501134,0.910462498170733,0.33330896324243
807,-1.11839,1.65808,-0.000854031955132137,0.915346582365511,-0.777752503915504
806,-1.14715,1.6383,-0.000837906504305677,0.909485669429678,0.11110208522852
805,-1.17557,1.61803,-0.000822447942367208,0.91925377830677,0.999999999982889
805,-1.20363,1.59727,-0.000805319548112103,0.909485669429819,-0.111102085265551
804,-1.23132,1.57602,-0.000788841292254461,0.915346582364893,0.777752503876544
804,-1.25864,1.55429,-0.000771307574924901,0.910462498170937,-0.333308963279986
803,-1.28558,1.53209,-0.000753844245716109,0.912416143750809,0.555523964114847
803,-1.31212,1.50942,-0.000735900745633633,0.912416143750849,-0.555523964118962
802,-1.33826,1.48629,-0.000717488705130276,0.910462498170897,0.333308963276791
802,-1.364,1.46271,-0.000699130421433024,0.915346582364928,-0.77775250387821
801,-1.38932,1.43868,-0.000679808423175549,0.909485669429954,0.111102085257172
801,-1.41421,1.41421,-0.000661030157263187,0.919253778307104,-0.999999999999994
15850,-1.43868,1.38932,-0.000640839439711242,0.909485669429991,-0.111102085260237
15849,-1.46271,1.364,-0.000621172776815873,0.915346582364828,0.777752503871364
15849,-1.48629,1.33826,-0.000600619767944324,0.910462498171103,-0.333308963290387
15848,-1.50942,1.31212,-0.000580108103041463,0.912416143750729,0.555523964099008
15848,-1.53209,1.28558,-0.000559189312990859,0.912416143751185,-0.555523964140586
15847,-1.55429,1.25864,-0.00053787830760447,0.910462498170851,0.333308963247569
15847,-1.57602,1.23132,-0.000516590050720482,0.915346582365555,-0.777752503916249
15846,-1.59727,1.20363,-0.000494527453725093,0.909485669429784,0.111102085221639
15845,-1.61803,1.17557,-0.000472865675741073,0.919253778306531,0.999999999969823
15845,-1.6383,1.14715,-0.000450100743630467,0.909485669429917,-0.111102085282151
15844,-1.65808,1.11839,-0.000427714574186274,0.915346582364627,0.777752503855772
15844,-1.67734,1.08928,-0.000404644102679686,0.910462498171251,-0.333308963307506
15843,-1.6961,1.05984,-0.000381584111174263,0.912416143750542,0.555523964080906
15843,-1.71433,1.03008,-0.00035820489999671,0.912416143751375,-0.555523964158831
15842,-1.73205,1,-0.000334523738678121,0.910462498170697,0.333308963230296
15842,-1.74924,0.969619,-0.000310832627526609,0.915346582365764,-0.777752503931822
15841,-1.7659,0.938943,-0.000286584841988482,0.909485669429762,0.111102085205035
15840,-1.78201,0.907981,-0.000262578479327368,0.919253778306162,0.999999999951483
15840,-1.79759,0.876742,-0.000237819936322809,0.909485669429984,-0.111102085301589
15839,-1.81262,0.845237,-0.000213279061848677,0.915346582364318,0.777752503835071
15839,-1.82709,0.813473,-0.000188282350383326,0.910462498171391,-0.333308963330024
15838,-1.84101,0.781462,-0.000163264054143278,0.912416143750253,0.555523964056986
15838,-1.85437,0.749213,-0.000138026764681898,0.912416143751674,-0.555523964183544
15837,-1.86716,0.716736,-0.000112589771803575,0.910462498170589,0.333308963203294
15837,-1.87939,0.68404,-8.71095391187701e-05,0.915346582366259,-0.777752503962095
15836,-1.89104,0.651136,-6.1313831367495e-05,0.909485669429715,0.111102085173074
15835,-1.90211,0.618034,-3.55880429378458e-05,0.919253778305508,0.999999999918209
15835,-1.91261,0.584743,-9.49434496161506e-06,0.909485669430068,-0.111102085335144
15834,-1.92252,0.551275,1.65543636881805e-05,0.915346582363818,0.777752503801208
15834,-1.93185,0.517638,4.28100053824245e-05,0.910462498171639,-0.333308963364235
15833,-1.94059,0.483844,6.9119911282677e-05,0.912416143749876,0.555523964021923
15833,-1.94874,0.449902,9.5539292603263e-05,0.912416143752063,-0.555523964220183
15832,-1.9563,0.415823,0.000122047454312767,0.910462498170272,0.333308963168156
15832,-1.96325,0.381618,0.000148632252325792,0.915346582366716,-0.7777525039937
15831,-1.96962,0.347296,0.000175274883980102,0.909485669429575,0.111102085145728
15830,-1.97538,0.312869,0.000202026815034273,0.91925377830502,0.999999999895294
15830,-1.98054,0.278346,0.00022873963247689,0.909485669430092,-0.111102085358556
15829,-1.98509,0.243739,0.000255587104609693,0.915346582363415,0.777752503777664
15829,-1.98904,0.209057,0.000282378744294773,0.910462498171765,-0.333308963386404
15828,-1.99239,0.174311,0.000309257017953468,0.912416143749651,0.555523964001473
15828,-1.99513,0.139513,0.000336128814556442,0.912416143752222,-0.5555239642384
15827,-1.99726,0.104672,0.000362972819509661,0.910462498170184,0.3333089631488
15827,-1.99878,0.069799,0.000389926093089069,0.915346582367074,-0.777752504016448
15826,-1.9997,0.0349048,0.00041667059050175,0.909485669429527,0.111102085121831
15825,-2,2.46315e-16,0.00044370659485799,0.919253778304535,0.999999999870803
15825,-1.9997,-0.0349048,0.00047028628472271,0.909485669430051,-0.111102085378547
15824,-1.99878,-0.069799,0.000497182794522833,0.915346582363134,0.777752503762804
15824,-1.99726,-0.104672,0.000523755774229247,0.910462498171696,-0.333308963393566
15823,-1.99513,-0.139513,0.000550447496900288,0.912416143749586,0.555523964001405
15823,-1.99239,-0.174311,0.000577014925988075,0.912416143752114,-0.555523964232279
15822,-1.98904,-0.209057,0.0006034367619096,0.910462498170195,0.333308963161688
15822,-1.98509,-0.243739,0.000629999654152376,0.915346582366744,-0.7777525039964
15821,-1.98054,-0.278346,0.000656086837069191,0.909485669429545,0.111102085145526
15820,-1.97538,-0.312869,0.000682646044942143,0.919253778305042,0.999999999897283
15820,-1.96962,-0.347296,0.000708334367702163,0.909485669429957,-0.111102085350017
15819,-1.96325,-0.381618,0.000734519406980414,0.915346582363609,0.777752503792499
15819,-1.9563,-0.415823,0.000760116546602271,0.910462498171549,-0.333308963366345
15818,-1.94874,-0.449902,0.000785863804725846,0.912416143749872,0.555523964026319
15818,-1.94059,-0.483844,0.000811370953440524,0.91241614375188,-0.555523964209544
15817,-1.93185,-0.517638,0.000836617430427503,0.910462498170337,0.33330896318265
15817,-1.92252,-0.551275,0.000862035496990706,0.915346582366458,-0.777752503976945
15816,-1.91261,-0.584743,0.000886719127617456,0.909485669429567,0.111102085165898
15815,-1.90211,-0.618034,0.000912048910132638,0.919253778305528,0.999999999919178
15815,-1.89104,-0.651136,0.000936108973530883,0.90948566942994,-0.111102085328262
15814,-1.87939,-0.68404,0.000960838738375594,0.915346582363942,0.77775250381428
15814,-1.86716,-0.716736,0.0009847282155631,0.910462498171397,-0.333308963343943
15813,-1.85437,-0.749213,0.00100879825165359,0.912416143750119,0.555523964050056
15813,-1.84101,-0.781462,0.00103251857029559,0.912416143751582,-0.555523964183381
15812,-1.82709,-0.813473,0.00105587003689737,0.910462498170486,0.333308963212263
15812,-1.81262,-0.845237,0.00107942218782428,0.915346582365912,-0.777752503943197
15811,-1.79759,-0.876742,0.00110199769103695,0.909485669429641,0.111102085200675
15810,-1.78201,-0.907981,0.00112538256240911,0.919253778306197,0.999999999954239
15810,-1.7659,-0.938943,0.00114712655145259,0.90948566942985,-0.11110208529261
15809,-1.74924,-0.969619,0.00116970162876563,0.915346582364535,0.777752503850301
15809,-1.73205,-1,0.00119120328962,0.9104624981712,-0.333308963308458
15808,-1.71433,-1.03008,0.00121291427760503,0.912416143750526,0.555523964084446
15808,-1.6961,-1.05984,0.00123417531063779,0.912416143751243,-0.555523964150944
15807,-1.67734,-1.08928,0.00125496939230176,0.910462498170725,0.333308963242434
15807,-1.65808,-1.11839,0.00127599116087468,0.915346582365503,-0.7777525039155
15806,-1.6383,-1.14715,0.00129581768291581,0.90948566942967,0.111102085228524
15805,-1.61803,-1.17557,0.00131660152323519,0.919253778306763,0.999999999982893
15805,-1.59727,-1.20363,0.00133541228793879,0.909485669429812,-0.111102085265547
15804,-1.57602,-1.23132,0.00135519990562236,0.915346582364898,0.777752503876549
15804,-1.55429,-1.25864,0.00137370818774531,0.910462498170935,-0.333308963280012
15803,-1.53209,-1.28558,0.00139245313673922,0.912416143750815,0.555523964114853
15803,-1.50942,-1.31212,0.00141066154507614,0.912416143750855,-0.555523964118957
15802,-1.48629,-1.33826,0.00142831937333317,0.910462498170897,0.333308963276791
15802,-1.46271,-1.364,0.0014462302217596,0.915346582364928,-0.77775250387821
15801,-1.43868,-1.38932,0.00146275908678212,0.909485669429954,0.111102085257172
15801,-1.41421,-1.41421,0.00148037457049175,0.919253778307098,-0.999999999999989
10084,-1.38932,-1.43868,0.00149573536050719,-0.909485669429983,0.111102085260242
10184,-1.364,-1.46271,0.00151219975429016,-0.915346582364814,-0.777752503871363
10184,-1.33826,-1.48629,0.00152721355277991,-0.910462498171062,0.333308963290425
10284,-1.31212,-1.50942,0.00154249021773823,-0.912416143750702,-0.555523964098991
10284,-1.28558,-1.53209,0.00155716120636616,-0.912416143751175,0.55552396414059
10384,-1.25864,-1.55429,0.00157121618962837,-0.910462498170858,-0.333308963247603
10384,-1.23132,-1.57602,0.0015855482315179,-0.915346582365569,0.777752503916277
10484,-1.20363,-1.59727,0.00159835011020529,-0.909485669429755,-0.111102085221656
10584,-1.17557,-1.61803,0.00161234639070336,-0.919253778306467,-0.999999999969833
10584,-1.14715,-1.6383,0.00162386558986043,-0.909485669429891,0.111102085282108
10684,-1.11839,-1.65808,0.0016365928136042,-0.915346582364624,-0.777752503855743
10684,-1.08928,-1.67734,0.00164773687594146,-0.910462498171255,0.333308963307532
10784,-1.05984,-1.6961,0.00165916709205946,-0.912416143750544,-0.555523964080908
10784,-1.03008,-1.71433,0.00166994001252884,-0.912416143751393,0.555523964158839
10884,-1,-1.73205,0.00168004846291514,-0.910462498170715,-0.333308963230315
10884,-0.969619,-1.74924,0.00169045421472602,-0.915346582365772,0.777752503931858
10984,-0.938943,-1.7659,0.00169921954801632,-0.909485669429763,-0.111102085205032
11084,-0.907981,-1.78201,0.00170926182917915,-0.919253778306154,-0.99999999995149
11084,-0.876742,-1.79759,0.00171666561314731,-0.909485669429981,0.111102085301552
11184,-0.845237,-1.81262,0.0017253568880163,-0.915346582364332,-0.777752503835052
11184,-0.813473,-1.82709,0.0017323742182389,-0.910462498171421,0.333308963330044
11284,-0.781462,-1.84101,0.00173969905680204,-0.912416143750289,-0.555523964056998
11284,-0.749213,-1.85437,0.00174633611887859,-0.912416143751684,0.555523964183542
11384,-0.716736,-1.86716,0.00175228277650071,-0.910462498170579,-0.333308963203316
11384,-0.68404,-1.87939,0.00175854556738779,-0.915346582366256,0.777752503962127
11484,-0.651136,-1.89104,0.00176310510545831,-0.9094856694297,-0.111102085173069
11584,-0.618034,-1.90211,0.00176899853721887,-0.919253778305473,-0.9999999999182
11584,-0.584743,-1.91261,0.00177216381722931,-0.909485669430035,0.111102085335111
11684,-0.551275,-1.92252,0.00177666984443419,-0.915346582363772,-0.777752503801188
11684,-0.517638,-1.93185,0.00177945774103247,-0.910462498171642,0.333308963364261
11784,-0.483844,-1.94059,0.00178257165785845,-0.912416143749915,-0.555523964021929
11784,-0.449902,-1.94874,0.00178498852088032,-0.912416143752077,0.555523964220183
11884,-0.415823,-1.9563,0.00178670904626879,-0.910462498170266,-0.33330896316818
11884,-0.381618,-1.96325,0.00178876068194966,-0.915346582366712,0.777752503993725
11984,-0.347296,-1.96962,0.00178908903864279,-0.909485669429565,-0.111102085145729
12084,-0.312869,-1.97538,0.00179078004241171,-0.919253778305011,-0.999999999895287
12084,-0.278346,-1.98054,0.0017897194215269,-0.909485669430107,0.111102085358526
12184,-0.243739,-1.98509,0.00179002433184141,-0.915346582363447,-0.777752503777644
12184,-0.209057,-1.98904,0.00178860930079733,-0.910462498171781,0.333308963386432
12284,-0.174311,-1.99239,0.00178753357451967,-0.912416143749663,-0.555523964001473
12284,-0.139513,-1.99513,0.00178576978955929,-0.912416143752267,0.555523964238395
12384,-0.104672,-1.99726,0.00178332142092449,-0.910462498170238,-0.333308963148834
12384,-0.069799,-1.99878,0.00178121347590295,-0.915346582367131,0.777752504016471
12484,-0.0349048,-1.9997,0.0017774026219451,-0.909485669429557,-0.111102085121833
12584,-4.35203e-16,-2,0.00177495404282368,-0.919253778304537,-0.999999999870803
12584,0.0349048,-1.9997,0.00176979344626984,-0.909485669430058,0.111102085378513
12684,0.069799,-1.99878,0.00176599399902083,-0.915346582363139,-0.777752503762792
12684,0.104672,-1.99726,0.00176051270328577,-0.9104624981717,0.333308963393593
12784,0.139513,-1.99513,0.0017553781359424,-0.912416143749591,-0.555523964001403
12784,0.174311,-1.99239,0.00174958171391259,-0.912416143752134,0.555523964232273
12884,0.209057,-1.98904,0.00174313029264681,-0.91046249817019,-0.333308963161724
12884,0.243739,-1.98509,0.00173702325475531,-0.915346582366752,0.777752503996427
12984,0.278346,-1.98054,0.00172927528991561,-0.909485669429543,-0.111102085145531
13084,0.312869,-1.97538,0.0017228611045456,-0.919253778305079,-0.999999999897294
13084,0.347296,-1.96962,0.00171383924685258,-0.909485669429971,0.111102085349981
13184,0.381618,-1.96325,0.00170614614037524,-0.915346582363621,-0.777752503792476
13184,0.415823,-1.9563,0.00169685008628693,-0.910462498171561,0.33330896336634
13284,0.449902,-1.94874,0.00168790279574029,-0.912416143749886,-0.555523964026324
13284,0.483844,-1.94059,0.00167833698598311,-0.912416143751904,0.555523964209538
13384,0.517638,-1.93185,0.00166816209367158,-0.910462498170363,-0.333308963182687
13384,0.551275,-1.92252,0.00165832990975053,-0.915346582366464,0.777752503976962
13484,0.584743,-1.91261,0.00164695621514313,-0.909485669429569,-0.111102085165906
13584,0.618034,-1.90211,0.00163686052306304,-0.919253778305519,-0.999999999919186
13584,0.651136,-1.89104,0.00162431961596815,-0.909485669429928,0.111102085328226
13684,0.68404,-1.87939,0.00161304803714487,-0.915346582363942,-0.777752503814258
13684,0.716736,-1.86716,0.00160028864316269,-0.910462498171394,0.333308963343945
13784,0.749213,-1.85437,0.00158787432008145,-0.912416143750121,-0.555523964050058
13784,0.781462,-1.84101,0.00157489985140613,-0.91241614375158,0.555523964183364
13884,0.813473,-1.82709,0.00156137693750531,-0.91046249817049,-0.333308963212306
13884,0.845237,-1.81262,0.00154818957233523,-0.915346582365913,0.777752503943214
13984,0.876742,-1.79759,0.00153359387190914,-0.909485669429626,-0.1111020852007
14084,0.907981,-1.78201,0.00152019520600988,-0.919253778306215,-0.999999999954254
14084,0.938943,-1.7659,0.00150456462269271,-0.909485669429858,0.111102085292581
14184,0.969619,-1.74924,0.0014901185632831,-0.915346582364524,-0.777752503850263
14184,1,-1.73205,0.00147432957885964,-0.910462498171194,0.333308963308465
14284,1.03008,-1.71433,0.00145887485490817,-0.91241614375052,-0.55552396408445
14284,1.05984,-1.6961,0.00144292897404728,-0.912416143751235,0.55552396415093
14384,1.08928,-1.67734,0.00142650529061211,-0.910462498170724,-0.333308963242461
14384,1.11839,-1.65808,0.0014104030828302,-0.915346582365498,0.777752503915531
14484,1.14715,-1.6383,0.00139305158841837,-0.909485669429676,-0.111102085228531
14584,1.17557,-1.61803,0.00137679303173824,-0.919253778306762,-0.999999999982903
14584,1.20363,-1.59727,0.00135855633351003,-0.909485669429825,0.1111020852655
14684,1.23132,-1.57602,0.0013413965659914,-0.91534658236492,-0.777752503876537
14684,1.25864,-1.55429,0.00132306214566236,-0.910462498170955,0.333308963280004
14784,1.28558,-1.53209,0.00130504383716913,-0.912416143750819,-0.555523964114867
14784,1.31212,-1.50942,0.0012866107583354,-0.912416143750872,0.555523964118932
14884,1.33826,-1.48629,0.00126777691663846,-0.910462498170903,-0.333308963276861
14884,1.364,-1.46271,0.00124924318835377,-0.915346582364901,0.777752503878194
14984,1.38932,-1.43868,0.00122963746944514,-0.909485669429939,-0.111102085257194
14984,1.41421,-1.41421,0.00121100025295827,-0.919253778307102,0.999999999999985
5850,1.43868,-1.38932,0.00119066690047685,0.909485669429985,-0.111102085260202
5849,1.46271,-1.364,0.0011712825852253,0.915346582364833,0.777752503871339
5849,1.48629,-1.33826,0.00115090599549684,0.910462498171102,-0.333308963290407
5848,1.50942,-1.31212,0.001130818581864,0.91241614375073,0.555523964099018
5848,1.53209,-1.28558,0.00111039474737348,0.912416143751186,-0.555523964140576
5847,1.55429,-1.25864,0.00108964844303138,0.91046249817085,0.333308963247604
5847,1.57602,-1.23132,0.00106917238293513,0.91534658236556,-0.777752503916265
5846,1.59727,-1.20363,0.00104781141027451,0.909485669429786,0.111102085221649
5845,1.61803,-1.17557,0.00102727704467422,0.919253778306525,0.999999999969829
5845,1.6383,-1.14715,0.00100534519195066,0.909485669429914,-0.11110208528211
5844,1.65808,-1.11839,0.000984217232322144,0.915346582364627,0.777752503855747
5844,1.67734,-1.08928,0.000962285664220637,0.910462498171258,-0.333308963307527
5843,1.6961,-1.05984,0.000940606815169108,0.912416143750537,0.555523964080912
5843,1.71433,-1.03008,0.00091866742038934,0.912416143751378,-0.555523964158821
5842,1.73205,-1,0.000896480403396609,0.910462498170701,0.333308963230334
5842,1.74924,-0.969619,0.000874524348574807,0.915346582365767,-0.777752503931841
5841,1.7659,-0.938943,0.000851871867631403,0.909485669429766,0.111102085205045
5840,1.78201,-0.907981,0.000829889520444681,0.919253778306158,0.99999999995149
5840,1.79759,-0.876742,0.000806814033639539,0.909485669429983,-0.111102085301555
5839,1.81262,-0.845237,0.000784383569265031,0.915346582364319,0.777752503835052
5839,1.82709,-0.813473,0.000761338837600041,0.910462498171384,-0.333308963330046
5838,1.84101,-0.781462,0.000738502477004837,0.912416143750258,0.555523964056995
5838,1.85437,-0.749213,0.000715478176217242,0.91241614375167,-0.555523964183538
5837,1.86716,-0.716736,0.000692278819372006,0.91046249817059,0.333308963203332
5837,1.87939,-0.68404,0.000669264633706709,0.915346582366259,-0.777752503962114
5836,1.89104,-0.651136,0.000645745887029459,0.909485669429712,0.11110208517308
5835,1.90211,-0.618034,0.000622731463121457,0.919253778305505,0.999999999918216
5835,1.91261,-0.584743,0.000598937516871464,0.909485669430072,-0.111102085335106
5834,1.92252,-0.551275,0.000575622183165208,0.915346582363824,0.777752503801191
5834,1.93185,-0.517638,0.000551888405215137,0.910462498171638,-0.333308963364257
5833,1.94059,-0.483844,0.000528317404060962,0.912416143749874,0.555523964021932
5833,1.94874,-0.449902,0.000504634604160327,0.91241614375206,-0.555523964220175
5832,1.9563,-0.415823,0.000480854091111413,0.910462498170272,0.333308963168192
5832,1.96325,-0.381618,0.000457213290924346,0.915346582366721,-0.777752503993719
5831,1.96962,-0.347296,0.000433269715015181,0.909485669429573,0.111102085145735
5830,1.97538,-0.312869,0.000409661790290685,0.919253778305019,0.999999999895301
5830,1.98054,-0.278346,0.000385601144093678,0.909485669430095,-0.11110208535852
5829,1.98509,-0.243739,0.000361850190075246,0.915346582363408,0.777752503777643
5829,1.98904,-0.209057,0.000337883692313404,0.910462498171767,-0.333308963386425
5828,1.99239,-0.174311,0.000314033980271945,0.91241614374965,0.555523964001481
5828,1.99513,-0.139513,0.000290150142918477,0.912416143752221,-0.555523964238393
5827,1.99726,-0.104672,0.00026624383832123,0.910462498170182,0.333308963148836
5827,1.99878,-0.069799,0.000242429710938279,0.915346582367075,-0.777752504016468
5826,1.9997,-0.0349048,0.000218506541976574,0.909485669429527,0.111102085121839
