origElemNum,globCoord-x,globCoord-y,acouPotentialD1-,locCoord-xi,locCoord-eta
5825,2,-2.20442e-18,0.000515362080651224,0.919253778304535,0.999999999870795
5825,1.9997,0.0349048,0.000158257754980657,0.909485669430051,-0.11110208537854
5824,1.99878,0.069799,-0.000200341307531636,0.915346582363134,0.7777525037628
5824,1.99726,0.104672,-0.000558269747794849,0.910462498171695,-0.333308963393583
5823,1.99513,0.139513,-0.000917129251237942,0.912416143749585,0.555523964001403
5823,1.99239,0.174311,-0.00127586731966367,0.912416143752112,-0.555523964232293
5822,1.98904,0.209057,-0.00163426068597674,0.910462498170195,0.33330896316169
5822,1.98509,0.243739,-0.00199379441611799,0.915346582366752,-0.777752503996411
5821,1.98054,0.278346,-0.0023510036363718,0.909485669429537,0.111102085145532
5820,1.97538,0.312869,-0.00271131959513702,0.91925377830504,0.999999999897275
5820,1.96962,0.347296,-0.00306664136604561,0.909485669429959,-0.111102085350008
5819,1.96325,0.381618,-0.00342533029873735,0.915346582363608,0.777752503792493
5819,1.9563,0.415823,-0.00378048645686572,0.910462498171543,-0.333308963366333
5818,1.94874,0.449902,-0.00413687830635083,0.912416143749872,0.555523964026318
5818,1.94059,0.483844,-0.00449189345759618,0.912416143751876,-0.555523964209557
5817,1.93185,0.517638,-0.00484535098146084,0.910462498170338,0.333308963182653
5817,1.92252,0.551275,-0.00520026004885309,0.915346582366455,-0.777752503976955
5816,1.91261,0.584743,-0.00555017277433385,0.909485669429567,0.111102085165898
5815,1.90211,0.618034,-0.00590501373037438,0.919253778305533,0.999999999919169
5815,1.89104,0.651136,-0.00625078362122161,0.909485669429933,-0.111102085328256
5814,1.87939,0.68404,-0.00660173848711046,0.915346582363941,0.777752503814277
5814,1.86716,0.716736,-0.00694661106494237,0.910462498171402,-0.333308963343933
5813,1.85437,0.749213,-0.00729306440250042,0.912416143750119,0.555523964050056
5813,1.84101,0.781462,-0.00763704630280721,0.912416143751575,-0.555523964183394
5812,1.82709,0.813473,-0.00797836163796087,0.910462498170486,0.333308963212263
5812,1.81262,0.845237,-0.00832143338769383,0.915346582365915,-0.777752503943209
5811,1.79759,0.876742,-0.00865695431574627,0.909485669429635,0.111102085200681
5810,1.78201,0.907981,-0.00899907303378939,0.919253778306195,0.999999999954235
5810,1.7659,0.938943,-0.0093281305663177,0.909485669429844,-0.111102085292603
5809,1.74924,0.969619,-0.00966398705524773,0.915346582364538,0.777752503850291
5809,1.73205,1,-0.00999115567941418,0.910462498171199,-0.333308963308445
5808,1.71433,1.03008,-0.0103200716532803,0.912416143750526,0.555523964084446
5808,1.6961,1.05984,-0.0106452858831777,0.912416143751246,-0.555523964150953
5807,1.67734,1.08928,-0.0109665927172847,0.910462498170725,0.333308963242434
5807,1.65808,1.11839,-0.01128978224768,0.915346582365508,-0.777752503915519
5806,1.6383,1.14715,-0.0116028293168339,0.909485669429676,0.11110208522853
5805,1.61803,1.17557,-0.0119239222267062,0.919253778306765,0.999999999982884
5805,1.59727,1.20363,-0.0122280817106735,0.909485669429817,-0.111102085265541
5804,1.57602,1.23132,-0.0125404641453137,0.9153465823649,0.777752503876539
5804,1.55429,1.25864,-0.0128416728910773,0.910462498170939,-0.333308963279996
5803,1.53209,1.28558,-0.0131447406641046,0.912416143750815,0.555523964114853
5803,1.50942,1.31212,-0.0134429469773237,0.91241614375085,-0.555523964118972
5802,1.48629,1.33826,-0.013736118459462,0.910462498170897,0.333308963276791
5802,1.46271,1.364,-0.0140312680269394,0.915346582364929,-0.77775250387822
5801,1.43868,1.38932,-0.0143139836663984,0.909485669429954,0.111102085257182
5801,1.41421,1.41421,-0.0146060182949439,0.919253778307104,-0.999999999999994
850,1.38932,1.43868,-0.0148777387186089,0.909485669429991,-0.111102085260227
849,1.364,1.46271,-0.0151589307524451,0.915346582364834,0.777752503871359
849,1.33826,1.48629,-0.0154267978495307,0.910462498171096,-0.333308963290402
848,1.31212,1.50942,-0.0156966219896607,0.912416143750729,0.555523964099008
848,1.28558,1.53209,-0.0159605835559476,0.912416143751184,-0.555523964140596
847,1.25864,1.55429,-0.0162185298894458,0.910462498170846,0.333308963247574
847,1.23132,1.57602,-0.0164785242955016,0.915346582365554,-0.777752503916259
846,1.20363,1.59727,-0.016724096908228,0.90948566942978,0.111102085221654
845,1.17557,1.61803,-0.0169800516057258,0.919253778306528,0.999999999969813
845,1.14715,1.6383,-0.017212766794474,0.909485669429915,-0.111102085282135
844,1.11839,1.65808,-0.0174559774265914,0.915346582364625,0.777752503855763
844,1.08928,1.67734,-0.0176839833986503,0.910462498171253,-0.333308963307521
843,1.05984,1.6961,-0.0179139735213244,0.912416143750542,0.555523964080906
843,1.03008,1.71433,-0.018137193593881,0.912416143751377,-0.555523964158847
842,1,1.73205,-0.0183535027371979,0.910462498170698,0.333308963230309
842,0.969619,1.74924,-0.0185718505973044,0.915346582365766,-0.777752503931825
841,0.938943,1.7659,-0.0187740350660592,0.909485669429764,0.111102085205048
840,0.907981,1.78201,-0.0189874140150567,0.919253778306164,0.99999999995148
840,0.876742,1.79759,-0.0191750467116212,0.909485669429979,-0.11110208530158
839,0.845237,1.81262,-0.0193739459211393,0.91534658236432,0.777752503835068
839,0.813473,1.82709,-0.0195560214641334,0.91046249817139,-0.33330896333004
838,0.781462,1.84101,-0.019740028806064,0.912416143750255,0.555523964056983
838,0.749213,1.85437,-0.0199164557808697,0.912416143751674,-0.555523964183563
837,0.716736,1.86716,-0.0200851825187271,0.910462498170584,0.333308963203304
837,0.68404,1.87939,-0.0202558627440401,0.915346582366261,-0.777752503962098
836,0.651136,1.89104,-0.020408943750049,0.909485669429719,0.111102085173086
835,0.618034,1.90211,-0.0205737709520379,0.919253778305509,0.999999999918205
835,0.584743,1.91261,-0.0207108643961095,0.909485669430073,-0.111102085335132
834,0.551275,1.92252,-0.0208597384427732,0.915346582363819,0.777752503801204
834,0.517638,1.93185,-0.0209905144780695,0.910462498171637,-0.333308963364254
833,0.483844,1.94059,-0.0211231185568825,0.912416143749877,0.55552396402192
833,0.449902,1.94874,-0.0212474881318776,0.91241614375206,-0.555523964220202
832,0.415823,1.9563,-0.0213635361668199,0.910462498170279,0.333308963168166
832,0.381618,1.96325,-0.0214814057480519,0.915346582366717,-0.777752503993703
831,0.347296,1.96962,-0.0215806414945395,0.909485669429573,0.111102085145737
830,0.312869,1.97538,-0.0216919116244362,0.919253778305012,0.99999999989529
830,0.278346,1.98054,-0.0217741081304213,0.909485669430091,-0.111102085358547
829,0.243739,1.98509,-0.0218683390019903,0.915346582363415,0.77775250377766
829,0.209057,1.98904,-0.0219436348671719,0.910462498171767,-0.333308963386422
828,0.174311,1.99239,-0.0220206294819928,0.912416143749651,0.55552396400147
828,0.139513,1.99513,-0.0220889476275569,0.912416143752224,-0.555523964238419
827,0.104672,1.99726,-0.0221485404830922,0.910462498170184,0.33330896314881
827,0.069799,1.99878,-0.0222097982066663,0.915346582367074,-0.777752504016452
826,0.0349048,1.9997,-0.0222518544085325,0.909485669429527,0.111102085121841
825,1.27747e-16,2,-0.0223059630008618,0.919253778304535,0.999999999870799
825,-0.0349048,1.9997,-0.0223303791830415,0.909485669430051,-0.111102085378537
824,-0.069799,1.99878,-0.0223668121150932,0.915346582363134,0.777752503762801
824,-0.104672,1.99726,-0.0223839506999723,0.910462498171695,-0.333308963393583
823,-0.139513,1.99513,-0.0224026362820506,0.912416143749585,0.555523964001401
823,-0.174311,1.99239,-0.0224124327029765,0.912416143752112,-0.555523964232297
822,-0.209057,1.98904,-0.022413330578675,0.910462498170195,0.333308963161685
822,-0.243739,1.98509,-0.0224157138877187,0.915346582366744,-0.777752503996403
821,-0.278346,1.98054,-0.0223988138077006,0.909485669429538,0.111102085145537
820,-0.312869,1.97538,-0.02239370677825,0.919253778305041,0.999999999897278
820,-0.347296,1.96962,-0.0223590293660372,0.90948566942996,-0.111102085350006
819,-0.381618,1.96325,-0.0223360726012881,0.915346582363608,0.777752503792493
819,-0.415823,1.9563,-0.022293946459633,0.910462498171543,-0.333308963366333
818,-0.449902,1.94874,-0.0222531894758916,0.912416143749872,0.555523964026316
818,-0.483844,1.94059,-0.0222035580646787,0.912416143751875,-0.555523964209561
817,-0.517638,1.93185,-0.0221450791305952,0.910462498170336,0.333308963182646
817,-0.551275,1.92252,-0.022087879253064,0.915346582366457,-0.777752503976948
816,-0.584743,1.91261,-0.0220117867128197,0.909485669429562,0.111102085165907
815,-0.618034,1.90211,-0.0219469505903131,0.919253778305526,0.999999999919175
815,-0.651136,1.89104,-0.0218533852177032,0.909485669429935,-0.111102085328253
814,-0.68404,1.87939,-0.0217709684671438,0.915346582363941,0.777752503814277
814,-0.716736,1.86716,-0.0216699754099553,0.910462498171402,-0.333308963343933
813,-0.749213,1.85437,-0.0215701477957948,0.912416143750117,0.555523964050053
813,-0.781462,1.84101,-0.0214616816446931,0.912416143751584,-0.555523964183396
812,-0.813473,1.82709,-0.0213446412304831,0.910462498170484,0.33330896321226
812,-0.845237,1.81262,-0.0212286516271522,0.91534658236591,-0.7777525039432
811,-0.876742,1.79759,-0.0210946271627332,0.909485669429639,0.111102085200672
810,-0.907981,1.78201,-0.0209710612943633,0.919253778306197,0.999999999954239
810,-0.938943,1.7659,-0.0208203133042276,0.909485669429848,-0.111102085292613
809,-0.969619,1.74924,-0.020679884502306,0.915346582364533,0.777752503850298
809,-1,1.73205,-0.0205219334909655,0.910462498171205,-0.333308963308436
808,-1.03008,1.71433,-0.0203649290628909,0.912416143750522,0.55552396408444
808,-1.05984,1.6961,-0.0201997438303193,0.912416143751243,-0.555523964150944
807,-1.08928,1.67734,-0.0200264783607656,0.910462498170733,0.33330896324243
807,-1.11839,1.65808,-0.0198540244175408,0.915346582365511,-0.777752503915504
806,-1.14715,1.6383,-0.0196648421888274,0.909485669429678,0.11110208522852
805,-1.17557,1.61803,-0.0194850838870659,0.91925377830677,0.999999999982889
805,-1.20363,1.59727,-0.0192803596378407,0.909485669429819,-0.111102085265551
804,-1.23132,1.57602,-0.0190848930725255,0.915346582364893,0.777752503876544
804,-1.25864,1.55429,-0.0188733971600968,0.910462498170937,-0.333308963279986
803,-1.28558,1.53209,-0.0186626249247644,0.912416143750809,0.555523964114847
803,-1.31212,1.50942,-0.0184443461599711,0.912416143750849,-0.555523964118962
802,-1.33826,1.48629,-0.0182186981431396,0.910462498170897,0.333308963276791
802,-1.364,1.46271,-0.0179936242105283,0.915346582364928,-0.77775250387821
801,-1.38932,1.43868,-0.0177535586809009,0.909485669429954,0.111102085257172
801,-1.41421,1.41421,-0.0175216772754941,0.919253778307104,-0.999999999999994
15850,-1.43868,1.38932,-0.0172676806005498,0.909485669429991,-0.111102085260237
15849,-1.46271,1.364,-0.0170216811216641,0.915346582364828,0.777752503871364
15849,-1.48629,1.33826,-0.0167615650860265,0.910462498171103,-0.333308963290387
15848,-1.50942,1.31212,-0.0165019616182176,0.912416143750729,0.555523964099008
15848,-1.53209,1.28558,-0.0162357399329201,0.912416143751185,-0.555523964140586
15847,-1.55429,1.25864,-0.0159630729521516,0.910462498170851,0.333308963247569
15847,-1.57602,1.23132,-0.0156907598476366,0.915346582365555,-0.777752503916249
15846,-1.59727,1.20363,-0.0154055954792052,0.909485669429784,0.111102085221639
15845,-1.61803,1.17557,-0.015127205832804,0.919253778306531,0.999999999969823
15845,-1.6383,1.14715,-0.0148301341633196,0.909485669429917,-0.111102085282151
15844,-1.65808,1.11839,-0.0145396350030793,0.915346582364627,0.777752503855772
15844,-1.67734,1.08928,-0.0142373173589211,0.910462498171251,-0.333308963307506
15843,-1.6961,1.05984,-0.0139353229586002,0.912416143750542,0.555523964080906
15843,-1.71433,1.03008,-0.0136277977006803,0.912416143751375,-0.555523964158831
15842,-1.73205,1,-0.013314945758243,0.910462498170697,0.333308963230296
15842,-1.74924,0.969619,-0.0130022529528431,0.915346582365764,-0.777752503931822
15841,-1.7659,0.938943,-0.0126792035005659,0.909485669429762,0.111102085205035
15840,-1.78201,0.907981,-0.0123613848223807,0.919253778306162,0.999999999951483
15840,-1.79759,0.876742,-0.0120288184213534,0.909485669429984,-0.111102085301589
15839,-1.81262,0.845237,-0.0117012706115924,0.915346582364318,0.777752503835071
15839,-1.82709,0.813473,-0.0113645336354092,0.910462498171391,-0.333308963330024
15838,-1.84101,0.781462,-0.0110279579754234,0.912416143750253,0.555523964056986
15838,-1.85437,0.749213,-0.010687113145039,0.912416143751674,-0.555523964183544
15837,-1.86716,0.716736,-0.0103422297040987,0.910462498170589,0.333308963203294
15837,-1.87939,0.68404,-0.00999734167823094,0.915346582366259,-0.777752503962095
15836,-1.89104,0.651136,-0.00964488778202694,0.909485669429715,0.111102085173074
15835,-1.90211,0.618034,-0.00929602301298059,0.919253778305508,0.999999999918209
15835,-1.91261,0.584743,-0.00893675135010254,0.909485669430068,-0.111102085335144
15834,-1.92252,0.551275,-0.00858085079732221,0.915346582363818,0.777752503801208
15834,-1.93185,0.517638,-0.00821865536528577,0.910462498171639,-0.333308963364235
15833,-1.94059,0.483844,-0.00785648681897765,0.912416143749876,0.555523964021923
15833,-1.94874,0.449902,-0.00749144976516444,0.912416143752063,-0.555523964220183
15832,-1.9563,0.415823,-0.00712379347516875,0.910462498170272,0.333308963168156
15832,-1.96325,0.381618,-0.00675599834004459,0.915346582366716,-0.7777525039937
15831,-1.96962,0.347296,-0.00638364542820876,0.909485669429575,0.111102085145728
15830,-1.97538,0.312869,-0.00601317728638902,0.91925377830502,0.999999999895294
15830,-1.98054,0.278346,-0.00563692818760487,0.909485669430092,-0.111102085358556
15829,-1.98509,0.243739,-0.00526234317695522,0.915346582363415,0.777752503777664
15829,-1.98904,0.209057,-0.00488453687543205,0.910462498171765,-0.333308963386404
15828,-1.99239,0.174311,-0.00450664404861259,0.912416143749651,0.555523964001473
15828,-1.99513,0.139513,-0.00412737511907746,0.912416143752222,-0.5555239642384
15827,-1.99726,0.104672,-0.00374698972611911,0.910462498170184,0.3333089631488
15827,-1.99878,0.069799,-0.00336635398440473,0.915346582367074,-0.777752504016448
15826,-1.9997,0.0349048,-0.0029842958750783,0.909485669429527,0.111102085121831
15825,-2,2.46315e-16,-0.0026023904512836,0.919253778304535,0.999999999870803
15825,-1.9997,-0.0349048,-0.00221948195760458,0.909485669430051,-0.111102085378547
15824,-1.99878,-0.069799,-0.00183650588289301,0.915346582363134,0.777752503762804
15824,-1.99726,-0.104672,-0.00145346890586994,0.910462498171696,-0.333308963393566
15823,-1.99513,-0.139513,-0.00107024494172033,0.912416143749586,0.555523964001405
15823,-1.99239,-0.174311,-0.000687177865044041,0.912416143752114,-0.555523964232279
15822,-1.98904,-0.209057,-0.000304527888308442,0.910462498170195,0.333308963161688
15822,-1.98509,-0.243739,7.84700468520499e-05,0.915346582366744,-0.7777525039964
15821,-1.98054,-0.278346,0.000459726256716513,0.909485669429545,0.111102085145526
15820,-1.97538,-0.312869,0.000842554864678686,0.919253778305042,0.999999999897283
15820,-1.96962,-0.347296,0.00122160168857301,0.909485669429957,-0.111102085350017
15819,-1.96325,-0.381618,0.00160243778753577,0.915346582363609,0.777752503792499
15819,-1.9563,-0.415823,0.0019801877006368,0.910462498171549,-0.333308963366345
15818,-1.94874,-0.449902,0.00235822158908507,0.912416143749872,0.555523964026319
15818,-1.94059,-0.483844,0.00273457911576209,0.91241614375188,-0.555523964209544
15817,-1.93185,-0.517638,0.00310900812903027,0.910462498170337,0.33330896318265
15817,-1.92252,-0.551275,0.00348387747639206,0.915346582366458,-0.777752503976945
15816,-1.91261,-0.584743,0.00385390884446073,0.909485669429567,0.111102085165898
15815,-1.90211,-0.618034,0.00422719486686743,0.919253778305528,0.999999999919178
15815,-1.89104,-0.651136,0.00459204853909424,0.90948566942994,-0.111102085328262
15814,-1.87939,-0.68404,0.0049603678150351,0.915346582363942,0.77775250381428
15814,-1.86716,-0.716736,0.00532256528015095,0.910462498171397,-0.333308963343943
15813,-1.85437,-0.749213,0.00568515013333299,0.912416143750119,0.555523964050056
15813,-1.84101,-0.781462,0.00604460737489592,0.912416143751582,-0.555523964183381
15812,-1.82709,-0.813473,0.00640070180692869,0.910462498170486,0.333308963212263
15812,-1.81262,-0.845237,0.00675733382488306,0.915346582365912,-0.777752503943197
15811,-1.79759,-0.876742,0.00710619701766509,0.909485669429641,0.111102085200675
15810,-1.78201,-0.907981,0.00745991937899299,0.919253778306197,0.999999999954239
15810,-1.7659,-0.938943,0.00780082868840353,0.90948566942985,-0.11110208529261
15809,-1.74924,-0.969619,0.00814679754254764,0.915346582364535,0.777752503850301
15809,-1.73205,-1,0.00848380781189975,0.9104624981712,-0.333308963308458
15808,-1.71433,-1.03008,0.00882131825592975,0.912416143750526,0.555523964084446
15808,-1.6961,-1.05984,0.00915436132831157,0.912416143751243,-0.555523964150944
15807,-1.67734,-1.08928,0.0094827266154102,0.910462498170725,0.333308963242434
15807,-1.65808,-1.11839,0.00981173403758856,0.915346582365503,-0.7777525039155
15806,-1.6383,-1.14715,0.0101302889853747,0.90948566942967,0.111102085228524
15805,-1.61803,-1.17557,0.0104551931188271,0.919253778306763,0.999999999982893
15805,-1.59727,-1.20363,0.0107632957828435,0.909485669429812,-0.111102085265547
15804,-1.57602,-1.23132,0.0110779338290463,0.915346582364898,0.777752503876549
15804,-1.55429,-1.25864,0.0113810589637945,0.910462498170935,-0.333308963280012
15803,-1.53209,-1.28558,0.0116848103252682,0.912416143750815,0.555523964114853
15803,-1.50942,-1.31212,0.0119829090872496,0.912416143750855,-0.555523964118957
15802,-1.48629,-1.33826,0.0122751748641606,0.910462498170897,0.333308963276791
15802,-1.46271,-1.364,0.0125681970489835,0.915346582364928,-0.77775250387821
15801,-1.43868,-1.38932,0.0128484030274018,0.909485669429954,0.111102085257172
15801,-1.41421,-1.41421,0.0131362976933138,0.919253778307098,-0.999999999999989
10084,-1.38932,-1.43868,0.0134038959249227,-0.909485669429983,0.111102085260242
10184,-1.364,-1.46271,0.013679349466015,-0.915346582364814,-0.777752503871363
10184,-1.33826,-1.48629,0.0139410800877645,-0.910462498171062,0.333308963290425
10284,-1.31212,-1.50942,0.0142035716808145,-0.912416143750702,-0.555523964098991
10284,-1.28558,-1.53209,0.0144594078699436,-0.912416143751175,0.55552396414059
10384,-1.25864,-1.55429,0.0147084445805994,-0.910462498170858,-0.333308963247603
10384,-1.23132,-1.57602,0.0149583582038253,-0.915346582365569,0.777752503916277
10484,-1.20363,-1.59727,0.01519347459938,-0.909485669429755,-0.111102085221656
10584,-1.17557,-1.61803,0.015437434446863,-0.919253778306467,-0.999999999969833
10584,-1.14715,-1.6383,0.0156581903645032,-0.909485669429891,0.111102085282108
10684,-1.11839,-1.65808,0.0158879312411262,-0.915346582364624,-0.777752503855743
10684,-1.08928,-1.67734,0.0161021405847606,-0.910462498171255,0.333308963307532
10784,-1.05984,-1.6961,0.0163172468400606,-0.912416143750544,-0.555523964080908
10784,-1.03008,-1.71433,0.016524897410067,-0.912416143751393,0.555523964158839
10884,-1,-1.73205,0.0167249827624374,-0.910462498170715,-0.333308963230315
10884,-0.969619,-1.74924,0.0169260597034827,-0.915346582365772,0.777752503931858
10984,-0.938943,-1.7659,0.0171107668867317,-0.909485669429763,-0.111102085205032
11084,-0.907981,-1.78201,0.0173052505719166,-0.919253778306154,-0.99999999995149
11084,-0.876742,-1.79759,0.0174742493678745,-0.909485669429981,0.111102085301552
11184,-0.845237,-1.81262,0.0176531355197709,-0.915346582364332,-0.777752503835052
11184,-0.813473,-1.82709,0.0178151024730163,-0.910462498171421,0.333308963330044
11284,-0.781462,-1.84101,0.0179780885836994,-0.912416143750289,-0.555523964056998
11284,-0.749213,-1.85437,0.0181330256822867,-0.912416143751684,0.555523964183542
11384,-0.716736,-1.86716,0.0182798420116779,-0.910462498170579,-0.333308963203316
11384,-0.68404,-1.87939,0.0184277479991768,-0.915346582366256,0.777752503962127
11484,-0.651136,-1.89104,0.0185581550694235,-0.9094856694297,-0.111102085173069
11584,-0.618034,-1.90211,0.0186990221664224,-0.919253778305473,-0.9999999999182
11584,-0.584743,-1.91261,0.0188128075328781,-0.909485669430035,0.111102085335111
11684,-0.551275,-1.92252,0.0189371294704953,-0.915346582363772,-0.777752503801188
11684,-0.517638,-1.93185,0.0190436005633394,-0.910462498171642,0.333308963364261
11784,-0.483844,-1.94059,0.0191511932950641,-0.912416143749915,-0.555523964021929
11784,-0.449902,-1.94874,0.0192503632255913,-0.912416143752077,0.555523964220183
11884,-0.415823,-1.9563,0.0193410766233205,-0.910462498170266,-0.33330896316818
11884,-0.381618,-1.96325,0.0194329544306119,-0.915346582366712,0.777752503993725
11984,-0.347296,-1.96962,0.0195066703082422,-0.909485669429565,-0.111102085145729
12084,-0.312869,-1.97538,0.01959125894693,-0.919253778305011,-0.999999999895287
12084,-0.278346,-1.98054,0.0196478895416293,-0.909485669430107,0.111102085358526
12184,-0.243739,-1.98509,0.0197154340680628,-0.915346582363447,-0.777752503777644
12184,-0.209057,-1.98904,0.0197646753258632,-0.910462498171781,0.333308963386432
12284,-0.174311,-1.99239,0.0198151187517804,-0.912416143749663,-0.555523964001473
12284,-0.139513,-1.99513,0.0198569963319468,-0.912416143752267,0.555523964238395
12384,-0.104672,-1.99726,0.0198903135967846,-0.910462498170238,-0.333308963148834
12384,-0.069799,-1.99878,0.0199248470091005,-0.915346582367131,0.777752504016471
12484,-0.0349048,-1.9997,0.0199410436446434,-0.909485669429557,-0.111102085121833
12584,-4.35203e-16,-2,0.0199682459850384,-0.919253778304537,-0.999999999870803
12584,0.0349048,-1.9997,0.0199673592257543,-0.909485669430058,0.111102085378513
12684,0.069799,-1.99878,0.0199774827957447,-0.915346582363139,-0.777752503762792
12684,0.104672,-1.99726,0.0199693392695058,-0.9104624981717,0.333308963393593
12784,0.139513,-1.99513,0.0199624537654071,-0.912416143749591,-0.555523964001403
12784,0.174311,-1.99239,0.0199470915175769,-0.912416143752134,0.555523964232273
12884,0.209057,-1.98904,0.0199232983757712,-0.91046249817019,-0.333308963161724
12884,0.243739,-1.98509,0.0199007493454216,-0.915346582366752,0.777752503996427
12984,0.278346,-1.98054,0.0198601800736608,-0.909485669429543,-0.111102085145531
13084,0.312869,-1.97538,0.0198304701087889,-0.919253778305079,-0.999999999897294
13084,0.347296,-1.96962,0.0197732864478031,-0.909485669429971,0.111102085349981
13184,0.381618,-1.96325,0.0197269305247704,-0.915346582363621,-0.777752503792476
13184,0.415823,-1.9563,0.0196628294549736,-0.910462498171561,0.33330896336634
13284,0.449902,-1.94874,0.0196000164820792,-0.912416143749886,-0.555523964026324
13284,0.483844,-1.94059,0.0195290424898461,-0.912416143751904,0.555523964209538
13384,0.517638,-1.93185,0.0194499878203881,-0.910462498170363,-0.333308963182687
13384,0.551275,-1.92252,0.0193721775839762,-0.915346582366464,0.777752503976962
13484,0.584743,-1.91261,0.0192771228815383,-0.909485669429569,-0.111102085165906
13584,0.618034,-1.90211,0.0191925062466284,-0.919253778305519,-0.999999999919186
13584,0.651136,-1.89104,0.0190817195954854,-0.909485669429928,0.111102085328226
13684,0.68404,-1.87939,0.0189813007211148,-0.915346582363942,-0.777752503814258
13684,0.716736,-1.86716,0.0188640919971719,-0.910462498171394,0.333308963343945
13784,0.749213,-1.85437,0.0187481566834169,-0.912416143750121,-0.555523964050058
13784,0.781462,-1.84101,0.0186245630238135,-0.91241614375158,0.555523964183364
13884,0.813473,-1.82709,0.0184934143452671,-0.91046249817049,-0.333308963212306
13884,0.845237,-1.81262,0.0183634607476237,-0.915346582365913,0.777752503943214
13984,0.876742,-1.79759,0.0182174190635525,-0.909485669429626,-0.1111020852007
14084,0.907981,-1.78201,0.0180811194517194,-0.919253778306215,-0.999999999954254
14084,0.938943,-1.7659,0.017920522100151,-0.909485669429858,0.111102085292581
14184,0.969619,-1.74924,0.0177695504548076,-0.915346582364524,-0.777752503850263
14184,1,-1.73205,0.0176030765468934,-0.910462498171194,0.333308963308465
14284,1.03008,-1.71433,0.0174377760892943,-0.91241614375052,-0.55552396408445
14284,1.05984,-1.6961,0.0172654320429951,-0.912416143751235,0.55552396415093
14384,1.08928,-1.67734,0.0170861561485196,-0.910462498170724,-0.333308963242461
14384,1.11839,-1.65808,0.01690793333715,-0.915346582365498,0.777752503915531
14484,1.14715,-1.6383,0.0167150460658783,-0.909485669429676,-0.111102085228531
14584,1.17557,-1.61803,0.0165309217396403,-0.919253778306762,-0.999999999982903
14584,1.20363,-1.59727,0.0163247978300708,-0.909485669429825,0.1111020852655
14684,1.23132,-1.57602,0.0161272696261612,-0.91534658236492,-0.777752503876537
14684,1.25864,-1.55429,0.0159157583012459,-0.910462498170955,0.333308963280004
14784,1.28558,-1.53209,0.015705202475927,-0.912416143750819,-0.555523964114867
14784,1.31212,-1.50942,0.0154882682872293,-0.912416143750872,0.555523964118932
14884,1.33826,-1.48629,0.0152650711506206,-0.910462498170903,-0.333308963276861
14884,1.364,-1.46271,0.0150426657459162,-0.915346582364901,0.777752503878194
14984,1.38932,-1.43868,0.0148072270201145,-0.909485669429939,-0.111102085257194
14984,1.41421,-1.41421,0.0145792916553507,-0.919253778307102,0.999999999999985
5850,1.43868,-1.38932,0.0143320279674727,0.909485669429985,-0.111102085260202
5849,1.46271,-1.364,0.0140920574625743,0.915346582364833,0.777752503871339
5849,1.48629,-1.33826,0.0138398443039207,0.910462498171102,-0.333308963290407
5848,1.50942,-1.31212,0.0135882746770376,0.91241614375073,0.555523964099018
5848,1.53209,-1.28558,0.0133310658338599,0.912416143751186,-0.555523964140576
5847,1.55429,-1.25864,0.0130683601858859,0.91046249817085,0.333308963247604
5847,1.57602,-1.23132,0.0128061097706225,0.91534658236556,-0.777752503916265
5846,1.59727,-1.20363,0.0125327623503113,0.909485669429786,0.111102085221649
5845,1.61803,-1.17557,0.0122654275802055,0.919253778306525,0.999999999969829
5845,1.6383,-1.14715,0.0119819664716366,0.909485669429914,-0.11110208528211
5844,1.65808,-1.11839,0.0117042923576012,0.915346582364627,0.777752503855747
5844,1.67734,-1.08928,0.0114164987925845,0.910462498171258,-0.333308963307527
5843,1.6961,-1.05984,0.0111290542109869,0.912416143750537,0.555523964080912
5843,1.71433,-1.03008,0.0108369288255705,0.912416143751378,-0.555523964158821
5842,1.73205,-1,0.0105403176032655,0.910462498170701,0.333308963230334
5842,1.74924,-0.969619,0.0102438670213262,0.915346582365767,-0.777752503931841
5841,1.7659,-0.938943,0.00993872195699285,0.909485669429766,0.111102085205045
5840,1.78201,-0.907981,0.00963795527496741,0.919253778306158,0.99999999995149
5840,1.79759,-0.876742,0.0093249279930931,0.909485669429983,-0.111102085301555
5839,1.81262,-0.845237,0.0090160439389189,0.915346582364319,0.777752503835052
5839,1.82709,-0.813473,0.00869960035436229,0.910462498171384,-0.333308963330046
5838,1.84101,-0.781462,0.00838324973945259,0.912416143750258,0.555523964056995
5838,1.85437,-0.749213,0.00806338932288889,0.91241614375167,-0.555523964183538
5837,1.86716,-0.716736,0.00774021259595972,0.91046249817059,0.333308963203332
5837,1.87939,-0.68404,0.00741691414144207,0.915346582366259,-0.777752503962114
5836,1.89104,-0.651136,0.00708753286930185,0.909485669429712,0.11110208517308
5835,1.90211,-0.618034,0.00676075214421585,0.919253778305505,0.999999999918216
5835,1.91261,-0.584743,0.00642576790682391,0.909485669430072,-0.111102085335106
5834,1.92252,-0.551275,0.00609310218922086,0.915346582363824,0.777752503801191
5834,1.93185,-0.517638,0.0057554432842017,0.910462498171638,-0.333308963364257
5833,1.94059,-0.483844,0.00541747955642842,0.912416143749874,0.555523964021932
5833,1.94874,-0.449902,0.00507707716682652,0.91241614375206,-0.555523964220175
5832,1.9563,-0.415823,0.00473441652330062,0.910462498170272,0.333308963168192
5832,1.96325,-0.381618,0.00439120984837293,0.915346582366721,-0.777752503993719
5831,1.96962,-0.347296,0.0040444835526916,0.909485669429573,0.111102085145735
5830,1.97538,-0.312869,0.00369842853260051,0.919253778305019,0.999999999895301
5830,1.98054,-0.278346,0.00334830617800429,0.909485669430095,-0.11110208535852
5829,1.98509,-0.243739,0.00299858416277188,0.915346582363408,0.777752503777643
5829,1.98904,-0.209057,0.00264656668385384,0.910462498171767,-0.333308963386425
5828,1.99239,-0.174311,0.00229389196179666,0.91241614374965,0.555523964001481
5828,1.99513,-0.139513,0.00193999211941845,0.912416143752221,-0.555523964238393
5827,1.99726,-0.104672,0.00158509895414703,0.910462498170182,0.333308963148836
5827,1.99878,-0.069799,0.00122933600055959,0.915346582367075,-0.777752504016468
5826,1.9997,-0.0349048,0.000872966499097451,0.909485669429527,0.111102085121839
