origElemNum,globCoord-x,globCoord-y,acouPotentialD1-,locCoord-xi,locCoord-eta
5825,2,-2.20442e-18,-0.00276961548202533,0.919253778304535,0.999999999870795
5825,1.9997,0.0349048,-0.00272418467507758,0.909485669430051,-0.11110208537854
5824,1.99878,0.069799,-0.00267370923654292,0.915346582363134,0.7777525037628
5824,1.99726,0.104672,-0.00262566366314564,0.910462498171695,-0.333308963393583
5823,1.99513,0.139513,-0.00257560325760896,0.912416143749585,0.555523964001403
5823,1.99239,0.174311,-0.00252560182436012,0.912416143752112,-0.555523964232293
5822,1.98904,0.209057,-0.00247543192251529,0.910462498170195,0.33330896316169
5822,1.98509,0.243739,-0.00242412648365215,0.915346582366752,-0.777752503996411
5821,1.98054,0.278346,-0.00237330730616569,0.909485669429537,0.111102085145532
5820,1.97538,0.312869,-0.00232135275182734,0.91925377830504,0.999999999897275
5820,1.96962,0.347296,-0.0022693607204288,0.909485669429959,-0.111102085350008
5819,1.96325,0.381618,-0.0022170199986045,0.915346582363608,0.777752503792493
5819,1.9563,0.415823,-0.00216378913073883,0.910462498171543,-0.333308963366333
5818,1.94874,0.449902,-0.00211060627767235,0.912416143749872,0.555523964026318
5818,1.94059,0.483844,-0.00205688229902673,0.912416143751876,-0.555523964209557
5817,1.93185,0.517638,-0.00200246317557201,0.910462498170338,0.333308963182653
5817,1.92252,0.551275,-0.00194902553258636,0.915346582366455,-0.777752503976955
5816,1.91261,0.584743,-0.00189301621408258,0.909485669429567,0.111102085165898
5815,1.90211,0.618034,-0.00184065049429699,0.919253778305533,0.999999999919169
5815,1.89104,0.651136,-0.00178267866635091,0.909485669429933,-0.111102085328256
5814,1.87939,0.68404,-0.00172914367829645,0.915346582363941,0.777752503814277
5814,1.86716,0.716736,-0.00167175574852537,0.910462498171402,-0.333308963343933
5813,1.85437,0.749213,-0.00161657270219454,0.912416143750119,0.555523964050056
5813,1.84101,0.781462,-0.00156041515991819,0.912416143751575,-0.555523964183394
5812,1.82709,0.813473,-0.00150305277425518,0.910462498170486,0.333308963212263
5812,1.81262,0.845237,-0.00144874706728551,0.915346582365915,-0.777752503943209
5811,1.79759,0.876742,-0.00138868864587518,0.909485669429635,0.111102085200681
5810,1.78201,0.907981,-0.00133686743149191,0.919253778306195,0.999999999954235
5810,1.7659,0.938943,-0.00127366502351208,0.909485669429844,-0.111102085292603
5809,1.74924,0.969619,-0.001219454420089,0.915346582364538,0.777752503850291
5809,1.73205,1,-0.00115827937323158,0.910462498171199,-0.333308963308445
5808,1.71433,1.03008,-0.00110133332048163,0.912416143750526,0.555523964084446
5808,1.6961,1.05984,-0.00104293479296025,0.912416143751246,-0.555523964150953
5807,1.67734,1.08928,-0.000982988661188641,0.910462498170725,0.333308963242434
5807,1.65808,1.11839,-0.000928139723835815,0.915346582365508,-0.777752503915519
5806,1.6383,1.14715,-0.000865030509071188,0.909485669429676,0.11110208522853
5805,1.61803,1.17557,-0.000814540925062231,0.919253778306765,0.999999999982884
5805,1.59727,1.20363,-0.000748242584709616,0.909485669429817,-0.111102085265541
5804,1.57602,1.23132,-0.000695357616765964,0.9153465823649,0.777752503876539
5804,1.55429,1.25864,-0.000633612890629916,0.910462498170939,-0.333308963279996
5803,1.53209,1.28558,-0.000578484482028781,0.912416143750815,0.555523964114853
5803,1.50942,1.31212,-0.000522298904113113,0.91241614375085,-0.555523964118972
5802,1.48629,1.33826,-0.000465165876206022,0.910462498170897,0.333308963276791
5802,1.46271,1.364,-0.00041552478077165,0.915346582364929,-0.77775250387822
5801,1.43868,1.38932,-0.000356626161922886,0.909485669429954,0.111102085257182
5801,1.41421,1.41421,-0.000314441470269237,0.919253778307104,-0.999999999999994
850,1.38932,1.43868,-0.000253935364935081,0.909485669429991,-0.111102085260227
849,1.364,1.46271,-0.000210806801073043,0.915346582364834,0.777752503871359
849,1.33826,1.48629,-0.000157931970037961,0.910462498171096,-0.333308963290402
848,1.31212,1.50942,-0.000113832695086912,0.912416143750729,0.555523964099008
848,1.28558,1.53209,-6.92216992248176e-05,0.912416143751184,-0.555523964140596
847,1.25864,1.55429,-2.4034151114507e-05,0.910462498170846,0.333308963247574
847,1.23132,1.57602,1.17622119752973e-05,0.915346582365554,-0.777752503916259
846,1.20363,1.59727,5.81942092473659e-05,0.90948566942978,0.111102085221654
845,1.17557,1.61803,8.46749887901504e-05,0.919253778306528,0.999999999969813
845,1.14715,1.6383,0.0001325044447929,0.909485669429915,-0.111102085282135
844,1.11839,1.65808,0.000159897487755656,0.915346582364625,0.777752503855763
844,1.08928,1.67734,0.000198559136775341,0.910462498171253,-0.333308963307521
843,1.05984,1.6961,0.000227011761849425,0.912416143750542,0.555523964080906
843,1.03008,1.71433,0.000256035300846627,0.912416143751377,-0.555523964158847
842,1,1.73205,0.000285699966111235,0.910462498170698,0.333308963230309
842,0.969619,1.74924,0.000304666737986214,0.915346582365766,-0.777752503931825
841,0.938943,1.7659,0.000335739305969862,0.909485669429764,0.111102085205048
840,0.907981,1.78201,0.000344300235131611,0.919253778306164,0.99999999995148
840,0.876742,1.79759,0.000377055617874749,0.909485669429979,-0.11110208530158
839,0.845237,1.81262,0.000386964423999554,0.91534658236432,0.777752503835068
839,0.813473,1.82709,0.000409760256060149,0.91046249817139,-0.33330896333004
838,0.781462,1.84101,0.000421443294382779,0.912416143750255,0.555523964056983
838,0.749213,1.85437,0.000434154431264382,0.912416143751674,-0.555523964183563
837,0.716736,1.86716,0.000448128642799264,0.910462498170584,0.333308963203304
837,0.68404,1.87939,0.000450702150321888,0.915346582366261,-0.777752503962098
836,0.651136,1.89104,0.000467548972854827,0.909485669429719,0.111102085173086
835,0.618034,1.90211,0.000459985923887831,0.919253778305509,0.999999999918205
835,0.584743,1.91261,0.00048031808972041,0.909485669430073,-0.111102085335132
834,0.551275,1.92252,0.00047604684317272,0.915346582363819,0.777752503801204
834,0.517638,1.93185,0.000487079941446935,0.910462498171637,-0.333308963364254
833,0.483844,1.94059,0.000486711440706277,0.912416143749877,0.55552396402192
833,0.449902,1.94874,0.000488465807268897,0.91241614375206,-0.555523964220202
832,0.415823,1.9563,0.000492577282927639,0.910462498170279,0.333308963168166
832,0.381618,1.96325,0.000485072814036425,0.915346582366717,-0.777752503993703
831,0.347296,1.96962,0.000494203648816489,0.909485669429573,0.111102085145737
830,0.312869,1.97538,0.000477463884900705,0.919253778305012,0.99999999989529
830,0.278346,1.98054,0.000492120186998715,0.909485669430091,-0.111102085358547
829,0.243739,1.98509,0.000480748068610346,0.915346582363415,0.77775250377766
829,0.209057,1.98904,0.000486839420082611,0.910462498171767,-0.333308963386422
828,0.174311,1.99239,0.000481322142995207,0.912416143749651,0.55552396400147
828,0.139513,1.99513,0.000478870492157029,0.912416143752224,-0.555523964238419
827,0.104672,1.99726,0.000479680643213282,0.910462498170184,0.33330896314881
827,0.069799,1.99878,0.000468735066254159,0.915346582367074,-0.777752504016452
826,0.0349048,1.9997,0.000476334903317865,0.909485669429527,0.111102085121841
825,1.27747e-16,2,0.000456972618662504,0.919253778304535,0.999999999870799
825,-0.0349048,1.9997,0.000471807869763629,0.909485669430051,-0.111102085378537
824,-0.069799,1.99878,0.00045960223972173,0.915346582363134,0.777752503762801
824,-0.104672,1.99726,0.000466620436257772,0.910462498171695,-0.333308963393583
823,-0.139513,1.99513,0.000461994840625965,0.912416143749585,0.555523964001401
823,-0.174311,1.99239,0.000461273945669541,0.912416143752112,-0.555523964232297
822,-0.209057,1.98904,0.000464605342428391,0.910462498170195,0.333308963161685
822,-0.243739,1.98509,0.00045623167743901,0.915346582366744,-0.777752503996403
821,-0.278346,1.98054,0.000467837927695123,0.909485669429538,0.111102085145537
820,-0.312869,1.97538,0.000451902766288247,0.919253778305041,0.999999999897278
820,-0.347296,1.96962,0.000472029932864922,0.90948566942996,-0.111102085350006
819,-0.381618,1.96325,0.000464592618279746,0.915346582363608,0.777752503792493
819,-0.415823,1.9563,0.000477439137206004,0.910462498171543,-0.333308963366333
818,-0.449902,1.94874,0.000478660302082418,0.912416143749872,0.555523964026316
818,-0.483844,1.94059,0.000484241553130018,0.912416143751875,-0.555523964209561
817,-0.517638,1.93185,0.000494201898945647,0.910462498170336,0.333308963182646
817,-0.551275,1.92252,0.00049253639331808,0.915346582366457,-0.777752503976948
816,-0.584743,1.91261,0.000511240521565108,0.909485669429562,0.111102085165907
815,-0.618034,1.90211,0.00050235391249719,0.919253778305526,0.999999999919175
815,-0.651136,1.89104,0.000529735727054707,0.909485669429935,-0.111102085328253
814,-0.68404,1.87939,0.000529565465243213,0.915346582363941,0.777752503814277
814,-0.716736,1.86716,0.000549595610937394,0.910462498171402,-0.333308963343933
813,-0.749213,1.85437,0.000558019212857041,0.912416143750117,0.555523964050053
813,-0.781462,1.84101,0.000570693251038818,0.912416143751584,-0.555523964183396
812,-0.813473,1.82709,0.000587541111582854,0.910462498170484,0.33330896321226
812,-0.845237,1.81262,0.00059288450221171,0.91534658236591,-0.7777525039432
811,-0.876742,1.79759,0.000617947524035066,0.909485669429639,0.111102085200672
810,-0.907981,1.78201,0.000616018132847767,0.919253778306197,0.999999999954239
810,-0.938943,1.7659,0.000649054438370506,0.909485669429848,-0.111102085292613
809,-0.969619,1.74924,0.000655250639130809,0.915346582364533,0.777752503850298
809,-1,1.73205,0.000680689065271227,0.910462498171205,-0.333308963308436
808,-1.03008,1.71433,0.000694762931292323,0.912416143750522,0.55552396408444
808,-1.05984,1.6961,0.000712696766616858,0.912416143751243,-0.555523964150944
807,-1.08928,1.67734,0.000734380514168753,0.910462498170733,0.33330896324243
807,-1.11839,1.65808,0.000744945041986019,0.915346582365511,-0.777752503915504
806,-1.14715,1.6383,0.000773956124440633,0.909485669429678,0.11110208522852
805,-1.17557,1.61803,0.000777330494961521,0.91925377830677,0.999999999982889
805,-1.20363,1.59727,0.000813373281056995,0.909485669429819,-0.111102085265551
804,-1.23132,1.57602,0.000824064689060186,0.915346582364893,0.777752503876544
804,-1.25864,1.55429,0.000852543843448321,0.910462498170937,-0.333308963279986
803,-1.28558,1.53209,0.000870263983680424,0.912416143750809,0.555523964114847
803,-1.31212,1.50942,0.000891408417908087,0.912416143750849,-0.555523964118962
802,-1.33826,1.48629,0.000915856195740607,0.910462498170897,0.333308963276791
802,-1.364,1.46271,0.000929931635942247,0.915346582364928,-0.77775250387821
801,-1.38932,1.43868,0.000960791377807831,0.909485669429954,0.111102085257172
801,-1.41421,1.41421,0.000968098517010742,0.919253778307104,-0.999999999999994
15850,-1.43868,1.38932,0.00100504079513728,0.909485669429991,-0.111102085260237
15849,-1.46271,1.364,0.00101883148942875,0.915346582364828,0.777752503871364
15849,-1.48629,1.33826,0.00104859411556537,0.910462498171103,-0.333308963290387
15848,-1.50942,1.31212,0.00106853840444584,0.912416143750729,0.555523964099008
15848,-1.53209,1.28558,0.00109145568900008,0.912416143751185,-0.555523964140586
15847,-1.55429,1.25864,0.00111720729119415,0.910462498170851,0.333308963247569
15847,-1.57602,1.23132,0.00113364118124098,0.915346582365555,-0.777752503916249
15846,-1.59727,1.20363,0.00116483535048585,0.909485669429784,0.111102085221639
15845,-1.61803,1.17557,0.00117517176904817,0.919253778306531,0.999999999969823
15845,-1.6383,1.14715,0.0012114247579587,0.909485669429917,-0.111102085282151
15844,-1.65808,1.11839,0.00122730907398232,0.915346582364627,0.777752503855772
15844,-1.67734,1.08928,0.00125698199373147,0.910462498171251,-0.333308963307506
15843,-1.6961,1.05984,0.00127802146700769,0.912416143750542,0.555523964080906
15843,-1.71433,1.03008,0.00130151529313386,0.912416143751375,-0.555523964158831
15842,-1.73205,1,0.00132729800913427,0.910462498170697,0.333308963230296
15842,-1.74924,0.969619,0.00134503354361886,0.915346582365764,-0.777752503931822
15841,-1.7659,0.938943,0.00137512885163289,0.909485669429762,0.111102085205035
15840,-1.78201,0.907981,0.00138754414997785,0.919253778306162,0.999999999951483
15840,-1.79759,0.876742,0.00142150174999205,0.909485669429984,-0.111102085301589
15839,-1.81262,0.845237,0.00143833375022929,0.915346582364318,0.777752503835071
15839,-1.82709,0.813473,0.00146640111397131,0.910462498171391,-0.333308963330024
15838,-1.84101,0.781462,0.00148718785953746,0.912416143750253,0.555523964056986
15838,-1.85437,0.749213,0.00150980895920364,0.912416143751674,-0.555523964183544
15837,-1.86716,0.716736,0.00153407133591594,0.910462498170589,0.333308963203294
15837,-1.87939,0.68404,0.00155170400079881,0.915346582366259,-0.777752503962095
15836,-1.89104,0.651136,0.00157894669988845,0.909485669429715,0.111102085173074
15835,-1.90211,0.618034,0.0015920619441214,0.919253778305508,0.999999999918209
15835,-1.91261,0.584743,0.00162177470472761,0.909485669430068,-0.111102085335144
15834,-1.92252,0.551275,0.0016379640101742,0.915346582363818,0.777752503801208
15834,-1.93185,0.517638,0.00166251408269173,0.910462498171639,-0.333308963364235
15833,-1.94059,0.483844,0.00168125886106295,0.912416143749876,0.555523964021923
15833,-1.94874,0.449902,0.00170112306947223,0.912416143752063,-0.555523964220183
15832,-1.9563,0.415823,0.0017218933063957,0.910462498170272,0.333308963168156
15832,-1.96325,0.381618,0.00173755955103546,0.915346582366716,-0.7777525039937
15831,-1.96962,0.347296,0.00175981369644643,0.909485669429575,0.111102085145728
15830,-1.97538,0.312869,0.00177177891805406,0.91925377830502,0.999999999895294
15830,-1.98054,0.278346,0.00179496444520706,0.909485669430092,-0.111102085358556
15829,-1.98509,0.243739,0.0018085015553422,0.915346582363415,0.777752503777664
15829,-1.98904,0.209057,0.0018272879050051,0.910462498171765,-0.333308963386404
15828,-1.99239,0.174311,0.0018418375181397,0.912416143749651,0.555523964001473
15828,-1.99513,0.139513,0.00185672406430628,0.912416143752222,-0.5555239642384
15827,-1.99726,0.104672,0.00187171731625002,0.910462498170184,0.3333089631488
15827,-1.99878,0.069799,0.00188320897913456,0.915346582367074,-0.777752504016448
15826,-1.9997,0.0349048,0.00189806857066936,0.909485669429527,0.111102085121831
15825,-2,2.46315e-16,0.00190667564086307,0.919253778304535,0.999999999870803
15825,-1.9997,-0.0349048,0.00192081902470595,0.909485669430051,-0.111102085378547
15824,-1.99878,-0.069799,0.00192937256262282,0.915346582363134,0.777752503762804
15824,-1.99726,-0.104672,0.00193989842609789,0.910462498171696,-0.333308963393566
15823,-1.99513,-0.139513,0.00194781517343058,0.912416143749586,0.555523964001405
15823,-1.99239,-0.174311,0.00195523945174671,0.912416143752114,-0.555523964232279
15822,-1.98904,-0.209057,0.00196193532532521,0.910462498170195,0.333308963161688
15822,-1.98509,-0.243739,0.0019667791120544,0.915346582366744,-0.7777525039964
15821,-1.98054,-0.278346,0.00197167093770835,0.909485669429545,0.111102085145526
15820,-1.97538,-0.312869,0.00197445937502803,0.919253778305042,0.999999999897283
15820,-1.96962,-0.347296,0.00197696897928728,0.909485669429957,-0.111102085350017
15819,-1.96325,-0.381618,0.00197805180151043,0.915346582363609,0.777752503792499
15819,-1.9563,-0.415823,0.00197778919456814,0.910462498171549,-0.333308963366345
15818,-1.94874,-0.449902,0.00197659818388704,0.912416143749872,0.555523964026319
15818,-1.94059,-0.483844,0.00197410320218915,0.91241614375188,-0.555523964209544
15817,-1.93185,-0.517638,0.00197007820400831,0.910462498170337,0.33330896318265
15817,-1.92252,-0.551275,0.00196589433066693,0.915346582366458,-0.777752503976945
15816,-1.91261,-0.584743,0.0019584856510563,0.909485669429567,0.111102085165898
15815,-1.90211,-0.618034,0.00195316026867207,0.919253778305528,0.999999999919178
15815,-1.89104,-0.651136,0.00194183218966742,0.90948566942994,-0.111102085328262
15814,-1.87939,-0.68404,0.00193326936112704,0.915346582363942,0.77775250381428
15814,-1.86716,-0.716736,0.00192014944464753,0.910462498171397,-0.333308963343943
15813,-1.85437,-0.749213,0.00190783147854057,0.912416143750119,0.555523964050056
15813,-1.84101,-0.781462,0.00189348570390658,0.912416143751582,-0.555523964183381
15812,-1.82709,-0.813473,0.00187690909528686,0.910462498170486,0.333308963212263
15812,-1.81262,-0.845237,0.00186190501645038,0.915346582365912,-0.777752503943197
15811,-1.79759,-0.876742,0.00184058447706462,0.909485669429641,0.111102085200675
15810,-1.78201,-0.907981,0.00182549161676359,0.919253778306197,0.999999999954239
15810,-1.7659,-0.938943,0.0017989614861378,0.90948566942985,-0.11110208529261
15809,-1.74924,-0.969619,0.00177933406318053,0.915346582364535,0.777752503850301
15809,-1.73205,-1,0.00175216401197942,0.9104624981712,-0.333308963308458
15808,-1.71433,-1.03008,0.00172755753065311,0.912416143750526,0.555523964084446
15808,-1.6961,-1.05984,0.00170033519769796,0.912416143751243,-0.555523964150944
15807,-1.67734,-1.08928,0.00167032617015479,0.910462498170725,0.333308963242434
15807,-1.65808,-1.11839,0.00164363756839792,0.915346582365503,-0.7777525039155
15806,-1.6383,-1.14715,0.00160782385264415,0.90948566942967,0.111102085228524
15805,-1.61803,-1.17557,0.00158225000560881,0.919253778306763,0.999999999982893
15805,-1.59727,-1.20363,0.00154025140665732,0.909485669429812,-0.111102085265547
15804,-1.57602,-1.23132,0.00150914459242666,0.915346582364898,0.777752503876549
15804,-1.55429,-1.25864,0.00146782425964711,0.910462498170935,-0.333308963280012
15803,-1.53209,-1.28558,0.00143082024951265,0.912416143750815,0.555523964114853
15803,-1.50942,-1.31212,0.00139076551026908,0.912416143750855,-0.555523964118957
15802,-1.48629,-1.33826,0.00134751814031314,0.910462498170897,0.333308963276791
15802,-1.46271,-1.364,0.00130930594996824,0.915346582364928,-0.77775250387821
15801,-1.43868,-1.38932,0.00125948854260266,0.909485669429954,0.111102085257172
15801,-1.41421,-1.41421,0.00122368249854414,0.919253778307098,-0.999999999999989
10084,-1.38932,-1.43868,0.00116698591664337,-0.909485669429983,0.111102085260242
10184,-1.364,-1.46271,0.00112490393439442,-0.915346582364814,-0.777752503871363
10184,-1.33826,-1.48629,0.00107026511134246,-0.910462498171062,0.333308963290425
10284,-1.31212,-1.50942,0.00102160674738786,-0.912416143750702,-0.555523964098991
10284,-1.28558,-1.53209,0.000969577830111287,-0.912416143751175,0.55552396414059
10384,-1.25864,-1.55429,0.000914057927547637,-0.910462498170858,-0.333308963247603
10384,-1.23132,-1.57602,0.000865170313187963,-0.915346582365569,0.777752503916277
10484,-1.20363,-1.59727,0.000802519716077566,-0.909485669429755,-0.111102085221656
10584,-1.17557,-1.61803,0.000757281366989461,-0.919253778306467,-0.999999999969833
10584,-1.14715,-1.6383,0.000687243083481251,-0.909485669429891,0.111102085282108
10684,-1.11839,-1.65808,0.000635143000364974,-0.915346582364624,-0.777752503855743
10684,-1.08928,-1.67734,0.000568460652701163,-0.910462498171255,0.333308963307532
10784,-1.05984,-1.6961,0.00050923944538886,-0.912416143750544,-0.555523964080908
10784,-1.03008,-1.71433,0.000446389025634431,-0.912416143751393,0.555523964158839
10884,-1,-1.73205,0.000379800603744464,-0.910462498170715,-0.333308963230315
10884,-0.969619,-1.74924,0.000321225636451932,-0.915346582365772,0.777752503931858
10984,-0.938943,-1.7659,0.000247036784666965,-0.909485669429763,-0.111102085205032
11084,-0.907981,-1.78201,0.000193148669137619,-0.919253778306154,-0.99999999995149
11084,-0.876742,-1.79759,0.000111140695866482,-0.909485669429981,0.111102085301552
11184,-0.845237,-1.81262,4.98577307171818e-05,-0.915346582364332,-0.777752503835052
11184,-0.813473,-1.82709,-2.77117683579552e-05,-0.910462498171421,0.333308963330044
11284,-0.781462,-1.84101,-9.66050613399585e-05,-0.912416143750289,-0.555523964056998
11284,-0.749213,-1.85437,-0.000169356343969799,-0.912416143751684,0.555523964183542
11384,-0.716736,-1.86716,-0.000246051012449678,-0.910462498170579,-0.333308963203316
11384,-0.68404,-1.87939,-0.000313632037106351,-0.915346582366256,0.777752503962127
11484,-0.651136,-1.89104,-0.000398288555872567,-0.9094856694297,-0.111102085173069
11584,-0.618034,-1.90211,-0.000460373819132781,-0.919253778305473,-0.9999999999182
11584,-0.584743,-1.91261,-0.000553117890632147,-0.909485669430035,0.111102085335111
11684,-0.551275,-1.92252,-0.000622964112545867,-0.915346582363772,-0.777752503801188
11684,-0.517638,-1.93185,-0.000710317102735803,-0.910462498171642,0.333308963364261
11784,-0.483844,-1.94059,-0.000788005931266252,-0.912416143749915,-0.555523964021929
11784,-0.449902,-1.94874,-0.000869621950002495,-0.912416143752077,0.555523964220183
11884,-0.415823,-1.9563,-0.0009551734675514,-0.910462498170266,-0.33330896316818
11884,-0.381618,-1.96325,-0.00103071244345402,-0.915346582366712,0.777752503993725
11984,-0.347296,-1.96962,-0.00112408091870282,-0.909485669429565,-0.111102085145729
12084,-0.312869,-1.97538,-0.00119320670607203,-0.919253778305011,-0.999999999895287
12084,-0.278346,-1.98054,-0.00129427658089144,-0.909485669430107,0.111102085358526
12184,-0.243739,-1.98509,-0.00137083118526544,-0.915346582363447,-0.777752503777644
12184,-0.209057,-1.98904,-0.00146523413166205,-0.910462498171781,0.333308963386432
12284,-0.174311,-1.99239,-0.00154902216241431,-0.912416143749663,-0.555523964001473
12284,-0.139513,-1.99513,-0.00163634950656672,-0.912416143752267,0.555523964238395
12384,-0.104672,-1.99726,-0.00172710721831565,-0.910462498170238,-0.333308963148834
12384,-0.069799,-1.99878,-0.00180695405662807,-0.915346582367131,0.777752504016471
12484,-0.0349048,-1.9997,-0.00190436202314661,-0.909485669429557,-0.111102085121833
12584,-4.35203e-16,-2,-0.00197632944663545,-0.919253778304537,-0.999999999870803
12584,0.0349048,-1.9997,-0.002080022397304,-0.909485669430058,0.111102085378513
12684,0.069799,-1.99878,-0.00215804930010883,-0.915346582363139,-0.777752503762792
12684,0.104672,-1.99726,-0.00225330130682695,-0.9104624981717,0.333308963393593
12784,0.139513,-1.99513,-0.00233699768439355,-0.912416143749591,-0.555523964001403
12784,0.174311,-1.99239,-0.00242340427329433,-0.912416143752134,0.555523964232273
12884,0.209057,-1.98904,-0.00251236012367487,-0.91046249817019,-0.333308963161724
12884,0.243739,-1.98509,-0.00258954038943973,-0.915346582366752,0.777752503996427
12984,0.278346,-1.98054,-0.00268333226102499,-0.909485669429543,-0.111102085145531
13084,0.312869,-1.97538,-0.00275092952693337,-0.919253778305079,-0.999999999897294
13084,0.347296,-1.96962,-0.00284911693564249,-0.909485669429971,0.111102085349981
13184,0.381618,-1.96325,-0.00292095479580822,-0.915346582363621,-0.777752503792476
13184,0.415823,-1.9563,-0.00300890969144486,-0.910462498171561,0.33330896336634
13284,0.449902,-1.94874,-0.00308452635777298,-0.912416143749886,-0.555523964026324
13284,0.483844,-1.94059,-0.00316188586197295,-0.912416143751904,0.555523964209538
13384,0.517638,-1.93185,-0.00324078389359318,-0.910462498170363,-0.333308963182687
13384,0.551275,-1.92252,-0.00330718673189233,-0.915346582366464,0.777752503976962
13484,0.584743,-1.91261,-0.00338882657313664,-0.909485669429569,-0.111102085165906
13584,0.618034,-1.90211,-0.00344390777758235,-0.919253778305519,-0.999999999919186
13584,0.651136,-1.89104,-0.00352770807505347,-0.909485669429928,0.111102085328226
13684,0.68404,-1.87939,-0.00358482377283048,-0.915346582363942,-0.777752503814258
13684,0.716736,-1.86716,-0.00365645320275058,-0.910462498171394,0.333308963343945
13784,0.749213,-1.85437,-0.0037150055284504,-0.912416143750121,-0.555523964050058
13784,0.781462,-1.84101,-0.00377409973595869,-0.91241614375158,0.555523964183364
13884,0.813473,-1.82709,-0.00383351135217164,-0.91046249817049,-0.333308963212306
13884,0.845237,-1.81262,-0.00387975453547786,-0.915346582365913,0.777752503943214
13984,0.876742,-1.79759,-0.00393950564034119,-0.909485669429626,-0.1111020852007
14084,0.907981,-1.78201,-0.00397265349030844,-0.919253778306215,-0.999999999954254
14084,0.938943,-1.7659,-0.00403231798043831,-0.909485669429858,0.111102085292581
14184,0.969619,-1.74924,-0.00406539495012664,-0.915346582364524,-0.777752503850263
14184,1,-1.73205,-0.00411149107283496,-0.910462498171194,0.333308963308465
14284,1.03008,-1.71433,-0.00414425232972159,-0.91241614375052,-0.55552396408445
14284,1.05984,-1.6961,-0.00417680379350188,-0.912416143751235,0.55552396415093
14384,1.08928,-1.67734,-0.00420912541455095,-0.910462498170724,-0.333308963242461
14384,1.11839,-1.65808,-0.00422826004938798,-0.915346582365498,0.777752503915531
14484,1.14715,-1.6383,-0.00426011316609794,-0.909485669429676,-0.111102085228531
14584,1.17557,-1.61803,-0.00426605005040525,-0.919253778306762,-0.999999999982903
14584,1.20363,-1.59727,-0.00429746219471442,-0.909485669429825,0.1111020852655
14684,1.23132,-1.57602,-0.00430319267365233,-0.91534658236492,-0.777752503876537
14684,1.25864,-1.55429,-0.00432151006092461,-0.910462498170955,0.333308963280004
14784,1.28558,-1.53209,-0.00432710537296419,-0.912416143750819,-0.555523964114867
14784,1.31212,-1.50942,-0.00433265037952348,-0.912416143750872,0.555523964118932
14884,1.33826,-1.48629,-0.00433818162196509,-0.910462498170903,-0.333308963276861
14884,1.364,-1.46271,-0.00433132920031221,-0.915346582364901,0.777752503878194
14984,1.38932,-1.43868,-0.00433688234452663,-0.909485669429939,-0.111102085257194
14984,1.41421,-1.41421,-0.00431807906778437,-0.919253778307102,0.999999999999985
5850,1.43868,-1.38932,-0.00432378840455707,0.909485669429985,-0.111102085260202
5849,1.46271,-1.364,-0.00430556457999938,0.915346582364833,0.777752503871339
5849,1.48629,-1.33826,-0.00429965189877933,0.910462498171102,-0.333308963290407
5848,1.50942,-1.31212,-0.00428227561305492,0.91241614375073,0.555523964099018
5848,1.53209,-1.28558,-0.00426541175502895,0.912416143751186,-0.555523964140576
5847,1.55429,-1.25864,-0.00424921377389921,0.91046249817085,0.333308963247604
5847,1.57602,-1.23132,-0.00422215568068862,0.91534658236556,-0.777752503916265
5846,1.59727,-1.20363,-0.00420747896968985,0.909485669429786,0.111102085221649
5845,1.61803,-1.17557,-0.00417103527444208,0.919253778306525,0.999999999969829
5845,1.6383,-1.14715,-0.00415817373918921,0.909485669429914,-0.11110208528211
5844,1.65808,-1.11839,-0.00412415184966487,0.915346582364627,0.777752503855747
5844,1.67734,-1.08928,-0.00410232285206124,0.910462498171258,-0.333308963307527
5843,1.6961,-1.05984,-0.0040709096341327,0.912416143750537,0.555523964080912
5843,1.71433,-1.03008,-0.004040832636503,0.912416143751378,-0.555523964158821
5842,1.73205,-1,-0.00401210559543804,0.910462498170701,0.333308963230334
5842,1.74924,-0.969619,-0.00397449007988967,0.915346582365767,-0.777752503931841
5841,1.7659,-0.938943,-0.0039484261651255,0.909485669429766,0.111102085205045
5840,1.78201,-0.907981,-0.0039039706579687,0.919253778306158,0.99999999995149
5840,1.79759,-0.876742,-0.00388044502502789,0.909485669429983,-0.111102085301555
5839,1.81262,-0.845237,-0.00383915582108489,0.915346582364319,0.777752503835052
5839,1.82709,-0.813473,-0.0038086014114523,0.910462498171384,-0.333308963330046
5838,1.84101,-0.781462,-0.00377021560150758,0.912416143750258,0.555523964056995
5838,1.85437,-0.749213,-0.00373318365087339,0.91241614375167,-0.555523964183538
5837,1.86716,-0.716736,-0.00369733023883052,0.91046249817059,0.333308963203332
5837,1.87939,-0.68404,-0.00365435376695471,0.915346582366259,-0.777752503962114
5836,1.89104,-0.651136,-0.0036206006022536,0.909485669429712,0.11110208517308
5835,1.90211,-0.618034,-0.00357222647384389,0.919253778305505,0.999999999918216
5835,1.91261,-0.584743,-0.00354015011482493,0.909485669430072,-0.111102085335106
5834,1.92252,-0.551275,-0.00349413025307415,0.915346582363824,0.777752503801191
5834,1.93185,-0.517638,-0.00345621816455234,0.910462498171638,-0.333308963364257
5833,1.94059,-0.483844,-0.00341223709644226,0.912416143749874,0.555523964021932
5833,1.94874,-0.449902,-0.00336919777803786,0.91241614375206,-0.555523964220175
5832,1.9563,-0.415823,-0.0033270047856298,0.910462498170272,0.333308963168192
5832,1.96325,-0.381618,-0.00327960102381672,0.915346582366721,-0.777752503993719
5831,1.96962,-0.347296,-0.00323895754785573,0.909485669429573,0.111102085145735
5830,1.97538,-0.312869,-0.00318796690871319,0.919253778305019,0.999999999895301
5830,1.98054,-0.278346,-0.00314858079099145,0.909485669430095,-0.11110208535852
5829,1.98509,-0.243739,-0.00309960747962109,0.915346582363408,0.777752503777643
5829,1.98904,-0.209057,-0.00305624295853817,0.910462498171767,-0.333308963386425
5828,1.99239,-0.174311,-0.0030088791440562,0.91241614374965,0.555523964001481
5828,1.99513,-0.139513,-0.00296218747536979,0.912416143752221,-0.555523964238393
5827,1.99726,-0.104672,-0.00291596094602997,0.910462498170182,0.333308963148836
5827,1.99878,-0.069799,-0.00286658918439052,0.915346582367075,-0.777752504016468
5826,1.9997,-0.0349048,-0.00282100758427241,0.909485669429527,0.111102085121839
