origElemNum,globCoord-x,globCoord-y,acouPotentialD1-,locCoord-xi,locCoord-eta
5825,2,-2.20442e-18,-0.00114598301880635,0.919253778304535,0.999999999870795
5825,1.9997,0.0349048,-0.00137508985514116,0.909485669430051,-0.11110208537854
5824,1.99878,0.069799,-0.00160179019865171,0.915346582363134,0.7777525037628
5824,1.99726,0.104672,-0.00182827337700472,0.910462498171695,-0.333308963393583
5823,1.99513,0.139513,-0.0020525884774722,0.912416143749585,0.555523964001403
5823,1.99239,0.174311,-0.00227563480781063,0.912416143752112,-0.555523964232293
5822,1.98904,0.209057,-0.00249737839811711,0.910462498170195,0.33330896316169
5822,1.98509,0.243739,-0.00271619531826375,0.915346582366752,-0.777752503996411
5821,1.98054,0.278346,-0.00293522010436456,0.909485669429537,0.111102085145532
5820,1.97538,0.312869,-0.0031490537150413,0.91925377830504,0.999999999897275
5820,1.96962,0.347296,-0.00336528681754116,0.909485669429959,-0.111102085350008
5819,1.96325,0.381618,-0.00357574869663484,0.915346582363608,0.777752503792493
5819,1.9563,0.415823,-0.00378690402749227,0.910462498171543,-0.333308963366333
5818,1.94874,0.449902,-0.00399404281691326,0.912416143749872,0.555523964026318
5818,1.94059,0.483844,-0.00419952617886034,0.912416143751876,-0.555523964209557
5817,1.93185,0.517638,-0.00440343120896251,0.910462498170338,0.333308963182653
5817,1.92252,0.551275,-0.00460266163263466,0.915346582366455,-0.777752503976955
5816,1.91261,0.584743,-0.00480341521602459,0.909485669429567,0.111102085165898
5815,1.90211,0.618034,-0.00499580708522593,0.919253778305533,0.999999999919169
5815,1.89104,0.651136,-0.00519346751833558,0.909485669429933,-0.111102085328256
5814,1.87939,0.68404,-0.00538222634057434,0.915346582363941,0.777752503814277
5814,1.86716,0.716736,-0.00557303899333821,0.910462498171402,-0.333308963343933
5813,1.85437,0.749213,-0.00575820480506367,0.912416143750119,0.555523964050056
5813,1.84101,0.781462,-0.00594156623777308,0.912416143751575,-0.555523964183394
5812,1.82709,0.813473,-0.00612315485615975,0.910462498170486,0.333308963212263
5812,1.81262,0.845237,-0.00629845197580367,0.915346582365915,-0.777752503943209
5811,1.79759,0.876742,-0.00647643115493724,0.909485669429635,0.111102085200681
5810,1.78201,0.907981,-0.00664302680327225,0.919253778306195,0.999999999954235
5810,1.7659,0.938943,-0.00681730473560316,0.909485669429844,-0.111102085292603
5809,1.74924,0.969619,-0.00697964960809302,0.915346582364538,0.777752503850291
5809,1.73205,1,-0.00714499458240134,0.910462498171199,-0.333308963308445
5808,1.71433,1.03008,-0.00730298306087813,0.912416143750526,0.555523964084446
5808,1.6961,1.05984,-0.00745875755362501,0.912416143751246,-0.555523964150953
5807,1.67734,1.08928,-0.00761235105539392,0.910462498170725,0.333308963242434
5807,1.65808,1.11839,-0.00775799565274311,0.915346582365508,-0.777752503915519
5806,1.6383,1.14715,-0.00790727404894375,0.909485669429676,0.11110208522853
5805,1.61803,1.17557,-0.00804232239748157,0.919253778306765,0.999999999982884
5805,1.59727,1.20363,-0.00818748519782849,0.909485669429817,-0.111102085265541
5804,1.57602,1.23132,-0.00831800569244773,0.9153465823649,0.777752503876539
5804,1.55429,1.25864,-0.00845287259469633,0.910462498170939,-0.333308963279996
5803,1.53209,1.28558,-0.00857915237454366,0.912416143750815,0.555523964114853
5803,1.50942,1.31212,-0.00870338422061562,0.91241614375085,-0.555523964118972
5802,1.48629,1.33826,-0.00882569795844345,0.910462498170897,0.333308963276791
5802,1.46271,1.364,-0.00893894400057405,0.915346582364929,-0.77775250387822
5801,1.43868,1.38932,-0.00905752250974231,0.909485669429954,0.111102085257182
5801,1.41421,1.41421,-0.00915941662021522,0.919253778307104,-0.999999999999994
850,1.38932,1.43868,-0.00927445150961472,0.909485669429991,-0.111102085260227
849,1.364,1.46271,-0.009372408105817,0.915346582364834,0.777752503871359
849,1.33826,1.48629,-0.00947629612739995,0.910462498171096,-0.333308963290402
848,1.31212,1.50942,-0.00957051067277886,0.912416143750729,0.555523964099008
848,1.28558,1.53209,-0.00966290775600968,0.912416143751184,-0.555523964140596
847,1.25864,1.55429,-0.0097536082670227,0.910462498170846,0.333308963247574
847,1.23132,1.57602,-0.00983421845650541,0.915346582365554,-0.777752503916259
846,1.20363,1.59727,-0.00992167205972324,0.90948566942978,0.111102085221654
845,1.17557,1.61803,-0.00999024619981592,0.919253778306528,0.999999999969813
845,1.14715,1.6383,-0.0100747426617632,0.909485669429915,-0.111102085282135
844,1.11839,1.65808,-0.010140060047027,0.915346582364625,0.777752503855763
844,1.08928,1.67734,-0.0102128861072898,0.910462498171253,-0.333308963307521
843,1.05984,1.6961,-0.0102752230933832,0.912416143750542,0.555523964080906
843,1.03008,1.71433,-0.0103361346466237,0.912416143751377,-0.555523964158847
842,1,1.73205,-0.0103957000096262,0.910462498170698,0.333308963230309
842,0.969619,1.74924,-0.0104444317599983,0.915346582365766,-0.777752503931825
841,0.938943,1.7659,-0.0105013385485053,0.909485669429764,0.111102085205048
840,0.907981,1.78201,-0.0105375967285772,0.919253778306164,0.99999999995148
840,0.876742,1.79759,-0.0105918509663276,0.909485669429979,-0.11110208530158
839,0.845237,1.81262,-0.01062515652762,0.91534658236432,0.777752503835068
839,0.813473,1.82709,-0.0106668277025476,0.91046249817139,-0.33330896333004
838,0.781462,1.84101,-0.010697084534475,0.912416143750255,0.555523964056983
838,0.749213,1.85437,-0.0107257761917515,0.912416143751674,-0.555523964183563
837,0.716736,1.86716,-0.010752832973797,0.910462498170584,0.333308963203304
837,0.68404,1.87939,-0.010768169952065,0.915346582366261,-0.777752503962098
836,0.651136,1.89104,-0.010791854494037,0.909485669429719,0.111102085173086
835,0.618034,1.90211,-0.0107935030513309,0.919253778305509,0.999999999918205
835,0.584743,1.91261,-0.0108136505469193,0.909485669430073,-0.111102085335132
834,0.551275,1.92252,-0.0108115604039035,0.915346582363819,0.777752503801204
834,0.517638,1.93185,-0.0108178052871786,0.910462498171637,-0.333308963364254
833,0.483844,1.94059,-0.0108118761371968,0.912416143749877,0.55552396402192
833,0.449902,1.94874,-0.0108040078133649,0.91241614375206,-0.555523964220202
832,0.415823,1.9563,-0.0107941792022462,0.910462498170279,0.333308963168166
832,0.381618,1.96325,-0.0107720538133301,0.915346582366717,-0.777752503993703
831,0.347296,1.96962,-0.0107582991910505,0.909485669429573,0.111102085145737
830,0.312869,1.97538,-0.0107218337441516,0.919253778305012,0.99999999989529
830,0.278346,1.98054,-0.0107041505228957,0.909485669430091,-0.111102085358547
829,0.243739,1.98509,-0.010663716783967,0.915346582363415,0.77775250377766
829,0.209057,1.98904,-0.0106317118848167,0.910462498171767,-0.333308963386422
828,0.174311,1.99239,-0.0105873380629221,0.912416143749651,0.55552396400147
828,0.139513,1.99513,-0.0105410071588716,0.912416143752224,-0.555523964238419
827,0.104672,1.99726,-0.0104927176286332,0.910462498170184,0.33330896314881
827,0.069799,1.99878,-0.0104320907745806,0.915346582367074,-0.777752504016452
826,0.0349048,1.9997,-0.0103799005880813,0.909485669429527,0.111102085121841
825,1.27747e-16,2,-0.0103050410251987,0.919253778304535,0.999999999870799
825,-0.0349048,1.9997,-0.0102489557031562,0.909485669430051,-0.111102085378537
824,-0.069799,1.99878,-0.0101702695901549,0.915346582363134,0.777752503762801
824,-0.104672,1.99726,-0.0100999756136761,0.910462498171695,-0.333308963393583
823,-0.139513,1.99513,-0.010017476492241,0.912416143749585,0.555523964001401
823,-0.174311,1.99239,-0.00993308286775752,0.912416143752112,-0.555523964232297
822,-0.209057,1.98904,-0.00984678468051941,0.910462498170195,0.333308963161685
822,-0.243739,1.98509,-0.00974844008674811,0.915346582366744,-0.777752503996403
821,-0.278346,1.98054,-0.00965836265850838,0.909485669429538,0.111102085145537
820,-0.312869,1.97538,-0.00954625658209563,0.919253778305041,0.999999999897278
820,-0.347296,1.96962,-0.00945243189873951,0.90948566942996,-0.111102085350006
819,-0.381618,1.96325,-0.00933676094050101,0.915346582363608,0.777752503792493
819,-0.415823,1.9563,-0.00922927461779851,0.910462498171543,-0.333308963366333
818,-0.449902,1.94874,-0.00911011131096064,0.912416143749872,0.555523964026316
818,-0.483844,1.94059,-0.00898923807402015,0.912416143751875,-0.555523964209561
817,-0.517638,1.93185,-0.008866675623302,0.910462498170336,0.333308963182646
817,-0.551275,1.92252,-0.00873273518204359,0.915346582366457,-0.777752503976948
816,-0.584743,1.91261,-0.00860688690921539,0.909485669429562,0.111102085165907
815,-0.618034,1.90211,-0.00846024248931266,0.919253778305526,0.999999999919175
815,-0.651136,1.89104,-0.00833124212149166,0.909485669429935,-0.111102085328253
814,-0.68404,1.87939,-0.00818174490456867,0.915346582363941,0.777752503814277
814,-0.716736,1.86716,-0.00804029718938547,0.910462498171402,-0.333308963343933
813,-0.749213,1.85437,-0.00788811516272432,0.912416143750117,0.555523964050053
813,-0.781462,1.84101,-0.00773465488308458,0.912416143751584,-0.555523964183396
812,-0.813473,1.82709,-0.00757996391396937,0.910462498170484,0.33330896321226
812,-0.845237,1.81262,-0.00741495869369189,0.91534658236591,-0.7777525039432
811,-0.876742,1.79759,-0.0072579399495759,0.909485669429639,0.111102085200672
810,-0.907981,1.78201,-0.00708188591367332,0.919253778306197,0.999999999954239
810,-0.938943,1.7659,-0.00692271984134929,0.909485669429848,-0.111102085292613
809,-0.969619,1.74924,-0.00674490285394779,0.915346582364533,0.777752503850298
809,-1,1.73205,-0.00657499987772444,0.910462498171205,-0.333308963308436
808,-1.03008,1.71433,-0.00639560409146634,0.912416143750522,0.55552396408444
808,-1.05984,1.6961,-0.00621548631699242,0.912416143751243,-0.555523964150944
807,-1.08928,1.67734,-0.00603468250600101,0.910462498170733,0.33330896324243
807,-1.11839,1.65808,-0.00584488889420318,0.915346582365511,-0.777752503915504
806,-1.14715,1.6383,-0.00566283281910355,0.909485669429678,0.11110208522852
805,-1.17557,1.61803,-0.00546391692260161,0.91925377830677,0.999999999982889
805,-1.20363,1.59727,-0.00528074648834802,0.909485669429819,-0.111102085265551
804,-1.23132,1.57602,-0.00508115541305439,0.915346582364893,0.777752503876544
804,-1.25864,1.55429,-0.00488910872910034,0.910462498170937,-0.333308963279986
803,-1.28558,1.53209,-0.00468896551107663,0.912416143750809,0.555523964114847
803,-1.31212,1.50942,-0.00448859660304356,0.912416143750849,-0.555523964118962
802,-1.33826,1.48629,-0.00428800342030418,0.910462498170897,0.333308963276791
802,-1.364,1.46271,-0.00407987699645201,0.915346582364928,-0.77775250387821
801,-1.38932,1.43868,-0.00387891593682261,0.909485669429954,0.111102085257172
801,-1.41421,1.41421,-0.00366360859571307,0.919253778307104,-0.999999999999994
15850,-1.43868,1.38932,-0.00346234361773774,0.909485669429991,-0.111102085260237
15849,-1.46271,1.364,-0.0032472169976198,0.915346582364828,0.777752503871364
15849,-1.48629,1.33826,-0.00303892145653555,0.910462498171103,-0.333308963290387
15848,-1.50942,1.31212,-0.00282402676148897,0.912416143750729,0.555523964099008
15848,-1.53209,1.28558,-0.00260927976682728,0.912416143751185,-0.555523964140586
15847,-1.55429,1.25864,-0.00239465236774285,0.910462498170851,0.333308963247569
15847,-1.57602,1.23132,-0.00217404575470097,0.915346582365555,-0.777752503916249
15846,-1.59727,1.20363,-0.00195970583804729,0.909485669429784,0.111102085221639
15845,-1.61803,1.17557,-0.00173384342782004,0.919253778306531,0.999999999969823
15845,-1.6383,1.14715,-0.00151979672730638,0.909485669429917,-0.111102085282151
15844,-1.65808,1.11839,-0.00129475714101861,0.915346582364627,0.777752503855772
15844,-1.67734,1.08928,-0.00107553344049206,0.910462498171251,-0.333308963307506
15843,-1.6961,1.05984,-0.000851314993556823,0.912416143750542,0.555523964080906
15843,-1.71433,1.03008,-0.000627525284275708,0.912416143751375,-0.555523964158831
15842,-1.73205,1,-0.000404115897773258,0.910462498170697,0.333308963230296
15842,-1.74924,0.969619,-0.000176384045758755,0.915346582365764,-0.777752503931822
15841,-1.7659,0.938943,4.62381037167751e-05,0.909485669429762,0.111102085205035
15840,-1.78201,0.907981,0.000277276552768592,0.919253778306162,0.999999999951483
15840,-1.79759,0.876742,0.000499143497882738,0.909485669429984,-0.111102085301589
15839,-1.81262,0.845237,0.000728856126755689,0.915346582364318,0.777752503835071
15839,-1.82709,0.813473,0.000953995697843333,0.910462498171391,-0.333308963330024
15838,-1.84101,0.781462,0.00118241860195986,0.912416143750253,0.555523964056986
15838,-1.85437,0.749213,0.0014101876546121,0.912416143751674,-0.555523964183544
15837,-1.86716,0.716736,0.00163736422709794,0.910462498170589,0.333308963203294
15837,-1.87939,0.68404,0.00186710943213199,0.915346582366259,-0.777752503962095
15836,-1.89104,0.651136,0.00209308983001017,0.909485669429715,0.111102085173074
15835,-1.90211,0.618034,0.00232414932654192,0.919253778305508,0.999999999918209
15835,-1.91261,0.584743,0.00254899097221668,0.909485669430068,-0.111102085335144
15834,-1.92252,0.551275,0.00277831019845997,0.915346582363818,0.777752503801208
15834,-1.93185,0.517638,0.00300446306695863,0.910462498171639,-0.333308963364235
15833,-1.94059,0.483844,0.00323210276384042,0.912416143749876,0.555523964021923
15833,-1.94874,0.449902,0.00345890064533673,0.912416143752063,-0.555523964220183
15832,-1.9563,0.415823,0.00368492663776678,0.910462498170272,0.333308963168156
15832,-1.96325,0.381618,0.00391169762963835,0.915346582366716,-0.7777525039937
15831,-1.96962,0.347296,0.00413618091033391,0.909485669429575,0.111102085145728
15830,-1.97538,0.312869,0.00436224950884894,0.91925377830502,0.999999999895294
15830,-1.98054,0.278346,0.00458526648604372,0.909485669430092,-0.111102085358556
15829,-1.98509,0.243739,0.00480925052149419,0.915346582363415,0.777752503777664
15829,-1.98904,0.209057,0.00503158660653452,0.910462498171765,-0.333308963386404
15828,-1.99239,0.174311,0.00525356605158054,0.912416143749651,0.555523964001473
15828,-1.99513,0.139513,0.00547454721771139,0.912416143752222,-0.5555239642384
15827,-1.99726,0.104672,0.00569460624762023,0.910462498170184,0.3333089631488
15827,-1.99878,0.069799,0.00591355851082517,0.915346582367074,-0.777752504016448
15826,-1.9997,0.0349048,0.0061317857232429,0.909485669429527,0.111102085121831
15825,-2,2.46315e-16,0.00634803730681164,0.919253778304535,0.999999999870803
15825,-1.9997,-0.0349048,0.00656452582404432,0.909485669430051,-0.111102085378547
15824,-1.99878,-0.069799,0.00677842075909877,0.915346582363134,0.777752503762804
15824,-1.99726,-0.104672,0.0069922554395574,0.910462498171696,-0.333308963393566
15823,-1.99513,-0.139513,0.00720389307655691,0.912416143749586,0.555523964001405
15823,-1.99239,-0.174311,0.00741441287007311,0.912416143752114,-0.555523964232279
15822,-1.98904,-0.209057,0.00762389721473454,0.910462498170195,0.333308963161688
15822,-1.98509,-0.243739,0.00783044760265563,0.915346582366744,-0.7777525039964
15821,-1.98054,-0.278346,0.0080378859687187,0.909485669429545,0.111102085145526
15820,-1.97538,-0.312869,0.00823981974204353,0.919253778305042,0.999999999897283
15820,-1.96962,-0.347296,0.00844532168568144,0.909485669429957,-0.111102085350017
15819,-1.96325,-0.381618,0.00864471889754619,0.915346582363609,0.777752503792499
15819,-1.9563,-0.415823,0.00884567591064572,0.910462498171549,-0.333308963366345
15818,-1.94874,-0.449902,0.00904265072284005,0.912416143749872,0.555523964026319
15818,-1.94059,-0.483844,0.00923843021294629,0.91241614375188,-0.555523964209544
15817,-1.93185,-0.517638,0.00943309781270593,0.910462498170337,0.33330896318265
15817,-1.92252,-0.551275,0.00962307782553019,0.915346582366458,-0.777752503976945
15816,-1.91261,-0.584743,0.00981555290841686,0.909485669429567,0.111102085165898
15815,-1.90211,-0.618034,0.00999912294450945,0.919253778305528,0.999999999919178
15815,-1.89104,-0.651136,0.0101895193164307,0.90948566942994,-0.111102085328262
15814,-1.87939,-0.68404,0.0103704430635834,0.915346582363942,0.77775250381428
15814,-1.86716,-0.716736,0.0105545115360909,0.910462498171397,-0.333308963343943
15813,-1.85437,-0.749213,0.0107329058906367,0.912416143750119,0.555523964050056
15813,-1.84101,-0.781462,0.0109100528174447,0.912416143751582,-0.555523964183381
15812,-1.82709,-0.813473,0.0110860311936936,0.910462498170486,0.333308963212263
15812,-1.81262,-0.845237,0.0112556789946167,0.915346582365912,-0.777752503943197
15811,-1.79759,-0.876742,0.0114293520769667,0.909485669429641,0.111102085200675
15810,-1.78201,-0.907981,0.0115909386985733,0.919253778306197,0.999999999954239
15810,-1.7659,-0.938943,0.0117624126724426,0.90948566942985,-0.11110208529261
15809,-1.74924,-0.969619,0.0119212793792095,0.915346582364535,0.777752503850301
15809,-1.73205,-1,0.0120847724061264,0.9104624981712,-0.333308963308458
15808,-1.71433,-1.03008,0.0122410316757039,0.912416143750526,0.555523964084446
15808,-1.6961,-1.05984,0.012396004883501,0.912416143751243,-0.555523964150944
15807,-1.67734,-1.08928,0.0125497631326379,0.910462498170725,0.333308963242434
15807,-1.65808,-1.11839,0.0126956970381414,0.915346582365503,-0.7777525039155
15806,-1.6383,-1.14715,0.0128470558201169,0.90948566942967,0.111102085228524
15805,-1.61803,-1.17557,0.0129834509375969,0.919253778306763,0.999999999982893
15805,-1.59727,-1.20363,0.013132504096326,0.909485669429812,-0.111102085265547
15804,-1.57602,-1.23132,0.0132661312739352,0.915346582364898,0.777752503876549
15804,-1.55429,-1.25864,0.0134057118276492,0.910462498170935,-0.333308963280012
15803,-1.53209,-1.28558,0.0135366639779495,0.912416143750815,0.555523964114853
15803,-1.50942,-1.31212,0.0136662924627727,0.912416143750855,-0.555523964118957
15802,-1.48629,-1.33826,0.0137946512093958,0.910462498170897,0.333308963276791
15802,-1.46271,-1.364,0.0139138657271055,0.915346582364928,-0.77775250387821
15801,-1.43868,-1.38932,0.0140397003899696,0.909485669429954,0.111102085257172
15801,-1.41421,-1.41421,0.0141480589333148,0.919253778307098,-0.999999999999989
10084,-1.38932,-1.43868,0.014271427291892,-0.909485669429983,0.111102085260242
10184,-1.364,-1.46271,0.0143769194681542,-0.915346582364814,-0.777752503871363
10184,-1.33826,-1.48629,0.0144894531490959,-0.910462498171062,0.333308963290425
10284,-1.31212,-1.50942,0.0145921301458515,-0.912416143750702,-0.555523964098991
10284,-1.28558,-1.53209,0.0146934033622334,-0.912416143751175,0.55552396414059
10384,-1.25864,-1.55429,0.0147933018986215,-0.910462498170858,-0.333308963247603
10384,-1.23132,-1.57602,0.0148829070474799,-0.915346582365569,0.777752503916277
10484,-1.20363,-1.59727,0.0149800453419201,-0.909485669429755,-0.111102085221656
10584,-1.17557,-1.61803,0.0150575897120048,-0.919253778306467,-0.999999999969833
10584,-1.14715,-1.6383,0.015151966159635,-0.909485669429891,0.111102085282108
10684,-1.11839,-1.65808,0.0152264087220726,-0.915346582364624,-0.777752503855743
10684,-1.08928,-1.67734,0.0153086674609009,-0.910462498171255,0.333308963307532
10784,-1.05984,-1.6961,0.0153799936931481,-0.912416143750544,-0.555523964080908
10784,-1.03008,-1.71433,0.0154497484971046,-0.912416143751393,0.555523964158839
10884,-1,-1.73205,0.0155179244624889,-0.910462498170715,-0.333308963230315
10884,-0.969619,-1.74924,0.0155748062796491,-0.915346582365772,0.777752503931858
10984,-0.938943,-1.7659,0.0156397807407254,-0.909485669429763,-0.111102085205032
11084,-0.907981,-1.78201,0.0156834381952243,-0.919253778306154,-0.99999999995149
11084,-0.876742,-1.79759,0.0157451410109907,-0.909485669429981,0.111102085301552
11184,-0.845237,-1.81262,0.015785246810266,-0.915346582364332,-0.777752503835052
11184,-0.813473,-1.82709,0.015833587359539,-0.910462498171421,0.333308963330044
11284,-0.781462,-1.84101,0.0158700687926608,-0.912416143750289,-0.555523964056998
11284,-0.749213,-1.85437,0.0159047130267963,-0.912416143751684,0.555523964183542
11384,-0.716736,-1.86716,0.0159374867661787,-0.910462498170579,-0.333308963203316
11384,-0.68404,-1.87939,0.0159581235886563,-0.915346582366256,0.777752503962127
11484,-0.651136,-1.89104,0.0159871012904399,-0.9094856694297,-0.111102085173069
11584,-0.618034,-1.90211,0.0159934479946431,-0.919253778305473,-0.9999999999182
11584,-0.584743,-1.91261,0.0160185391872786,-0.909485669430035,0.111102085335111
11684,-0.551275,-1.92252,0.0160207968226031,-0.915346582363772,-0.777752503801188
11684,-0.517638,-1.93185,0.0160314584511755,-0.910462498171642,0.333308963364261
11784,-0.483844,-1.94059,0.0160295579555987,-0.912416143749915,-0.555523964021929
11784,-0.449902,-1.94874,0.016025562384707,-0.912416143752077,0.555523964220183
11884,-0.415823,-1.9563,0.0160194477987775,-0.910462498170266,-0.33330896316818
11884,-0.381618,-1.96325,0.0160006075352988,-0.915346582366712,0.777752503993725
11984,-0.347296,-1.96962,0.0159902385902521,-0.909485669429565,-0.111102085145729
12084,-0.312869,-1.97538,0.01595640980585,-0.919253778305011,-0.999999999895287
12084,-0.278346,-1.98054,0.0159417653310752,-0.909485669430107,0.111102085358526
12184,-0.243739,-1.98509,0.0159035710900997,-0.915346582363447,-0.777752503777644
12184,-0.209057,-1.98904,0.0158739283735658,-0.910462498171781,0.333308963386432
12284,-0.174311,-1.99239,0.0158313903091251,-0.912416143749663,-0.555523964001473
12284,-0.139513,-1.99513,0.0157866955257097,-0.912416143752267,0.555523964238395
12384,-0.104672,-1.99726,0.0157398547160716,-0.910462498170238,-0.333308963148834
12384,-0.069799,-1.99878,0.0156801015132376,-0.915346582367131,0.777752504016471
12484,-0.0349048,-1.9997,0.0156290158160963,-0.909485669429557,-0.111102085121833
12584,-4.35203e-16,-2,0.0155542469744284,-0.919253778304537,-0.999999999870803
12584,0.0349048,-1.9997,0.0154989902133799,-0.909485669430058,0.111102085378513
12684,0.069799,-1.99878,0.0154200916706103,-0.915346582363139,-0.777752503762792
12684,0.104672,-1.99726,0.0153499557930201,-0.9104624981717,0.333308963393593
12784,0.139513,-1.99513,0.0152670363007628,-0.912416143749591,-0.555523964001403
12784,0.174311,-1.99239,0.0151821480491422,-0.912416143752134,0.555523964232273
12884,0.209057,-1.98904,0.0150953258798826,-0.91046249817019,-0.333308963161724
12884,0.243739,-1.98509,0.0149958596455333,-0.915346582366752,0.777752503996427
12984,0.278346,-1.98054,0.0149052619531374,-0.909485669429543,-0.111102085145531
13084,0.312869,-1.97538,0.0147914412392616,-0.919253778305079,-0.999999999897294
13084,0.347296,-1.96962,0.0146972090900637,-0.909485669429971,0.111102085349981
13184,0.381618,-1.96325,0.0145799354907021,-0.915346582363621,-0.777752503792476
13184,0.415823,-1.9563,0.0144716072534433,-0.910462498171561,0.33330896336634
13284,0.449902,-1.94874,0.0143510747442813,-0.912416143749886,-0.555523964026324
13284,0.483844,-1.94059,0.014228985964399,-0.912416143751904,0.555523964209538
13384,0.517638,-1.93185,0.0141054225380102,-0.910462498170363,-0.333308963182687
13384,0.551275,-1.92252,0.013969977992373,-0.915346582366464,0.777752503976962
13484,0.584743,-1.91261,0.0138436499633575,-0.909485669429569,-0.111102085165906
13584,0.618034,-1.90211,0.0136953259827195,-0.919253778305519,-0.999999999919186
13584,0.651136,-1.89104,0.0135665389544231,-0.909485669429928,0.111102085328226
13684,0.68404,-1.87939,0.0134161164909901,-0.915346582363942,-0.777752503814258
13684,0.716736,-1.86716,0.013274973778587,-0.910462498171394,0.333308963343945
13784,0.749213,-1.85437,0.013122817114053,-0.912416143750121,-0.555523964050058
13784,0.781462,-1.84101,0.01296991313191,-0.91241614375158,0.555523964183364
13884,0.813473,-1.82709,0.0128163862221674,-0.91046249817049,-0.333308963212306
13884,0.845237,-1.81262,0.0126523547121829,-0.915346582365913,0.777752503943214
13984,0.876742,-1.79759,0.012497793229619,-0.909485669429626,-0.1111020852007
14084,0.907981,-1.78201,0.0123232864288144,-0.919253778306215,-0.999999999954254
14084,0.938943,-1.7659,0.0121679637403875,-0.909485669429858,0.111102085292581
14184,0.969619,-1.74924,0.011993152414982,-0.915346582364524,-0.777752503850263
14184,1,-1.73205,0.0118277306535705,-0.910462498171194,0.333308963308465
14284,1.03008,-1.71433,0.0116527764910316,-0.91241614375052,-0.55552396408445
14284,1.05984,-1.6961,0.0114777918851015,-0.912416143751235,0.55552396415093
14384,1.08928,-1.67734,0.0113027380216061,-0.910462498170724,-0.333308963242461
14384,1.11839,-1.65808,0.0111186905759341,-0.915346582365498,0.777752503915531
14484,1.14715,-1.6383,0.0109434684073452,-0.909485669429676,-0.111102085228531
14584,1.17557,-1.61803,0.0107508253826687,-0.919253778306762,-0.999999999982903
14584,1.20363,-1.59727,0.0105752760782852,-0.909485669429825,0.1111020852655
14684,1.23132,-1.57602,0.0103827421631951,-0.91534658236492,-0.777752503876537
14684,1.25864,-1.55429,0.0101983921368503,-0.910462498170955,0.333308963280004
14784,1.28558,-1.53209,0.0100057573629327,-0.912416143750819,-0.555523964114867
14784,1.31212,-1.50942,0.00981302736195356,-0.912416143750872,0.555523964118932
14884,1.33826,-1.48629,0.00962007956065794,-0.910462498170903,-0.333308963276861
14884,1.364,-1.46271,0.00941942154287988,-0.915346582364901,0.777752503878194
14984,1.38932,-1.43868,0.00922597115976998,-0.909485669429939,-0.111102085257194
14984,1.41421,-1.41421,0.00901787502197512,-0.919253778307102,0.999999999999985
5850,1.43868,-1.38932,0.00882376041262156,0.909485669429985,-0.111102085260202
5849,1.46271,-1.364,0.00861550597475778,0.915346582364833,0.777752503871339
5849,1.48629,-1.33826,0.00841381771602584,0.910462498171102,-0.333308963290407
5848,1.50942,-1.31212,0.00820525579019394,0.91241614375073,0.555523964099018
5848,1.53209,-1.28558,0.00799651273949805,0.912416143751186,-0.555523964140576
5847,1.55429,-1.25864,0.00778746728341448,0.91046249817085,0.333308963247604
5847,1.57602,-1.23132,0.00757217541055407,0.91534658236556,-0.777752503916265
5846,1.59727,-1.20363,0.00736243247124123,0.909485669429786,0.111102085221649
5845,1.61803,-1.17557,0.00714108208155864,0.919253778306525,0.999999999969829
5845,1.6383,-1.14715,0.00693040728241317,0.909485669429914,-0.11110208528211
5844,1.65808,-1.11839,0.00670863681502567,0.915346582364627,0.777752503855747
5844,1.67734,-1.08928,0.00649166960576703,0.910462498171258,-0.333308963307527
5843,1.6961,-1.05984,0.00626929292657449,0.912416143750537,0.555523964080912
5843,1.71433,-1.03008,0.00604659391195421,0.912416143751378,-0.555523964158821
5842,1.73205,-1,0.00582351053169273,0.910462498170701,0.333308963230334
5842,1.74924,-0.969619,0.00559570741625365,0.915346582365767,-0.777752503931841
5841,1.7659,-0.938943,0.00537191291752172,0.909485669429766,0.111102085205045
5840,1.78201,-0.907981,0.00513969505754342,0.919253778306158,0.99999999995149
5840,1.79759,-0.876742,0.00491525367540923,0.909485669429983,-0.111102085301555
5839,1.81262,-0.845237,0.00468300086244003,0.915346582364319,0.777752503835052
5839,1.82709,-0.813473,0.00445435185724121,0.910462498171384,-0.333308963330046
5838,1.84101,-0.781462,0.00422215558016004,0.912416143750258,0.555523964056995
5838,1.85437,-0.749213,0.00399003255738364,0.91241614375167,-0.555523964183538
5837,1.86716,-0.716736,0.0037579675906615,0.91046249817059,0.333308963203332
5837,1.87939,-0.68404,0.00352309538734741,0.915346582366259,-0.777752503962114
5836,1.89104,-0.651136,0.00329121514464348,0.909485669429712,0.11110208517308
5835,1.90211,-0.618034,0.00305431087034997,0.919253778305505,0.999999999918216
5835,1.91261,-0.584743,0.00282264643459031,0.909485669430072,-0.111102085335106
5834,1.92252,-0.551275,0.00258656228109684,0.915346582363824,0.777752503801191
5834,1.93185,-0.517638,0.00235296835674706,0.910462498171638,-0.333308963364257
5833,1.94059,-0.483844,0.00211769144824111,0.912416143749874,0.555523964021932
5833,1.94874,-0.449902,0.00188282814892942,0.91241614375206,-0.555523964220175
5832,1.9563,-0.415823,0.00164830236656895,0.910462498170272,0.333308963168192
5832,1.96325,-0.381618,0.00141280485975468,0.915346582366721,-0.777752503993719
5831,1.96962,-0.347296,0.00117894163116336,0.909485669429573,0.111102085145735
5830,1.97538,-0.312869,0.000943431024768633,0.919253778305019,0.999999999895301
5830,1.98054,-0.278346,0.000710142728637907,0.909485669430095,-0.11110208535852
5829,1.98509,-0.243739,0.000475792798720069,0.915346582363408,0.777752503777643
5829,1.98904,-0.209057,0.000242491374347165,0.910462498171767,-0.333308963386425
5828,1.99239,-0.174311,9.28570322093664e-06,0.91241614374965,0.555523964001481
5828,1.99513,-0.139513,-0.000223316601040729,0.912416143752221,-0.555523964238393
5827,1.99726,-0.104672,-0.00045531143099908,0.910462498170182,0.333308963148836
5827,1.99878,-0.069799,-0.000686453600511196,0.915346582367075,-0.777752504016468
5826,1.9997,-0.0349048,-0.000917097272998569,0.909485669429527,0.111102085121839
