origElemNum,globCoord-x,globCoord-y,acouPotentialD1-,locCoord-xi,locCoord-eta
5825,2,-2.20442e-18,-0.00459826819509142,0.919253778304535,0.999999999870795
5825,1.9997,0.0349048,-0.00413323944749523,0.909485669430051,-0.11110208537854
5824,1.99878,0.069799,-0.00367109539673009,0.915346582363134,0.7777525037628
5824,1.99726,0.104672,-0.00320495724463731,0.910462498171695,-0.333308963393583
5823,1.99513,0.139513,-0.00273979690722661,0.912416143749585,0.555523964001403
5823,1.99239,0.174311,-0.00227335982874131,0.912416143752112,-0.555523964232293
5822,1.98904,0.209057,-0.00180581349875368,0.910462498170195,0.33330896316169
5822,1.98509,0.243739,-0.00133987204142297,0.915346582366752,-0.777752503996411
5821,1.98054,0.278346,-0.000870548637901416,0.909485669429537,0.111102085145532
5820,1.97538,0.312869,-0.000405877969148474,0.91925377830504,0.999999999897275
5820,1.96962,0.347296,6.46364651726276e-05,0.909485669429959,-0.111102085350008
5819,1.96325,0.381618,0.000530048067396067,0.915346582363608,0.777752503792493
5819,1.9563,0.415823,0.000998408823087024,0.910462498171543,-0.333308963366333
5818,1.94874,0.449902,0.00146399954452545,0.912416143749872,0.555523964026318
5818,1.94059,0.483844,0.00192947651624007,0.912416143751876,-0.555523964209557
5817,1.93185,0.517638,0.00239472621215329,0.910462498170338,0.333308963182653
5817,1.92252,0.551275,0.00285662002480239,0.915346582366455,-0.777752503976955
5816,1.91261,0.584743,0.00332104103481885,0.909485669429567,0.111102085165898
5815,1.90211,0.618034,0.00377866127723017,0.919253778305533,0.999999999919169
5815,1.89104,0.651136,0.00424177061428534,0.909485669429933,-0.111102085328256
5814,1.87939,0.68404,0.0046976601225122,0.915346582363941,0.777752503814277
5814,1.86716,0.716736,0.00515577265143389,0.910462498171402,-0.333308963343933
5813,1.85437,0.749213,0.00560950381343352,0.912416143750119,0.555523964050056
5813,1.84101,0.781462,0.00606199800811557,0.912416143751575,-0.555523964183394
5812,1.82709,0.813473,0.00651319952081765,0.910462498170486,0.333308963212263
5812,1.81262,0.845237,0.00695947536183535,0.915346582365915,-0.777752503943209
5811,1.79759,0.876742,0.00740780728757226,0.909485669429635,0.111102085200681
5810,1.78201,0.907981,0.00784728241794561,0.919253778306195,0.999999999954235
5810,1.7659,0.938943,0.00829245060701543,0.909485669429844,-0.111102085292603
5809,1.74924,0.969619,0.00872840360092537,0.915346582364538,0.777752503850291
5809,1.73205,1,0.00916635304490826,0.910462498171199,-0.333308963308445
5808,1.71433,1.03008,0.00959857364148268,0.912416143750526,0.555523964084446
5808,1.6961,1.05984,0.0100288307773418,0.912416143751246,-0.555523964150953
5807,1.67734,1.08928,0.0104571511608356,0.910462498170725,0.333308963242434
5807,1.65808,1.11839,0.0108792692739088,0.915346582365508,-0.777752503915519
5806,1.6383,1.14715,0.0113035407064947,0.909485669429676,0.11110208522853
5805,1.61803,1.17557,0.0117170824808793,0.919253778306765,0.999999999982884
5805,1.59727,1.20363,0.012137136590911,0.909485669429817,-0.111102085265541
5804,1.57602,1.23132,0.0125461343630522,0.9153465823649,0.777752503876539
5804,1.55429,1.25864,0.0129572706453791,0.910462498170939,-0.333308963279996
5803,1.53209,1.28558,0.0133614911228648,0.912416143750815,0.555523964114853
5803,1.50942,1.31212,0.0137632060338584,0.91241614375085,-0.555523964118972
5802,1.48629,1.33826,0.0141623838809146,0.910462498170897,0.333308963276791
5802,1.46271,1.364,0.0145541805272572,0.915346582364929,-0.77775250387822
5801,1.43868,1.38932,0.0149480362839666,0.909485669429954,0.111102085257182
5801,1.41421,1.41421,0.0153294272819823,0.919253778307104,-0.999999999999994
850,1.38932,1.43868,0.0157176457669363,0.909485669429991,-0.111102085260227
849,1.364,1.46271,0.0160930744890604,0.915346582364834,0.777752503871359
849,1.33826,1.48629,0.0164703268900654,0.910462498171096,-0.333308963290402
848,1.31212,1.50942,0.0168393780467018,0.912416143750729,0.555523964099008
848,1.28558,1.53209,0.0172050637317642,0.912416143751184,-0.555523964140596
847,1.25864,1.55429,0.0175672176637506,0.910462498170846,0.333308963247574
847,1.23132,1.57602,0.0179206995030413,0.915346582365554,-0.777752503916259
846,1.20363,1.59727,0.0182753478706858,0.90948566942978,0.111102085221654
845,1.17557,1.61803,0.0186159704027502,0.919253778306528,0.999999999969813
845,1.14715,1.6383,0.0189624562198988,0.909485669429915,-0.111102085282135
844,1.11839,1.65808,0.0192945856267661,0.915346582364625,0.777752503855763
844,1.08928,1.67734,0.0196272541231546,0.910462498171253,-0.333308963307521
843,1.05984,1.6961,0.0199502867817223,0.912416143750542,0.555523964080906
843,1.03008,1.71433,0.0202685795643608,0.912416143751377,-0.555523964158847
842,1,1.73205,0.0205819972838839,0.910462498170698,0.333308963230309
842,0.969619,1.74924,0.0208854346990996,0.915346582365766,-0.777752503931825
841,0.938943,1.7659,0.0211887883883389,0.909485669429764,0.111102085205048
840,0.907981,1.78201,0.0214769479911736,0.919253778306164,0.99999999995148
840,0.876742,1.79759,0.0217698014901453,0.909485669429979,-0.11110208530158
839,0.845237,1.81262,0.0220472531702944,0.91534658236432,0.777752503835068
839,0.813473,1.82709,0.0223241528972138,0.91046249817139,-0.33330896333004
838,0.781462,1.84101,0.0225904149233592,0.912416143750255,0.555523964056983
838,0.749213,1.85437,0.0228509090539744,0.912416143751674,-0.555523964183563
837,0.716736,1.86716,0.0231054799055317,0.910462498170584,0.333308963203304
837,0.68404,1.87939,0.0233491431800067,0.915346582366261,-0.777752503962098
836,0.651136,1.89104,0.0235915596588595,0.909485669429719,0.111102085173086
835,0.618034,1.90211,0.023818023454344,0.919253778305509,0.999999999918205
835,0.584743,1.91261,0.024047914898977,0.909485669430073,-0.111102085335132
834,0.551275,1.92252,0.0242617408206468,0.915346582363819,0.777752503801204
834,0.517638,1.93185,0.0244740036420937,0.910462498171637,-0.333308963364254
833,0.483844,1.94059,0.0246749778812119,0.912416143749877,0.55552396402192
833,0.449902,1.94874,0.0248694591218724,0.91241614375206,-0.555523964220202
832,0.415823,1.9563,0.0250574412357847,0.910462498170279,0.333308963168166
832,0.381618,1.96325,0.0252340321225307,0.915346582366717,-0.777752503993703
831,0.347296,1.96962,0.0254089147970308,0.909485669429573,0.111102085145737
830,0.312869,1.97538,0.0255675280658228,0.919253778305012,0.99999999989529
830,0.278346,1.98054,0.0257292047165682,0.909485669430091,-0.111102085358547
829,0.243739,1.98509,0.0258745832829014,0.915346582363415,0.77775250377766
829,0.209057,1.98904,0.0260181117761068,0.910462498171767,-0.333308963386422
828,0.174311,1.99239,0.026150133739258,0.912416143749651,0.55552396400147
828,0.139513,1.99513,0.0262754255618311,0.912416143752224,-0.555523964238419
827,0.104672,1.99726,0.0263939526665147,0.910462498170184,0.33330896314881
827,0.069799,1.99878,0.0265009286054582,0.915346582367074,-0.777752504016452
826,0.0349048,1.9997,0.0266058039814631,0.909485669429527,0.111102085121841
825,1.27747e-16,2,0.0266943940064161,0.919253778304535,0.999999999870799
825,-0.0349048,1.9997,0.0267854401699399,0.909485669430051,-0.111102085378537
824,-0.069799,1.99878,0.0268602080298883,0.915346582363134,0.777752503762801
824,-0.104672,1.99726,0.0269326038627404,0.910462498171695,-0.333308963393583
823,-0.139513,1.99513,0.0269933530985951,0.912416143749585,0.555523964001401
823,-0.174311,1.99239,0.0270470257845417,0.912416143752112,-0.555523964232297
822,-0.209057,1.98904,0.0270935335209466,0.910462498170195,0.333308963161685
822,-0.243739,1.98509,0.0271284199338124,0.915346582366744,-0.777752503996403
821,-0.278346,1.98054,0.0271604372023903,0.909485669429538,0.111102085145537
820,-0.312869,1.97538,0.0271764895083956,0.919253778305041,0.999999999897278
820,-0.347296,1.96962,0.0271937489622767,0.90948566942996,-0.111102085350006
819,-0.381618,1.96325,0.027195105819197,0.915346582363608,0.777752503792493
819,-0.415823,1.9563,0.0271931628425781,0.910462498171543,-0.333308963366333
818,-0.449902,1.94874,0.0271795587173414,0.912416143749872,0.555523964026316
818,-0.483844,1.94059,0.0271583998244908,0.912416143751875,-0.555523964209561
817,-0.517638,1.93185,0.0271295771302092,0.910462498170336,0.333308963182646
817,-0.551275,1.92252,0.0270892310501766,0.915346582366457,-0.777752503976948
816,-0.584743,1.91261,0.0270449518841527,0.909485669429562,0.111102085165907
815,-0.618034,1.90211,0.0269854954402102,0.919253778305526,0.999999999919175
815,-0.651136,1.89104,0.0269255439566612,0.909485669429935,-0.111102085328253
814,-0.68404,1.87939,0.0268505899221398,0.915346582363941,0.777752503814277
814,-0.716736,1.86716,0.0267712868917308,0.910462498171402,-0.333308963343933
813,-0.749213,1.85437,0.0266806711448754,0.912416143750117,0.555523964050053
813,-0.781462,1.84101,0.0265821911988773,0.912416143751584,-0.555523964183396
812,-0.813473,1.82709,0.0264757744898462,0.910462498170484,0.33330896321226
812,-0.845237,1.81262,0.0263583377915335,0.91534658236591,-0.7777525039432
811,-0.876742,1.79759,0.0262360075386451,0.909485669429639,0.111102085200672
810,-0.907981,1.78201,0.0260998837749548,0.919253778306197,0.999999999954239
810,-0.938943,1.7659,0.025961558735514,0.909485669429848,-0.111102085292613
809,-0.969619,1.74924,0.0258097391543133,0.915346582364533,0.777752503850298
809,-1,1.73205,0.0256526991108215,0.910462498171205,-0.333308963308436
808,-1.03008,1.71433,0.0254851630217385,0.912416143750522,0.55552396408444
808,-1.05984,1.6961,0.0253097862809355,0.912416143751243,-0.555523964150944
807,-1.08928,1.67734,0.0251265542021056,0.910462498170733,0.33330896324243
807,-1.11839,1.65808,0.0249332739372272,0.915346582365511,-0.777752503915504
806,-1.14715,1.6383,0.0247344095024629,0.909485669429678,0.11110208522852
805,-1.17557,1.61803,0.0245237066859656,0.91925377830677,0.999999999982889
805,-1.20363,1.59727,0.024309318275143,0.909485669429819,-0.111102085265551
804,-1.23132,1.57602,0.0240835119164294,0.915346582364893,0.777752503876544
804,-1.25864,1.55429,0.0238519597797495,0.910462498170937,-0.333308963279986
803,-1.28558,1.53209,0.0236112183589653,0.912416143750809,0.555523964114847
803,-1.31212,1.50942,0.0233630877579423,0.912416143750849,-0.555523964118962
802,-1.33826,1.48629,0.0231076116164456,0.910462498170897,0.333308963276791
802,-1.364,1.46271,0.0228435243896523,0.915346582364928,-0.77775250387821
801,-1.38932,1.43868,0.0225735418381535,0.909485669429954,0.111102085257172
801,-1.41421,1.41421,0.0222941504625966,0.919253778307104,-0.999999999999994
15850,-1.43868,1.38932,0.0220099139957665,0.909485669429991,-0.111102085260237
15849,-1.46271,1.364,0.0217167709879967,0.915346582364828,0.777752503871364
15849,-1.48629,1.33826,0.0214176890651587,0.910462498171103,-0.333308963290387
15848,-1.50942,1.31212,0.0211110902940506,0.912416143750729,0.555523964099008
15848,-1.53209,1.28558,0.0207978841499923,0.912416143751185,-0.555523964140586
15847,-1.55429,1.25864,0.0204781507763098,0.910462498170851,0.333308963247569
15847,-1.57602,1.23132,0.0201515663767244,0.915346582365555,-0.777752503916249
15846,-1.59727,1.20363,0.0198190420263594,0.909485669429784,0.111102085221639
15845,-1.61803,1.17557,0.0194798455118886,0.919253778306531,0.999999999969823
15845,-1.6383,1.14715,0.0191348906053318,0.909485669429917,-0.111102085282151
15844,-1.65808,1.11839,0.0187838150751995,0.915346582364627,0.777752503855772
15844,-1.67734,1.08928,0.0184268473228358,0.910462498171251,-0.333308963307506
15843,-1.6961,1.05984,0.0180642648284933,0.912416143750542,0.555523964080906
15843,-1.71433,1.03008,0.017696072361243,0.912416143751375,-0.555523964158831
15842,-1.73205,1,0.0173223502432511,0.910462498170697,0.333308963230296
15842,-1.74924,0.969619,0.0169437175351548,0.915346582365764,-0.777752503931822
15841,-1.7659,0.938943,0.0165592141100303,0.909485669429762,0.111102085205035
15840,-1.78201,0.907981,0.0161709231351677,0.919253778306162,0.999999999951483
15840,-1.79759,0.876742,0.0157759870419463,0.909485669429984,-0.111102085301589
15839,-1.81262,0.845237,0.0153778138778649,0.915346582364318,0.777752503835071
15839,-1.82709,0.813473,0.0149737862940912,0.910462498171391,-0.333308963330024
15838,-1.84101,0.781462,0.0145660713581714,0.912416143750253,0.555523964056986
15838,-1.85437,0.749213,0.0141537251339642,0.912416143751674,-0.555523964183544
15837,-1.86716,0.716736,0.013736811678933,0.910462498170589,0.333308963203294
15837,-1.87939,0.68404,0.0133169229521146,0.915346582366259,-0.777752503962095
15836,-1.89104,0.651136,0.0128911634445193,0.909485669429715,0.111102085173074
15835,-1.90211,0.618034,0.0124645136969885,0.919253778305508,0.999999999918209
15835,-1.91261,0.584743,0.0120302740835232,0.909485669430068,-0.111102085335144
15834,-1.92252,0.551275,0.0115956985658847,0.915346582363818,0.777752503801208
15834,-1.93185,0.517638,0.0111553100978848,0.910462498171639,-0.333308963364235
15833,-1.94059,0.483844,0.0107131883448871,0.912416143749876,0.555523964021923
15833,-1.94874,0.449902,0.0102674490672291,0.912416143752063,-0.555523964220183
15832,-1.9563,0.415823,0.00981816571748623,0.910462498170272,0.333308963168156
15832,-1.96325,0.381618,0.00936787149117303,0.915346582366716,-0.7777525039937
15831,-1.96962,0.347296,0.00891181386086009,0.909485669429575,0.111102085145728
15830,-1.97538,0.312869,0.00845775695532825,0.91925377830502,0.999999999895294
15830,-1.98054,0.278346,0.00799531763822134,0.909485669430092,-0.111102085358556
15829,-1.98509,0.243739,0.00753542652980442,0.915346582363415,0.777752503777664
15829,-1.98904,0.209057,0.00706986949191965,0.910462498171765,-0.333308963386404
15828,-1.99239,0.174311,0.00660454623055809,0.912416143749651,0.555523964001473
15828,-1.99513,0.139513,0.0061366723623463,0.912416143752222,-0.5555239642384
15827,-1.99726,0.104672,0.00566632997668925,0.910462498170184,0.3333089631488
15827,-1.99878,0.069799,0.00519693996377435,0.915346582367074,-0.777752504016448
15826,-1.9997,0.0349048,0.00472200388093723,0.909485669429527,0.111102085121831
15825,-2,2.46315e-16,0.004251899606998,0.919253778304535,0.999999999870803
15825,-1.9997,-0.0349048,0.00377280643544378,0.909485669430051,-0.111102085378547
15824,-1.99878,-0.069799,0.00329908399342851,0.915346582363134,0.777752503762804
15824,-1.99726,-0.104672,0.00281998050364574,0.910462498171696,-0.333308963393566
15823,-1.99513,-0.139513,0.00234308048350678,0.912416143749586,0.555523964001405
15823,-1.99239,-0.174311,0.00186476826426683,0.912416143752114,-0.555523964232279
15822,-1.98904,-0.209057,0.00138513659292302,0.910462498170195,0.333308963161688
15822,-1.98509,-0.243739,0.000908412585110582,0.915346582366744,-0.7777525039964
15821,-1.98054,-0.278346,0.000426500587535592,0.909485669429545,0.111102085145526
15820,-1.97538,-0.312869,-4.78456588885939e-05,0.919253778305042,0.999999999897283
15820,-1.96962,-0.347296,-0.000531581960224546,0.909485669429957,-0.111102085350017
15819,-1.96325,-0.381618,-0.00100723468369395,0.915346582363609,0.777752503792499
15819,-1.9563,-0.415823,-0.00148786562307093,0.910462498171549,-0.333308963366345
15818,-1.94874,-0.449902,-0.00196436374770704,0.912416143749872,0.555523964026319
15818,-1.94059,-0.483844,-0.00244110093720217,0.91241614375188,-0.555523964209544
15817,-1.93185,-0.517638,-0.00291797146978269,0.910462498170337,0.33330896318265
15817,-1.92252,-0.551275,-0.00339002886638271,0.915346582366458,-0.777752503976945
15816,-1.91261,-0.584743,-0.00386678892550655,0.909485669429567,0.111102085165898
15815,-1.90211,-0.618034,-0.00433338846417616,0.919253778305528,0.999999999919178
15815,-1.89104,-0.651136,-0.00480954990146137,0.90948566942994,-0.111102085328262
15814,-1.87939,-0.68404,-0.00527505632955513,0.915346582363942,0.77775250381428
15814,-1.86716,-0.716736,-0.00574499535258104,0.910462498171397,-0.333308963343943
15813,-1.85437,-0.749213,-0.00620892389046188,0.912416143750119,0.555523964050056
15813,-1.84101,-0.781462,-0.00667187577395493,0.912416143751582,-0.555523964183381
15812,-1.82709,-0.813473,-0.00713373813016649,0.910462498170486,0.333308963212263
15812,-1.81262,-0.845237,-0.00758894772833288,0.915346582365912,-0.777752503943197
15811,-1.79759,-0.876742,-0.0080482538560679,0.909485669429641,0.111102085200675
15810,-1.78201,-0.907981,-0.00849497971042426,0.919253778306197,0.999999999954239
15810,-1.7659,-0.938943,-0.00895123795098999,0.90948566942985,-0.11110208529261
15809,-1.74924,-0.969619,-0.00939445433176322,0.915346582364535,0.777752503850301
15809,-1.73205,-1,-0.00984145839027528,0.9104624981712,-0.333308963308458
15808,-1.71433,-1.03008,-0.0102806633770433,0.912416143750526,0.555523964084446
15808,-1.6961,-1.05984,-0.0107176694567097,0.912416143751243,-0.555523964150944
15807,-1.67734,-1.08928,-0.0111523450461332,0.910462498170725,0.333308963242434
15807,-1.65808,-1.11839,-0.0115786175607459,0.915346582365503,-0.7777525039155
15806,-1.6383,-1.14715,-0.0120082314280686,0.90948566942967,0.111102085228524
15805,-1.61803,-1.17557,-0.0124230362177475,0.919253778306763,0.999999999982893
15805,-1.59727,-1.20363,-0.0128470465725843,0.909485669429812,-0.111102085265547
15804,-1.57602,-1.23132,-0.013255811096876,0.915346582364898,0.777752503876549
15804,-1.55429,-1.25864,-0.0136675240167829,0.910462498170935,-0.333308963280012
15803,-1.53209,-1.28558,-0.0140697096414269,0.912416143750815,0.555523964114853
15803,-1.50942,-1.31212,-0.0144684095853874,0.912416143750855,-0.555523964118957
15802,-1.48629,-1.33826,-0.0148634818305552,0.910462498170897,0.333308963276791
15802,-1.46271,-1.364,-0.0152484774865321,0.915346582364928,-0.77775250387821
15801,-1.43868,-1.38932,-0.0156359196314449,0.909485669429954,0.111102085257172
15801,-1.41421,-1.41421,-0.0160065522629573,0.919253778307098,-0.999999999999989
10084,-1.38932,-1.43868,-0.0163858696338826,-0.909485669429983,0.111102085260242
10184,-1.364,-1.46271,-0.0167480083882233,-0.915346582364814,-0.777752503871363
10184,-1.33826,-1.48629,-0.0171122398747363,-0.910462498171062,0.333308963290425
10284,-1.31212,-1.50942,-0.0174654390901241,-0.912416143750702,-0.555523964098991
10284,-1.28558,-1.53209,-0.0178140095067588,-0.912416143751175,0.55552396414059
10384,-1.25864,-1.55429,-0.0181578574922723,-0.910462498170858,-0.333308963247603
10384,-1.23132,-1.57602,-0.0184902417371824,-0.915346582365569,0.777752503916277
10484,-1.20363,-1.59727,-0.0188243688422415,-0.909485669429755,-0.111102085221656
10584,-1.17557,-1.61803,-0.0191400976120521,-0.919253778306467,-0.999999999969833
10584,-1.14715,-1.6383,-0.0194641777482725,-0.909485669429891,0.111102085282108
10684,-1.11839,-1.65808,-0.0197696180236098,-0.915346582364624,-0.777752503855743
10684,-1.08928,-1.67734,-0.0200765997407959,-0.910462498171255,0.333308963307532
10784,-1.05984,-1.6961,-0.0203715176685431,-0.912416143750544,-0.555523964080908
10784,-1.03008,-1.71433,-0.0206610891690208,-0.912416143751393,0.555523964158839
10884,-1,-1.73205,-0.0209453164854541,-0.910462498170715,-0.333308963230315
10884,-0.969619,-1.74924,-0.021217239566776,-0.915346582365772,0.777752503931858
10984,-0.938943,-1.7659,-0.0214906698634889,-0.909485669429763,-0.111102085205032
11084,-0.907981,-1.78201,-0.0217447921335496,-0.919253778306154,-0.99999999995149
11084,-0.876742,-1.79759,-0.0220073719552073,-0.909485669429981,0.111102085301552
11184,-0.845237,-1.81262,-0.0222505921997472,-0.915346582364332,-0.777752503835052
11184,-0.813473,-1.82709,-0.0224953283658883,-0.910462498171421,0.333308963330044
11284,-0.781462,-1.84101,-0.0227276640625831,-0.912416143750289,-0.555523964056998
11284,-0.749213,-1.85437,-0.0229545415931021,-0.912416143751684,0.555523964183542
11384,-0.716736,-1.86716,-0.0231760301488941,-0.910462498170579,-0.333308963203316
11384,-0.68404,-1.87939,-0.0233850914014623,-0.915346582366256,0.777752503962127
11484,-0.651136,-1.89104,-0.0235957680091718,-0.9094856694297,-0.111102085173069
11584,-0.618034,-1.90211,-0.0237870954347569,-0.919253778305473,-0.9999999999182
11584,-0.584743,-1.91261,-0.0239869746474218,-0.909485669430035,0.111102085335111
11684,-0.551275,-1.92252,-0.0241675982596799,-0.915346582363772,-0.777752503801188
11684,-0.517638,-1.93185,-0.0243497579648897,-0.910462498171642,0.333308963364261
11784,-0.483844,-1.94059,-0.0245196796802978,-0.912416143749915,-0.555523964021929
11784,-0.449902,-1.94874,-0.0246842255450396,-0.912416143752077,0.555523964220183
11884,-0.415823,-1.9563,-0.024843414948802,-0.910462498170266,-0.33330896316818
11884,-0.381618,-1.96325,-0.0249904783668645,-0.915346582366712,0.777752503993725
11984,-0.347296,-1.96962,-0.0251388708301034,-0.909485669429565,-0.111102085145729
12084,-0.312869,-1.97538,-0.0252685987525725,-0.919253778305011,-0.999999999895287
12084,-0.278346,-1.98054,-0.0254060897137274,-0.909485669430107,0.111102085358526
12184,-0.243739,-1.98509,-0.0255250863792264,-0.915346582363447,-0.777752503777644
12184,-0.209057,-1.98904,-0.0256450786359542,-0.910462498171781,0.333308963386432
12284,-0.174311,-1.99239,-0.025753192861704,-0.912416143749663,-0.555523964001473
12284,-0.139513,-1.99513,-0.0258558014370238,-0.912416143752267,0.555523964238395
12384,-0.104672,-1.99726,-0.025952837837393,-0.910462498170238,-0.333308963148834
12384,-0.069799,-1.99878,-0.0260381768829978,-0.915346582367131,0.777752504016471
12484,-0.0349048,-1.9997,-0.026123894402969,-0.909485669429557,-0.111102085121833
12584,-4.35203e-16,-2,-0.0261920692431391,-0.919253778304537,-0.999999999870803
12584,0.0349048,-1.9997,-0.0262661873087027,-0.909485669430058,0.111102085378513
12684,0.069799,-1.99878,-0.0263229499552392,-0.915346582363139,-0.777752503762792
12684,0.104672,-1.99726,-0.0263795096281525,-0.9104624981717,0.333308963393593
12784,0.139513,-1.99513,-0.0264245511307785,-0.912416143749591,-0.555523964001403
12784,0.174311,-1.99239,-0.0264636340275246,-0.912416143752134,0.555523964232273
12884,0.209057,-1.98904,-0.0264966273801347,-0.91046249817019,-0.333308963161724
12884,0.243739,-1.98509,-0.0265183154550527,-0.915346582366752,0.777752503996427
12984,0.278346,-1.98054,-0.0265389208744333,-0.909485669429543,-0.111102085145531
13084,0.312869,-1.97538,-0.0265432997470964,-0.919253778305079,-0.999999999897294
13084,0.347296,-1.96962,-0.0265511662600154,-0.909485669429971,0.111102085349981
13184,0.381618,-1.96325,-0.0265430004777296,-0.915346582363621,-0.777752503792476
13184,0.415823,-1.9563,-0.0265330725594637,-0.910462498171561,0.33330896336634
13284,0.449902,-1.94874,-0.0265119778215558,-0.912416143749886,-0.555523964026324
13284,0.483844,-1.94059,-0.0264843037201309,-0.912416143751904,0.555523964209538
13384,0.517638,-1.93185,-0.026449864823271,-0.910462498170363,-0.333308963182687
13384,0.551275,-1.92252,-0.0264044759685454,-0.915346582366464,0.777752503976962
13484,0.584743,-1.91261,-0.0263562635176484,-0.909485669429569,-0.111102085165906
13584,0.618034,-1.90211,-0.0262931880140317,-0.919253778305519,-0.999999999919186
13584,0.651136,-1.89104,-0.0262307923199103,-0.909485669429928,0.111102085328226
13684,0.68404,-1.87939,-0.0261537226855692,-0.915346582363942,-0.777752503814258
13684,0.716736,-1.86716,-0.0260731552188419,-0.910462498171394,0.333308963343945
13784,0.749213,-1.85437,-0.0259817859670872,-0.912416143750121,-0.555523964050058
13784,0.781462,-1.84101,-0.0258832076223365,-0.91241614375158,0.555523964183364
13884,0.813473,-1.82709,-0.0257773363724851,-0.91046249817049,-0.333308963212306
13884,0.845237,-1.81262,-0.0256609633786419,-0.915346582365913,0.777752503943214
13984,0.876742,-1.79759,-0.0255404675422883,-0.909485669429626,-0.1111020852007
14084,0.907981,-1.78201,-0.0254065541172546,-0.919253778306215,-0.999999999954254
14084,0.938943,-1.7659,-0.025271345836121,-0.909485669429858,0.111102085292581
14184,0.969619,-1.74924,-0.0251229806611721,-0.915346582364524,-0.777752503850263
14184,1,-1.73205,-0.0249701575171273,-0.910462498171194,0.333308963308465
14284,1.03008,-1.71433,-0.0248072745123594,-0.91241614375052,-0.55552396408445
14284,1.05984,-1.6961,-0.0246371391386687,-0.912416143751235,0.55552396415093
14384,1.08928,-1.67734,-0.0244597493679669,-0.910462498170724,-0.333308963242461
14384,1.11839,-1.65808,-0.0242726882482171,-0.915346582365498,0.777752503915531
14484,1.14715,-1.6383,-0.0240809422734618,-0.909485669429676,-0.111102085228531
14584,1.17557,-1.61803,-0.0238774511648495,-0.919253778306762,-0.999999999982903
14584,1.20363,-1.59727,-0.0236716567960636,-0.909485669429825,0.1111020852655
14684,1.23132,-1.57602,-0.0234545392081302,-0.91534658236492,-0.777752503876537
14684,1.25864,-1.55429,-0.0232329251292204,-0.910462498170955,0.333308963280004
14784,1.28558,-1.53209,-0.0230026279163163,-0.912416143750819,-0.555523964114867
14784,1.31212,-1.50942,-0.022765897041342,-0.912416143750872,0.555523964118932
14884,1.33826,-1.48629,-0.0225228755404986,-0.910462498170903,-0.333308963276861
14884,1.364,-1.46271,-0.0222717409917485,-0.915346582364901,0.777752503878194
14984,1.38932,-1.43868,-0.0220164021430471,-0.909485669429939,-0.111102085257194
14984,1.41421,-1.41421,-0.0217515549366985,-0.919253778307102,0.999999999999985
5850,1.43868,-1.38932,-0.0214842035400116,0.909485669429985,-0.111102085260202
5849,1.46271,-1.364,-0.021207783048222,0.915346582364833,0.777752503871339
5849,1.48629,-1.33826,-0.0209271072671391,0.910462498171102,-0.333308963290407
5848,1.50942,-1.31212,-0.0206392806456933,0.91241614375073,0.555523964099018
5848,1.53209,-1.28558,-0.0203458165765943,0.912416143751186,-0.555523964140576
5847,1.55429,-1.25864,-0.0200467088440651,0.91046249817085,0.333308963247604
5847,1.57602,-1.23132,-0.0197410056075774,0.91534658236556,-0.777752503916265
5846,1.59727,-1.20363,-0.0194307336407787,0.909485669429786,0.111102085221649
5845,1.61803,-1.17557,-0.0191133433217841,0.919253778306525,0.999999999969829
5845,1.6383,-1.14715,-0.0187919743293733,0.909485669429914,-0.11110208528211
5844,1.65808,-1.11839,-0.0184639006006697,0.915346582364627,0.777752503855747
5844,1.67734,-1.08928,-0.0181309365296352,0.910462498171258,-0.333308963307527
5843,1.6961,-1.05984,-0.0177921641442665,0.912416143750537,0.555523964080912
5843,1.71433,-1.03008,-0.0174480736192324,0.912416143751378,-0.555523964158821
5842,1.73205,-1,-0.0170986129214447,0.910462498170701,0.333308963230334
5842,1.74924,-0.969619,-0.0167439027024513,0.915346582365767,-0.777752503931841
5841,1.7659,-0.938943,-0.0163838208001073,0.909485669429766,0.111102085205045
5840,1.78201,-0.907981,-0.0160190241774629,0.919253778306158,0.99999999995149
5840,1.79759,-0.876742,-0.0156484081379427,0.909485669429983,-0.111102085301555
5839,1.81262,-0.845237,-0.0152735051165272,0.915346582364319,0.777752503835052
5839,1.82709,-0.813473,-0.0148930151235543,0.910462498171384,-0.333308963330046
5838,1.84101,-0.781462,-0.0145081422355937,0.912416143750258,0.555523964056995
5838,1.85437,-0.749213,-0.0141183805942871,0.91241614375167,-0.555523964183538
5837,1.86716,-0.716736,-0.0137237677413378,0.91046249817059,0.333308963203332
5837,1.87939,-0.68404,-0.0133253822979648,0.915346582366259,-0.777752503962114
5836,1.89104,-0.651136,-0.012921329224585,0.909485669429712,0.11110208517308
5835,1.90211,-0.618034,-0.0125149860038251,0.919253778305505,0.999999999918216
5835,1.91261,-0.584743,-0.012101829171042,0.909485669430072,-0.111102085335106
5834,1.92252,-0.551275,-0.0116868482084489,0.915346582363824,0.777752503801191
5834,1.93185,-0.517638,-0.0112663048970897,0.910462498171638,-0.333308963364257
5833,1.94059,-0.483844,-0.0108430573698874,0.912416143749874,0.555523964021932
5833,1.94874,-0.449902,-0.0104158338515219,0.91241614375206,-0.555523964220175
5832,1.9563,-0.415823,-0.009984731148442,0.910462498170272,0.333308963168192
5832,1.96325,-0.381618,-0.00955154890359477,0.915346582366721,-0.777752503993719
5831,1.96962,-0.347296,-0.00911304467083887,0.909485669429573,0.111102085145735
5830,1.97538,-0.312869,-0.00867463575950736,0.919253778305019,0.999999999895301
5830,1.98054,-0.278346,-0.00822921762061788,0.909485669430095,-0.11110208535852
5829,1.98509,-0.243739,-0.00778436569894702,0.915346582363408,0.777752503777643
5829,1.98904,-0.209057,-0.00733450487208375,0.910462498171767,-0.333308963386425
5828,1.99239,-0.174311,-0.00688373127470081,0.91241614374965,0.555523964001481
5828,1.99513,-0.139513,-0.00643019985258428,0.912416143752221,-0.555523964238393
5827,1.99726,-0.104672,-0.00597406506300468,0.910462498170182,0.333308963148836
5827,1.99878,-0.069799,-0.00551765340249437,0.915346582367075,-0.777752504016468
5826,1.9997,-0.0349048,-0.00505675814900945,0.909485669429527,0.111102085121839
