origElemNum,globCoord-x,globCoord-y,acouPotentialD1-,locCoord-xi,locCoord-eta
5825,2,-2.20442e-18,0.00231828103899186,0.919253778304535,0.999999999870795
5825,1.9997,0.0349048,0.00295245843330235,0.909485669430051,-0.11110208537854
5824,1.99878,0.069799,0.003579870178752,0.915346582363134,0.7777525037628
5824,1.99726,0.104672,0.00421166743901387,0.910462498171695,-0.333308963393583
5823,1.99513,0.139513,0.00484028722195877,0.912416143749585,0.555523964001403
5823,1.99239,0.174311,0.00546916965132206,0.912416143752112,-0.555523964232293
5822,1.98904,0.209057,0.0060980367538887,0.910462498170195,0.33330896316169
5822,1.98509,0.243739,0.00672346105253095,0.915346582366752,-0.777752503996411
5821,1.98054,0.278346,0.00735157718800382,0.909485669429537,0.111102085145532
5820,1.97538,0.312869,0.00797299192524886,0.91925377830504,0.999999999897275
5820,1.96962,0.347296,0.00859931773707403,0.909485669429959,-0.111102085350008
5819,1.96325,0.381618,0.00921882682048045,0.915346582363608,0.777752503792493
5819,1.9563,0.415823,0.00983959743884424,0.910462498171543,-0.333308963366333
5818,1.94874,0.449902,0.010456087714233,0.912416143749872,0.555523964026318
5818,1.94059,0.483844,0.0110706700270978,0.912416143751876,-0.555523964209557
5817,1.93185,0.517638,0.011682987057119,0.910462498170338,0.333308963182653
5817,1.92252,0.551275,0.0122907563624313,0.915346582366455,-0.777752503976955
5816,1.91261,0.584743,0.0128977602693634,0.909485669429567,0.111102085165898
5815,1.90211,0.618034,0.0134981281869314,0.919253778305533,0.999999999919169
5815,1.89104,0.651136,0.0140987167011525,0.909485669429933,-0.111102085328256
5814,1.87939,0.68404,0.0146925864356049,0.915346582363941,0.777752503814277
5814,1.86716,0.716736,0.0152842145733066,0.910462498171402,-0.333308963343933
5813,1.85437,0.749213,0.015870502966121,0.912416143750119,0.555523964050056
5813,1.84101,0.781462,0.0164526242523461,0.912416143751575,-0.555523964183394
5812,1.82709,0.813473,0.0170302512241291,0.910462498170486,0.333308963212263
5812,1.81262,0.845237,0.0176023366750241,0.915346582365915,-0.777752503943209
5811,1.79759,0.876742,0.018170249929038,0.909485669429635,0.111102085200681
5810,1.78201,0.907981,0.0187318019744948,0.919253778306195,0.999999999954235
5810,1.7659,0.938943,0.0192890057770962,0.909485669429844,-0.111102085292603
5809,1.74924,0.969619,0.0198398215304885,0.915346582364538,0.777752503850291
5809,1.73205,1,0.0203851274943211,0.910462498171199,-0.333308963308445
5808,1.71433,1.03008,0.0209242790804658,0.912416143750526,0.555523964084446
5808,1.6961,1.05984,0.0214572743821325,0.912416143751246,-0.555523964150953
5807,1.67734,1.08928,0.0219838326791869,0.910462498170725,0.333308963242434
5807,1.65808,1.11839,0.0225040886982943,0.915346582365508,-0.777752503915519
5806,1.6383,1.14715,0.0230171205734244,0.909485669429676,0.11110208522853
5805,1.61803,1.17557,0.0235242093085226,0.919253778306765,0.999999999982884
5805,1.59727,1.20363,0.0240228409319359,0.909485669429817,-0.111102085265541
5804,1.57602,1.23132,0.0245155355562142,0.9153465823649,0.777752503876539
5804,1.55429,1.25864,0.0249998834536501,0.910462498170939,-0.333308963279996
5803,1.53209,1.28558,0.0254775168275998,0.912416143750815,0.555523964114853
5803,1.50942,1.31212,0.0259474078077445,0.91241614375085,-0.555523964118972
5802,1.48629,1.33826,0.02640946900322,0.910462498170897,0.333308963276791
5802,1.46271,1.364,0.0268647826251918,0.915346582364929,-0.77775250387822
5801,1.43868,1.38932,0.0273108281297748,0.909485669429954,0.111102085257182
5801,1.41421,1.41421,0.0277514369606796,0.919253778307104,-0.999999999999994
850,1.38932,1.43868,0.0281810090350193,0.909485669429991,-0.111102085260227
849,1.364,1.46271,0.0286051828042696,0.915346582364834,0.777752503871359
849,1.33826,1.48629,0.0290193609732055,0.910462498171096,-0.333308963290402
848,1.31212,1.50942,0.0294266224146195,0.912416143750729,0.555523964099008
848,1.28558,1.53209,0.029825258227608,0.912416143751184,-0.555523964140596
847,1.25864,1.55429,0.0302152305571128,0.910462498170846,0.333308963247574
847,1.23132,1.57602,0.0305982511342048,0.915346582365554,-0.777752503916259
846,1.20363,1.59727,0.0309707264697754,0.90948566942978,0.111102085221654
845,1.17557,1.61803,0.0313381524503208,0.919253778306528,0.999999999969813
845,1.14715,1.6383,0.0316930814841566,0.909485669429915,-0.111102085282135
844,1.11839,1.65808,0.0320430773959414,0.915346582364625,0.777752503855763
844,1.08928,1.67734,0.0323824068929472,0.910462498171253,-0.333308963307521
843,1.05984,1.6961,0.0327149731442406,0.912416143750542,0.555523964080906
843,1.03008,1.71433,0.0330387768956524,0.912416143751377,-0.555523964158847
842,1,1.73205,0.0333538266695213,0.910462498170698,0.333308963230309
842,0.969619,1.74924,0.0336620886733234,0.915346582365766,-0.777752503931825
841,0.938943,1.7659,0.0339593904097582,0.909485669429764,0.111102085205048
840,0.907981,1.78201,0.0342519925762487,0.919253778306164,0.99999999995148
840,0.876742,1.79759,0.0345311642953764,0.909485669429979,-0.11110208530158
839,0.845237,1.81262,0.0348056040547195,0.91534658236432,0.777752503835068
839,0.813473,1.82709,0.0350684531335436,0.91046249817139,-0.33330896333004
838,0.781462,1.84101,0.0353242105426354,0.912416143750255,0.555523964056983
838,0.749213,1.85437,0.0355704377906742,0.912416143751674,-0.555523964183563
837,0.716736,1.86716,0.0358069301885419,0.910462498170584,0.333308963203304
837,0.68404,1.87939,0.0360362198606202,0.915346582366261,-0.777752503962098
836,0.651136,1.89104,0.0362528140901529,0.909485669429719,0.111102085173086
835,0.618034,1.90211,0.0364648411237987,0.919253778305509,0.999999999918205
835,0.584743,1.91261,0.0366608466690887,0.909485669430073,-0.111102085335132
834,0.551275,1.92252,0.0368522247679077,0.915346582363819,0.777752503801204
834,0.517638,1.93185,0.0370299307227351,0.910462498171637,-0.333308963364254
833,0.483844,1.94059,0.0371998912711758,0.912416143749877,0.55552396402192
833,0.449902,1.94874,0.0373588942639972,0.91241614375206,-0.555523964220202
832,0.415823,1.9563,0.0375066140381883,0.910462498170279,0.333308963168166
832,0.381618,1.96325,0.0376465052883394,0.915346582366717,-0.777752503993703
831,0.347296,1.96962,0.0377711234094055,0.909485669429573,0.111102085145737
830,0.312869,1.97538,0.0378915045415995,0.919253778305012,0.99999999989529
830,0.278346,1.98054,0.0379921557150704,0.909485669430091,-0.111102085358547
829,0.243739,1.98509,0.0380885480295901,0.915346582363415,0.77775250377766
829,0.209057,1.98904,0.0381685109868197,0.910462498171767,-0.333308963386422
828,0.174311,1.99239,0.038240117242862,0.912416143749651,0.55552396400147
828,0.139513,1.99513,0.0382991072991684,0.912416143752224,-0.555523964238419
827,0.104672,1.99726,0.0383452141093051,0.910462498170184,0.33330896314881
827,0.069799,1.99878,0.0383830277595559,0.915346582367074,-0.777752504016452
826,0.0349048,1.9997,0.0384030335088801,0.909485669429527,0.111102085121841
825,1.27747e-16,2,0.0384195548882786,0.919253778304535,0.999999999870799
825,-0.0349048,1.9997,0.038412988016053,0.909485669430051,-0.111102085378537
824,-0.069799,1.99878,0.0384030848030671,0.915346582363134,0.777752503762801
824,-0.104672,1.99726,0.0383747178105112,0.910462498171695,-0.333308963393583
823,-0.139513,1.99513,0.0383381056476618,0.912416143749585,0.555523964001401
823,-0.174311,1.99239,0.0382880852746927,0.912416143752112,-0.555523964232297
822,-0.209057,1.98904,0.0382246092509923,0.910462498170195,0.333308963161685
822,-0.243739,1.98509,0.038153156971491,0.915346582366744,-0.777752503996403
821,-0.278346,1.98054,0.0380627782038689,0.909485669429538,0.111102085145537
820,-0.312869,1.97538,0.0379701785691222,0.919253778305041,0.999999999897278
820,-0.347296,1.96962,0.0378529583416398,0.90948566942996,-0.111102085350006
819,-0.381618,1.96325,0.0377337951754645,0.915346582363608,0.777752503792493
819,-0.415823,1.9563,0.0375956329998111,0.910462498171543,-0.333308963366333
818,-0.449902,1.94874,0.0374500761259939,0.912416143749872,0.555523964026316
818,-0.483844,1.94059,0.0372913991445148,0.912416143751875,-0.555523964209561
817,-0.517638,1.93185,0.0371196829969601,0.910462498170336,0.333308963182646
817,-0.551275,1.92252,0.0369409416760198,0.915346582366457,-0.777752503976948
816,-0.584743,1.91261,0.0367433530484636,0.909485669429562,0.111102085165907
815,-0.618034,1.90211,0.0365450142345424,0.919253778305526,0.999999999919175
815,-0.651136,1.89104,0.0363218890800908,0.909485669429935,-0.111102085328253
814,-0.68404,1.87939,0.0360983223492125,0.915346582363941,0.777752503814277
814,-0.716736,1.86716,0.0358561499227021,0.910462498171402,-0.333308963343933
813,-0.749213,1.85437,0.0356077331270316,0.912416143750117,0.555523964050053
813,-0.781462,1.84101,0.0353470319448146,0.912416143751584,-0.555523964183396
812,-0.813473,1.82709,0.0350741742973484,0.910462498170484,0.33330896321226
812,-0.845237,1.81262,0.0347954701652333,0.91534658236591,-0.7777525039432
811,-0.876742,1.79759,0.0344986136556081,0.909485669429639,0.111102085200672
810,-0.907981,1.78201,0.0342024368376665,0.919253778306197,0.999999999954239
810,-0.938943,1.7659,0.0338820539853582,0.909485669429848,-0.111102085292613
809,-0.969619,1.74924,0.0335626534962565,0.915346582364533,0.777752503850298
809,-1,1.73205,0.0332255346575304,0.910462498171205,-0.333308963308436
808,-1.03008,1.71433,0.0328834165041586,0.912416143750522,0.55552396408444
808,-1.05984,1.6961,0.0325301265451807,0.912416143751243,-0.555523964150944
807,-1.08928,1.67734,0.0321658208485677,0.910462498170733,0.33330896324243
807,-1.11839,1.65808,0.0317969250907825,0.915346582365511,-0.777752503915504
806,-1.14715,1.6383,0.0314109879427485,0.909485669429678,0.11110208522852
805,-1.17557,1.61803,0.031027055734173,0.91925377830677,0.999999999982889
805,-1.20363,1.59727,0.0306200653131147,0.909485669429819,-0.111102085265551
804,-1.23132,1.57602,0.0302153691277605,0.915346582364893,0.777752503876544
804,-1.25864,1.55429,0.0297942184790868,0.910462498170937,-0.333308963279986
803,-1.28558,1.53209,0.0293693566141216,0.912416143750809,0.555523964114847
803,-1.31212,1.50942,0.0289346340866313,0.912416143750849,-0.555523964118962
802,-1.33826,1.48629,0.0284902247193024,0.910462498170897,0.333308963276791
802,-1.364,1.46271,0.028042516205652,0.915346582364928,-0.77775250387821
801,-1.38932,1.43868,0.0275791960744185,0.909485669429954,0.111102085257172
801,-1.41421,1.41421,0.0271190870923268,0.919253778307104,-0.999999999999994
15850,-1.43868,1.38932,0.0266375128333928,0.909485669429991,-0.111102085260237
15849,-1.46271,1.364,0.0261594226836005,0.915346582364828,0.777752503871364
15849,-1.48629,1.33826,0.0256664337682838,0.910462498171103,-0.333308963290387
15848,-1.50942,1.31212,0.0251710353274704,0.912416143750729,0.555523964099008
15848,-1.53209,1.28558,0.0246672337211088,0.912416143751185,-0.555523964140586
15847,-1.55429,1.25864,0.0241552180415625,0.910462498170851,0.333308963247569
15847,-1.57602,1.23132,0.0236412036002972,0.915346582365555,-0.777752503916249
15846,-1.59727,1.20363,0.0231132761638661,0.909485669429784,0.111102085221639
15845,-1.61803,1.17557,0.0225896440086132,0.919253778306531,0.999999999969823
15845,-1.6383,1.14715,0.0220465238954978,0.909485669429917,-0.111102085282151
15844,-1.65808,1.11839,0.0215079530130464,0.915346582364627,0.777752503855772
15844,-1.67734,1.08928,0.0209562868286957,0.910462498171251,-0.333308963307506
15843,-1.6961,1.05984,0.0204035093671091,0.912416143750542,0.555523964080906
15843,-1.71433,1.03008,0.0198439021758452,0.912416143751375,-0.555523964158831
15842,-1.73205,1,0.0192776666831032,0.910462498170697,0.333308963230296
15842,-1.74924,0.969619,0.0187107237432399,0.915346582365764,-0.777752503931822
15841,-1.7659,0.938943,0.0181317974130691,0.909485669429762,0.111102085205035
15840,-1.78201,0.907981,0.0175581234602537,0.919253778306162,0.999999999951483
15840,-1.79759,0.876742,0.0169672916101241,0.909485669429984,-0.111102085301589
15839,-1.81262,0.845237,0.0163819517684408,0.915346582364318,0.777752503835071
15839,-1.82709,0.813473,0.0157855588148747,0.910462498171391,-0.333308963330024
15838,-1.84101,0.781462,0.0151893582661382,0.912416143750253,0.555523964056986
15838,-1.85437,0.749213,0.0145880270955231,0.912416143751674,-0.555523964183544
15837,-1.86716,0.716736,0.0139817868195907,0.910462498170589,0.333308963203294
15837,-1.87939,0.68404,0.0133761378579319,0.915346582366259,-0.777752503962095
15836,-1.89104,0.651136,0.0127606925339874,0.909485669429715,0.111102085173074
15835,-1.90211,0.618034,0.0121513438379457,0.919253778305508,0.999999999918209
15835,-1.91261,0.584743,0.0115275391234363,0.909485669430068,-0.111102085335144
15834,-1.92252,0.551275,0.0109100539651739,0.915346582363818,0.777752503801208
15834,-1.93185,0.517638,0.0102837921994854,0.910462498171639,-0.333308963364235
15833,-1.94059,0.483844,0.00965901894182461,0.912416143749876,0.555523964021923
15833,-1.94874,0.449902,0.00903091458152265,0.912416143752063,-0.555523964220183
15832,-1.9563,0.415823,0.0083997051009575,0.910462498170272,0.333308963168156
15832,-1.96325,0.381618,0.00777036360107919,0.915346582366716,-0.7777525039937
15831,-1.96962,0.347296,0.00713357311298745,0.909485669429575,0.111102085145728
15830,-1.97538,0.312869,0.00650359183810054,0.91925377830502,0.999999999895294
15830,-1.98054,0.278346,0.00586208051905989,0.909485669430092,-0.111102085358556
15829,-1.98509,0.243739,0.00522757498233997,0.915346582363415,0.777752503777664
15829,-1.98904,0.209057,0.0045866834445571,0.910462498171765,-0.333308963386404
15828,-1.99239,0.174311,0.00394851693420616,0.912416143749651,0.555523964001473
15828,-1.99513,0.139513,0.00330883952268847,0.912416143752222,-0.5555239642384
15827,-1.99726,0.104672,0.00266788416709155,0.910462498170184,0.3333089631488
15827,-1.99878,0.069799,0.00203001032677346,0.915346582367074,-0.777752504016448
15826,-1.9997,0.0349048,0.0013871473295536,0.909485669429527,0.111102085121831
15825,-2,2.46315e-16,0.000751662091390441,0.919253778304535,0.999999999870803
15825,-1.9997,-0.0349048,0.000107782101670937,0.909485669430051,-0.111102085378547
15824,-1.99878,-0.069799,-0.000528543448477997,0.915346582363134,0.777752503762804
15824,-1.99726,-0.104672,-0.00116873280260238,0.910462498171696,-0.333308963393566
15823,-1.99513,-0.139513,-0.00180500379159279,0.912416143749586,0.555523964001405
15823,-1.99239,-0.174311,-0.00244091984509086,0.912416143752114,-0.555523964232279
15822,-1.98904,-0.209057,-0.0030762365629548,0.910462498170195,0.333308963161688
15822,-1.98509,-0.243739,-0.00370730346669177,0.915346582366744,-0.7777525039964
15821,-1.98054,-0.278346,-0.00434076295266645,0.909485669429545,0.111102085145526
15820,-1.97538,-0.312869,-0.00496641392117154,0.919253778305042,0.999999999897283
15820,-1.96962,-0.347296,-0.00559711154013716,0.909485669429957,-0.111102085350017
15819,-1.96325,-0.381618,-0.00621984920394423,0.915346582363609,0.777752503792499
15819,-1.9563,-0.415823,-0.00684382065718306,0.910462498171549,-0.333308963366345
15818,-1.94874,-0.449902,-0.00746274667572384,0.912416143749872,0.555523964026319
15818,-1.94059,-0.483844,-0.00807944123784728,0.91241614375188,-0.555523964209544
15817,-1.93185,-0.517638,-0.00869365806076161,0.910462498170337,0.33330896318265
15817,-1.92252,-0.551275,-0.00930253452423628,0.915346582366458,-0.777752503976945
15816,-1.91261,-0.584743,-0.00991114417728958,0.909485669429567,0.111102085165898
15815,-1.90211,-0.618034,-0.0105116705752464,0.919253778305528,0.999999999919178
15815,-1.89104,-0.651136,-0.0111137803966968,0.90948566942994,-0.111102085328262
15814,-1.87939,-0.68404,-0.0117076860995691,0.915346582363942,0.77775250381428
15814,-1.86716,-0.716736,-0.0123001610913409,0.910462498171397,-0.333308963343943
15813,-1.85437,-0.749213,-0.0128865628516831,0.912416143750119,0.555523964050056
15813,-1.84101,-0.781462,-0.0134688953828387,0.912416143751582,-0.555523964183381
15812,-1.82709,-0.813473,-0.0140469170931162,0.910462498170486,0.333308963212263
15812,-1.81262,-0.845237,-0.0146186167161766,0.915346582365912,-0.777752503943197
15811,-1.79759,-0.876742,-0.0151873941434793,0.909485669429641,0.111102085200675
15810,-1.78201,-0.907981,-0.01574798672467,0.919253778306197,0.999999999954239
15810,-1.7659,-0.938943,-0.0163066712619509,0.90948566942985,-0.11110208529261
15809,-1.74924,-0.969619,-0.0168570908092288,0.915346582364535,0.777752503850301
15809,-1.73205,-1,-0.0174034669978985,0.9104624981712,-0.333308963308458
15808,-1.71433,-1.03008,-0.0179428961281494,0.912416143750526,0.555523964084446
15808,-1.6961,-1.05984,-0.0184765389308794,0.912416143751243,-0.555523964150944
15807,-1.67734,-1.08928,-0.0190041753364941,0.910462498170725,0.333308963242434
15807,-1.65808,-1.11839,-0.0195246770126253,0.915346582365503,-0.7777525039155
15806,-1.6383,-1.14715,-0.0200397387400573,0.90948566942967,0.111102085228524
15805,-1.61803,-1.17557,-0.0205467165524292,0.919253778306763,0.999999999982893
15805,-1.59727,-1.20363,-0.0210484396030952,0.909485669429812,-0.111102085265547
15804,-1.57602,-1.23132,-0.0215420435347436,0.915346582364898,0.777752503876549
15804,-1.55429,-1.25864,-0.0220291602612197,0.910462498170935,-0.333308963280012
15803,-1.53209,-1.28558,-0.0225086473348338,0.912416143750815,0.555523964114853
15803,-1.50942,-1.31212,-0.0229808122953039,0.912416143750855,-0.555523964118957
15802,-1.48629,-1.33826,-0.0234454505470949,0.910462498170897,0.333308963276791
15802,-1.46271,-1.364,-0.0239023304093729,0.915346582364928,-0.77775250387821
15801,-1.43868,-1.38932,-0.0243513999083343,0.909485669429954,0.111102085257172
15801,-1.41421,-1.41421,-0.0247926785319673,0.919253778307098,-0.999999999999989
10084,-1.38932,-1.43868,-0.025225475831801,-0.909485669429983,0.111102085260242
10184,-1.364,-1.46271,-0.0256504817785329,-0.915346582364814,-0.777752503871363
10184,-1.33826,-1.48629,-0.0260666834488742,-0.910462498171062,0.333308963290425
10284,-1.31212,-1.50942,-0.0264747277504322,-0.912416143750702,-0.555523964098991
10284,-1.28558,-1.53209,-0.0268740513898229,-0.912416143751175,0.55552396414059
10384,-1.25864,-1.55429,-0.0272644605001334,-0.910462498170858,-0.333308963247603
10384,-1.23132,-1.57602,-0.0276466380929789,-0.915346582365569,0.777752503916277
10484,-1.20363,-1.59727,-0.0280187482532265,-0.909485669429755,-0.111102085221656
10584,-1.17557,-1.61803,-0.0283835186081638,-0.919253778306467,-0.999999999969833
10584,-1.14715,-1.6383,-0.0287366737754734,-0.909485669429891,0.111102085282108
10684,-1.11839,-1.65808,-0.0290825122929175,-0.915346582364624,-0.777752503855743
10684,-1.08928,-1.67734,-0.0294173369821437,-0.910462498171255,0.333308963307532
10784,-1.05984,-1.6961,-0.0297435978176946,-0.912416143750544,-0.555523964080908
10784,-1.03008,-1.71433,-0.0300598494813483,-0.912416143751393,0.555523964158839
10884,-1,-1.73205,-0.0303658974739112,-0.910462498170715,-0.333308963230315
10884,-0.969619,-1.74924,-0.0306633469995306,-0.915346582365772,0.777752503931858
10984,-0.938943,-1.7659,-0.0309485589136124,-0.909485669429763,-0.111102085205032
11084,-0.907981,-1.78201,-0.0312269778497512,-0.919253778306154,-0.99999999995149
11084,-0.876742,-1.79759,-0.0314907352354052,-0.909485669429981,0.111102085301552
11184,-0.845237,-1.81262,-0.0317477305762947,-0.915346582364332,-0.777752503835052
11184,-0.813473,-1.82709,-0.0319915941251598,-0.910462498171421,0.333308963330044
11284,-0.781462,-1.84101,-0.0322265636709943,-0.912416143750289,-0.555523964056998
11284,-0.749213,-1.85437,-0.0324503246620771,-0.912416143751684,0.555523964183542
11384,-0.716736,-1.86716,-0.0326626800351972,-0.910462498170579,-0.333308963203316
11384,-0.68404,-1.87939,-0.0328661319241467,-0.915346582366256,0.777752503962127
11484,-0.651136,-1.89104,-0.033055301045604,-0.9094856694297,-0.111102085173069
11584,-0.618034,-1.90211,-0.0332382439575759,-0.919253778305473,-0.9999999999182
11584,-0.584743,-1.91261,-0.0334036751089483,-0.909485669430035,0.111102085335111
11684,-0.551275,-1.92252,-0.033562914568497,-0.915346582363772,-0.777752503801188
11684,-0.517638,-1.93185,-0.0337070854270489,-0.910462498171642,0.333308963364261
11784,-0.483844,-1.94059,-0.0338421121355288,-0.912416143749915,-0.555523964021929
11784,-0.449902,-1.94874,-0.0339648822144427,-0.912416143752077,0.555523964220183
11884,-0.415823,-1.9563,-0.0340752448257721,-0.910462498170266,-0.33330896316818
11884,-0.381618,-1.96325,-0.0341765040517895,-0.915346582366712,0.777752503993725
11984,-0.347296,-1.96962,-0.0342618188968605,-0.909485669429565,-0.111102085145729
12084,-0.312869,-1.97538,-0.0343414993885166,-0.919253778305011,-0.999999999895287
12084,-0.278346,-1.98054,-0.0344014687646795,-0.909485669430107,0.111102085358526
12184,-0.243739,-1.98509,-0.0344559076176761,-0.915346582363447,-0.777752503777644
12184,-0.209057,-1.98904,-0.0344939885636062,-0.910462498171781,0.333308963386432
12284,-0.174311,-1.99239,-0.0345230336136017,-0.912416143749663,-0.555523964001473
12284,-0.139513,-1.99513,-0.0345393559800844,-0.912416143752267,0.555523964238395
12384,-0.104672,-1.99726,-0.0345429767541512,-0.910462498170238,-0.333308963148834
12384,-0.069799,-1.99878,-0.0345377547811595,-0.915346582367131,0.777752504016471
12484,-0.0349048,-1.9997,-0.0345160523317307,-0.909485669429557,-0.111102085121833
12584,-4.35203e-16,-2,-0.0344895903294538,-0.919253778304537,-0.999999999870803
12584,0.0349048,-1.9997,-0.0344428004093227,-0.909485669430058,0.111102085378513
12684,0.069799,-1.99878,-0.0343915260124167,-0.915346582363139,-0.777752503762792
12684,0.104672,-1.99726,-0.0343239893614306,-0.9104624981717,0.333308963393593
12784,0.139513,-1.99513,-0.0342483202673802,-0.912416143749591,-0.555523964001403
12784,0.174311,-1.99239,-0.0341606021015043,-0.912416143752134,0.555523964232273
12884,0.209057,-1.98904,-0.0340610637086255,-0.91046249817019,-0.333308963161724
12884,0.243739,-1.98509,-0.0339538063400118,-0.915346582366752,0.777752503996427
12984,0.278346,-1.98054,-0.0338310048956748,-0.909485669429543,-0.111102085145531
13084,0.312869,-1.97538,-0.0337049151785612,-0.919253778305079,-0.999999999897294
13084,0.347296,-1.96962,-0.0335595020958937,-0.909485669429971,0.111102085349981
13184,0.381618,-1.96325,-0.033411225483852,-0.915346582363621,-0.777752503792476
13184,0.415823,-1.9563,-0.0332479664235495,-0.910462498171561,0.33330896336634
13284,0.449902,-1.94874,-0.0330781649893469,-0.912416143749886,-0.555523964026324
13284,0.483844,-1.94059,-0.0328978015568713,-0.912416143751904,0.555523964209538
13384,0.517638,-1.93185,-0.0327070859638953,-0.910462498170363,-0.333308963182687
13384,0.551275,-1.92252,-0.032510335234916,-0.915346582366464,0.777752503976962
13484,0.584743,-1.91261,-0.032299227185993,-0.909485669429569,-0.111102085165906
13584,0.618034,-1.90211,-0.032086760026112,-0.919253778305519,-0.999999999919186
13584,0.651136,-1.89104,-0.0318556750621619,-0.909485669429928,0.111102085328226
13684,0.68404,-1.87939,-0.0316236162311915,-0.915346582363942,-0.777752503814258
13684,0.716736,-1.86716,-0.0313773498390634,-0.910462498171394,0.333308963343945
13784,0.749213,-1.85437,-0.031125967425027,-0.912416143750121,-0.555523964050058
13784,0.781462,-1.84101,-0.0308650088486297,-0.91241614375158,0.555523964183364
13884,0.813473,-1.82709,-0.0305944849050326,-0.91046249817049,-0.333308963212306
13884,0.845237,-1.81262,-0.0303192863302469,-0.915346582365913,0.777752503943214
13984,0.876742,-1.79759,-0.0300297497567163,-0.909485669429626,-0.1111020852007
14084,0.907981,-1.78201,-0.0297407343210954,-0.919253778306215,-0.999999999954254
14084,0.938943,-1.7659,-0.0294322823163261,-0.909485669429858,0.111102085292581
14184,0.969619,-1.74924,-0.0291246589963572,-0.915346582364524,-0.777752503850263
14184,1,-1.73205,-0.0288025474395079,-0.910462498171194,0.333308963308465
14284,1.03008,-1.71433,-0.0284763571703228,-0.91241614375052,-0.55552396408445
14284,1.05984,-1.6961,-0.0281409195613429,-0.912416143751235,0.55552396415093
14384,1.08928,-1.67734,-0.02779613558391,-0.910462498170724,-0.333308963242461
14384,1.11839,-1.65808,-0.0274476354336382,-0.915346582365498,0.777752503915531
14484,1.14715,-1.6383,-0.0270841600557449,-0.909485669429676,-0.111102085228531
14584,1.17557,-1.61803,-0.0267227966028721,-0.919253778306762,-0.999999999982903
14584,1.20363,-1.59727,-0.0263404946585779,-0.909485669429825,0.1111020852655
14684,1.23132,-1.57602,-0.0259604916291305,-0.91534658236492,-0.777752503876537
14684,1.25864,-1.55429,-0.0255652006521497,-0.910462498170955,0.333308963280004
14784,1.28558,-1.53209,-0.0251664947422979,-0.912416143750819,-0.555523964114867
14784,1.31212,-1.50942,-0.0247584909283866,-0.912416143750872,0.555523964118932
14884,1.33826,-1.48629,-0.024341193729361,-0.910462498170903,-0.333308963276861
14884,1.364,-1.46271,-0.0239208515104335,-0.915346582364901,0.777752503878194
14984,1.38932,-1.43868,-0.0234852793172565,-0.909485669429939,-0.111102085257194
14984,1.41421,-1.41421,-0.0230530701840827,-0.919253778307102,0.999999999999985
5850,1.43868,-1.38932,-0.0225996959998602,0.909485669429985,-0.111102085260202
5849,1.46271,-1.364,-0.0221499666735033,0.915346582364833,0.777752503871339
5849,1.48629,-1.33826,-0.0216854958287091,0.910462498171102,-0.333308963290407
5848,1.50942,-1.31212,-0.0212187539669668,0.91241614375073,0.555523964099018
5848,1.53209,-1.28558,-0.0207436967932628,0.912416143751186,-0.555523964140576
5847,1.55429,-1.25864,-0.020260413083598,0.91046249817085,0.333308963247604
5847,1.57602,-1.23132,-0.0197752269208934,0.91534658236556,-0.777752503916265
5846,1.59727,-1.20363,-0.0192758487465811,0.909485669429786,0.111102085221649
5845,1.61803,-1.17557,-0.0187809623180226,0.919253778306525,0.999999999969829
5845,1.6383,-1.14715,-0.0182659721309553,0.909485669429914,-0.11110208528211
5844,1.65808,-1.11839,-0.0177556863158496,0.915346582364627,0.777752503855747
5844,1.67734,-1.08928,-0.0172317892386147,0.910462498171258,-0.333308963307527
5843,1.6961,-1.05984,-0.016706690507276,0.912416143750537,0.555523964080912
5843,1.71433,-1.03008,-0.0161744271957699,0.912416143751378,-0.555523964158821
5842,1.73205,-1,-0.0156351792810206,0.910462498170701,0.333308963230334
5842,1.74924,-0.969619,-0.0150951053992219,0.915346582365767,-0.777752503931841
5841,1.7659,-0.938943,-0.0145424101539521,0.909485669429766,0.111102085205045
5840,1.78201,-0.907981,-0.0139950693979467,0.919253778306158,0.99999999995149
5840,1.79759,-0.876742,-0.0134296250212528,0.909485669429983,-0.111102085301555
5839,1.81262,-0.845237,-0.0128697259229327,0.915346582364319,0.777752503835052
5839,1.82709,-0.813473,-0.0122980155740744,0.910462498171384,-0.333308963330046
5838,1.84101,-0.781462,-0.0117262227291347,0.912416143750258,0.555523964056995
5838,1.85437,-0.749213,-0.0111487371767005,0.91241614375167,-0.555523964183538
5837,1.86716,-0.716736,-0.0105657304320757,0.91046249817059,0.333308963203332
5837,1.87939,-0.68404,-0.00998296556924265,0.915346582366259,-0.777752503962114
5836,1.89104,-0.651136,-0.00938947767531044,0.909485669429712,0.11110208517308
5835,1.90211,-0.618034,-0.00880195135853078,0.919253778305505,0.999999999918216
5835,1.91261,-0.584743,-0.00819876987183393,0.909485669430072,-0.111102085335106
5834,1.92252,-0.551275,-0.00760172115603472,0.915346582363824,0.777752503801191
5834,1.93185,-0.517638,-0.00699495445399227,0.910462498171638,-0.333308963364257
5833,1.94059,-0.483844,-0.00638920432404806,0.912416143749874,0.555523964021932
5833,1.94874,-0.449902,-0.00577941320226671,0.91241614375206,-0.555523964220175
5832,1.9563,-0.415823,-0.00516583036829917,0.910462498170272,0.333308963168192
5832,1.96325,-0.381618,-0.00455359726342544,0.915346582366721,-0.777752503993719
5831,1.96962,-0.347296,-0.00393310620776307,0.909485669429573,0.111102085145735
5830,1.97538,-0.312869,-0.00331902807327139,0.919253778305019,0.999999999895301
5830,1.98054,-0.278346,-0.00269257487321396,0.909485669430095,-0.11110208535852
5829,1.98509,-0.243739,-0.00207269413609702,0.915346582363408,0.777752503777643
5829,1.98904,-0.209057,-0.0014457472919006,0.910462498171767,-0.333308963386425
5828,1.99239,-0.174311,-0.000820970266463371,0.91241614374965,0.555523964001481
5828,1.99513,-0.139513,-0.000194068376662713,0.912416143752221,-0.555523964238393
5827,1.99726,-0.104672,0.00043472568197035,0.910462498170182,0.333308963148836
5827,1.99878,-0.069799,0.00106106880069658,0.915346582367075,-0.777752504016468
5826,1.9997,-0.0349048,0.00169300252389125,0.909485669429527,0.111102085121839
