origElemNum,globCoord-x,globCoord-y,acouPotentialD1-,locCoord-xi,locCoord-eta
5825,2,-2.20442e-18,-0.00370583779214252,0.919253778304535,0.999999999870795
5825,1.9997,0.0349048,-0.00332337454615163,0.909485669430051,-0.11110208537854
5824,1.99878,0.069799,-0.00294277288069619,0.915346582363134,0.7777525037628
5824,1.99726,0.104672,-0.00255874390576083,0.910462498171695,-0.333308963393583
5823,1.99513,0.139513,-0.00217523775190537,0.912416143749585,0.555523964001403
5823,1.99239,0.174311,-0.00179037502002405,0.912416143752112,-0.555523964232293
5822,1.98904,0.209057,-0.00140416919183556,0.910462498170195,0.33330896316169
5822,1.98509,0.243739,-0.00101920796886048,0.915346582366752,-0.777752503996411
5821,1.98054,0.278346,-0.000630548395240385,0.909485669429537,0.111102085145532
5820,1.97538,0.312869,-0.000246255843880959,0.91925377830504,0.999999999897275
5820,1.96962,0.347296,0.000144531550751409,0.909485669429959,-0.111102085350008
5819,1.96325,0.381618,0.000530359393867725,0.915346582363608,0.777752503792493
5819,1.9563,0.415823,0.000919865777288597,0.910462498171543,-0.333308963366333
5818,1.94874,0.449902,0.00130683005482708,0.912416143749872,0.555523964026318
5818,1.94059,0.483844,0.00169420734715843,0.912416143751876,-0.555523964209557
5817,1.93185,0.517638,0.00208191666676545,0.910462498170338,0.333308963182653
5817,1.92252,0.551275,0.00246635549277475,0.915346582366455,-0.777752503976955
5816,1.91261,0.584743,0.00285447072990585,0.909485669429567,0.111102085165898
5815,1.90211,0.618034,0.00323522050893878,0.919253778305533,0.999999999919169
5815,1.89104,0.651136,0.00362345510128717,0.909485669429933,-0.111102085328256
5814,1.87939,0.68404,0.00400380042602584,0.915346582363941,0.777752503814277
5814,1.86716,0.716736,0.00438785640957725,0.910462498171402,-0.333308963343933
5813,1.85437,0.749213,0.00476746028741807,0.912416143750119,0.555523964050056
5813,1.84101,0.781462,0.00514653495922402,0.912416143751575,-0.555523964183394
5812,1.82709,0.813473,0.005524928973698,0.910462498170486,0.333308963212263
5812,1.81262,0.845237,0.00589816040541653,0.915346582365915,-0.777752503943209
5811,1.79759,0.876742,0.00627477356382113,0.909485669429635,0.111102085200681
5810,1.78201,0.907981,0.00664128118161383,0.919253778306195,0.999999999954235
5810,1.7659,0.938943,0.00701550089708668,0.909485669429844,-0.111102085292603
5809,1.74924,0.969619,0.00737906792864427,0.915346582364538,0.777752503850291
5809,1.73205,1,0.00774561948660264,0.910462498171199,-0.333308963308445
5808,1.71433,1.03008,0.00810562913027401,0.912416143750526,0.555523964084446
5808,1.6961,1.05984,0.00846364303602894,0.912416143751246,-0.555523964150953
5807,1.67734,1.08928,0.00881945387470025,0.910462498170725,0.333308963242434
5807,1.65808,1.11839,0.00916807131517158,0.915346582365508,-0.777752503915519
5806,1.6383,1.14715,0.00951901754705991,0.909485669429676,0.11110208522853
5805,1.61803,1.17557,0.00985739985171628,0.919253778306765,0.999999999982884
5805,1.59727,1.20363,0.0102028403311437,0.909485669429817,-0.111102085265541
5804,1.57602,1.23132,0.01053526517091,0.9153465823649,0.777752503876539
5804,1.55429,1.25864,0.010869594456643,0.910462498170939,-0.333308963279996
5803,1.53209,1.28558,0.0111955648933436,0.912416143750815,0.555523964114853
5803,1.50942,1.31212,0.0115181511367006,0.91241614375085,-0.555523964118972
5802,1.48629,1.33826,0.0118372547621451,0.910462498170897,0.333308963276791
5802,1.46271,1.364,0.012147523186883,0.915346582364929,-0.77775250387822
5801,1.43868,1.38932,0.012459359236259,0.909485669429954,0.111102085257182
5801,1.41421,1.41421,0.0127567428763662,0.919253778307104,-0.999999999999994
850,1.38932,1.43868,0.0130608666466319,0.909485669429991,-0.111102085260227
849,1.364,1.46271,0.0133501899798464,0.915346582364834,0.777752503871359
849,1.33826,1.48629,0.0136407324964479,0.910462498171096,-0.333308963290402
848,1.31212,1.50942,0.0139215518805232,0.912416143750729,0.555523964099008
848,1.28558,1.53209,0.0141979732459043,0.912416143751184,-0.555523964140596
847,1.25864,1.55429,0.014469917092212,0.910462498170846,0.333308963247574
847,1.23132,1.57602,0.0147317562805309,0.915346582365554,-0.777752503916259
846,1.20363,1.59727,0.0149945489078934,0.90948566942978,0.111102085221654
845,1.17557,1.61803,0.0152414143127317,0.919253778306528,0.999999999969813
845,1.14715,1.6383,0.0154948457641348,0.909485669429915,-0.111102085282135
844,1.11839,1.65808,0.015732120100473,0.915346582364625,0.777752503855763
844,1.08928,1.67734,0.0159702848380573,0.910462498171253,-0.333308963307521
843,1.05984,1.6961,0.0161978212046972,0.912416143750542,0.555523964080906
843,1.03008,1.71433,0.0164204353905375,0.912416143751377,-0.555523964158847
842,1,1.73205,0.0166381777768835,0.910462498170698,0.333308963230309
842,0.969619,1.74924,0.0168450414058354,0.915346582365766,-0.777752503931825
841,0.938943,1.7659,0.0170531021965818,0.909485669429764,0.111102085205048
840,0.907981,1.78201,0.0172441437849194,0.919253778306164,0.99999999995148
840,0.876742,1.79759,0.0174428524085661,0.909485669429979,-0.11110208530158
839,0.845237,1.81262,0.0176244964896127,0.91534658236432,0.777752503835068
839,0.813473,1.82709,0.0178080114758147,0.91046249817139,-0.33330896333004
838,0.781462,1.84101,0.0179808209330786,0.912416143750255,0.555523964056983
838,0.749213,1.85437,0.018149373493783,0.912416143751674,-0.555523964183563
837,0.716736,1.86716,0.0183139700827793,0.910462498170584,0.333308963203304
837,0.68404,1.87939,0.0184677851087718,0.915346582366261,-0.777752503962098
836,0.651136,1.89104,0.0186247518707524,0.909485669429719,0.111102085173086
835,0.618034,1.90211,0.0187640031067967,0.919253778305509,0.999999999918205
835,0.584743,1.91261,0.0189138246927658,0.909485669430073,-0.111102085335132
834,0.551275,1.92252,0.019045858854006,0.915346582363819,0.777752503801204
834,0.517638,1.93185,0.0191816719630643,0.910462498171637,-0.333308963364254
833,0.483844,1.94059,0.0193068327355767,0.912416143749877,0.55552396402192
833,0.449902,1.94874,0.0194286272869134,0.91241614375206,-0.555523964220202
832,0.415823,1.9563,0.0195471824017936,0.910462498170279,0.333308963168166
832,0.381618,1.96325,0.0196549236338049,0.915346582366717,-0.777752503993703
831,0.347296,1.96962,0.0197670905772076,0.909485669429573,0.111102085145737
830,0.312869,1.97538,0.0198607332762214,0.919253778305012,0.99999999989529
830,0.278346,1.98054,0.0199666861114252,0.909485669430091,-0.111102085358547
829,0.243739,1.98509,0.0200540048420423,0.915346582363415,0.77775250377766
829,0.209057,1.98904,0.020146043806138,0.910462498171767,-0.333308963386422
828,0.174311,1.99239,0.0202271538547587,0.912416143749651,0.55552396400147
828,0.139513,1.99513,0.0203051739196225,0.912416143752224,-0.555523964238419
827,0.104672,1.99726,0.0203801215196771,0.910462498170184,0.33330896314881
827,0.069799,1.99878,0.0204439967435204,0.915346582367074,-0.777752504016452
826,0.0349048,1.9997,0.0205127383247785,0.909485669429527,0.111102085121841
825,1.27747e-16,2,0.0205623193741369,0.919253778304535,0.999999999870799
825,-0.0349048,1.9997,0.0206247155680437,0.909485669430051,-0.111102085378537
824,-0.069799,1.99878,0.0206678380594826,0.915346582363134,0.777752503762801
824,-0.104672,1.99726,0.0207156534192348,0.910462498171695,-0.333308963393583
823,-0.139513,1.99513,0.0207520762630098,0.912416143749585,0.555523964001401
823,-0.174311,1.99239,0.0207850636993338,0.912416143752112,-0.555523964232297
822,-0.209057,1.98904,0.0208144797173022,0.910462498170195,0.333308963161685
822,-0.243739,1.98509,0.0208324040618649,0.915346582366744,-0.777752503996403
821,-0.278346,1.98054,0.020854464190752,0.909485669429538,0.111102085145537
820,-0.312869,1.97538,0.0208571194733489,0.919253778305041,0.999999999897278
820,-0.347296,1.96962,0.0208714644337318,0.90948566942996,-0.111102085350006
819,-0.381618,1.96325,0.0208663779017555,0.915346582363608,0.777752503792493
819,-0.415823,1.9563,0.0208649752928908,0.910462498171543,-0.333308963366333
818,-0.449902,1.94874,0.0208518322814862,0.912416143749872,0.555523964026316
818,-0.483844,1.94059,0.0208345777385312,0.912416143751875,-0.555523964209561
817,-0.517638,1.93185,0.0208131006302007,0.910462498170336,0.333308963182646
817,-0.551275,1.92252,0.0207799621517898,0.915346582366457,-0.777752503976948
816,-0.584743,1.91261,0.0207499213438546,0.909485669429562,0.111102085165907
815,-0.618034,1.90211,0.0207009395056044,0.919253778305526,0.999999999919175
815,-0.651136,1.89104,0.0206621524143002,0.909485669429935,-0.111102085328253
814,-0.68404,1.87939,0.0206045719386535,0.915346582363941,0.777752503814277
814,-0.716736,1.86716,0.0205497640840029,0.910462498171402,-0.333308963343933
813,-0.749213,1.85437,0.0204834812291199,0.912416143750117,0.555523964050053
813,-0.781462,1.84101,0.0204128303655783,0.912416143751584,-0.555523964183396
812,-0.813473,1.82709,0.0203377767379662,0.910462498170484,0.33330896321226
812,-0.845237,1.81262,0.0202515129863617,0.91534658236591,-0.7777525039432
811,-0.876742,1.79759,0.0201676503046793,0.909485669429639,0.111102085200672
810,-0.907981,1.78201,0.0200660524515188,0.919253778306197,0.999999999954239
810,-0.938943,1.7659,0.0199733673835277,0.909485669429848,-0.111102085292613
809,-0.969619,1.74924,0.019863225213328,0.915346582364533,0.777752503850298
809,-1,1.73205,0.0197552536427915,0.910462498171205,-0.333308963308436
808,-1.03008,1.71433,0.0196365896599163,0.912416143750522,0.55552396408444
808,-1.05984,1.6961,0.019513684599336,0.912416143751243,-0.555523964150944
807,-1.08928,1.67734,0.0193865344686215,0.910462498170733,0.33330896324243
807,-1.11839,1.65808,0.019249084146516,0.915346582365511,-0.777752503915504
806,-1.14715,1.6383,0.0191134912686849,0.909485669429678,0.11110208522852
805,-1.17557,1.61803,0.01896190909917,0.91925377830677,0.999999999982889
805,-1.20363,1.59727,0.0188179224583244,0.909485669429819,-0.111102085265551
804,-1.23132,1.57602,0.0186583098666762,0.915346582364893,0.777752503876544
804,-1.25864,1.55429,0.0185003249142992,0.910462498170937,-0.333308963279986
803,-1.28558,1.53209,0.0183327469313588,0.912416143750809,0.555523964114847
803,-1.31212,1.50942,0.0181612206789561,0.912416143750849,-0.555523964118962
802,-1.33826,1.48629,0.0179857417027612,0.910462498170897,0.333308963276791
802,-1.364,1.46271,0.0178011553129151,0.915346582364928,-0.77775250387821
801,-1.38932,1.43868,0.0176178392349063,0.909485669429954,0.111102085257172
801,-1.41421,1.41421,0.0174206958808369,0.919253778307104,-0.999999999999994
15850,-1.43868,1.38932,0.0172296025371732,0.909485669429991,-0.111102085260237
15849,-1.46271,1.364,0.0170251110954132,0.915346582364828,0.777752503871364
15849,-1.48629,1.33826,0.0168216110500231,0.910462498171103,-0.333308963290387
15848,-1.50942,1.31212,0.0166098369208094,0.912416143750729,0.555523964099008
15848,-1.53209,1.28558,0.0163944595407034,0.912416143751185,-0.555523964140586
15847,-1.55429,1.25864,0.0161754621615669,0.910462498170851,0.333308963247569
15847,-1.57602,1.23132,0.0159487553680425,0.915346582365555,-0.777752503916249
15846,-1.59727,1.20363,0.0157225887624745,0.909485669429784,0.111102085221639
15845,-1.61803,1.17557,0.0154851185222839,0.919253778306531,0.999999999969823
15845,-1.6383,1.14715,0.0152518294398567,0.909485669429917,-0.111102085282151
15844,-1.65808,1.11839,0.0150077209273019,0.915346582364627,0.777752503855772
15844,-1.67734,1.08928,0.01476380481371,0.910462498171251,-0.333308963307506
15843,-1.6961,1.05984,0.0145131052933035,0.912416143750542,0.555523964080906
15843,-1.71433,1.03008,0.0142591476565976,0.912416143751375,-0.555523964158831
15842,-1.73205,1,0.0140019003742302,0.910462498170697,0.333308963230296
15842,-1.74924,0.969619,0.0137385014293705,0.915346582365764,-0.777752503931822
15841,-1.7659,0.938943,0.0134747467507935,0.909485669429762,0.111102085205035
15840,-1.78201,0.907981,0.013202524237248,0.919253778306162,0.999999999951483
15840,-1.79759,0.876742,0.0129323046189772,0.909485669429984,-0.111102085301589
15839,-1.81262,0.845237,0.0126541515572119,0.915346582364318,0.777752503835071
15839,-1.82709,0.813473,0.0123752572003417,0.910462498171391,-0.333308963330024
15838,-1.84101,0.781462,0.0120912306212649,0.912416143750253,0.555523964056986
15838,-1.85437,0.749213,0.0118043124107202,0.912416143751674,-0.555523964183544
15837,-1.86716,0.716736,0.0115144764055622,0.910462498170589,0.333308963203294
15837,-1.87939,0.68404,0.0112202035779899,0.915346582366259,-0.777752503962095
15836,-1.89104,0.651136,0.0109246292703893,0.909485669429715,0.111102085173074
15835,-1.90211,0.618034,0.0106236861414072,0.919253778305508,0.999999999918209
15835,-1.91261,0.584743,0.0103224496942851,0.909485669430068,-0.111102085335144
15834,-1.92252,0.551275,0.010016421567673,0.915346582363818,0.777752503801208
15834,-1.93185,0.517638,0.00970871434236945,0.910462498171639,-0.333308963364235
15833,-1.94059,0.483844,0.00939768497655962,0.912416143749876,0.555523964021923
15833,-1.94874,0.449902,0.0090842090738594,0.912416143752063,-0.555523964220183
15832,-1.9563,0.415823,0.00876826101058445,0.910462498170272,0.333308963168156
15832,-1.96325,0.381618,0.00844972467367993,0.915346582366716,-0.7777525039937
15831,-1.96962,0.347296,0.00812894135379053,0.909485669429575,0.111102085145728
15830,-1.97538,0.312869,0.007806058567735,0.91925377830502,0.999999999895294
15830,-1.98054,0.278346,0.00748052836660148,0.909485669430092,-0.111102085358556
15829,-1.98509,0.243739,0.0071534943272178,0.915346582363415,0.777752503777664
15829,-1.98904,0.209057,0.00682383995464467,0.910462498171765,-0.333308963386404
15828,-1.99239,0.174311,0.00649275633224458,0.912416143749651,0.555523964001473
15828,-1.99513,0.139513,0.00615971142546754,0.912416143752222,-0.5555239642384
15827,-1.99726,0.104672,0.00582469141521323,0.910462498170184,0.3333089631488
15827,-1.99878,0.069799,0.00548899701466372,0.915346582367074,-0.777752504016448
15826,-1.9997,0.0349048,0.00515016734583679,0.909485669429527,0.111102085121831
15825,-2,2.46315e-16,0.00481257016960215,0.919253778304535,0.999999999870803
15825,-1.9997,-0.0349048,0.00447006732877278,0.909485669430051,-0.111102085378547
15824,-1.99878,-0.069799,0.00412939975589926,0.915346582363134,0.777752503762804
15824,-1.99726,-0.104672,0.00378528112357431,0.910462498171696,-0.333308963393566
15823,-1.99513,-0.139513,0.00344168448473543,0.912416143749586,0.555523964001405
15823,-1.99239,-0.174311,0.00309669789701581,0.912416143752114,-0.555523964232279
15822,-1.98904,-0.209057,0.00275031428130977,0.910462498170195,0.333308963161688
15822,-1.98509,-0.243739,0.00240519969467058,0.915346582366744,-0.7777525039964
15821,-1.98054,-0.278346,0.00205617198935962,0.909485669429545,0.111102085145526
15820,-1.97538,-0.312869,0.00171166004224253,0.919253778305042,0.999999999897283
15820,-1.96962,-0.347296,0.00136013138311874,0.909485669429957,-0.111102085350017
15819,-1.96325,-0.381618,0.00101369630849736,0.915346582363609,0.777752503792499
15819,-1.9563,-0.415823,0.000663058178867246,0.910462498171549,-0.333308963366345
15818,-1.94874,-0.449902,0.000314844625861191,0.912416143749872,0.555523964026319
15818,-1.94059,-0.483844,-3.41797785234725e-05,0.91241614375188,-0.555523964209544
15817,-1.93185,-0.517638,-0.000384014395336007,0.910462498170337,0.33330896318265
15817,-1.92252,-0.551275,-0.00073070885711586,0.915346582366458,-0.777752503976945
15816,-1.91261,-0.584743,-0.00108199431019982,0.909485669429567,0.111102085165898
15815,-1.90211,-0.618034,-0.0014256507886763,0.919253778305528,0.999999999919178
15815,-1.89104,-0.651136,-0.00177820285781239,0.90948566942994,-0.111102085328262
15814,-1.87939,-0.68404,-0.00212257952318594,0.915346582363942,0.77775250381428
15814,-1.86716,-0.716736,-0.00247174975867342,0.910462498171397,-0.333308963343943
15813,-1.85437,-0.749213,-0.00281666277934205,0.912416143750119,0.555523964050056
15813,-1.84101,-0.781462,-0.00316175578934397,0.912416143751582,-0.555523964183381
15812,-1.82709,-0.813473,-0.0035070172425097,0.910462498170486,0.333308963212263
15812,-1.81262,-0.845237,-0.00384735657183792,0.915346582365912,-0.777752503943197
15811,-1.79759,-0.876742,-0.00419277930254604,0.909485669429641,0.111102085200675
15810,-1.78201,-0.907981,-0.00452771181482343,0.919253778306197,0.999999999954239
15810,-1.7659,-0.938943,-0.00487310960750547,0.90948566942985,-0.11110208529261
15809,-1.74924,-0.969619,-0.00520752919617403,0.915346582364535,0.777752503850301
15809,-1.73205,-1,-0.00554718817647495,0.9104624981712,-0.333308963308458
15808,-1.71433,-1.03008,-0.00588091501399886,0.912416143750526,0.555523964084446
15808,-1.6961,-1.05984,-0.00621420890558807,0.912416143751243,-0.555523964150944
15807,-1.67734,-1.08928,-0.00654705644105438,0.910462498170725,0.333308963242434
15807,-1.65808,-1.11839,-0.00687337852367953,0.915346582365503,-0.7777525039155
15806,-1.6383,-1.14715,-0.00720514596215805,0.90948566942967,0.111102085228524
15805,-1.61803,-1.17557,-0.00752389856290668,0.919253778306763,0.999999999982893
15805,-1.59727,-1.20363,-0.00785436675024995,0.909485669429812,-0.111102085265547
15804,-1.57602,-1.23132,-0.00817138382184441,0.915346582364898,0.777752503876549
15804,-1.55429,-1.25864,-0.0084938949055344,0.910462498170935,-0.333308963280012
15803,-1.53209,-1.28558,-0.00880893815496708,0.912416143750815,0.555523964114853
15803,-1.50942,-1.31212,-0.00912288933306032,0.912416143750855,-0.555523964118957
15802,-1.48629,-1.33826,-0.00943569606007303,0.910462498170897,0.333308963276791
15802,-1.46271,-1.364,-0.00974049580938707,0.915346582364928,-0.77775250387821
15801,-1.43868,-1.38932,-0.0100507823793038,0.909485669429954,0.111102085257172
15801,-1.41421,-1.41421,-0.010345848786256,0.919253778307098,-0.999999999999989
10084,-1.38932,-1.43868,-0.0106533093911575,-0.909485669429983,0.111102085260242
10184,-1.364,-1.46271,-0.0109451550873833,-0.915346582364814,-0.777752503871363
10184,-1.33826,-1.48629,-0.0112423847163907,-0.910462498171062,0.333308963290425
10284,-1.31212,-1.50942,-0.0115306952083734,-0.912416143750702,-0.555523964098991
10284,-1.28558,-1.53209,-0.01181711549881,-0.912416143751175,0.55552396414059
10384,-1.25864,-1.55429,-0.0121015617254152,-0.910462498170858,-0.333308963247603
10384,-1.23132,-1.57602,-0.0123766112136501,-0.915346582365569,0.777752503916277
10484,-1.20363,-1.59727,-0.0126568587171594,-0.909485669429755,-0.111102085221656
10584,-1.17557,-1.61803,-0.0129199987890624,-0.919253778306467,-0.999999999969833
10584,-1.14715,-1.6383,-0.0131957111955514,-0.909485669429891,0.111102085282108
10684,-1.11839,-1.65808,-0.013453981318234,-0.915346582364624,-0.777752503855743
10684,-1.08928,-1.67734,-0.0137172718790672,-0.910462498171255,0.333308963307532
10784,-1.05984,-1.6961,-0.0139703580131173,-0.912416143750544,-0.555523964080908
10784,-1.03008,-1.71433,-0.0142207393331112,-0.912416143751393,0.555523964158839
10884,-1,-1.73205,-0.0144683413875888,-0.910462498170715,-0.333308963230315
10884,-0.969619,-1.74924,-0.0147053572976314,-0.915346582365772,0.777752503931858
10984,-0.938943,-1.7659,-0.0149471961179848,-0.909485669429763,-0.111102085205032
11084,-0.907981,-1.78201,-0.0151704392698608,-0.919253778306154,-0.99999999995149
11084,-0.876742,-1.79759,-0.0154062661028635,-0.909485669429981,0.111102085301552
11184,-0.845237,-1.81262,-0.0156232687730569,-0.915346582364332,-0.777752503835052
11184,-0.813473,-1.82709,-0.015844977131633,-0.910462498171421,0.333308963330044
11284,-0.781462,-1.84101,-0.0160555535871219,-0.912416143750289,-0.555523964056998
11284,-0.749213,-1.85437,-0.0162628488571486,-0.912416143751684,0.555523964183542
11384,-0.716736,-1.86716,-0.0164668552774327,-0.910462498170579,-0.333308963203316
11384,-0.68404,-1.87939,-0.0166595074355059,-0.915346582366256,0.777752503962127
11484,-0.651136,-1.89104,-0.0168568443204858,-0.9094856694297,-0.111102085173069
11584,-0.618034,-1.90211,-0.0170346896594282,-0.919253778305473,-0.9999999999182
11584,-0.584743,-1.91261,-0.0172252977972481,-0.909485669430035,0.111102085335111
11684,-0.551275,-1.92252,-0.0173963474545869,-0.915346582363772,-0.777752503801188
11684,-0.517638,-1.93185,-0.017572101066926,-0.910462498171642,0.333308963364261
11784,-0.483844,-1.94059,-0.0177363707920344,-0.912416143749915,-0.555523964021929
11784,-0.449902,-1.94874,-0.0178972425664123,-0.912416143752077,0.555523964220183
11884,-0.415823,-1.9563,-0.0180547762068816,-0.910462498170266,-0.33330896316818
11884,-0.381618,-1.96325,-0.0182008020962939,-0.915346582366712,0.777752503993725
11984,-0.347296,-1.96962,-0.0183516603688483,-0.909485669429565,-0.111102085145729
12084,-0.312869,-1.97538,-0.0184829311746494,-0.919253778305011,-0.999999999895287
12084,-0.278346,-1.98054,-0.0186271695590734,-0.909485669430107,0.111102085358526
12184,-0.243739,-1.98509,-0.0187519079262808,-0.915346582363447,-0.777752503777644
12184,-0.209057,-1.98904,-0.0188814653970483,-0.910462498171781,0.333308963386432
12284,-0.174311,-1.99239,-0.0189997100138048,-0.912416143749663,-0.555523964001473
12284,-0.139513,-1.99513,-0.0191146971273088,-0.912416143752267,0.555523964238395
12384,-0.104672,-1.99726,-0.0192264318599767,-0.910462498170238,-0.333308963148834
12384,-0.069799,-1.99878,-0.019326959769294,-0.915346582367131,0.777752504016471
12484,-0.0349048,-1.9997,-0.0194320884230577,-0.909485669429557,-0.111102085121833
12584,-4.35203e-16,-2,-0.0195182553719298,-0.919253778304537,-0.999999999870803
12584,0.0349048,-1.9997,-0.0196165922873587,-0.909485669430058,0.111102085378513
12684,0.069799,-1.99878,-0.0196960916446075,-0.915346582363139,-0.777752503762792
12684,0.104672,-1.99726,-0.0197797387849381,-0.9104624981717,0.333308963393593
12784,0.139513,-1.99513,-0.0198522692782394,-0.912416143749591,-0.555523964001403
12784,0.174311,-1.99239,-0.0199212042188738,-0.912416143752134,0.555523964232273
12884,0.209057,-1.98904,-0.019986379376459,-0.91046249817019,-0.333308963161724
12884,0.243739,-1.98509,-0.0200405560203552,-0.915346582366752,0.777752503996427
12984,0.278346,-1.98054,-0.0200979188131188,-0.909485669429543,-0.111102085145531
13084,0.312869,-1.97538,-0.020137274969897,-0.919253778305079,-0.999999999897294
13084,0.347296,-1.96962,-0.0201863305015295,-0.909485669429971,0.111102085349981
13184,0.381618,-1.96325,-0.0202174978004487,-0.915346582363621,-0.777752503792476
13184,0.415823,-1.9563,-0.0202510499042315,-0.910462498171561,0.33330896336634
13284,0.449902,-1.94874,-0.02027353626125,-0.912416143749886,-0.555523964026324
13284,0.483844,-1.94059,-0.020291541018066,-0.912416143751904,0.555523964209538
13384,0.517638,-1.93185,-0.0203048819832968,-0.910462498170363,-0.333308963182687
13384,0.551275,-1.92252,-0.0203073315621648,-0.915346582366464,0.777752503976962
13484,0.584743,-1.91261,-0.0203111028990175,-0.909485669429569,-0.111102085165906
13584,0.618034,-1.90211,-0.0202980233314752,-0.919253778305519,-0.999999999919186
13584,0.651136,-1.89104,-0.020291825874289,-0.909485669429928,0.111102085328226
13684,0.68404,-1.87939,-0.0202689514957777,-0.915346582363942,-0.777752503814258
13684,0.716736,-1.86716,-0.0202466906710079,-0.910462498171394,0.333308963343945
13784,0.749213,-1.85437,-0.0202136073395116,-0.912416143750121,-0.555523964050058
13784,0.781462,-1.84101,-0.0201752951015831,-0.91241614375158,0.555523964183364
13884,0.813473,-1.82709,-0.0201315399856638,-0.91046249817049,-0.333308963212306
13884,0.845237,-1.81262,-0.0200771596740375,-0.915346582365913,0.777752503943214
13984,0.876742,-1.79759,-0.0200222283073667,-0.909485669429626,-0.1111020852007
14084,0.907981,-1.78201,-0.0199517487880208,-0.919253778306215,-0.999999999954254
14084,0.938943,-1.7659,-0.0198851416774941,-0.909485669429858,0.111102085292581
14184,0.969619,-1.74924,-0.0198031567991889,-0.915346582364524,-0.777752503850263
14184,1,-1.73205,-0.0197198451959144,-0.910462498171194,0.333308963308465
14284,1.03008,-1.71433,-0.0196259794740246,-0.91241614375052,-0.55552396408445
14284,1.05984,-1.6961,-0.0195260996514294,-0.912416143751235,0.55552396415093
14384,1.08928,-1.67734,-0.019420119209259,-0.910462498170724,-0.333308963242461
14384,1.11839,-1.65808,-0.0193039034532405,-0.915346582365498,0.777752503915531
14484,1.14715,-1.6383,-0.0191856899950409,-0.909485669429676,-0.111102085228531
14584,1.17557,-1.61803,-0.0190534302410503,-0.919253778306762,-0.999999999982903
14584,1.20363,-1.59727,-0.0189229152785629,-0.909485669429825,0.1111020852655
14684,1.23132,-1.57602,-0.0187786475919869,-0.91534658236492,-0.777752503876537
14684,1.25864,-1.55429,-0.0186320373248188,-0.910462498170955,0.333308963280004
14784,1.28558,-1.53209,-0.0184756818605812,-0.912416143750819,-0.555523964114867
14784,1.31212,-1.50942,-0.0183132710526723,-0.912416143750872,0.555523964118932
14884,1.33826,-1.48629,-0.018144736366572,-0.910462498170903,-0.333308963276861
14884,1.364,-1.46271,-0.0179668302507139,-0.915346582364901,0.777752503878194
14984,1.38932,-1.43868,-0.017786047493134,-0.909485669429939,-0.111102085257194
14984,1.41421,-1.41421,-0.0175929798601082,-0.919253778307102,0.999999999999985
5850,1.43868,-1.38932,-0.0173999219836531,0.909485669429985,-0.111102085260202
5849,1.46271,-1.364,-0.0171949077322945,0.915346582364833,0.777752503871339
5849,1.48629,-1.33826,-0.0169867429439229,0.910462498171102,-0.333308963290407
5848,1.50942,-1.31212,-0.0167698120770109,0.91241614375073,0.555523964099018
5848,1.53209,-1.28558,-0.0165469590468763,0.912416143751186,-0.555523964140576
5847,1.55429,-1.25864,-0.0163181777624504,0.91046249817085,0.333308963247604
5847,1.57602,-1.23132,-0.0160810942826955,0.91534658236556,-0.777752503916265
5846,1.59727,-1.20363,-0.0158405887257244,0.909485669429786,0.111102085221649
5845,1.61803,-1.17557,-0.0155897923532159,0.919253778306525,0.999999999969829
5845,1.6383,-1.14715,-0.0153377761555832,0.909485669429914,-0.11110208528211
5844,1.65808,-1.11839,-0.0150759125619864,0.915346582364627,0.777752503855747
5844,1.67734,-1.08928,-0.014810656810062,0.910462498171258,-0.333308963307527
5843,1.6961,-1.05984,-0.0145381033549624,0.912416143750537,0.555523964080912
5843,1.71433,-1.03008,-0.0142603633148574,0.912416143751378,-0.555523964158821
5842,1.73205,-1,-0.0139776164077523,0.910462498170701,0.333308963230334
5842,1.74924,-0.969619,-0.0136882347133361,0.915346582365767,-0.777752503931841
5841,1.7659,-0.938943,-0.0133958675372784,0.909485669429766,0.111102085205045
5840,1.78201,-0.907981,-0.0130957402511245,0.919253778306158,0.99999999995149
5840,1.79759,-0.876742,-0.0127943189594932,0.909485669429983,-0.111102085301555
5839,1.81262,-0.845237,-0.0124857085338953,0.915346582364319,0.777752503835052
5839,1.82709,-0.813473,-0.0121743616271484,0.910462498171384,-0.333308963330046
5838,1.84101,-0.781462,-0.0118577518615214,0.912416143750258,0.555523964056995
5838,1.85437,-0.749213,-0.0115373034239326,0.91241614375167,-0.555523964183538
5837,1.86716,-0.716736,-0.0112131376614596,0.91046249817059,0.333308963203332
5837,1.87939,-0.68404,-0.0108844195379135,0.915346582366259,-0.777752503962114
5836,1.89104,-0.651136,-0.0105530997953504,0.909485669429712,0.11110208517308
5835,1.90211,-0.618034,-0.0102169240759387,0.919253778305505,0.999999999918216
5835,1.91261,-0.584743,-0.00987875482257757,0.909485669430072,-0.111102085335106
5834,1.92252,-0.551275,-0.00953627268031067,0.915346582363824,0.777752503801191
5834,1.93185,-0.517638,-0.00919106293506942,0.910462498171638,-0.333308963364257
5833,1.94059,-0.483844,-0.00884247622352095,0.912416143749874,0.555523964021932
5833,1.94874,-0.449902,-0.00849093027668001,0.91241614375206,-0.555523964220175
5832,1.9563,-0.415823,-0.00813646983670935,0.910462498170272,0.333308963168192
5832,1.96325,-0.381618,-0.00777935067332981,0.915346582366721,-0.777752503993719
5831,1.96962,-0.347296,-0.00741932410211017,0.909485669429573,0.111102085145735
5830,1.97538,-0.312869,-0.00705745286534682,0.919253778305019,0.999999999895301
5830,1.98054,-0.278346,-0.00669220653109868,0.909485669430095,-0.11110208535852
5829,1.98509,-0.243739,-0.00632571426474485,0.915346582363408,0.777752503777643
5829,1.98904,-0.209057,-0.00595626951512505,0.910462498171767,-0.333308963386425
5828,1.99239,-0.174311,-0.00558545069500838,0.91241614374965,0.555523964001481
5828,1.99513,-0.139513,-0.00521257869028408,0.912416143752221,-0.555523964238393
5827,1.99726,-0.104672,-0.00483767135852403,0.910462498170182,0.333308963148836
5827,1.99878,-0.069799,-0.00446211958103344,0.915346582367075,-0.777752504016468
5826,1.9997,-0.0349048,-0.0040833318767238,0.909485669429527,0.111102085121839
