origElemNum,globCoord-x,globCoord-y,acouIntensity-x,acouIntensity-y,locCoord-xi,locCoord-eta
5825,2,-2.20442e-18,8.75481670795795e-14,-1.29566343168053e-14,0.919253778304535,0.999999999870795
5825,1.9997,0.0349048,8.89990828230925e-14,-1.29796779735727e-14,0.909485669430051,-0.11110208537854
5824,1.99878,0.069799,9.04194546923004e-14,-9.51974859617017e-15,0.915346582363134,0.7777525037628
5824,1.99726,0.104672,9.16590786020777e-14,-9.50146755983122e-15,0.910462498171695,-0.333308963393583
5823,1.99513,0.139513,9.25648403573496e-14,-5.62717125141951e-15,0.912416143749585,0.555523964001403
5823,1.99239,0.174311,9.34735286057638e-14,-5.58374968954705e-15,0.912416143752112,-0.555523964232293
5822,1.98904,0.209057,9.37607558818152e-14,-1.58183587303827e-15,0.910462498170195,0.33330896316169
5822,1.98509,0.243739,9.4317332887133e-14,-1.53508936369004e-15,0.915346582366752,-0.777752503996411
5821,1.98054,0.278346,9.40558928078151e-14,2.32823601654766e-15,0.909485669429537,0.111102085145532
5820,1.97538,0.312869,9.37620436121273e-14,5.93485655312713e-15,0.91925377830504,0.999999999897275
5820,1.96962,0.347296,9.36839477753239e-14,5.94609500177391e-15,0.909485669429959,-0.111102085350008
5819,1.96325,0.381618,9.30629032847914e-14,9.25986470132089e-15,0.915346582363608,0.777752503792493
5819,1.9563,0.415823,9.29075971821781e-14,9.25362355019195e-15,0.910462498171543,-0.333308963366333
5818,1.94874,0.449902,9.20924774033308e-14,1.23203410883221e-14,0.912416143749872,0.555523964026318
5818,1.94059,0.483844,9.1924042724133e-14,1.23052633530045e-14,0.912416143751876,-0.555523964209557
5817,1.93185,0.517638,9.09969790397483e-14,1.51863464369385e-14,0.910462498170338,0.333308963182653
5817,1.92252,0.551275,9.08539105154819e-14,1.51706719214852e-14,0.915346582366455,-0.777752503976955
5816,1.91261,0.584743,8.98597493198303e-14,1.791981495922e-14,0.909485669429567,0.111102085165898
5815,1.90211,0.618034,8.88923254486734e-14,2.05910729305493e-14,0.919253778305533,0.999999999919169
5815,1.89104,0.651136,8.87263012081634e-14,2.05671773974989e-14,0.909485669429933,-0.111102085328256
5814,1.87939,0.68404,8.77149916736403e-14,2.31675701357056e-14,0.915346582363941,0.777752503814277
5814,1.86716,0.716736,8.76242357541187e-14,2.3161086719358e-14,0.910462498171402,-0.333308963343933
5813,1.85437,0.749213,8.6584555227865e-14,2.57089598025949e-14,0.912416143750119,0.555523964050056
5813,1.84101,0.781462,8.65738909770109e-14,2.57264516487294e-14,0.912416143751575,-0.555523964183394
5812,1.82709,0.813473,8.55187260639658e-14,2.8237241872676e-14,0.910462498170486,0.333308963212263
5812,1.81262,0.845237,8.55921309368614e-14,2.8285603308887e-14,0.915346582365915,-0.777752503943209
5811,1.79759,0.876742,8.45323003827469e-14,3.07748155194238e-14,0.909485669429635,0.111102085200681
5810,1.78201,0.907981,8.34786204852947e-14,3.32454489647277e-14,0.919253778306195,0.999999999954235
5810,1.7659,0.938943,8.36362109801736e-14,3.33460033986621e-14,0.909485669429844,-0.111102085292603
5809,1.74924,0.969619,8.25800483315233e-14,3.58221325038458e-14,0.915346582364538,0.777752503850291
5809,1.73205,1,8.28345964256035e-14,3.59753620636472e-14,0.910462498171199,-0.333308963308445
5808,1.71433,1.03008,8.17755737317781e-14,3.84729295558271e-14,0.912416143750526,0.555523964084446
5808,1.6961,1.05984,8.21239652562463e-14,3.86846156064669e-14,0.912416143751246,-0.555523964150953
5807,1.67734,1.08928,8.10582378663168e-14,4.12161460557216e-14,0.910462498170725,0.333308963242434
5807,1.65808,1.11839,8.1496359234721e-14,4.14915368035472e-14,0.915346582365508,-0.777752503915519
5806,1.6383,1.14715,8.04190810403479e-14,4.40673324424412e-14,0.909485669429676,0.11110208522853
5805,1.61803,1.17557,7.93132185839148e-14,4.66550582667762e-14,0.919253778306765,0.999999999982884
5805,1.59727,1.20363,7.98476538137761e-14,4.70421855759872e-14,0.909485669429817,-0.111102085265541
5804,1.57602,1.23132,7.87143236053061e-14,4.96900474476793e-14,0.9153465823649,0.777752503876539
5804,1.55429,1.25864,7.93282770821897e-14,5.0155631869683e-14,0.910462498170939,-0.333308963279996
5803,1.53209,1.28558,7.81550129894945e-14,5.28709832144806e-14,0.912416143750815,0.555523964114853
5803,1.50942,1.31212,7.88401217518756e-14,5.34171296193898e-14,0.91241614375085,-0.555523964118972
5802,1.48629,1.33826,7.76149820287455e-14,5.62017898203814e-14,0.910462498170897,0.333308963276791
5802,1.46271,1.364,7.83634940128801e-14,5.68305962050425e-14,0.915346582364929,-0.77775250387822
5801,1.43868,1.38932,7.70774583346307e-14,5.96847652788872e-14,0.909485669429954,0.111102085257182
5801,1.41421,1.41421,7.78833034588356e-14,6.03993506504485e-14,0.919253778307104,-0.999999999999994
850,1.38932,1.43868,7.65281603355923e-14,6.33246314190346e-14,0.909485669429991,-0.111102085260227
849,1.364,1.46271,7.51043932065136e-14,6.6263860411391e-14,0.915346582364834,0.777752503871359
849,1.33826,1.48629,7.59523965336216e-14,6.71274035630165e-14,0.910462498171096,-0.333308963290402
848,1.31212,1.50942,7.44437886089919e-14,7.01390121854737e-14,0.912416143750729,0.555523964099008
848,1.28558,1.53209,7.53351679202111e-14,7.10986120384722e-14,0.912416143751184,-0.555523964140596
847,1.25864,1.55429,7.37326224006079e-14,7.41844628973418e-14,0.910462498170846,0.333308963247574
847,1.23132,1.57602,7.46628109789003e-14,7.52444777489271e-14,0.915346582365554,-0.777752503916259
846,1.20363,1.59727,7.29545404705902e-14,7.84081177035576e-14,0.90948566942978,0.111102085221654
845,1.17557,1.61803,7.11491022473395e-14,8.15846182621302e-14,0.919253778306528,0.999999999969813
845,1.14715,1.6383,7.20861269527504e-14,8.28157580142617e-14,0.909485669429915,-0.111102085282135
844,1.11839,1.65808,7.01454679074868e-14,8.60703216307962e-14,0.915346582364625,0.777752503855763
844,1.08928,1.67734,7.11006920631152e-14,8.74036699764187e-14,0.910462498171253,-0.333308963307521
843,1.05984,1.6961,6.90121517979129e-14,9.07272790979991e-14,0.912416143750542,0.555523964080906
843,1.03008,1.71433,6.99787201615085e-14,9.21633841719259e-14,0.912416143751377,-0.555523964158847
842,1,1.73205,6.77338093644039e-14,9.55499014338717e-14,0.910462498170698,0.333308963230309
842,0.969619,1.74924,6.87071018630143e-14,9.70925044053218e-14,0.915346582365766,-0.777752503931825
841,0.938943,1.7659,6.62917995968567e-14,1.00540934131125e-13,0.909485669429764,0.111102085205048
840,0.907981,1.78201,6.37397304014247e-14,1.03990040986331e-13,0.919253778306164,0.99999999995148
840,0.876742,1.79759,6.46560302086927e-14,1.05698833050445e-13,0.909485669429979,-0.11110208530158
839,0.845237,1.81262,6.1891994174367e-14,1.09201505317214e-13,0.91534658236432,0.777752503835068
839,0.813473,1.82709,6.27910104512107e-14,1.11006083591801e-13,0.91046249817139,-0.33330896333004
838,0.781462,1.84101,5.97957389735172e-14,1.14541855036975e-13,0.912416143750255,0.555523964056983
838,0.749213,1.85437,6.06684819685072e-14,1.16435054187842e-13,0.912416143751674,-0.555523964183563
837,0.716736,1.86716,5.7426960215443e-14,1.19983150288674e-13,0.910462498170584,0.333308963203304
837,0.68404,1.87939,5.82659266907341e-14,1.2195930568891e-13,0.915346582366261,-0.777752503962098
836,0.651136,1.89104,5.47572300650802e-14,1.25498337734227e-13,0.909485669429719,0.111102085173086
835,0.618034,1.90211,5.10570728834644e-14,1.29008593488947e-13,0.919253778305509,0.999999999918205
835,0.584743,1.91261,5.17537389445085e-14,1.31045749874559e-13,0.909485669430073,-0.111102085335132
834,0.551275,1.92252,4.77557248155576e-14,1.34498693029988e-13,0.915346582363819,0.777752503801204
834,0.517638,1.93185,4.83926346783155e-14,1.36568012595553e-13,0.910462498171637,-0.333308963364254
833,0.483844,1.94059,4.409269034361e-14,1.39921895681238e-13,0.912416143749877,0.55552396402192
833,0.449902,1.94874,4.46643504716872e-14,1.42008025232778e-13,0.91241614375206,-0.555523964220202
832,0.415823,1.9563,4.00614511305102e-14,1.45226068122175e-13,0.910462498170279,0.333308963168166
832,0.381618,1.96325,4.05641507415938e-14,1.47315043886823e-13,0.915346582366717,-0.777752503993703
831,0.347296,1.96962,3.56540463494884e-14,1.50359824815733e-13,0.909485669429573,0.111102085145737
830,0.312869,1.97538,3.05455322766089e-14,1.53311160526512e-13,0.919253778305012,0.99999999989529
830,0.278346,1.98054,3.08657778956043e-14,1.55261254649006e-13,0.909485669430091,-0.111102085358547
829,0.243739,1.98509,2.54542997220834e-14,1.57975614496525e-13,0.915346582363415,0.77775250377766
829,0.209057,1.98904,2.57030070956679e-14,1.59861649497091e-13,0.910462498171767,-0.333308963386422
828,0.174311,1.99239,2.00032932233051e-14,1.62292633940382e-13,0.912416143749651,0.55552396400147
828,0.139513,1.99513,2.01827400738234e-14,1.64093964072338e-13,0.912416143752224,-0.555523964238419
827,0.104672,1.99726,1.42148527693072e-14,1.66197155718461e-13,0.910462498170184,0.33330896314881
827,0.069799,1.99878,1.43291353861746e-14,1.67892834752675e-13,0.915346582367074,-0.777752504016452
826,0.0349048,1.9997,8.12085880680252e-15,1.69625019940096e-13,0.909485669429527,0.111102085121841
825,1.27747e-16,2,1.77451577763682e-15,1.71194632487198e-13,0.919253778304535,0.999999999870799
825,-0.0349048,1.9997,1.76520566999541e-15,1.72518374301962e-13,0.909485669430051,-0.111102085378537
824,-0.069799,1.99878,-4.75353917274675e-15,1.73667789871894e-13,0.915346582363134,0.777752503762801
824,-0.104672,1.99726,-4.79931377585294e-15,1.74834195771403e-13,0.910462498171695,-0.333308963393583
823,-0.139513,1.99513,-1.14450032555383e-14,1.75542244719955e-13,0.912416143749585,0.555523964001401
823,-0.174311,1.99239,-1.15170445017012e-14,1.76545844034157e-13,0.912416143752112,-0.555523964232297
822,-0.209057,1.98904,-1.82453286238783e-14,1.76800191643859e-13,0.910462498170195,0.333308963161685
822,-0.243739,1.98509,-1.83332313793465e-14,1.77638370249007e-13,0.915346582366744,-0.777752503996403
821,-0.278346,1.98054,-2.51028508957645e-14,1.77431442441527e-13,0.909485669429538,0.111102085145537
820,-0.312869,1.97538,-3.18967526883071e-14,1.77041111743183e-13,0.919253778305041,0.999999999897278
820,-0.347296,1.96962,-3.19668648174131e-14,1.77428850622729e-13,0.90948566942996,-0.111102085350006
819,-0.381618,1.96325,-3.87332262751905e-14,1.7657453727039e-13,0.915346582363608,0.777752503792493
819,-0.415823,1.9563,-3.87804675113374e-14,1.76791913980343e-13,0.910462498171543,-0.333308963366333
818,-0.449902,1.94874,-4.54638533238589e-14,1.7548322271577e-13,0.912416143749872,0.555523964026316
818,-0.483844,1.94059,-4.54797136796997e-14,1.75540389187719e-13,0.912416143751875,-0.555523964209561
817,-0.517638,1.93185,-5.20302894067254e-14,1.73803452050448e-13,0.910462498170336,0.333308963182646
817,-0.551275,1.92252,-5.20093758669812e-14,1.73718788174187e-13,0.915346582366457,-0.777752503976948
816,-0.584743,1.91261,-5.83978935253991e-14,1.71585453924611e-13,0.909485669429562,0.111102085165907
815,-0.618034,1.90211,-6.47058129407852e-14,1.69308584549703e-13,0.919253778305526,0.999999999919175
815,-0.651136,1.89104,-6.45488947089262e-14,1.68872253264129e-13,0.909485669429935,-0.111102085328253
814,-0.68404,1.87939,-7.06762166838468e-14,1.66231860197286e-13,0.915346582363941,0.777752503814277
814,-0.716736,1.86716,-7.04639616776367e-14,1.65693881048062e-13,0.910462498171402,-0.333308963343933
813,-0.749213,1.85437,-7.63878783327353e-14,1.62707742713165e-13,0.912416143750117,0.555523964050053
813,-0.781462,1.84101,-7.61160398724813e-14,1.62075674455316e-13,0.912416143751584,-0.555523964183396
812,-0.813473,1.82709,-8.18102341318713e-14,1.58763755937509e-13,0.910462498170484,0.33330896321226
812,-0.845237,1.81262,-8.14756558281783e-14,1.58046260269628e-13,0.91534658236591,-0.7777525039432
811,-0.876742,1.79759,-8.69146890997812e-14,1.54434217590717e-13,0.909485669429639,0.111102085200672
810,-0.907981,1.78201,-9.22243234633232e-14,1.5073441735091e-13,0.919253778306197,0.999999999954239
810,-0.938943,1.7659,-9.16771585926728e-14,1.49764854385581e-13,0.909485669429848,-0.111102085292613
809,-0.969619,1.74924,-9.66919222467884e-14,1.45822854813526e-13,0.915346582364533,0.777752503850298
809,-1,1.73205,-9.60817704584278e-14,1.44813716142821e-13,0.910462498171205,-0.333308963308436
808,-1.03008,1.71433,-1.00790223633396e-13,1.40673457479756e-13,0.912416143750522,0.55552396408444
808,-1.05984,1.6961,-1.00126324174359e-13,1.39645646669336e-13,0.912416143751243,-0.555523964150944
807,-1.08928,1.67734,-1.0453137681818e-13,1.35347991935406e-13,0.910462498170733,0.33330896324243
807,-1.11839,1.65808,-1.03824513791984e-13,1.343210557514e-13,0.915346582365511,-0.777752503915504
806,-1.14715,1.6383,-1.07939723865146e-13,1.29896100272779e-13,0.909485669429678,0.11110208522852
805,-1.17557,1.61803,-1.11926534422539e-13,1.25450535838719e-13,0.91925377830677,0.999999999982889
805,-1.20363,1.59727,-1.11039259374486e-13,1.24350899923571e-13,0.909485669429819,-0.111102085265551
804,-1.23132,1.57602,-1.14759749400406e-13,1.19802967670321e-13,0.915346582364893,0.777752503876544
804,-1.25864,1.55429,-1.13844834084426e-13,1.18734443064014e-13,0.910462498170937,-0.333308963279986
803,-1.28558,1.53209,-1.17300975567364e-13,1.14099714916724e-13,0.912416143750809,0.555523964114847
803,-1.31212,1.50942,-1.16363683804592e-13,1.13066684505897e-13,0.912416143750849,-0.555523964118962
802,-1.33826,1.48629,-1.1955568255989e-13,1.08362494509506e-13,0.910462498170897,0.333308963276791
802,-1.364,1.46271,-1.1860252199112e-13,1.07369816674239e-13,0.915346582364928,-0.77775250387821
801,-1.38932,1.43868,-1.21532983782737e-13,1.02614334977662e-13,0.909485669429954,0.111102085257172
801,-1.41421,1.41421,-1.20571672479609e-13,1.01667066539372e-13,0.919253778307104,-0.999999999999994
15850,-1.43868,1.38932,-1.23245677493164e-13,9.68775775266373e-14,0.909485669429991,-0.111102085260237
15849,-1.46271,1.364,-1.25824292977635e-13,9.21149552113827e-14,0.915346582364828,0.777752503871364
15849,-1.48629,1.33826,-1.2470851494893e-13,9.11724829388587e-14,0.910462498171103,-0.333308963290387
15848,-1.50942,1.31212,-1.27044145491129e-13,8.63990451442004e-14,0.912416143750729,0.555523964099008
15848,-1.53209,1.28558,-1.25937483991217e-13,8.5515505620716e-14,0.912416143751185,-0.555523964140586
15847,-1.55429,1.25864,-1.28038166643324e-13,8.0741587138536e-14,0.910462498170851,0.333308963247569
15847,-1.57602,1.23132,-1.26947615776483e-13,7.99180150943834e-14,0.915346582365555,-0.777752503916249
15846,-1.59727,1.20363,-1.28818863998058e-13,7.51542196313133e-14,0.909485669429784,0.111102085221639
15845,-1.61803,1.17557,-1.30624234493526e-13,7.04369625060738e-14,0.919253778306531,0.999999999969823
15845,-1.6383,1.14715,-1.29398758375039e-13,6.96517610251389e-14,0.909485669429917,-0.111102085282151
15844,-1.65808,1.11839,-1.30987613000914e-13,6.49665725768618e-14,0.915346582364627,0.777752503855772
15844,-1.67734,1.08928,-1.29796730421693e-13,6.42481291599507e-14,0.910462498171251,-0.333308963307506
15843,-1.6961,1.05984,-1.31182488009106e-13,5.96003626204266e-14,0.912416143750542,0.555523964080906
15843,-1.71433,1.03008,-1.30034063892415e-13,5.89479277103009e-14,0.912416143751375,-0.555523964158831
15842,-1.73205,1,-1.31226473261323e-13,5.4337256193191e-14,0.910462498170697,0.333308963230296
15842,-1.74924,0.969619,-1.30124883224469e-13,5.37476091104488e-14,0.915346582365764,-0.777752503931822
15841,-1.7659,0.938943,-1.31126805627984e-13,4.91767965534991e-14,0.909485669429762,0.111102085205035
15840,-1.78201,0.907981,-1.32107866665929e-13,4.46582720453658e-14,0.919253778306162,0.999999999951483
15840,-1.79759,0.876742,-1.30889860207182e-13,4.41254506940218e-14,0.909485669429984,-0.111102085301589
15839,-1.81262,0.845237,-1.31690327498652e-13,3.96609673070833e-14,0.915346582364318,0.777752503835071
15839,-1.82709,0.813473,-1.30530092427769e-13,3.91883297233634e-14,0.910462498171391,-0.333308963330024
15838,-1.84101,0.781462,-1.31159928757733e-13,3.47744065726138e-14,0.912416143750253,0.555523964056986
15838,-1.85437,0.749213,-1.30060161110113e-13,3.43574259902831e-14,0.912416143751674,-0.555523964183544
15837,-1.86716,0.716736,-1.30519405228318e-13,2.99898543932324e-14,0.910462498170589,0.333308963203294
15837,-1.87939,0.68404,-1.29478410207618e-13,2.96223867229542e-14,0.915346582366259,-0.777752503962095
15836,-1.89104,0.651136,-1.29761668224438e-13,2.53138344240624e-14,0.909485669429715,0.111102085173074
15835,-1.90211,0.618034,-1.30057801633389e-13,2.1069083082405e-14,0.919253778305508,0.999999999918209
15835,-1.91261,0.584743,-1.28897191989714e-13,2.07644911991174e-14,0.909485669430068,-0.111102085335144
15834,-1.92252,0.551275,-1.29035300327944e-13,1.66019213288195e-14,0.915346582363818,0.777752503801208
15834,-1.93185,0.517638,-1.2795550146218e-13,1.63458294296259e-14,0.910462498171639,-0.333308963364235
15833,-1.94059,0.483844,-1.27952159950042e-13,1.22528835754648e-14,0.912416143749876,0.555523964021923
15833,-1.94874,0.449902,-1.26955728028285e-13,1.20397528317352e-14,0.912416143752063,-0.555523964220183
15832,-1.9563,0.415823,-1.26810819535444e-13,8.00583832019942e-15,0.910462498170272,0.333308963168156
15832,-1.96325,0.381618,-1.25894095921101e-13,7.82896135556376e-15,0.915346582366716,-0.7777525039937
15831,-1.96962,0.347296,-1.25601689803927e-13,3.86042656285642e-15,0.909485669429575,0.111102085145728
15830,-1.97538,0.312869,-1.25364897299838e-13,-7.26968742276627e-17,0.91925377830502,0.999999999895294
15830,-1.98054,0.278346,-1.2432631038747e-13,-1.7928562825254e-16,0.909485669430092,-0.111102085358556
15829,-1.98509,0.243739,-1.23949320629958e-13,-4.04088403160402e-15,0.915346582363415,0.777752503777664
15829,-1.98904,0.209057,-1.22990415321196e-13,-4.11816160027067e-15,0.910462498171765,-0.333308963386404
15828,-1.99239,0.174311,-1.22472687667536e-13,-7.90631308572499e-15,0.912416143749651,0.555523964001473
15828,-1.99513,0.139513,-1.21593219998652e-13,-7.95972008200616e-15,0.912416143752222,-0.5555239642384
15827,-1.99726,0.104672,-1.20935549390963e-13,-1.16603902507464e-14,0.910462498170184,0.3333089631488
15827,-1.99878,0.069799,-1.20141484362694e-13,-1.16951644378723e-14,0.915346582367074,-0.777752504016448
15826,-1.9997,0.0349048,-1.19356039874247e-13,-1.52960308306731e-14,0.909485669429527,0.111102085121831
15825,-2,2.46315e-16,-1.1865938739041e-13,-1.88723868047791e-14,0.919253778304535,0.999999999870803
15825,-1.9997,-0.0349048,-1.17758569069991e-13,-1.88259792450328e-14,0.909485669430051,-0.111102085378547
15824,-1.99878,-0.069799,-1.16951279232414e-13,-2.2332502505058e-14,0.915346582363134,0.777752503762804
15824,-1.99726,-0.104672,-1.16145948001083e-13,-2.2275301057047e-14,0.910462498171696,-0.333308963393566
15823,-1.99513,-0.139513,-1.15218208014437e-13,-2.57180793799317e-14,0.912416143749586,0.555523964001405
15823,-1.99239,-0.174311,-1.14499692215867e-13,-2.56551136663346e-14,0.912416143752114,-0.555523964232279
15822,-1.98904,-0.209057,-1.13442980057021e-13,-2.90192580688805e-14,0.910462498170195,0.333308963161688
15822,-1.98509,-0.243739,-1.12809793325771e-13,-2.89558012802131e-14,0.915346582366744,-0.7777525039964
15821,-1.98054,-0.278346,-1.11628355680033e-13,-3.22262938059056e-14,0.909485669429545,0.111102085145526
15820,-1.97538,-0.312869,-1.10556887804724e-13,-3.55070253186866e-14,0.919253778305042,0.999999999897283
15820,-1.96962,-0.347296,-1.09782988565178e-13,-3.53456076016743e-14,0.909485669429957,-0.111102085350017
15819,-1.96325,-0.381618,-1.08593439534366e-13,-3.85375545086889e-14,0.915346582363609,0.777752503792499
15819,-1.9563,-0.415823,-1.07906196570052e-13,-3.83815026935201e-14,0.910462498171549,-0.333308963366345
15818,-1.94874,-0.449902,-1.06603221100181e-13,-4.14674376532389e-14,0.912416143749872,0.555523964026319
15818,-1.94059,-0.483844,-1.06009638019271e-13,-4.13242081525912e-14,0.91241614375188,-0.555523964209544
15817,-1.93185,-0.517638,-1.04611626584903e-13,-4.42967272194356e-14,0.910462498170337,0.33330896318265
15817,-1.92252,-0.551275,-1.04126015391582e-13,-4.41765667736755e-14,0.915346582366458,-0.777752503976945
15816,-1.91261,-0.584743,-1.02638400107656e-13,-4.7061489493537e-14,0.909485669429567,0.111102085165898
15815,-1.90211,-0.618034,-1.01269104011847e-13,-5.00274649967533e-14,0.919253778305528,0.999999999919178
15815,-1.89104,-0.651136,-1.00655673000498e-13,-4.97962589640097e-14,0.90948566942994,-0.111102085328262
15814,-1.87939,-0.68404,-9.91607533846317e-14,-5.27010548774463e-14,0.915346582363942,0.77775250381428
15814,-1.86716,-0.716736,-9.86167084467512e-14,-5.24859717133623e-14,0.910462498171397,-0.333308963343943
15813,-1.85437,-0.749213,-9.69937505508652e-14,-5.52797809382377e-14,0.912416143750119,0.555523964050056
15813,-1.84101,-0.781462,-9.65230728886159e-14,-5.50872965253328e-14,0.912416143751582,-0.555523964183381
15812,-1.82709,-0.813473,-9.47977294218194e-14,-5.77487696711533e-14,0.910462498170486,0.333308963212263
15812,-1.81262,-0.845237,-9.44163484750805e-14,-5.759157212196e-14,0.915346582365912,-0.777752503943197
15811,-1.79759,-0.876742,-9.25955623435367e-14,-6.01426411117641e-14,0.909485669429641,0.111102085200675
15810,-1.78201,-0.907981,-9.09006526019845e-14,-6.27839536832923e-14,0.919253778306197,0.999999999954239
15810,-1.7659,-0.938943,-9.0370474002924e-14,-6.24816814231261e-14,0.90948566942985,-0.11110208529261
15809,-1.74924,-0.969619,-8.85653791352946e-14,-6.50165186193329e-14,0.915346582364535,0.777752503850301
15809,-1.73205,-1,-8.81104359704439e-14,-6.47473726619589e-14,0.9104624981712,-0.333308963308458
15808,-1.71433,-1.03008,-8.62102876101856e-14,-6.71506968383849e-14,0.912416143750526,0.555523964084446
15808,-1.6961,-1.05984,-8.58392032142113e-14,-6.69259311704909e-14,0.912416143751243,-0.555523964150944
15807,-1.67734,-1.08928,-8.38593241818422e-14,-6.92062786228073e-14,0.910462498170725,0.333308963242434
15807,-1.65808,-1.11839,-8.35790648468858e-14,-6.90372359359851e-14,0.915346582365503,-0.7777525039155
15806,-1.6383,-1.14715,-8.15044636523711e-14,-7.12189578459618e-14,0.90948566942967,0.111102085228524
15805,-1.61803,-1.17557,-7.95409343834113e-14,-7.35355330763953e-14,0.919253778306763,0.999999999982893
15805,-1.59727,-1.20363,-7.91075482455734e-14,-7.31874932181203e-14,0.909485669429812,-0.111102085265547
15804,-1.57602,-1.23132,-7.70293449525801e-14,-7.53831086555187e-14,0.915346582364898,0.777752503876549
15804,-1.55429,-1.25864,-7.66559047892999e-14,-7.50724267642312e-14,0.910462498170935,-0.333308963280012
15803,-1.53209,-1.28558,-7.44875109091052e-14,-7.71133706792075e-14,0.912416143750815,0.555523964114853
15803,-1.50942,-1.31212,-7.41817926638459e-14,-7.68523768185933e-14,0.912416143750855,-0.555523964118957
15802,-1.48629,-1.33826,-7.19462387057655e-14,-7.87433768734933e-14,0.910462498170897,0.333308963276791
15802,-1.46271,-1.364,-7.17157773874687e-14,-7.85456931862205e-14,0.915346582364928,-0.77775250387821
15801,-1.43868,-1.38932,-6.94145857399502e-14,-8.0304513187746e-14,0.909485669429954,0.111102085257172
15801,-1.41421,-1.41421,-6.92583462394325e-14,-8.0176916802382e-14,0.919253778307098,-0.999999999999989
10084,-1.38932,-1.43868,-6.68875269947505e-14,-8.1809712797211e-14,-0.909485669429983,0.111102085260242
10184,-1.364,-1.46271,-6.46385599431332e-14,-8.35811304186234e-14,-0.915346582364814,-0.777752503871363
10184,-1.33826,-1.48629,-6.43606319476488e-14,-8.3262584743129e-14,-0.910462498171062,0.333308963290425
10284,-1.31212,-1.50942,-6.20333921747508e-14,-8.49155382919298e-14,-0.912416143750702,-0.555523964098991
10284,-1.28558,-1.53209,-6.18221194489398e-14,-8.46663141496918e-14,-0.912416143751175,0.55552396414059
10384,-1.25864,-1.55429,-5.94027969256866e-14,-8.61969634740619e-14,-0.910462498170858,-0.333308963247603
10384,-1.23132,-1.57602,-5.92462193768977e-14,-8.60103635253402e-14,-0.915346582365569,0.777752503916277
10484,-1.20363,-1.59727,-5.67379965080042e-14,-8.73956959403314e-14,-0.909485669429755,-0.111102085221656
10584,-1.17557,-1.61803,-5.4352560207202e-14,-8.89201947133046e-14,-0.919253778306467,-0.999999999969833
10584,-1.14715,-1.6383,-5.4069784854012e-14,-8.84900257735523e-14,-0.909485669429891,0.111102085282108
10684,-1.11839,-1.65808,-5.16501768758244e-14,-8.98532848595322e-14,-0.915346582364624,-0.777752503855743
10684,-1.08928,-1.67734,-5.14356647454942e-14,-8.95102158956161e-14,-0.910462498171255,0.333308963307532
10784,-1.05984,-1.6961,-4.89679953952771e-14,-9.07543986038533e-14,-0.912416143750544,-0.555523964080908
10784,-1.03008,-1.71433,-4.8819130215048e-14,-9.05056746067843e-14,-0.912416143751393,0.555523964158839
10884,-1,-1.73205,-4.62550717306396e-14,-9.16484906587915e-14,-0.910462498170715,-0.333308963230315
10884,-0.969619,-1.74924,-4.61557453279327e-14,-9.14781076151226e-14,-0.915346582365772,0.777752503931858
10984,-0.938943,-1.7659,-4.34606247220523e-14,-9.24919322441004e-14,-0.909485669429763,-0.111102085205032
11084,-0.907981,-1.78201,-4.07936165470512e-14,-9.36991036628154e-14,-0.919253778306154,-0.99999999995149
11084,-0.876742,-1.79759,-4.05733832518925e-14,-9.32167461951964e-14,-0.909485669429981,0.111102085301552
11184,-0.845237,-1.81262,-3.78018435140511e-14,-9.423357242689e-14,-0.915346582364332,-0.777752503835052
11184,-0.813473,-1.82709,-3.76081451990629e-14,-9.37792880553214e-14,-0.910462498171421,0.333308963330044
11284,-0.781462,-1.84101,-3.47416374676038e-14,-9.45877119384446e-14,-0.912416143750289,-0.555523964056998
11284,-0.749213,-1.85437,-3.45681979425466e-14,-9.4151466015238e-14,-0.912416143751684,0.555523964183542
11384,-0.716736,-1.86716,-3.16210905060649e-14,-9.47250209026906e-14,-0.910462498170579,-0.333308963203316
11384,-0.68404,-1.87939,-3.14610483973157e-14,-9.42926043718014e-14,-0.915346582366256,0.777752503962127
11484,-0.651136,-1.89104,-2.84919921745267e-14,-9.4607591147176e-14,-0.9094856694297,-0.111102085173069
11584,-0.618034,-1.90211,-2.56553913240001e-14,-9.50602047908875e-14,-0.919253778305473,-0.9999999999182
11584,-0.584743,-1.91261,-2.54287039569647e-14,-9.42631065947389e-14,-0.909485669430035,0.111102085335111
11684,-0.551275,-1.92252,-2.26379230397729e-14,-9.44970862195833e-14,-0.915346582363772,-0.777752503801188
11684,-0.517638,-1.93185,-2.24524719053168e-14,-9.37706385246649e-14,-0.910462498171642,0.333308963364261
11784,-0.483844,-1.94059,-1.96712190212569e-14,-9.38291661022204e-14,-0.912416143749915,-0.555523964021929
11784,-0.449902,-1.94874,-1.95213367192737e-14,-9.31688464411626e-14,-0.912416143752077,0.555523964220183
11884,-0.415823,-1.9563,-1.67273331382206e-14,-9.30450324616923e-14,-0.910462498170266,-0.33330896316818
11884,-0.381618,-1.96325,-1.66049441165826e-14,-9.24316175691945e-14,-0.915346582366712,0.777752503993725
11984,-0.347296,-1.96962,-1.3826950549518e-14,-9.2107690990867e-14,-0.909485669429565,-0.111102085145729
12084,-0.312869,-1.97538,-1.1121361942027e-14,-9.19496239723856e-14,-0.919253778305011,-0.999999999895287
12084,-0.278346,-1.98054,-1.10029326992606e-14,-9.10202119844377e-14,-0.909485669430107,0.111102085358526
12184,-0.243739,-1.98509,-8.34872693753693e-15,-9.06735549359722e-14,-0.915346582363447,-0.777752503777644
12184,-0.209057,-1.98904,-8.26235067077094e-15,-8.98044866253335e-14,-0.910462498171781,0.333308963386432
12284,-0.174311,-1.99239,-5.6679644619355e-15,-8.92790591476597e-14,-0.912416143749663,-0.555523964001473
12284,-0.139513,-1.99513,-5.60986229651866e-15,-8.84691604578074e-14,-0.912416143752267,0.555523964238395
12384,-0.104672,-1.99726,-3.10688442462024e-15,-8.77762432792362e-14,-0.910462498170238,-0.333308963148834
12384,-0.069799,-1.99878,-3.07394617071849e-15,-8.70359255270709e-14,-0.915346582367131,0.777752504016471
12484,-0.0349048,-1.9997,-6.9042235188567e-16,-8.62088004523505e-14,-0.909485669429557,-0.111102085121833
12584,-4.35203e-16,-2,1.61206202251814e-15,-8.55600367532651e-14,-0.919253778304537,-0.999999999870803
12584,0.0349048,-1.9997,1.59309991483108e-15,-8.46348471431318e-14,-0.909485669430058,0.111102085378513
12684,0.069799,-1.99878,3.81854276390205e-15,-8.38923234906322e-14,-0.915346582363139,-0.777752503762792
12684,0.104672,-1.99726,3.77966026429864e-15,-8.30798827518458e-14,-0.9104624981717,0.333308963393593
12784,0.139513,-1.99513,5.9415630303541e-15,-8.22456018830319e-14,-0.912416143749591,-0.555523964001403
12784,0.174311,-1.99239,5.88804195086058e-15,-8.15360741139305e-14,-0.912416143752134,0.555523964232273
12884,0.209057,-1.98904,7.97158442973892e-15,-8.06119254426044e-14,-0.91046249817019,-0.333308963161724
12884,0.243739,-1.98509,7.90890163771455e-15,-8.00047146150967e-14,-0.915346582366752,0.777752503996427
12984,0.278346,-1.98054,9.89892055183425e-15,-7.90089831179941e-14,-0.909485669429543,-0.111102085145531
13084,0.312869,-1.97538,1.18545975075789e-14,-7.81924826973209e-14,-0.919253778305079,-0.999999999897294
13084,0.347296,-1.96962,1.17359724884446e-14,-7.7463511357885e-14,-0.909485669429971,0.111102085349981
13184,0.381618,-1.96325,1.36133896156059e-14,-7.65946291584625e-14,-0.915346582363621,-0.777752503792476
13184,0.415823,-1.9563,1.34981252328537e-14,-7.59898158613298e-14,-0.910462498171561,0.33330896336634
13284,0.449902,-1.94874,1.529183444958e-14,-7.50827999543367e-14,-0.912416143749886,-0.555523964026324
13284,0.483844,-1.94059,1.51881110941958e-14,-7.46084280908439e-14,-0.912416143751904,0.555523964209538
13384,0.517638,-1.93185,1.69013824968962e-14,-7.36873571708685e-14,-0.910462498170363,-0.333308963182687
13384,0.551275,-1.92252,1.68195641436193e-14,-7.33558647441161e-14,-0.915346582366464,0.777752503976962
13484,0.584743,-1.91261,1.8486491608425e-14,-7.24313069928272e-14,-0.909485669429569,-0.111102085165906
13584,0.618034,-1.90211,2.02007660553569e-14,-7.1669431676724e-14,-0.919253778305519,-0.999999999919186
13584,0.651136,-1.89104,2.00917694054882e-14,-7.12937845369107e-14,-0.909485669429928,0.111102085328226
13684,0.68404,-1.87939,2.18025863859894e-14,-7.04954243223678e-14,-0.915346582363942,-0.777752503814258
13684,0.716736,-1.86716,2.17205835232478e-14,-7.02341693458179e-14,-0.910462498171394,0.333308963343945
13784,0.749213,-1.85437,2.33999805857517e-14,-6.93948926279794e-14,-0.912416143750121,-0.555523964050058
13784,0.781462,-1.84101,2.33508839903987e-14,-6.92461938428172e-14,-0.91241614375158,0.555523964183364
13884,0.813473,-1.82709,2.49900352944851e-14,-6.83817453824529e-14,-0.91046249817049,-0.333308963212306
13884,0.845237,-1.81262,2.49838008616399e-14,-6.83529496527239e-14,-0.915346582365913,0.777752503943214
13984,0.876742,-1.79759,2.66053162516567e-14,-6.74650999601274e-14,-0.909485669429626,-0.1111020852007
14084,0.907981,-1.78201,2.82940852220524e-14,-6.67149626387383e-14,-0.919253778306215,-0.999999999954254
14084,0.938943,-1.7659,2.82694942447635e-14,-6.66243776573279e-14,-0.909485669429858,0.111102085292581
14184,0.969619,-1.74924,2.99555508926444e-14,-6.58279781664246e-14,-0.915346582364524,-0.777752503850263
14184,1,-1.73205,2.99781149159389e-14,-6.58390244252134e-14,-0.910462498171194,0.333308963308465
14284,1.03008,-1.71433,3.16495268520104e-14,-6.4998369605315e-14,-0.91241614375052,-0.55552396408445
14284,1.05984,-1.6961,3.17260048040869e-14,-6.51105166682401e-14,-0.912416143751235,0.55552396415093
14384,1.08928,-1.67734,3.33894007934777e-14,-6.42285574674868e-14,-0.910462498170724,-0.333308963242461
14384,1.11839,-1.65808,3.35267483972932e-14,-6.44410677554696e-14,-0.915346582365498,0.777752503915531
14484,1.14715,-1.6383,3.51981361081079e-14,-6.35041521242921e-14,-0.909485669429676,-0.111102085228531
14584,1.17557,-1.61803,3.69654531363327e-14,-6.26690504165357e-14,-0.919253778306762,-0.999999999982903
14584,1.20363,-1.59727,3.70801636673523e-14,-6.27933255366517e-14,-0.909485669429825,0.1111020852655
14684,1.23132,-1.57602,3.88499826094421e-14,-6.18777271578564e-14,-0.91534658236492,-0.777752503876537
14684,1.25864,-1.55429,3.90185812136299e-14,-6.20746691277341e-14,-0.910462498170955,0.333308963280004
14784,1.28558,-1.53209,4.07743495062564e-14,-6.10811290584936e-14,-0.912416143750819,-0.555523964114867
14784,1.31212,-1.50942,4.10017195899587e-14,-6.13484088122576e-14,-0.912416143750872,0.555523964118932
14884,1.33826,-1.48629,4.27438213610895e-14,-6.02788403758541e-14,-0.910462498170903,-0.333308963276861
14884,1.364,-1.46271,4.30350663470846e-14,-6.06141652280531e-14,-0.915346582364901,0.777752503878194
14984,1.38932,-1.43868,4.47693942542558e-14,-5.94594919379833e-14,-0.909485669429939,-0.111102085257194
14984,1.41421,-1.41421,4.51258803724744e-14,-5.985619568022e-14,-0.919253778307102,0.999999999999985
5850,1.43868,-1.38932,4.68514626240031e-14,-5.86039305596042e-14,0.909485669429985,-0.111102085260202
5849,1.46271,-1.364,4.86760022232283e-14,-5.74179349687368e-14,0.915346582364833,0.777752503871339
5849,1.48629,-1.33826,4.89833654739935e-14,-5.76925109044204e-14,0.910462498171102,-0.333308963290407
5848,1.50942,-1.31212,5.07939832958438e-14,-5.63867436719333e-14,0.91241614375073,0.555523964099018
5848,1.53209,-1.28558,5.11553900564178e-14,-5.67021768026214e-14,0.912416143751186,-0.555523964140576
5847,1.55429,-1.25864,5.29416739939763e-14,-5.5259820836751e-14,0.91046249817085,0.333308963247604
5847,1.57602,-1.23132,5.33491169635216e-14,-5.56035324844377e-14,0.91534658236556,-0.777752503916265
5846,1.59727,-1.20363,5.50900598728992e-14,-5.40141802445988e-14,0.909485669429786,0.111102085221649
5845,1.61803,-1.17557,5.69230152095806e-14,-5.24630912627131e-14,0.919253778306525,0.999999999969829
5845,1.6383,-1.14715,5.72063476886481e-14,-5.26443509031814e-14,0.909485669429914,-0.11110208528211
5844,1.65808,-1.11839,5.89597778013056e-14,-5.09586911498284e-14,0.915346582364627,0.777752503855747
5844,1.67734,-1.08928,5.92725454870938e-14,-5.11552905278193e-14,0.910462498171258,-0.333308963307527
5843,1.6961,-1.05984,6.09406820219528e-14,-4.93353038169875e-14,0.912416143750537,0.555523964080912
5843,1.71433,-1.03008,6.12797267507368e-14,-4.95422282392749e-14,0.912416143751378,-0.555523964158821
5842,1.73205,-1,6.28520931482085e-14,-4.75824962195269e-14,0.910462498170701,0.333308963230334
5842,1.74924,-0.969619,6.32089580116907e-14,-4.77920782872018e-14,0.915346582365767,-0.777752503931841
5841,1.7659,-0.938943,6.46656236014802e-14,-4.5697088905779e-14,0.909485669429766,0.111102085205045
5840,1.78201,-0.907981,6.6187864081026e-14,-4.36349631713929e-14,0.919253778306158,0.99999999995149
5840,1.79759,-0.876742,6.63558360939875e-14,-4.36923292723652e-14,0.909485669429983,-0.111102085301555
5839,1.81262,-0.845237,6.77369178978508e-14,-4.15250951049832e-14,0.915346582364319,0.777752503835052
5839,1.82709,-0.813473,6.79134016996906e-14,-4.15865567292815e-14,0.910462498171384,-0.333308963330046
5838,1.84101,-0.781462,6.91511344695885e-14,-3.93249964539153e-14,0.912416143750258,0.555523964056995
5838,1.85437,-0.749213,6.93340693580479e-14,-3.93886281529805e-14,0.91241614375167,-0.555523964183538
5837,1.86716,-0.716736,7.04202895173788e-14,-3.70451920559073e-14,0.91046249817059,0.333308963203332
5837,1.87939,-0.68404,7.06044333742215e-14,-3.71081564300467e-14,0.915346582366259,-0.777752503962114
5836,1.89104,-0.651136,7.15287363190289e-14,-3.4716900113346e-14,0.909485669429712,0.11110208517308
5835,1.90211,-0.618034,7.24824686609748e-14,-3.24207669915701e-14,0.919253778305505,0.999999999918216
5835,1.91261,-0.584743,7.24852951829022e-14,-3.23940030677514e-14,0.909485669430072,-0.111102085335106
5834,1.92252,-0.551275,7.32848069553817e-14,-3.01401302349533e-14,0.915346582363824,0.777752503801191
5834,1.93185,-0.517638,7.33360227510089e-14,-3.01346736066067e-14,0.910462498171638,-0.333308963364257
5833,1.94059,-0.483844,7.40220229553991e-14,-2.79705963455458e-14,0.912416143749874,0.555523964021932
5833,1.94874,-0.449902,7.41557515738938e-14,-2.79928298998366e-14,0.91241614375206,-0.555523964220175
5832,1.9563,-0.415823,7.47871293890737e-14,-2.59675102539551e-14,0.910462498170272,0.333308963168192
5832,1.96325,-0.381618,7.50502224905494e-14,-2.60242612127824e-14,0.915346582366721,-0.777752503993719
5831,1.96962,-0.347296,7.57143116086932e-14,-2.4181901814992e-14,0.909485669429573,0.111102085145735
5830,1.97538,-0.312869,7.64462855472885e-14,-2.25484660170184e-14,0.919253778305019,0.999999999895301
5830,1.98054,-0.278346,7.69853555089025e-14,-2.26279871117393e-14,0.909485669430095,-0.11110208535852
5829,1.98509,-0.243739,7.7913554136506e-14,-2.11144443162103e-14,0.915346582363408,0.777752503777643
5829,1.98904,-0.209057,7.87903031768e-14,-2.1237547196227e-14,0.910462498171767,-0.333308963386425
5828,1.99239,-0.174311,8.00071531098405e-14,-1.96830405508772e-14,0.91241614374965,0.555523964001481
5828,1.99513,-0.139513,8.12384448406372e-14,-1.98328948947054e-14,0.912416143752221,-0.555523964238393
5827,1.99726,-0.104672,8.2730267314202e-14,-1.8002922740623e-14,0.910462498170182,0.333308963148836
5827,1.99878,-0.069799,8.42570336533092e-14,-1.815262871843e-14,0.915346582367075,-0.777752504016468
5826,1.9997,-0.0349048,8.58643343191064e-14,-1.58195702309613e-14,0.909485669429527,0.111102085121839
