origElemNum,globCoord-x,globCoord-y,acouPotentialD1-,locCoord-xi,locCoord-eta
5825,2,-2.20442e-18,-0.00160870487989227,0.919253778304535,0.999999999870795
5825,1.9997,0.0349048,-0.0017530081588538,0.909485669430051,-0.11110208537854
5824,1.99878,0.069799,-0.00189151494893059,0.915346582363134,0.7777525037628
5824,1.99726,0.104672,-0.00203354457656035,0.910462498171695,-0.333308963393583
5823,1.99513,0.139513,-0.00217338080050851,0.912416143749585,0.555523964001403
5823,1.99239,0.174311,-0.00231371359161565,0.912416143752112,-0.555523964232293
5822,1.98904,0.209057,-0.00245436512377309,0.910462498170195,0.33330896316169
5822,1.98509,0.243739,-0.00259357960814391,0.915346582366752,-0.777752503996411
5821,1.98054,0.278346,-0.00273453441892272,0.909485669429537,0.111102085145532
5820,1.97538,0.312869,-0.00287322081141963,0.91925377830504,0.999999999897275
5820,1.96962,0.347296,-0.00301399057544524,0.909485669429959,-0.111102085350008
5819,1.96325,0.381618,-0.00315321769470183,0.915346582363608,0.777752503792493
5819,1.9563,0.415823,-0.00329289220418324,0.910462498171543,-0.333308963366333
5818,1.94874,0.449902,-0.00343221505004257,0.912416143749872,0.555523964026318
5818,1.94059,0.483844,-0.00357143930833263,0.912416143751876,-0.555523964209557
5817,1.93185,0.517638,-0.00371041517193355,0.910462498170338,0.333308963182653
5817,1.92252,0.551275,-0.00384982431946932,0.915346582366455,-0.777752503976955
5816,1.91261,0.584743,-0.00398797775049669,0.909485669429567,0.111102085165898
5815,1.90211,0.618034,-0.00412817880444938,0.919253778305533,0.999999999919169
5815,1.89104,0.651136,-0.00426497905740234,0.909485669429933,-0.111102085328256
5814,1.87939,0.68404,-0.00440452634693266,0.915346582363941,0.777752503814277
5814,1.86716,0.716736,-0.00454139870333022,0.910462498171402,-0.333308963343933
5813,1.85437,0.749213,-0.00467968195036529,0.912416143750119,0.555523964050056
5813,1.84101,0.781462,-0.00481712811814971,0.912416143751575,-0.555523964183394
5812,1.82709,0.813473,-0.00495349212201187,0.910462498170486,0.333308963212263
5812,1.81262,0.845237,-0.00509199052015662,0.915346582365915,-0.777752503943209
5811,1.79759,0.876742,-0.00522574966006676,0.909485669429635,0.111102085200681
5810,1.78201,0.907981,-0.00536576177932045,0.919253778306195,0.999999999954235
5810,1.7659,0.938943,-0.00549621179594612,0.909485669429844,-0.111102085292603
5809,1.74924,0.969619,-0.00563357065460381,0.915346582364538,0.777752503850291
5809,1.73205,1,-0.00576461318641778,0.910462498171199,-0.333308963308445
5808,1.71433,1.03008,-0.00589860016484093,0.912416143750526,0.555523964084446
5808,1.6961,1.05984,-0.00603067395691712,0.912416143751246,-0.555523964150953
5807,1.67734,1.08928,-0.00616056701130975,0.910462498170725,0.333308963242434
5807,1.65808,1.11839,-0.00629410442003347,0.915346582365508,-0.777752503915519
5806,1.6383,1.14715,-0.00641917967056118,0.909485669429676,0.11110208522853
5805,1.61803,1.17557,-0.00655460394611188,0.919253778306765,0.999999999982884
5805,1.59727,1.20363,-0.00667413147264528,0.909485669429817,-0.111102085265541
5804,1.57602,1.23132,-0.00680463674517582,0.9153465823649,0.777752503876539
5804,1.55429,1.25864,-0.00692508691201631,0.910462498170939,-0.333308963279996
5803,1.53209,1.28558,-0.00704991634563937,0.912416143750815,0.555523964114853
5803,1.50942,1.31212,-0.00717166803181161,0.91241614375085,-0.555523964118972
5802,1.48629,1.33826,-0.00729004260783777,0.910462498170897,0.333308963276791
5802,1.46271,1.364,-0.00741344635588575,0.915346582364929,-0.77775250387822
5801,1.43868,1.38932,-0.00752456601227488,0.909485669429954,0.111102085257182
5801,1.41421,1.41421,-0.00764994366378343,0.919253778307104,-0.999999999999994
850,1.38932,1.43868,-0.00775299409333304,0.909485669429991,-0.111102085260227
849,1.364,1.46271,-0.00787086458068702,0.915346582364834,0.777752503871359
849,1.33826,1.48629,-0.00797480469343751,0.910462498171096,-0.333308963290402
848,1.31212,1.50942,-0.0080843435488971,0.912416143750729,0.555523964099008
848,1.28558,1.53209,-0.00818946619107492,0.912416143751184,-0.555523964140596
847,1.25864,1.55429,-0.00828986933917497,0.910462498170846,0.333308963247574
847,1.23132,1.57602,-0.00839646119315473,0.915346582365554,-0.777752503916259
846,1.20363,1.59727,-0.00848696138107868,0.90948566942978,0.111102085221654
845,1.17557,1.61803,-0.00859530767401188,0.919253778306528,0.999999999969813
845,1.14715,1.6383,-0.00867518835819229,0.909485669429915,-0.111102085282135
844,1.11839,1.65808,-0.00877344105935781,0.915346582364625,0.777752503855763
844,1.08928,1.67734,-0.00885418251390115,0.910462498171253,-0.333308963307521
843,1.05984,1.6961,-0.00894169435725827,0.912416143750542,0.555523964080906
843,1.03008,1.71433,-0.00902364901783393,0.912416143751377,-0.555523964158847
842,1,1.73205,-0.00909984324701352,0.910462498170698,0.333308963230309
842,0.969619,1.74924,-0.00918337084735936,0.915346582365766,-0.777752503931825
841,0.938943,1.7659,-0.00924774343041007,0.909485669429764,0.111102085205048
840,0.907981,1.78201,-0.00933320712315554,0.919253778306164,0.99999999995148
840,0.876742,1.79759,-0.00938532441131401,0.909485669429979,-0.11110208530158
839,0.845237,1.81262,-0.00945902719537771,0.91534658236432,0.777752503835068
839,0.813473,1.82709,-0.00951258124962526,0.91046249817139,-0.33330896333004
838,0.781462,1.84101,-0.00957415718689014,0.912416143750255,0.555523964056983
838,0.749213,1.85437,-0.009629565973878,0.912416143751674,-0.555523964183563
837,0.716736,1.86716,-0.00967870910702086,0.910462498170584,0.333308963203304
837,0.68404,1.87939,-0.00973637654105909,0.915346582366261,-0.777752503962098
836,0.651136,1.89104,-0.00977283493809902,0.909485669429719,0.111102085173086
835,0.618034,1.90211,-0.00983314527124307,0.919253778305509,0.999999999918205
835,0.584743,1.91261,-0.0098567142503017,0.909485669430073,-0.111102085335132
834,0.551275,1.92252,-0.00990454713769178,0.915346582363819,0.777752503801204
834,0.517638,1.93185,-0.00993054299347758,0.910462498171637,-0.333308963364254
833,0.483844,1.94059,-0.00996572246078654,0.912416143749877,0.55552396402192
833,0.449902,1.94874,-0.00999452535486014,0.91241614375206,-0.555523964220202
832,0.415823,1.9563,-0.010016910224741,0.910462498170279,0.333308963168166
832,0.381618,1.96325,-0.0100488649339179,0.915346582366717,-0.777752503993703
831,0.347296,1.96962,-0.0100583435143617,0.909485669429573,0.111102085145737
830,0.312869,1.97538,-0.010093756171421,0.919253778305012,0.99999999989529
830,0.278346,1.98054,-0.0100902423908046,0.909485669430091,-0.111102085358547
829,0.243739,1.98509,-0.0101129487739223,0.915346582363415,0.77775250377766
829,0.209057,1.98904,-0.0101128091608259,0.910462498171767,-0.333308963386422
828,0.174311,1.99239,-0.0101227257019592,0.912416143749651,0.55552396400147
828,0.139513,1.99513,-0.0101262249977308,0.912416143752224,-0.555523964238419
827,0.104672,1.99726,-0.0101232875472013,0.910462498170184,0.33330896314881
827,0.069799,1.99878,-0.0101306456945478,0.915346582367074,-0.777752504016452
826,0.0349048,1.9997,-0.0101148064905387,0.909485669429527,0.111102085121841
825,1.27747e-16,2,-0.0101261979859077,0.919253778304535,0.999999999870799
825,-0.0349048,1.9997,-0.0100974244774758,0.909485669430051,-0.111102085378537
824,-0.069799,1.99878,-0.0100960257799207,0.915346582363134,0.777752503762801
824,-0.104672,1.99726,-0.0100712532588064,0.910462498171695,-0.333308963393583
823,-0.139513,1.99513,-0.0100570247905676,0.912416143749585,0.555523964001401
823,-0.174311,1.99239,-0.0100363743910996,0.912416143752112,-0.555523964232297
822,-0.209057,1.98904,-0.0100092906298449,0.910462498170195,0.333308963161685
822,-0.243739,1.98509,-0.00999283867697025,0.915346582366744,-0.777752503996403
821,-0.278346,1.98054,-0.00995288795933645,0.909485669429538,0.111102085145537
820,-0.312869,1.97538,-0.00994066729924243,0.919253778305041,0.999999999897278
820,-0.347296,1.96962,-0.00988785406574132,0.90948566942996,-0.111102085350006
819,-0.381618,1.96325,-0.00986277761416989,0.915346582363608,0.777752503792493
819,-0.415823,1.9563,-0.00981420315787299,0.910462498171543,-0.333308963366333
818,-0.449902,1.94874,-0.00977627393230879,0.912416143749872,0.555523964026316
818,-0.483844,1.94059,-0.00973192782757877,0.912416143751875,-0.555523964209561
817,-0.517638,1.93185,-0.009681166995045,0.910462498170336,0.333308963182646
817,-0.551275,1.92252,-0.00964100002082624,0.915346582366457,-0.777752503976948
816,-0.584743,1.91261,-0.00957744800548024,0.909485669429562,0.111102085165907
815,-0.618034,1.90211,-0.00954137429617214,0.919253778305526,0.999999999919175
815,-0.651136,1.89104,-0.0094650934281217,0.909485669429935,-0.111102085328253
814,-0.68404,1.87939,-0.0094161752711713,0.915346582363941,0.777752503814277
814,-0.716736,1.86716,-0.00934406874502105,0.910462498171402,-0.333308963343933
813,-0.749213,1.85437,-0.00928237642291257,0.912416143750117,0.555523964050053
813,-0.781462,1.84101,-0.00921433055503189,0.912416143751584,-0.555523964183396
812,-0.813473,1.82709,-0.00913996012385785,0.910462498170484,0.33330896321226
812,-0.845237,1.81262,-0.00907583118333932,0.91534658236591,-0.7777525039432
811,-0.876742,1.79759,-0.00898890692871078,0.909485669429639,0.111102085200672
810,-0.907981,1.78201,-0.00892852246888969,0.919253778306197,0.999999999954239
810,-0.938943,1.7659,-0.0088291975558987,0.909485669429848,-0.111102085292613
809,-0.969619,1.74924,-0.00875619166909007,0.915346582364533,0.777752503850298
809,-1,1.73205,-0.00866081400556189,0.910462498171205,-0.333308963308436
808,-1.03008,1.71433,-0.00857535667110213,0.912416143750522,0.55552396408444
808,-1.05984,1.6961,-0.00848373997383938,0.912416143751243,-0.555523964150944
807,-1.08928,1.67734,-0.00838603102085708,0.910462498170733,0.33330896324243
807,-1.11839,1.65808,-0.00829796401038175,0.915346582365511,-0.777752503915504
806,-1.14715,1.6383,-0.00818823563608675,0.909485669429678,0.11110208522852
805,-1.17557,1.61803,-0.00810348378207069,0.91925377830677,0.999999999982889
805,-1.20363,1.59727,-0.00798200095262043,0.909485669429819,-0.111102085265551
804,-1.23132,1.57602,-0.00788518179830004,0.915346582364893,0.777752503876544
804,-1.25864,1.55429,-0.00776736721174964,0.910462498170937,-0.333308963279986
803,-1.28558,1.53209,-0.00765876909867066,0.912416143750809,0.555523964114847
803,-1.31212,1.50942,-0.00754438596008212,0.912416143750849,-0.555523964118962
802,-1.33826,1.48629,-0.00742433078638811,0.910462498170897,0.333308963276791
802,-1.364,1.46271,-0.00731312161745761,0.915346582364928,-0.77775250387821
801,-1.38932,1.43868,-0.007181964968216,0.909485669429954,0.111102085257172
801,-1.41421,1.41421,-0.00707365264433376,0.919253778307104,-0.999999999999994
15850,-1.43868,1.38932,-0.00693178317219268,0.909485669429991,-0.111102085260237
15849,-1.46271,1.364,-0.00681236457564983,0.915346582364828,0.777752503871364
15849,-1.48629,1.33826,-0.00667390944676728,0.910462498171103,-0.333308963290387
15848,-1.50942,1.31212,-0.00654379706337976,0.912416143750729,0.555523964099008
15848,-1.53209,1.28558,-0.00640848059534776,0.912416143751185,-0.555523964140586
15847,-1.55429,1.25864,-0.00626811894676408,0.910462498170851,0.333308963247569
15847,-1.57602,1.23132,-0.0061356477026352,0.915346582365555,-0.777752503916249
15846,-1.59727,1.20363,-0.0059855132558278,0.909485669429784,0.111102085221639
15845,-1.61803,1.17557,-0.00585557706433461,0.919253778306531,0.999999999969823
15845,-1.6383,1.14715,-0.00569617786605097,0.909485669429917,-0.111102085282151
15844,-1.65808,1.11839,-0.00555651294385951,0.915346582364627,0.777752503855772
15844,-1.67734,1.08928,-0.00540032580014954,0.910462498171251,-0.333308963307506
15843,-1.6961,1.05984,-0.00525146456785965,0.912416143750542,0.555523964080906
15843,-1.71433,1.03008,-0.00509818454765456,0.912416143751375,-0.555523964158831
15842,-1.73205,1,-0.00494068865661789,0.910462498170697,0.333308963230296
15842,-1.74924,0.969619,-0.00478999581120982,0.915346582365764,-0.777752503931822
15841,-1.7659,0.938943,-0.00462445534921367,0.909485669429762,0.111102085205035
15840,-1.78201,0.907981,-0.00447601582142573,0.919253778306162,0.999999999951483
15840,-1.79759,0.876742,-0.00430304828235345,0.909485669429984,-0.111102085301589
15839,-1.81262,0.845237,-0.00414665776594912,0.915346582364318,0.777752503835071
15839,-1.82709,0.813473,-0.00397676434698521,0.910462498171391,-0.333308963330024
15838,-1.84101,0.781462,-0.00381306129040565,0.912416143750253,0.555523964056986
15838,-1.85437,0.749213,-0.00364591292812372,0.912416143751674,-0.555523964183544
15837,-1.86716,0.716736,-0.00347556004754765,0.910462498170589,0.333308963203294
15837,-1.87939,0.68404,-0.00331081521895162,0.915346582366259,-0.777752503962095
15836,-1.89104,0.651136,-0.00313449865559208,0.909485669429715,0.111102085173074
15835,-1.90211,0.618034,-0.0029718050124476,0.919253778305508,0.999999999918209
15835,-1.91261,0.584743,-0.00279023355583884,0.909485669430068,-0.111102085335144
15834,-1.92252,0.551275,-0.0026217126809911,0.915346582363818,0.777752503801208
15834,-1.93185,0.517638,-0.00244313232774666,0.910462498171639,-0.333308963364235
15833,-1.94059,0.483844,-0.00226950954322701,0.912416143749876,0.555523964021923
15833,-1.94874,0.449902,-0.0020935719732705,0.912416143752063,-0.555523964220183
15832,-1.9563,0.415823,-0.00191559073253943,0.910462498170272,0.333308963168156
15832,-1.96325,0.381618,-0.00174193796016396,0.915346582366716,-0.7777525039937
15831,-1.96962,0.347296,-0.00156035850532748,0.909485669429575,0.111102085145728
15830,-1.97538,0.312869,-0.00138862431657486,0.91925377830502,0.999999999895294
15830,-1.98054,0.278346,-0.00120422234805978,0.909485669430092,-0.111102085358556
15829,-1.98509,0.243739,-0.00102905694354282,0.915346582363415,0.777752503777664
15829,-1.98904,0.209057,-0.000847598422285131,0.910462498171765,-0.333308963386404
15828,-1.99239,0.174311,-0.000669788147812722,0.912416143749651,0.555523964001473
15828,-1.99513,0.139513,-0.000490908503063643,0.912416143752222,-0.5555239642384
15827,-1.99726,0.104672,-0.000311251230665025,0.910462498170184,0.3333089631488
15827,-1.99878,0.069799,-0.000134579650426589,0.915346582367074,-0.777752504016448
15826,-1.9997,0.0349048,4.61167370173595e-05,0.909485669429527,0.111102085121831
15825,-2,2.46315e-16,0.000220956176059557,0.919253778304535,0.999999999870803
15825,-1.9997,-0.0349048,0.000401876129522773,0.909485669430051,-0.111102085378547
15824,-1.99878,-0.069799,0.000577570966865606,0.915346582363134,0.777752503762804
15824,-1.99726,-0.104672,0.000755586520013777,0.910462498171696,-0.333308963393566
15823,-1.99513,-0.139513,0.000931318150254155,0.912416143749586,0.555523964001405
15823,-1.99239,-0.174311,0.00110680753896393,0.912416143752114,-0.555523964232279
15822,-1.98904,-0.209057,0.0012817538870435,0.910462498170195,0.333308963161688
15822,-1.98509,-0.243739,0.00145509873690528,0.915346582366744,-0.7777525039964
15821,-1.98054,-0.278346,0.00162843595985386,0.909485669429545,0.111102085145526
15820,-1.97538,-0.312869,0.00180002029777019,0.919253778305042,0.999999999897283
15820,-1.96962,-0.347296,0.00197092563759503,0.909485669429957,-0.111102085350017
15819,-1.96325,-0.381618,0.00214071991686316,0.915346582363609,0.777752503792499
15819,-1.9563,-0.415823,0.00230878893312277,0.910462498171549,-0.333308963366345
15818,-1.94874,-0.449902,0.00247597402041798,0.912416143749872,0.555523964026319
15818,-1.94059,-0.483844,0.00264159615413579,0.91241614375188,-0.555523964209544
15817,-1.93185,-0.517638,0.00280535711680049,0.910462498170337,0.33330896318265
15817,-1.92252,-0.551275,0.00296892214886291,0.915346582366458,-0.777752503976945
15816,-1.91261,-0.584743,0.00312845073809041,0.909485669429567,0.111102085165898
15815,-1.90211,-0.618034,0.00329034840616709,0.919253778305528,0.999999999919178
15815,-1.89104,-0.651136,0.00344484636781161,0.90948566942994,-0.111102085328262
15814,-1.87939,-0.68404,0.00360235178037048,0.915346582363942,0.77775250381428
15814,-1.86716,-0.716736,0.00375414658766022,0.910462498171397,-0.333308963343943
15813,-1.85437,-0.749213,0.00390647286162989,0.912416143750119,0.555523964050056
15813,-1.84101,-0.781462,0.00405596378295723,0.912416143751582,-0.555523964183381
15812,-1.82709,-0.813473,0.00420233678761622,0.910462498170486,0.333308963212263
15812,-1.81262,-0.845237,0.00434992175538853,0.915346582365912,-0.777752503943197
15811,-1.79759,-0.876742,0.00448958356736274,0.909485669429641,0.111102085200675
15810,-1.78201,-0.907981,0.00463565872294515,0.919253778306197,0.999999999954239
15810,-1.7659,-0.938943,0.00476787057772708,0.90948566942985,-0.11110208529261
15809,-1.74924,-0.969619,0.00490711931556095,0.915346582364535,0.777752503850301
15809,-1.73205,-1,0.0050368744135425,0.9104624981712,-0.333308963308458
15808,-1.71433,-1.03008,0.0051685789577267,0.912416143750526,0.555523964084446
15808,-1.6961,-1.05984,0.00529628971213644,0.912416143751243,-0.555523964150944
15807,-1.67734,-1.08928,0.00541975432042291,0.910462498170725,0.333308963242434
15807,-1.65808,-1.11839,0.00554583096201534,0.915346582365503,-0.7777525039155
15806,-1.6383,-1.14715,0.00566038613910957,0.90948566942967,0.111102085228524
15805,-1.61803,-1.17557,0.00578523691217275,0.919253778306763,0.999999999982893
15805,-1.59727,-1.20363,0.0058902412291885,0.909485669429812,-0.111102085265547
15804,-1.57602,-1.23132,0.00600614119959593,0.915346582364898,0.777752503876549
15804,-1.55429,-1.25864,0.00610911197397571,0.910462498170935,-0.333308963280012
15803,-1.53209,-1.28558,0.00621544864467561,0.912416143750815,0.555523964114853
15803,-1.50942,-1.31212,0.00631681723876301,0.912416143750855,-0.555523964118957
15802,-1.48629,-1.33826,0.0064130095032409,0.910462498170897,0.333308963276791
15802,-1.46271,-1.364,0.00651320446634985,0.915346582364928,-0.77775250387821
15801,-1.43868,-1.38932,0.00659870584137582,0.909485669429954,0.111102085257172
15801,-1.41421,-1.41421,0.00669815395064841,0.919253778307098,-0.999999999999989
10084,-1.38932,-1.43868,0.00677245547667246,-0.909485669429983,0.111102085260242
10184,-1.364,-1.46271,0.00686127554672606,-0.915346582364814,-0.777752503871363
10184,-1.33826,-1.48629,0.00693421290490647,-0.910462498171062,0.333308963290425
10284,-1.31212,-1.50942,0.00701193626653827,-0.912416143750702,-0.555523964098991
10284,-1.28558,-1.53209,0.00708397175474722,-0.912416143751175,0.55552396414059
10384,-1.25864,-1.55429,0.00715017245373077,-0.910462498170858,-0.333308963247603
10384,-1.23132,-1.57602,0.00722176879240812,-0.915346582365569,0.777752503916277
10484,-1.20363,-1.59727,0.00727606511509144,-0.909485669429755,-0.111102085221656
10584,-1.17557,-1.61803,0.00734768473031291,-0.919253778306467,-0.999999999969833
10584,-1.14715,-1.6383,0.00738973995603373,-0.909485669429891,0.111102085282108
10684,-1.11839,-1.65808,0.00744966277809686,-0.915346582364624,-0.777752503855743
10684,-1.08928,-1.67734,0.00749136832882802,-0.910462498171255,0.333308963307532
10784,-1.05984,-1.6961,0.00753930613115934,-0.912416143750544,-0.555523964080908
10784,-1.03008,-1.71433,0.00758116838277174,-0.912416143751393,0.555523964158839
10884,-1,-1.73205,0.00761688096241985,-0.910462498170715,-0.333308963230315
10884,-0.969619,-1.74924,0.0076594076981247,-0.915346582365772,0.777752503931858
10984,-0.938943,-1.7659,0.00768270351786032,-0.909485669429763,-0.111102085205032
11084,-0.907981,-1.78201,0.00772640263863718,-0.919253778306154,-0.99999999995149
11084,-0.876742,-1.79759,0.0077371361440409,-0.909485669429981,0.111102085301552
11184,-0.845237,-1.81262,0.00776878808640655,-0.915346582364332,-0.777752503835052
11184,-0.813473,-1.82709,0.00778058557000874,-0.910462498171421,0.333308963330044
11284,-0.781462,-1.84101,0.00780009309969725,-0.912416143750289,-0.555523964056998
11284,-0.749213,-1.85437,0.0078135035096171,-0.912416143751684,0.555523964183542
11384,-0.716736,-1.86716,0.00782081423299773,-0.910462498170579,-0.333308963203316
11384,-0.68404,-1.87939,0.00783638248152432,-0.915346582366256,0.777752503962127
11484,-0.651136,-1.89104,0.00783148601858506,-0.9094856694297,-0.111102085173069
11584,-0.618034,-1.90211,0.00784975103484543,-0.919253778305473,-0.9999999999182
11584,-0.584743,-1.91261,0.00783267514814959,-0.909485669430035,0.111102085335111
11684,-0.551275,-1.92252,0.00783923472461645,-0.915346582363772,-0.777752503801188
11684,-0.517638,-1.93185,0.00782497399336761,-0.910462498171642,0.333308963364261
11784,-0.483844,-1.94059,0.0078198863683965,-0.912416143749915,-0.555523964021929
11784,-0.449902,-1.94874,0.00780899543285521,-0.912416143752077,0.555523964220183
11884,-0.415823,-1.9563,0.00779234810328402,-0.910462498170266,-0.33330896316818
11884,-0.381618,-1.96325,0.00778536418626146,-0.915346582366712,0.777752503993725
11984,-0.347296,-1.96962,0.00775726797140221,-0.909485669429565,-0.111102085145729
12084,-0.312869,-1.97538,0.00775470652130219,-0.919253778305011,-0.999999999895287
12084,-0.278346,-1.98054,0.00771529014184023,-0.909485669430107,0.111102085358526
12184,-0.243739,-1.98509,0.00770181017796716,-0.915346582363447,-0.777752503777644
12184,-0.209057,-1.98904,0.00766704506607353,-0.910462498171781,0.333308963386432
12284,-0.174311,-1.99239,0.007642772013932,-0.912416143749663,-0.555523964001473
12284,-0.139513,-1.99513,0.0076131404855077,-0.912416143752267,0.555523964238395
12384,-0.104672,-1.99726,0.00757820472503794,-0.910462498170238,-0.333308963148834
12384,-0.069799,-1.99878,0.00755415079247772,-0.915346582367131,0.777752504016471
12484,-0.0349048,-1.9997,0.00750868112348935,-0.909485669429557,-0.111102085121833
12584,-4.35203e-16,-2,0.00749060517102279,-0.919253778304537,-0.999999999870803
12584,0.0349048,-1.9997,0.00743472356860357,-0.909485669430058,0.111102085378513
12684,0.069799,-1.99878,0.0074065174173909,-0.915346582363139,-0.777752503762792
12684,0.104672,-1.99726,0.00735679389863956,-0.9104624981717,0.333308963393593
12784,0.139513,-1.99513,0.00731853893040679,-0.912416143749591,-0.555523964001403
12784,0.174311,-1.99239,0.0072752829261312,-0.912416143752134,0.555523964232273
12884,0.209057,-1.98904,0.00722704077384113,-0.91046249817019,-0.333308963161724
12884,0.243739,-1.98509,0.00719050026553103,-0.915346582366752,0.777752503996427
12984,0.278346,-1.98054,0.00713230913233323,-0.909485669429543,-0.111102085145531
13084,0.312869,-1.97538,0.0071026664489968,-0.919253778305079,-0.999999999897294
13084,0.347296,-1.96962,0.00703454001567165,-0.909485669429971,0.111102085349981
13184,0.381618,-1.96325,0.00699507178089433,-0.915346582363621,-0.777752503792476
13184,0.415823,-1.9563,0.00693383518112824,-0.910462498171561,0.33330896336634
13284,0.449902,-1.94874,0.00688449202629064,-0.912416143749886,-0.555523964026324
13284,0.483844,-1.94059,0.00683019833871972,-0.912416143751904,0.555523964209538
13384,0.517638,-1.93185,0.00677090490768477,-0.910462498170363,-0.333308963182687
13384,0.551275,-1.92252,0.00672353393677713,-0.915346582366464,0.777752503976962
13484,0.584743,-1.91261,0.00665419111289873,-0.909485669429569,-0.111102085165906
13584,0.618034,-1.90211,0.00661364887729819,-0.919253778305519,-0.999999999919186
13584,0.651136,-1.89104,0.0065341387842688,-0.909485669429928,0.111102085328226
13684,0.68404,-1.87939,0.00648333868306688,-0.915346582363942,-0.777752503814258
13684,0.716736,-1.86716,0.00641045146828819,-0.910462498171394,0.333308963343945
13784,0.749213,-1.85437,0.00634922983836185,-0.912416143750121,-0.555523964050058
13784,0.781462,-1.84101,0.0062827585105252,-0.91241614375158,0.555523964183364
13884,0.813473,-1.82709,0.00621095269977831,-0.91046249817049,-0.333308963212306
13884,0.845237,-1.81262,0.0061506311810998,-0.915346582365913,0.777752503943214
13984,0.876742,-1.79759,0.00606809259797755,-0.909485669429626,-0.1111020852007
14084,0.907981,-1.78201,0.0060136024073028,-0.919253778306215,-0.999999999954254
14084,0.938943,-1.7659,0.00592021087454924,-0.909485669429858,0.111102085292581
14184,0.969619,-1.74924,0.00585460642531367,-0.915346582364524,-0.777752503850263
14184,1,-1.73205,0.00576686941133728,-0.910462498171194,0.333308963308465
14284,1.03008,-1.71433,0.00569006362806319,-0.91241614375052,-0.55552396408445
14284,1.05984,-1.6961,0.00560765460952617,-0.912416143751235,0.55552396415093
14384,1.08928,-1.67734,0.00551962601334553,-0.910462498170724,-0.333308963242461
14384,1.11839,-1.65808,0.00544220225822201,-0.915346582365498,0.777752503915531
14484,1.14715,-1.6383,0.00534300949744713,-0.909485669429676,-0.111102085228531
14584,1.17557,-1.61803,0.00527022122556622,-0.919253778306762,-0.999999999982903
14584,1.20363,-1.59727,0.00516001249368014,-0.909485669429825,0.1111020852655
14684,1.23132,-1.57602,0.00507586113091787,-0.91534658236492,-0.777752503876537
14684,1.25864,-1.55429,0.00497052654395007,-0.910462498170955,0.333308963280004
14784,1.28558,-1.53209,0.00487526044154767,-0.912416143750819,-0.555523964114867
14784,1.31212,-1.50942,0.00477453920751267,-0.912416143750872,0.555523964118932
14884,1.33826,-1.48629,0.00466849591790765,-0.910462498170903,-0.333308963276861
14884,1.364,-1.46271,0.00457212722331487,-0.915346582364901,0.777752503878194
14984,1.38932,-1.43868,0.00445572232216321,-0.909485669429939,-0.111102085257194
14984,1.41421,-1.41421,0.00436344155601717,-0.919253778307102,0.999999999999985
5850,1.43868,-1.38932,0.00423715288518658,0.909485669429985,-0.111102085260202
5849,1.46271,-1.364,0.00413458442987298,0.915346582364833,0.777752503871339
5849,1.48629,-1.33826,0.00401303465546738,0.910462498171102,-0.333308963290407
5848,1.50942,-1.31212,0.00390068990260326,0.91241614375073,0.555523964099018
5848,1.53209,-1.28558,0.00378362546596425,0.912416143751186,-0.555523964140576
5847,1.55429,-1.25864,0.00366203927829546,0.91046249817085,0.333308963247604
5847,1.57602,-1.23132,0.00354917807235853,0.91534658236556,-0.777752503916265
5846,1.59727,-1.20363,0.00341890127502945,0.909485669429786,0.111102085221649
5845,1.61803,-1.17557,0.00330993389119652,0.919253778306525,0.999999999969829
5845,1.6383,-1.14715,0.00317153370821661,0.909485669429914,-0.11110208528211
5844,1.65808,-1.11839,0.00305395413551179,0.915346582364627,0.777752503855747
5844,1.67734,-1.08928,0.00292019585619769,0.910462498171258,-0.333308963307527
5843,1.6961,-1.05984,0.00279459042651393,0.912416143750537,0.555523964080912
5843,1.71433,-1.03008,0.00266516526546316,0.912416143751378,-0.555523964158821
5842,1.73205,-1,0.00253215648878912,0.910462498170701,0.333308963230334
5842,1.74924,-0.969619,0.00240675274540083,0.915346582365767,-0.777752503931841
5841,1.7659,-0.938943,0.00226700256713178,0.909485669429766,0.111102085205045
5840,1.78201,-0.907981,0.00214530833259466,0.919253778306158,0.99999999995149
5840,1.79759,-0.876742,0.00199951296884682,0.909485669429983,-0.111102085301555
5839,1.81262,-0.845237,0.00187124865249041,0.915346582364319,0.777752503835052
5839,1.82709,-0.813473,0.00173009170761095,0.910462498171384,-0.333308963330046
5838,1.84101,-0.781462,0.00159596779334457,0.912416143750258,0.555523964056995
5838,1.85437,-0.749213,0.00145913821354669,0.91241614375167,-0.555523964183538
5837,1.86716,-0.716736,0.00131985901495817,0.91046249817059,0.333308963203332
5837,1.87939,-0.68404,0.00118701535533872,0.915346582366259,-0.777752503962114
5836,1.89104,-0.651136,0.00104325618255981,0.909485669429712,0.11110208517308
5835,1.90211,-0.618034,0.000914015647024162,0.919253778305505,0.999999999918216
5835,1.91261,-0.584743,0.000766401894109813,0.909485669430072,-0.111102085335106
5834,1.92252,-0.551275,0.000632695056259212,0.915346582363824,0.777752503801191
5834,1.93185,-0.517638,0.000489424796825274,0.910462498171638,-0.333308963364257
5833,1.94059,-0.483844,0.000351783460126459,0.912416143749874,0.555523964021932
5833,1.94874,-0.449902,0.00021233773004816,0.91241614375206,-0.555523964220175
5832,1.9563,-0.415823,7.12426505631216e-05,0.910462498170272,0.333308963168192
5832,1.96325,-0.381618,-6.49355863446874e-05,0.915346582366721,-0.777752503993719
5831,1.96962,-0.347296,-0.000209024661236867,0.909485669429573,0.111102085145735
5830,1.97538,-0.312869,-0.000342509285372064,0.919253778305019,0.999999999895301
5830,1.98054,-0.278346,-0.000489118872789328,0.909485669430095,-0.11110208535852
5829,1.98509,-0.243739,-0.00062580042982473,0.915346582363408,0.777752503777643
5829,1.98904,-0.209057,-0.000769104896120551,0.910462498171767,-0.333308963386425
5828,1.99239,-0.174311,-0.000908472763559096,0.91241614374965,0.555523964001481
5828,1.99513,-0.139513,-0.00104901177165009,0.912416143752221,-0.555523964238393
5827,1.99726,-0.104672,-0.00119054007239942,0.910462498170182,0.333308963148836
5827,1.99878,-0.069799,-0.00132886276727025,0.915346582367075,-0.777752504016468
5826,1.9997,-0.0349048,-0.00147203204900433,0.909485669429527,0.111102085121839
