origElemNum,globCoord-x,globCoord-y,acouPotentialD1-,locCoord-xi,locCoord-eta
5825,2,-2.20442e-18,0.00210681825702222,0.919253778304535,0.999999999870795
5825,1.9997,0.0349048,0.00143606089451158,0.909485669430051,-0.11110208537854
5824,1.99878,0.069799,0.000758651962900389,0.915346582363134,0.7777525037628
5824,1.99726,0.104672,8.59675202864412e-05,0.910462498171695,-0.333308963393583
5823,1.99513,0.139513,-0.000589478314634103,0.912416143749585,0.555523964001403
5823,1.99239,0.174311,-0.00126360222975831,0.912416143752112,-0.555523964232293
5822,1.98904,0.209057,-0.00193615752164805,0.910462498170195,0.33330896316169
5822,1.98509,0.243739,-0.00261121677161365,0.915346582366752,-0.777752503996411
5821,1.98054,0.278346,-0.00327994614174204,0.909485669429537,0.111102085145532
5820,1.97538,0.312869,-0.00395541611186858,0.91925377830504,0.999999999897275
5820,1.96962,0.347296,-0.0046193700170392,0.909485669429959,-0.111102085350008
5819,1.96325,0.381618,-0.0052899458794977,0.915346582363608,0.777752503792493
5819,1.9563,0.415823,-0.00595292103487675,0.910462498171543,-0.333308963366333
5818,1.94874,0.449902,-0.00661763525222672,0.912416143749872,0.555523964026318
5818,1.94059,0.483844,-0.007279067174214,0.912416143751876,-0.555523964209557
5817,1.93185,0.517638,-0.00793695128906165,0.910462498170338,0.333308963182653
5817,1.92252,0.551275,-0.00859626128294887,0.915346582366455,-0.777752503976955
5816,1.91261,0.584743,-0.00924636366178342,0.909485669429567,0.111102085165898
5815,1.90211,0.618034,-0.00990297266252876,0.919253778305533,0.999999999919169
5815,1.89104,0.651136,-0.0105443681890002,0.909485669429933,-0.111102085328256
5814,1.87939,0.68404,-0.011192113833213,0.915346582363941,0.777752503814277
5814,1.86716,0.716736,-0.011829477429207,0.910462498171402,-0.333308963343933
5813,1.85437,0.749213,-0.0124674571731646,0.912416143750119,0.555523964050056
5813,1.84101,0.781462,-0.0131002325056041,0.912416143751575,-0.555523964183394
5812,1.82709,0.813473,-0.0137275874538786,0.910462498170486,0.333308963212263
5812,1.81262,0.845237,-0.0143552278795683,0.915346582365915,-0.777752503943209
5811,1.79759,0.876742,-0.0149711411259898,0.909485669429635,0.111102085200681
5810,1.78201,0.907981,-0.0155930983362183,0.919253778306195,0.999999999954235
5810,1.7659,0.938943,-0.0161967881103555,0.909485669429844,-0.111102085292603
5809,1.74924,0.969619,-0.0168063489758419,0.915346582364538,0.777752503850291
5809,1.73205,1,-0.0174032513902185,0.910462498171199,-0.333308963308445
5808,1.71433,1.03008,-0.0179996981343728,0.912416143750526,0.555523964084446
5808,1.6961,1.05984,-0.0185893282425257,0.912416143751246,-0.555523964150953
5807,1.67734,1.08928,-0.0191719997265609,0.910462498170725,0.333308963242434
5807,1.65808,1.11839,-0.0197538792455933,0.915346582365508,-0.777752503915519
5806,1.6383,1.14715,-0.0203221798569337,0.909485669429676,0.11110208522853
5805,1.61803,1.17557,-0.0208958563663816,0.919253778306765,0.999999999982884
5805,1.59727,1.20363,-0.0214492886113006,0.909485669429817,-0.111102085265541
5804,1.57602,1.23132,-0.022007941223827,0.9153465823649,0.777752503876539
5804,1.55429,1.25864,-0.022552500639179,0.910462498170939,-0.333308963279996
5803,1.53209,1.28558,-0.0230957270156554,0.912416143750815,0.555523964114853
5803,1.50942,1.31212,-0.0236310783190816,0.91241614375085,-0.555523964118972
5802,1.48629,1.33826,-0.024158541995867,0.910462498170897,0.333308963276791
5802,1.46271,1.364,-0.0246843652035337,0.915346582364929,-0.77775250387822
5801,1.43868,1.38932,-0.0251957796484279,0.909485669429954,0.111102085257182
5801,1.41421,1.41421,-0.0257117526022455,0.919253778307104,-0.999999999999994
850,1.38932,1.43868,-0.0262068417076691,0.909485669429991,-0.111102085260227
849,1.364,1.46271,-0.0267063080957837,0.915346582364834,0.777752503871359
849,1.33826,1.48629,-0.0271910873221327,0.910462498171096,-0.333308963290402
848,1.31212,1.50942,-0.0276737331390551,0.912416143750729,0.555523964099008
848,1.28558,1.53209,-0.028147823867553,0.912416143751184,-0.555523964140596
847,1.25864,1.55429,-0.0286132942891547,0.910462498170846,0.333308963247574
847,1.23132,1.57602,-0.029076260823799,0.915346582365554,-0.777752503916259
846,1.20363,1.59727,-0.0295240856500391,0.90948566942978,0.111102085221654
845,1.17557,1.61803,-0.0299753968756575,0.919253778306528,0.999999999969813
845,1.14715,1.6383,-0.0304049241297695,0.909485669429915,-0.111102085282135
844,1.11839,1.65808,-0.0308376009801061,0.915346582364625,0.777752503855763
844,1.08928,1.67734,-0.0312542910765211,0.910462498171253,-0.333308963307521
843,1.05984,1.6961,-0.0316673806219229,0.912416143750542,0.555523964080906
843,1.03008,1.71433,-0.0320703205228374,0.912416143751377,-0.555523964158847
842,1,1.73205,-0.0324626582949084,0.910462498170698,0.333308963230309
842,0.969619,1.74924,-0.0328508422422638,0.915346582365766,-0.777752503931825
841,0.938943,1.7659,-0.0332211003084094,0.909485669429764,0.111102085205048
840,0.907981,1.78201,-0.0335934725509064,0.919253778306164,0.99999999995148
840,0.876742,1.79759,-0.0339402272701585,0.909485669429979,-0.11110208530158
839,0.845237,1.81262,-0.0342886557711237,0.91534658236432,0.777752503835068
839,0.813473,1.82709,-0.0346175163007323,0.91046249817139,-0.33330896333004
838,0.781462,1.84101,-0.0349405734342327,0.912416143750255,0.555523964056983
838,0.749213,1.85437,-0.0352505132845856,0.912416143751674,-0.555523964183563
837,0.716736,1.86716,-0.0355468568127457,0.910462498170584,0.333308963203304
837,0.68404,1.87939,-0.0358369490739784,0.915346582366261,-0.777752503962098
836,0.651136,1.89104,-0.0361054117690315,0.909485669429719,0.111102085173086
835,0.618034,1.90211,-0.0363748741548917,0.919253778305509,0.999999999918205
835,0.584743,1.91261,-0.0366145525911479,0.909485669430073,-0.111102085335132
834,0.551275,1.92252,-0.0368550313355278,0.915346582363819,0.777752503801204
834,0.517638,1.93185,-0.0370730593050536,0.910462498171637,-0.333308963364254
833,0.483844,1.94059,-0.0372840435593224,0.912416143749877,0.55552396402192
833,0.449902,1.94874,-0.0374801641049097,0.91241614375206,-0.555523964220202
832,0.415823,1.9563,-0.0376614136801055,0.910462498170279,0.333308963168166
832,0.381618,1.96325,-0.0378354962217426,0.915346582366717,-0.777752503993703
831,0.347296,1.96962,-0.0379869968070497,0.909485669429573,0.111102085145737
830,0.312869,1.97538,-0.0381390053484818,0.919253778305012,0.99999999989529
830,0.278346,1.98054,-0.038260954691922,0.909485669430091,-0.111102085358547
829,0.243739,1.98509,-0.03838341785722,0.915346582363415,0.77775250377766
829,0.209057,1.98904,-0.0384837215465891,0.910462498171767,-0.333308963386422
828,0.174311,1.99239,-0.0385770432081872,0.912416143749651,0.55552396400147
828,0.139513,1.99513,-0.0386559242754399,0.912416143752224,-0.555523964238419
827,0.104672,1.99726,-0.0387206153039468,0.910462498170184,0.33330896314881
827,0.069799,1.99878,-0.0387783063386318,0.915346582367074,-0.777752504016452
826,0.0349048,1.9997,-0.0388149325989507,0.909485669429527,0.111102085121841
825,1.27747e-16,2,-0.038851652557668,0.919253778304535,0.999999999870799
825,-0.0349048,1.9997,-0.0388608061483232,0.909485669430051,-0.111102085378537
824,-0.069799,1.99878,-0.0388700368478109,0.915346582363134,0.777752503762801
824,-0.104672,1.99726,-0.0388590467623764,0.910462498171695,-0.333308963393583
823,-0.139513,1.99513,-0.0388413809969563,0.912416143749585,0.555523964001401
823,-0.174311,1.99239,-0.0388104395363195,0.912416143752112,-0.555523964232297
822,-0.209057,1.98904,-0.03876645096075,0.910462498170195,0.333308963161685
822,-0.243739,1.98509,-0.0387157046713073,0.915346582366744,-0.777752503996403
821,-0.278346,1.98054,-0.038645934287352,0.909485669429538,0.111102085145537
820,-0.312869,1.97538,-0.0385754876417001,0.919253778305041,0.999999999897278
820,-0.347296,1.96962,-0.038480444705235,0.90948566942996,-0.111102085350006
819,-0.381618,1.96325,-0.0383846062156089,0.915346582363608,0.777752503792493
819,-0.415823,1.9563,-0.038270517042526,0.910462498171543,-0.333308963366333
818,-0.449902,1.94874,-0.0381497325029365,0.912416143749872,0.555523964026316
818,-0.483844,1.94059,-0.0380166143937029,0.912416143751875,-0.555523964209561
817,-0.517638,1.93185,-0.0378712893177132,0.910462498170336,0.333308963182646
817,-0.551275,1.92252,-0.0377191092344862,0.915346582366457,-0.777752503976948
816,-0.584743,1.91261,-0.0375495920598458,0.909485669429562,0.111102085165907
815,-0.618034,1.90211,-0.0373782787770021,0.919253778305526,0.999999999919175
815,-0.651136,1.89104,-0.0371848736317261,0.909485669429935,-0.111102085328253
814,-0.68404,1.87939,-0.0369894684021426,0.915346582363941,0.777752503814277
814,-0.716736,1.86716,-0.0367772957127669,0.910462498171402,-0.333308963343933
813,-0.749213,1.85437,-0.0365580465079068,0.912416143750117,0.555523964050053
813,-0.781462,1.84101,-0.0363269704854239,0.912416143751584,-0.555523964183396
812,-0.813473,1.82709,-0.0360841124104147,0.910462498170484,0.33330896321226
812,-0.845237,1.81262,-0.0358339993981208,0.91534658236591,-0.7777525039432
811,-0.876742,1.79759,-0.0355677717827826,0.909485669429639,0.111102085200672
810,-0.907981,1.78201,-0.0352985012390187,0.919253778306197,0.999999999954239
810,-0.938943,1.7659,-0.0350091689639126,0.909485669429848,-0.111102085292613
809,-0.969619,1.74924,-0.0347166045863664,0.915346582364533,0.777752503850298
809,-1,1.73205,-0.0344085070303972,0.910462498171205,-0.333308963308436
808,-1.03008,1.71433,-0.0340929584983485,0.912416143750522,0.55552396408444
808,-1.05984,1.6961,-0.0337660512056572,0.912416143751243,-0.555523964150944
807,-1.08928,1.67734,-0.0334278721137385,0.910462498170733,0.33330896324243
807,-1.11839,1.65808,-0.033082153742471,0.915346582365511,-0.777752503915504
806,-1.14715,1.6383,-0.0327217557597573,0.909485669429678,0.11110208522852
805,-1.17557,1.61803,-0.0323572716663294,0.91925377830677,0.999999999982889
805,-1.20363,1.59727,-0.0319751277964386,0.909485669429819,-0.111102085265551
804,-1.23132,1.57602,-0.0315887941297052,0.915346582364893,0.777752503876544
804,-1.25864,1.55429,-0.0311886040760896,0.910462498170937,-0.333308963279986
803,-1.28558,1.53209,-0.0307809657739638,0.912416143750809,0.555523964114847
803,-1.31212,1.50942,-0.0303628880334177,0.912416143750849,-0.555523964118962
802,-1.33826,1.48629,-0.0299345356094873,0.910462498170897,0.333308963276791
802,-1.364,1.46271,-0.0294987589003538,0.915346582364928,-0.77775250387821
801,-1.38932,1.43868,-0.0290503200288184,0.909485669429954,0.111102085257172
801,-1.41421,1.41421,-0.0285970629286686,0.919253778307104,-0.999999999999994
15850,-1.43868,1.38932,-0.0281292030849886,0.909485669429991,-0.111102085260237
15849,-1.46271,1.364,-0.0276564891296167,0.915346582364828,0.777752503871364
15849,-1.48629,1.33826,-0.0271721277182974,0.910462498171103,-0.333308963290387
15848,-1.50942,1.31212,-0.0266806643615577,0.912416143750729,0.555523964099008
15848,-1.53209,1.28558,-0.0261800915484623,0.912416143751185,-0.555523964140586
15847,-1.55429,1.25864,-0.0256706154345191,0.910462498170851,0.333308963247569
15847,-1.57602,1.23132,-0.0251541416153514,0.915346582365555,-0.777752503916249
15846,-1.59727,1.20363,-0.0246274090214556,0.909485669429784,0.111102085221639
15845,-1.61803,1.17557,-0.0240953617925283,0.919253778306531,0.999999999969823
15845,-1.6383,1.14715,-0.0235521438963953,0.909485669429917,-0.111102085282151
15844,-1.65808,1.11839,-0.0230036191318062,0.915346582364627,0.777752503855772
15844,-1.67734,1.08928,-0.0224459497126726,0.910462498171251,-0.333308963307506
15843,-1.6961,1.05984,-0.0218817466044378,0.912416143750542,0.555523964080906
15843,-1.71433,1.03008,-0.0213100033323777,0.912416143751375,-0.555523964158831
15842,-1.73205,1,-0.0207309557240397,0.910462498170697,0.333308963230296
15842,-1.74924,0.969619,-0.0201455470857859,0.915346582365764,-0.777752503931822
15841,-1.7659,0.938943,-0.0195525313863921,0.909485669429762,0.111102085205035
15840,-1.78201,0.907981,-0.0189539018413168,0.919253778306162,0.999999999951483
15840,-1.79759,0.876742,-0.0183478430543189,0.909485669429984,-0.111102085301589
15839,-1.81262,0.845237,-0.0177362450181194,0.915346582364318,0.777752503835071
15839,-1.82709,0.813473,-0.0171183387100802,0.910462498171391,-0.333308963330024
15838,-1.84101,0.781462,-0.0164947511660258,0.912416143750253,0.555523964056986
15838,-1.85437,0.749213,-0.0158655243893737,0.912416143751674,-0.555523964183544
15837,-1.86716,0.716736,-0.0152309486233514,0.910462498170589,0.333308963203294
15837,-1.87939,0.68404,-0.0145909459818613,0.915346582366259,-0.777752503962095
15836,-1.89104,0.651136,-0.0139463988686623,0.909485669429715,0.111102085173074
15835,-1.90211,0.618034,-0.0132961825714989,0.919253778305508,0.999999999918209
15835,-1.91261,0.584743,-0.0126426995578607,0.909485669430068,-0.111102085335144
15834,-1.92252,0.551275,-0.0119836708337294,0.915346582363818,0.777752503801208
15834,-1.93185,0.517638,-0.0113214931029615,0.910462498171639,-0.333308963364235
15833,-1.94059,0.483844,-0.0106547241824528,0.912416143749876,0.555523964021923
15833,-1.94874,0.449902,-0.00998447166922829,0.912416143752063,-0.555523964220183
15832,-1.9563,0.415823,-0.00931105715988325,0.910462498170272,0.333308963168156
15832,-1.96325,0.381618,-0.00863336847033651,0.915346582366716,-0.7777525039937
15831,-1.96962,0.347296,-0.00795441313188636,0.909485669429575,0.111102085145728
15830,-1.97538,0.312869,-0.00726993795258618,0.91925377830502,0.999999999895294
15830,-1.98054,0.278346,-0.00658654515763044,0.909485669430092,-0.111102085358556
15829,-1.98509,0.243739,-0.00589779304843175,0.915346582363415,0.777752503777664
15829,-1.98904,0.209057,-0.0052092072715521,0.910462498171765,-0.333308963386404
15828,-1.99239,0.174311,-0.0045172775206437,0.912416143749651,0.555523964001473
15828,-1.99513,0.139513,-0.00382414897763395,0.912416143752222,-0.5555239642384
15827,-1.99726,0.104672,-0.00313012453838475,0.910462498170184,0.3333089631488
15827,-1.99878,0.069799,-0.00243309568404532,0.915346582367074,-0.777752504016448
15826,-1.9997,0.0349048,-0.00173802606000296,0.909485669429527,0.111102085121831
15825,-2,2.46315e-16,-0.00103772178950625,0.919253778304535,0.999999999870803
15825,-1.9997,-0.0349048,-0.000342621318966335,0.909485669430051,-0.111102085378547
15824,-1.99878,-0.069799,0.000357560247494123,0.915346582363134,0.777752503762804
15824,-1.99726,-0.104672,0.0010544882577371,0.910462498171696,-0.333308963393566
15823,-1.99513,-0.139513,0.00175355892789654,0.912416143749586,0.555523964001405
15823,-1.99239,-0.174311,0.00245171409466319,0.912416143752114,-0.555523964232279
15822,-1.98904,-0.209057,0.0031486781035197,0.910462498170195,0.333308963161688
15822,-1.98509,-0.243739,0.00384743604171963,0.915346582366744,-0.7777525039964
15821,-1.98054,-0.278346,0.00454127443513873,0.909485669429545,0.111102085145526
15820,-1.97538,-0.312869,0.00523998918688918,0.919253778305042,0.999999999897283
15820,-1.96962,-0.347296,0.00592966672748474,0.909485669429957,-0.111102085350017
15819,-1.96325,-0.381618,0.00662403007933988,0.915346582363609,0.777752503792499
15819,-1.9563,-0.415823,0.00731214549139673,0.910462498171549,-0.333308963366345
15818,-1.94874,-0.449902,0.00800111020912818,0.912416143749872,0.555523964026319
15818,-1.94059,-0.483844,0.00868700356117524,0.91241614375188,-0.555523964209544
15817,-1.93185,-0.517638,0.00936953886252171,0.910462498170337,0.33330896318265
15817,-1.92252,-0.551275,0.0100525467243643,0.915346582366458,-0.777752503976945
15816,-1.91261,-0.584743,0.0107276356851529,0.909485669429567,0.111102085165898
15815,-1.90211,-0.618034,0.0114070987078505,0.919253778305528,0.999999999919178
15815,-1.89104,-0.651136,0.0120737422854823,0.90948566942994,-0.111102085328262
15814,-1.87939,-0.68404,0.0127445588042667,0.915346582363942,0.77775250381428
15814,-1.86716,-0.716736,0.0134062035833313,0.910462498171397,-0.333308963343943
15813,-1.85437,-0.749213,0.0140673703072791,0.912416143750119,0.555523964050056
15813,-1.84101,-0.781462,0.014723351957975,0.912416143751582,-0.555523964183381
15812,-1.82709,-0.813473,0.0153738626501102,0.910462498170486,0.333308963212263
15812,-1.81262,-0.845237,0.0160235057318015,0.915346582365912,-0.777752503943197
15811,-1.79759,-0.876742,0.0166623509894527,0.909485669429641,0.111102085200675
15810,-1.78201,-0.907981,0.0173049715006752,0.919253778306197,0.999999999954239
15810,-1.7659,-0.938943,0.0179311578257969,0.90948566942985,-0.11110208529261
15809,-1.74924,-0.969619,0.0185609026365922,0.915346582364535,0.777752503850301
15809,-1.73205,-1,0.0191786482219093,0.9104624981712,-0.333308963308458
15808,-1.71433,-1.03008,0.0197945699049542,0.912416143750526,0.555523964084446
15808,-1.6961,-1.05984,0.020403250347567,0.912416143751243,-0.555523964150944
15807,-1.67734,-1.08928,0.0210044548791925,0.910462498170725,0.333308963242434
15807,-1.65808,-1.11839,0.021603476078923,0.915346582365503,-0.7777525039155
15806,-1.6383,-1.14715,0.0221891270497409,0.90948566942967,0.111102085228524
15805,-1.61803,-1.17557,0.0227779221920351,0.919253778306763,0.999999999982893
15805,-1.59727,-1.20363,0.0233472393641599,0.909485669429812,-0.111102085265547
15804,-1.57602,-1.23132,0.0239195254924444,0.915346582364898,0.777752503876549
15804,-1.55429,-1.25864,0.0244775146568522,0.910462498170935,-0.333308963280012
15803,-1.53209,-1.28558,0.0250325654165648,0.912416143750815,0.555523964114853
15803,-1.50942,-1.31212,0.0255787390568898,0.912416143750855,-0.555523964118957
15802,-1.48629,-1.33826,0.0261158726603599,0.910462498170897,0.333308963276791
15802,-1.46271,-1.364,0.0266497582355294,0.915346582364928,-0.77775250387821
15801,-1.43868,-1.38932,0.0271683269568144,0.909485669429954,0.111102085257172
15801,-1.41421,-1.41421,0.0276894627909795,0.919253778307098,-0.999999999999989
10084,-1.38932,-1.43868,0.0281888569429779,-0.909485669429983,0.111102085260242
10184,-1.364,-1.46271,0.028690660658832,-0.915346582364814,-0.777752503871363
10184,-1.33826,-1.48629,0.0291764193885345,-0.910462498171062,0.333308963290425
10284,-1.31212,-1.50942,0.0296582923429561,-0.912416143750702,-0.555523964098991
10284,-1.28558,-1.53209,0.03012998053438,-0.912416143751175,0.55552396414059
10384,-1.25864,-1.55429,0.0305913375748673,-0.910462498170858,-0.333308963247603
10384,-1.23132,-1.57602,0.0310485077430904,-0.915346582365569,0.777752503916277
10484,-1.20363,-1.59727,0.0314887635103623,-0.909485669429755,-0.111102085221656
10584,-1.17557,-1.61803,0.0319309548695205,-0.919253778306467,-0.999999999969833
10584,-1.14715,-1.6383,0.0323495360754611,-0.909485669429891,0.111102085282108
10684,-1.11839,-1.65808,0.0327698669764389,-0.915346582364624,-0.777752503855743
10684,-1.08928,-1.67734,0.0331726277428018,-0.910462498171255,0.333308963307532
10784,-1.05984,-1.6961,0.033570533365913,-0.912416143750544,-0.555523964080908
10784,-1.03008,-1.71433,0.033957028144463,-0.912416143751393,0.555523964158839
10884,-1,-1.73205,0.0343319760793678,-0.910462498170715,-0.333308963230315
10884,-0.969619,-1.74924,0.0347017666146191,-0.915346582365772,0.777752503931858
10984,-0.938943,-1.7659,0.0350532594577477,-0.909485669429763,-0.111102085205032
11084,-0.907981,-1.78201,0.0354059175862983,-0.919253778306154,-0.99999999995149
11084,-0.876742,-1.79759,0.0357334886535652,-0.909485669429981,0.111102085301552
11184,-0.845237,-1.81262,0.0360620357091316,-0.915346582364332,-0.777752503835052
11184,-0.813473,-1.82709,0.0363718083479424,-0.910462498171421,0.333308963330044
11284,-0.781462,-1.84101,0.0366758250544569,-0.912416143750289,-0.555523964056998
11284,-0.749213,-1.85437,0.0369674365336006,-0.912416143751684,0.555523964183542
11384,-0.716736,-1.86716,0.0372465627724491,-0.910462498170579,-0.333308963203316
11384,-0.68404,-1.87939,0.0375196743185329,-0.915346582366256,0.777752503962127
11484,-0.651136,-1.89104,0.0377736033850608,-0.9094856694297,-0.111102085173069
11584,-0.618034,-1.90211,0.0380279058632845,-0.919253778305473,-0.9999999999182
11584,-0.584743,-1.91261,0.0382563817280807,-0.909485669430035,0.111102085335111
11684,-0.551275,-1.92252,0.0384850808577717,-0.915346582363772,-0.777752503801188
11684,-0.517638,-1.93185,0.0386943864383673,-0.910462498171642,0.333308963364261
11784,-0.483844,-1.94059,0.0388972610646629,-0.912416143749915,-0.555523964021929
11784,-0.449902,-1.94874,0.0390871453193286,-0.912416143752077,0.555523964220183
11884,-0.415823,-1.9563,0.0392639959070667,-0.910462498170266,-0.33330896316818
11884,-0.381618,-1.96325,0.0394342074575692,-0.915346582366712,0.777752503993725
11984,-0.347296,-1.96962,0.0395848260993811,-0.909485669429565,-0.111102085145729
12084,-0.312869,-1.97538,0.0397350916478529,-0.919253778305011,-0.999999999895287
12084,-0.278346,-1.98054,0.0398592751397084,-0.909485669430107,0.111102085358526
12184,-0.243739,-1.98509,0.0399829423781824,-0.915346582363447,-0.777752503777644
12184,-0.209057,-1.98904,0.0400868595089072,-0.910462498171781,0.333308963386432
12284,-0.174311,-1.99239,0.0401837018072565,-0.912416143749663,-0.555523964001473
12284,-0.139513,-1.99513,0.0402670566498918,-0.912416143752267,0.555523964238395
12384,-0.104672,-1.99726,0.0403368342244971,-0.910462498170238,-0.333308963148834
12384,-0.069799,-1.99878,0.0403993019708254,-0.915346582367131,0.777752504016471
12484,-0.0349048,-1.9997,0.040441751951104,-0.909485669429557,-0.111102085121833
12584,-4.35203e-16,-2,0.0404829656865537,-0.919253778304537,-0.999999999870803
12584,0.0349048,-1.9997,0.0404978111184187,-0.909485669430058,0.111102085378513
12684,0.069799,-1.99878,0.0405111776871186,-0.915346582363139,-0.777752503762792
12684,0.104672,-1.99726,0.0405043591098017,-0.9104624981717,0.333308963393593
12784,0.139513,-1.99513,0.0404896205972234,-0.912416143749591,-0.555523964001403
12784,0.174311,-1.99239,0.0404607670812128,-0.912416143752134,0.555523964232273
12884,0.209057,-1.98904,0.0404177060060507,-0.91046249817019,-0.333308963161724
12884,0.243739,-1.98509,0.0403664425738906,-0.915346582366752,0.777752503996427
12984,0.278346,-1.98054,0.0402948984841899,-0.909485669429543,-0.111102085145531
13084,0.312869,-1.97538,0.040220856629987,-0.919253778305079,-0.999999999897294
13084,0.347296,-1.96962,0.0401207409882925,-0.909485669429971,0.111102085349981
13184,0.381618,-1.96325,0.0400178522335597,-0.915346582363621,-0.777752503792476
13184,0.415823,-1.9563,0.0398948669520472,-0.910462498171561,0.33330896336634
13284,0.449902,-1.94874,0.0397631429186495,-0.912416143749886,-0.555523964026324
13284,0.483844,-1.94059,0.0396170454376402,-0.912416143751904,0.555523964209538
13384,0.517638,-1.93185,0.0394566106391249,-0.910462498170363,-0.333308963182687
13384,0.551275,-1.92252,0.0392871866092665,-0.915346582366464,0.777752503976962
13484,0.584743,-1.91261,0.0390982709198541,-0.909485669429569,-0.111102085165906
13584,0.618034,-1.90211,0.038905355070935,-0.919253778305519,-0.999999999919186
13584,0.651136,-1.89104,0.0386883243811345,-0.909485669429928,0.111102085328226
13684,0.68404,-1.87939,0.038467088262066,-0.915346582363942,-0.777752503814258
13684,0.716736,-1.86716,0.0382272083337565,-0.910462498171394,0.333308963343945
13784,0.749213,-1.85437,0.0379782500755918,-0.912416143750121,-0.555523964050058
13784,0.781462,-1.84101,0.0377156737782495,-0.91241614375158,0.555523964183364
13884,0.813473,-1.82709,0.0374398208252779,-0.91046249817049,-0.333308963212306
13884,0.845237,-1.81262,0.0371548468821581,-0.915346582365913,0.777752503943214
13984,0.876742,-1.79759,0.0368531411108823,-0.909485669429626,-0.1111020852007
14084,0.907981,-1.78201,0.0365462017410089,-0.919253778306215,-0.999999999954254
14084,0.938943,-1.7659,0.0362198605997416,-0.909485669429858,0.111102085292581
14184,0.969619,-1.74924,0.0358883363880148,-0.915346582364524,-0.777752503850263
14184,1,-1.73205,0.0355418920587889,-0.910462498171194,0.333308963308465
14284,1.03008,-1.71433,0.0351871938635801,-0.91241614375052,-0.55552396408445
14284,1.05984,-1.6961,0.0348213745290992,-0.912416143751235,0.55552396415093
14384,1.08928,-1.67734,0.0344450062322224,-0.910462498170724,-0.333308963242461
14384,1.11839,-1.65808,0.0340606168128486,-0.915346582365498,0.777752503915531
14484,1.14715,-1.6383,0.0336640886408962,-0.909485669429676,-0.111102085228531
14584,1.17557,-1.61803,0.0332619480683167,-0.919253778306762,-0.999999999982903
14584,1.20363,-1.59727,0.0328466734707598,-0.909485669429825,0.1111020852655
14684,1.23132,-1.57602,0.0324259463812363,-0.91534658236492,-0.777752503876537
14684,1.25864,-1.55429,0.0319948038628198,-0.910462498170955,0.333308963280004
14784,1.28558,-1.53209,0.0315567111195087,-0.912416143750819,-0.555523964114867
14784,1.31212,-1.50942,0.0311103081872894,-0.912416143750872,0.555523964118932
14884,1.33826,-1.48629,0.0306559134323591,-0.910462498170903,-0.333308963276861
14884,1.364,-1.46271,0.0301947841641084,-0.915346582364901,0.777752503878194
14984,1.38932,-1.43868,0.0297249873953776,-0.909485669429939,-0.111102085257194
14984,1.41421,-1.41421,0.0292495887410698,-0.919253778307102,0.999999999999985
5850,1.43868,-1.38932,0.0287651484348114,0.909485669429985,-0.111102085260202
5849,1.46271,-1.364,0.0282751519402486,0.915346582364833,0.777752503871339
5849,1.48629,-1.33826,0.0277774012962275,0.910462498171102,-0.333308963290407
5848,1.50942,-1.31212,0.0272733808709139,0.91241614375073,0.555523964099018
5848,1.53209,-1.28558,0.0267625503224964,0.912416143751186,-0.555523964140576
5847,1.55429,-1.25864,0.0262449850840522,0.91046249817085,0.333308963247604
5847,1.57602,-1.23132,0.0257212613435087,0.91534658236556,-0.777752503916265
5846,1.59727,-1.20363,0.0251905797743473,0.909485669429786,0.111102085221649
5845,1.61803,-1.17557,0.0246541213976253,0.919253778306525,0.999999999969829
5845,1.6383,-1.14715,0.0241107270439336,0.909485669429914,-0.11110208528211
5844,1.65808,-1.11839,0.0235615157167563,0.915346582364627,0.777752503855747
5844,1.67734,-1.08928,0.0230059753729281,0.910462498171258,-0.333308963307527
5843,1.6961,-1.05984,0.0224444408829883,0.912416143750537,0.555523964080912
5843,1.71433,-1.03008,0.0218769463238257,0.912416143751378,-0.555523964158821
5842,1.73205,-1,0.0213035906701093,0.910462498170701,0.333308963230334
5842,1.74924,-0.969619,0.0207243556988081,0.915346582365767,-0.777752503931841
5841,1.7659,-0.938943,0.0201397251409057,0.909485669429766,0.111102085205045
5840,1.78201,-0.907981,0.0195489700561168,0.919253778306158,0.99999999995149
5840,1.79759,-0.876742,0.0189536593235804,0.909485669429983,-0.111102085301555
5839,1.81262,-0.845237,0.0183522137671954,0.915346582364319,0.777752503835052
5839,1.82709,-0.813473,0.0177463108877196,0.910462498171384,-0.333308963330046
5838,1.84101,-0.781462,0.0171348715629512,0.912416143750258,0.555523964056995
5838,1.85437,-0.749213,0.0165187181417337,0.91241614375167,-0.555523964183538
5837,1.86716,-0.716736,0.0158980532634927,0.91046249817059,0.333308963203332
5837,1.87939,-0.68404,0.0152720196814118,0.915346582366259,-0.777752503962114
5836,1.89104,-0.651136,0.0146429673245625,0.909485669429712,0.11110208517308
5835,1.90211,-0.618034,0.0140074659883339,0.919253778305505,0.999999999918216
5835,1.91261,-0.584743,0.013370947189384,0.909485669430072,-0.111102085335106
5834,1.92252,-0.551275,0.0127280375126185,0.915346582363824,0.777752503801191
5834,1.93185,-0.517638,0.0120834402105392,0.910462498171638,-0.333308963364257
5833,1.94059,-0.483844,0.0114341264345189,0.912416143749874,0.555523964021932
5833,1.94874,-0.449902,0.0107819808259957,0.91241614375206,-0.555523964220175
5832,1.9563,-0.415823,0.0101273148422328,0.910462498170272,0.333308963168192
5832,1.96325,-0.381618,0.00946817561008227,0.915346582366721,-0.777752503993719
5831,1.96962,-0.347296,0.00880923384556705,0.909485669429573,0.111102085145735
5830,1.97538,-0.312869,0.00814366390036292,0.919253778305019,0.999999999895301
5830,1.98054,-0.278346,0.00748153037372512,0.909485669430095,-0.11110208535852
5829,1.98509,-0.243739,0.00681286113687829,0.915346582363408,0.777752503777643
5829,1.98904,-0.209057,0.0061458504988211,0.910462498171767,-0.333308963386425
5828,1.99239,-0.174311,0.00547514948859225,0.91241614374965,0.555523964001481
5828,1.99513,-0.139513,0.00480380793873901,0.912416143752221,-0.555523964238393
5827,1.99726,-0.104672,0.00413210759823146,0.910462498170182,0.333308963148836
5827,1.99878,-0.069799,0.00345696294758723,0.915346582367075,-0.777752504016468
5826,1.9997,-0.0349048,0.00278525467871119,0.909485669429527,0.111102085121839
