origElemNum,globCoord-x,globCoord-y,acouPotentialD1-,locCoord-xi,locCoord-eta
5825,2,-2.20442e-18,-0.00183228890578079,0.919253778304535,0.999999999870795
5825,1.9997,0.0349048,-0.00246495542771469,0.909485669430051,-0.11110208537854
5824,1.99878,0.069799,-0.00310454395363655,0.915346582363134,0.7777525037628
5824,1.99726,0.104672,-0.00373831859627062,0.910462498171695,-0.333308963393583
5823,1.99513,0.139513,-0.00437466061958663,0.912416143749585,0.555523964001403
5823,1.99239,0.174311,-0.00500917883651949,0.912416143752112,-0.555523964232293
5822,1.98904,0.209057,-0.00564177499059431,0.910462498170195,0.33330896316169
5822,1.98509,0.243739,-0.00627658843919578,0.915346582366752,-0.777752503996411
5821,1.98054,0.278346,-0.00690481544210919,0.909485669429537,0.111102085145532
5820,1.97538,0.312869,-0.00753938011455781,0.91925377830504,0.999999999897275
5820,1.96962,0.347296,-0.00816247135165609,0.909485669429959,-0.111102085350008
5819,1.96325,0.381618,-0.00879162261999592,0.915346582363608,0.777752503792493
5819,1.9563,0.415823,-0.00941319634260171,0.910462498171543,-0.333308963366333
5818,1.94874,0.449902,-0.0100359981324865,0.912416143749872,0.555523964026318
5818,1.94059,0.483844,-0.010655276703928,0.912416143751876,-0.555523964209557
5817,1.93185,0.517638,-0.0112707377089586,0.910462498170338,0.333308963182653
5817,1.92252,0.551275,-0.0118869142612396,0.915346582366455,-0.777752503976955
5816,1.91261,0.584743,-0.012494041880117,0.909485669429567,0.111102085165898
5815,1.90211,0.618034,-0.0131063142006574,0.919253778305533,0.999999999919169
5815,1.89104,0.651136,-0.0137041490031054,0.909485669429933,-0.111102085328256
5814,1.87939,0.68404,-0.0143068030675758,0.915346582363941,0.777752503814277
5814,1.86716,0.716736,-0.0148993865544988,0.910462498171402,-0.333308963343933
5813,1.85437,0.749213,-0.0154915792525267,0.912416143750119,0.555523964050056
5813,1.84101,0.781462,-0.016078261057128,0.912416143751575,-0.555523964183394
5812,1.82709,0.813473,-0.0166592905273467,0.910462498170486,0.333308963212263
5812,1.81262,0.845237,-0.0172394992983007,0.915346582365915,-0.777752503943209
5811,1.79759,0.876742,-0.0178087763357363,0.909485669429635,0.111102085200681
5810,1.78201,0.907981,-0.0183819829135913,0.919253778306195,0.999999999954235
5810,1.7659,0.938943,-0.0189389636001349,0.909485669429844,-0.111102085292603
5809,1.74924,0.969619,-0.0194996287020763,0.915346582364538,0.777752503850291
5809,1.73205,1,-0.0200487989558052,0.910462498171199,-0.333308963308445
5808,1.71433,1.03008,-0.0205963850680795,0.912416143750526,0.555523964084446
5808,1.6961,1.05984,-0.0211372161002855,0.912416143751246,-0.555523964150953
5807,1.67734,1.08928,-0.0216711589257041,0.910462498170725,0.333308963242434
5807,1.65808,1.11839,-0.0222030892395482,0.915346582365508,-0.777752503915519
5806,1.6383,1.14715,-0.0227227847626098,0.909485669429676,0.11110208522853
5805,1.61803,1.17557,-0.0232452289415656,0.919253778306765,0.999999999982884
5805,1.59727,1.20363,-0.0237500259495798,0.909485669429817,-0.111102085265541
5804,1.57602,1.23132,-0.0242572662949974,0.9153465823649,0.777752503876539
5804,1.55429,1.25864,-0.024751522281036,0.910462498170939,-0.333308963279996
5803,1.53209,1.28558,-0.0252427801716078,0.912416143750815,0.555523964114853
5803,1.50942,1.31212,-0.0257257539687141,0.91241614375085,-0.555523964118972
5802,1.48629,1.33826,-0.0262001684574156,0.910462498170897,0.333308963276791
5802,1.46271,1.364,-0.0266710896680407,0.915346582364929,-0.77775250387822
5801,1.43868,1.38932,-0.0271277606501686,0.909485669429954,0.111102085257182
5801,1.41421,1.41421,-0.0275858497076877,0.919253778307104,-0.999999999999994
850,1.38932,1.43868,-0.0280238962136834,0.909485669429991,-0.111102085260227
849,1.364,1.46271,-0.0284630286699223,0.915346582364834,0.777752503871359
849,1.33826,1.48629,-0.0288870034368569,0.910462498171096,-0.333308963290402
848,1.31212,1.50942,-0.0293063808583957,0.912416143750729,0.555523964099008
848,1.28558,1.53209,-0.0297156207382498,0.912416143751184,-0.555523964140596
847,1.25864,1.55429,-0.0301145070482287,0.910462498170846,0.333308963247574
847,1.23132,1.57602,-0.0305083776866448,0.915346582365554,-0.777752503916259
846,1.20363,1.59727,-0.0308861150086987,0.90948566942978,0.111102085221654
845,1.17557,1.61803,-0.0312640457246947,0.919253778306528,0.999999999969813
845,1.14715,1.6383,-0.0316200909554735,0.909485669429915,-0.111102085282135
844,1.11839,1.65808,-0.0319760921918364,0.915346582364625,0.777752503855763
844,1.08928,1.67734,-0.0323154807668614,0.910462498171253,-0.333308963307521
843,1.05984,1.6961,-0.0326491120327076,0.912416143750542,0.555523964080906
843,1.03008,1.71433,-0.032971400511227,0.912416143751377,-0.555523964158847
842,1,1.73205,-0.0332822403108203,0.910462498170698,0.333308963230309
842,0.969619,1.74924,-0.0335869937808198,0.915346582365766,-0.777752503931825
841,0.938943,1.7659,-0.0338746522538513,0.909485669429764,0.111102085205048
840,0.907981,1.78201,-0.0341614566051012,0.919253778306164,0.99999999995148
840,0.876742,1.79759,-0.0344255713750392,0.909485669429979,-0.11110208530158
839,0.845237,1.81262,-0.0346886129950916,0.91534658236432,0.777752503835068
839,0.813473,1.82709,-0.0349342396306069,0.91046249817139,-0.33330896333004
838,0.781462,1.84101,-0.0351731522425518,0.912416143750255,0.555523964056983
838,0.749213,1.85437,-0.0353998642339127,0.912416143751674,-0.555523964183563
837,0.716736,1.86716,-0.0356142511725678,0.910462498170584,0.333308963203304
837,0.68404,1.87939,-0.0358216096309115,0.915346582366261,-0.777752503962098
836,0.651136,1.89104,-0.0360111012591326,0.909485669429719,0.111102085173086
835,0.618034,1.90211,-0.0361987017022399,0.919253778305509,0.999999999918205
835,0.584743,1.91261,-0.0363630301118914,0.909485669430073,-0.111102085335132
834,0.551275,1.92252,-0.0365252829978614,0.915346582363819,0.777752503801204
834,0.517638,1.93185,-0.0366695932565106,0.910462498171637,-0.333308963364254
833,0.483844,1.94059,-0.0368064430695358,0.912416143749877,0.55552396402192
833,0.449902,1.94874,-0.0369305884146109,0.91241614375206,-0.555523964220202
832,0.415823,1.9563,-0.0370421117747539,0.910462498170279,0.333308963168166
832,0.381618,1.96325,-0.0371459999338982,0.915346582366717,-0.777752503993703
831,0.347296,1.96962,-0.0372323713775542,0.909485669429573,0.111102085145737
830,0.312869,1.97538,-0.0373159427926805,0.919253778305012,0.99999999989529
830,0.278346,1.98054,-0.037377401314994,0.909485669430091,-0.111102085358547
829,0.243739,1.98509,-0.0374359508364181,0.915346582363415,0.77775250377766
829,0.209057,1.98904,-0.0374774587581969,0.910462498171767,-0.333308963386422
828,0.174311,1.99239,-0.0375112832127406,0.912416143749651,0.55552396400147
828,0.139513,1.99513,-0.0375328283083717,0.912416143752224,-0.555523964238419
827,0.104672,1.99726,-0.0375422236419078,0.910462498170184,0.33330896314881
827,0.069799,1.99878,-0.0375437828208213,0.915346582367074,-0.777752504016452
826,0.0349048,1.9997,-0.0375290432220986,0.909485669429527,0.111102085121841
825,1.27747e-16,2,-0.0375105740834286,0.919253778304535,0.999999999870799
825,-0.0349048,1.9997,-0.0374720054042177,0.909485669430051,-0.111102085378537
824,-0.069799,1.99878,-0.0374295743410697,0.915346582363134,0.777752503762801
824,-0.104672,1.99726,-0.0373714407841393,0.910462498171695,-0.333308963393583
823,-0.139513,1.99513,-0.0373054421659915,0.912416143749585,0.555523964001401
823,-0.174311,1.99239,-0.0372277979471972,0.912416143752112,-0.555523964232297
822,-0.209057,1.98904,-0.0371387074848729,0.910462498170195,0.333308963161685
822,-0.243739,1.98509,-0.0370416377210385,0.915346582366744,-0.777752503996403
821,-0.278346,1.98054,-0.0369300073828599,0.909485669429538,0.111102085145537
820,-0.312869,1.97538,-0.036813626431695,0.919253778305041,0.999999999897278
820,-0.347296,1.96962,-0.0366800446911027,0.90948566942996,-0.111102085350006
819,-0.381618,1.96325,-0.036541601458774,0.915346582363608,0.777752503792493
819,-0.415823,1.9563,-0.0363895325074433,0.910462498171543,-0.333308963366333
818,-0.449902,1.94874,-0.0362296201891177,0.912416143749872,0.555523964026316
818,-0.483844,1.94059,-0.0360591586776626,0.912416143751875,-0.555523964209561
817,-0.517638,1.93185,-0.0358783405935342,0.910462498170336,0.333308963182646
817,-0.551275,1.92252,-0.0356895513366778,0.915346582366457,-0.777752503976948
816,-0.584743,1.91261,-0.0354883603113741,0.909485669429562,0.111102085165907
815,-0.618034,1.90211,-0.0352812834696159,0.919253778305526,0.999999999919175
815,-0.651136,1.89104,-0.0350602097678655,0.909485669429935,-0.111102085328253
814,-0.68404,1.87939,-0.0348330758433721,0.915346582363941,0.777752503814277
814,-0.716736,1.86716,-0.0345943436743282,0.910462498171402,-0.333308963343933
813,-0.749213,1.85437,-0.0343475745756214,0.912416143750117,0.555523964050053
813,-0.781462,1.84101,-0.0340911262262329,0.912416143751584,-0.555523964183396
812,-0.813473,1.82709,-0.0338250803630371,0.910462498170484,0.33330896321226
812,-0.845237,1.81262,-0.0335508371723195,0.91534658236591,-0.7777525039432
811,-0.876742,1.79759,-0.0332658227274315,0.909485669429639,0.111102085200672
810,-0.907981,1.78201,-0.0329736885092277,0.919253778306197,0.999999999954239
810,-0.938943,1.7659,-0.0326699695555313,0.909485669429848,-0.111102085292613
809,-0.969619,1.74924,-0.032358930103171,0.915346582364533,0.777752503850298
809,-1,1.73205,-0.032037671355702,0.910462498171205,-0.333308963308436
808,-1.03008,1.71433,-0.0317079880160095,0.912416143750522,0.55552396408444
808,-1.05984,1.6961,-0.0313690965258505,0.912416143751243,-0.555523964150944
807,-1.08928,1.67734,-0.0310210383513181,0.910462498170733,0.33330896324243
807,-1.11839,1.65808,-0.0306644564689913,0.915346582365511,-0.777752503915504
806,-1.14715,1.6383,-0.0302983241240137,0.909485669429678,0.11110208522852
805,-1.17557,1.61803,-0.0299240409175791,0.91925377830677,0.999999999982889
805,-1.20363,1.59727,-0.029540178588986,0.909485669429819,-0.111102085265551
804,-1.23132,1.57602,-0.0291480611735575,0.915346582364893,0.777752503876544
804,-1.25864,1.55429,-0.02874705600237,0.910462498170937,-0.333308963279986
803,-1.28558,1.53209,-0.028337557621373,0.912416143750809,0.555523964114847
803,-1.31212,1.50942,-0.0279195598546488,0.912416143750849,-0.555523964118962
802,-1.33826,1.48629,-0.027493222010101,0.910462498170897,0.333308963276791
802,-1.364,1.46271,-0.0270584702831495,0.915346582364928,-0.77775250387821
801,-1.38932,1.43868,-0.0266159312458886,0.909485669429954,0.111102085257172
801,-1.41421,1.41421,-0.0261647404504658,0.919253778307104,-0.999999999999994
15850,-1.43868,1.38932,-0.0257067323626298,0.909485669429991,-0.111102085260237
15849,-1.46271,1.364,-0.0252401390259778,0.915346582364828,0.777752503871364
15849,-1.48629,1.33826,-0.0247668200326914,0.910462498171103,-0.333308963290387
15848,-1.50942,1.31212,-0.0242856501197921,0.912416143750729,0.555523964099008
15848,-1.53209,1.28558,-0.0237974914202811,0.912416143751185,-0.555523964140586
15847,-1.55429,1.25864,-0.0233026012733124,0.910462498170851,0.333308963247569
15847,-1.57602,1.23132,-0.0228000933282907,0.915346582365555,-0.777752503916249
15846,-1.59727,1.20363,-0.0222923322275218,0.909485669429784,0.111102085221639
15845,-1.61803,1.17557,-0.0217759715050082,0.919253778306531,0.999999999969823
15845,-1.6383,1.14715,-0.0212561488875873,0.909485669429917,-0.111102085282151
15844,-1.65808,1.11839,-0.0207278318122758,0.915346582364627,0.777752503855772
15844,-1.67734,1.08928,-0.0201952555589425,0.910462498171251,-0.333308963307506
15843,-1.6961,1.05984,-0.0196556819364795,0.912416143750542,0.555523964080906
15843,-1.71433,1.03008,-0.0191107257949159,0.912416143751375,-0.555523964158831
15842,-1.73205,1,-0.0185605170722844,0.910462498170697,0.333308963230296
15842,-1.74924,0.969619,-0.0180035251365276,0.915346582365764,-0.777752503931822
15841,-1.7659,0.938943,-0.0174432437774739,0.909485669429762,0.111102085205035
15840,-1.78201,0.907981,-0.0168745388779789,0.919253778306162,0.999999999951483
15840,-1.79759,0.876742,-0.0163047176130978,0.909485669429984,-0.111102085301589
15839,-1.81262,0.845237,-0.0157265484560953,0.915346582364318,0.777752503835071
15839,-1.82709,0.813473,-0.0151458138641331,0.910462498171391,-0.333308963330024
15838,-1.84101,0.781462,-0.0145587586559346,0.912416143750253,0.555523964056986
15838,-1.85437,0.749213,-0.0139675041994877,0.912416143751674,-0.555523964183544
15837,-1.86716,0.716736,-0.0133722215252504,0.910462498170589,0.333308963203294
15837,-1.87939,0.68404,-0.0127709134036981,0.915346582366259,-0.777752503962095
15836,-1.89104,0.651136,-0.0121681723902361,0.909485669429715,0.111102085173074
15835,-1.90211,0.618034,-0.0115573675904166,0.919253778305508,0.999999999918209
15835,-1.91261,0.584743,-0.01094807355922,0.909485669430068,-0.111102085335144
15834,-1.92252,0.551275,-0.0103309555589264,0.915346582363818,0.777752503801208
15834,-1.93185,0.517638,-0.00971361977493468,0.910462498171639,-0.333308963364235
15833,-1.94059,0.483844,-0.00909126413321634,0.912416143749876,0.555523964021923
15833,-1.94874,0.449902,-0.0084666800824455,0.912416143752063,-0.555523964220183
15832,-1.9563,0.415823,-0.00784022339317351,0.910462498170272,0.333308963168156
15832,-1.96325,0.381618,-0.00720921952479566,0.915346582366716,-0.7777525039937
15831,-1.96962,0.347296,-0.00657980898703916,0.909485669429575,0.111102085145728
15830,-1.97538,0.312869,-0.00594321773591593,0.91925377830502,0.999999999895294
15830,-1.98054,0.278346,-0.00531196565045,0.909485669430092,-0.111102085358556
15829,-1.98509,0.243739,-0.00467382488286184,0.915346582363415,0.777752503777664
15829,-1.98904,0.209057,-0.00403853061711537,0.910462498171765,-0.333308963386404
15828,-1.99239,0.174311,-0.00339982473887684,0.912416143749651,0.555523964001473
15828,-1.99513,0.139513,-0.00276116611035419,0.912416143752222,-0.5555239642384
15827,-1.99726,0.104672,-0.00212276006336816,0.910462498170184,0.3333089631488
15827,-1.99878,0.069799,-0.00148135557871191,0.915346582367074,-0.777752504016448
15826,-1.9997,0.0349048,-0.000844007292880308,0.909485669429527,0.111102085121831
15825,-2,2.46315e-16,-0.000200421755585903,0.919253778304535,0.999999999870803
15825,-1.9997,-0.0349048,0.000435188109334712,0.909485669430051,-0.111102085378547
15824,-1.99878,-0.069799,0.00107682857668999,0.915346582363134,0.777752503762804
15824,-1.99726,-0.104672,0.00171364419830515,0.910462498171696,-0.333308963393566
15823,-1.99513,-0.139513,0.00235268398348045,0.912416143749586,0.555523964001405
15823,-1.99239,-0.174311,0.00299016004952579,0.912416143752114,-0.555523964232279
15822,-1.98904,-0.209057,0.00362589592127058,0.910462498170195,0.333308963161688
15822,-1.98509,-0.243739,0.00426343028691027,0.915346582366744,-0.7777525039964
15821,-1.98054,-0.278346,0.0048950778875737,0.909485669429545,0.111102085145526
15820,-1.97538,-0.312869,0.00553200244751036,0.919253778305042,0.999999999897283
15820,-1.96962,-0.347296,0.00615865877276194,0.909485669429957,-0.111102085350017
15819,-1.96325,-0.381618,0.00679026388949678,0.915346582363609,0.777752503792499
15819,-1.9563,-0.415823,0.00741487379139111,0.910462498171549,-0.333308963366345
15818,-1.94874,-0.449902,0.0080401262659948,0.912416143749872,0.555523964026319
15818,-1.94059,-0.483844,0.00866182710445406,0.91241614375188,-0.555523964209544
15817,-1.93185,-0.517638,0.00927964770369365,0.910462498170337,0.33330896318265
15817,-1.92252,-0.551275,0.00989755910478411,0.915346582366458,-0.777752503976945
15816,-1.91261,-0.584743,0.0105068749220868,0.909485669429567,0.111102085165898
15815,-1.90211,-0.618034,0.0111201240327106,0.919253778305528,0.999999999919178
15815,-1.89104,-0.651136,0.011719897648754,0.90948566942994,-0.111102085328262
15814,-1.87939,-0.68404,0.0123232471162972,0.915346582363942,0.77775250381428
15814,-1.86716,-0.716736,0.0129169042580558,0.910462498171397,-0.333308963343943
15813,-1.85437,-0.749213,0.0135094282723556,0.912416143750119,0.555523964050056
15813,-1.84101,-0.781462,0.0140962273103113,0.912416143751582,-0.555523964183381
15812,-1.82709,-0.813473,0.0146770960351906,0.910462498170486,0.333308963212263
15812,-1.81262,-0.845237,0.0152563502593305,0.915346582365912,-0.777752503943197
15811,-1.79759,-0.876742,0.0158248292509667,0.909485669429641,0.111102085200675
15810,-1.78201,-0.907981,0.0163958997825921,0.919253778306197,0.999999999954239
15810,-1.7659,-0.938943,0.0169513396049077,0.90948566942985,-0.11110208529261
15809,-1.74924,-0.969619,0.017509100769964,0.915346582364535,0.777752503850301
15809,-1.73205,-1,0.0180554595870333,0.9104624981712,-0.333308963308458
15808,-1.71433,-1.03008,0.0185993516837462,0.912416143750526,0.555523964084446
15808,-1.6961,-1.05984,0.0191360958047281,0.912416143751243,-0.555523964150944
15807,-1.67734,-1.08928,0.0196655778470817,0.910462498170725,0.333308963242434
15807,-1.65808,-1.11839,0.020192167413885,0.915346582365503,-0.7777525039155
15806,-1.6383,-1.14715,0.0207066989199949,0.90948566942967,0.111102085228524
15805,-1.61803,-1.17557,0.0212225871660888,0.919253778306763,0.999999999982893
15805,-1.59727,-1.20363,0.0217215988211761,0.909485669429812,-0.111102085265547
15804,-1.57602,-1.23132,0.0222216787270161,0.915346582364898,0.777752503876549
15804,-1.55429,-1.25864,0.0227090986772479,0.910462498170935,-0.333308963280012
15803,-1.53209,-1.28558,0.0231927644204951,0.912416143750815,0.555523964114853
15803,-1.50942,-1.31212,0.0236679982118419,0.912416143750855,-0.555523964118957
15802,-1.48629,-1.33826,0.024134657723846,0.910462498170897,0.333308963276791
15802,-1.46271,-1.364,0.0245971345348181,0.915346582364928,-0.77775250387821
15801,-1.43868,-1.38932,0.0250462383510237,0.909485669429954,0.111102085257172
15801,-1.41421,-1.41421,0.0254954198590464,0.919253778307098,-0.999999999999989
10084,-1.38932,-1.43868,0.0259264871871816,-0.909485669429983,0.111102085260242
10184,-1.364,-1.46271,0.0263573925202194,-0.915346582364814,-0.777752503871363
10184,-1.33826,-1.48629,0.0267745118722023,-0.910462498171062,0.333308963290425
10284,-1.31212,-1.50942,0.0271867639850247,-0.912416143750702,-0.555523964098991
10284,-1.28558,-1.53209,0.0275895536368076,-0.912416143751175,0.55552396414059
10384,-1.25864,-1.55429,0.0279828499860475,-0.910462498170858,-0.333308963247603
10384,-1.23132,-1.57602,0.0283709667777914,-0.915346582365569,0.777752503916277
10484,-1.20363,-1.59727,0.0287450603386258,-0.909485669429755,-0.111102085221656
10584,-1.17557,-1.61803,0.0291182039472975,-0.919253778306467,-0.999999999969833
10584,-1.14715,-1.6383,0.0294728846863237,-0.909485669429891,0.111102085282108
10684,-1.11839,-1.65808,0.0298264583255586,-0.915346582364624,-0.777752503855743
10684,-1.08928,-1.67734,0.0301658590430536,-0.910462498171255,0.333308963307532
10784,-1.05984,-1.6961,0.0304996778988323,-0.912416143750544,-0.555523964080908
10784,-1.03008,-1.71433,0.0308235280568124,-0.912416143751393,0.555523964158839
10884,-1,-1.73205,0.0311373974945268,-0.910462498170715,-0.333308963230315
10884,-0.969619,-1.74924,0.0314454347738567,-0.915346582365772,0.777752503931858
10984,-0.938943,-1.7659,0.0317391515319157,-0.909485669429763,-0.111102085205032
11084,-0.907981,-1.78201,0.0320311036517753,-0.919253778306154,-0.99999999995149
11084,-0.876742,-1.79759,0.0323044326092334,-0.909485669429981,0.111102085301552
11184,-0.845237,-1.81262,0.0325758345838398,-0.915346582364332,-0.777752503835052
11184,-0.813473,-1.82709,0.0328326982321774,-0.910462498171421,0.333308963330044
11284,-0.781462,-1.84101,0.033083290349837,-0.912416143750289,-0.555523964056998
11284,-0.749213,-1.85437,0.0333233710175693,-0.912416143751684,0.555523964183542
11384,-0.716736,-1.86716,0.0335528633143978,-0.910462498170579,-0.333308963203316
11384,-0.68404,-1.87939,0.0337758302144357,-0.915346582366256,0.777752503962127
11484,-0.651136,-1.89104,0.0339839218796635,-0.9094856694297,-0.111102085173069
11584,-0.618034,-1.90211,0.0341894414194166,-0.919253778305473,-0.9999999999182
11584,-0.584743,-1.91261,0.0343758183278805,-0.909485669430035,0.111102085335111
11684,-0.551275,-1.92252,0.0345594366116006,-0.915346582363772,-0.777752503801188
11684,-0.517638,-1.93185,0.0347278982500148,-0.910462498171642,0.333308963364261
11784,-0.483844,-1.94059,0.0348893095453101,-0.912416143749915,-0.555523964021929
11784,-0.449902,-1.94874,0.0350395136161342,-0.912416143752077,0.555523964220183
11884,-0.415823,-1.9563,0.0351784165881129,-0.910462498170266,-0.33330896316818
11884,-0.381618,-1.96325,0.0353100218265943,-0.915346582366712,0.777752503993725
11984,-0.347296,-1.96962,0.0354261302477122,-0.909485669429565,-0.111102085145729
12084,-0.312869,-1.97538,0.0355387909778379,-0.919253778305011,-0.999999999895287
12084,-0.278346,-1.98054,0.0356318146974102,-0.909485669430107,0.111102085358526
12184,-0.243739,-1.98509,0.0357211798848081,-0.915346582363447,-0.777752503777644
12184,-0.209057,-1.98904,0.035794836999523,-0.910462498171781,0.333308963386432
12284,-0.174311,-1.99239,0.0358606336339112,-0.912416143749663,-0.555523964001473
12284,-0.139513,-1.99513,0.0359145593957724,-0.912416143752267,0.555523964238395
12384,-0.104672,-1.99726,0.0359565180186545,-0.910462498170238,-0.333308963148834
12384,-0.069799,-1.99878,0.035990358007718,-0.915346582367131,0.777752504016471
12484,-0.0349048,-1.9997,0.0360082492670381,-0.909485669429557,-0.111102085121833
12584,-4.35203e-16,-2,0.0360216526569503,-0.919253778304537,-0.999999999870803
12584,0.0349048,-1.9997,0.0360152858332689,-0.909485669430058,0.111102085378513
12684,0.069799,-1.99878,0.0360042043511957,-0.915346582363139,-0.777752503762792
12684,0.104672,-1.99726,0.0359771592726689,-0.9104624981717,0.333308963393593
12784,0.139513,-1.99513,0.0359414749033762,-0.912416143749591,-0.555523964001403
12784,0.174311,-1.99239,0.0358934679749575,-0.912416143752134,0.555523964232273
12884,0.209057,-1.98904,0.0358330928316878,-0.91046249817019,-0.333308963161724
12884,0.243739,-1.98509,0.0357638423372251,-0.915346582366752,0.777752503996427
12984,0.278346,-1.98054,0.0356787163909118,-0.909485669429543,-0.111102085145531
13084,0.312869,-1.97538,0.0355879448835934,-0.919253778305079,-0.999999999897294
13084,0.347296,-1.96962,0.0354780046688568,-0.909485669429971,0.111102085349981
13184,0.381618,-1.96325,0.0353621749685031,-0.915346582363621,-0.777752503792476
13184,0.415823,-1.9563,0.035230606690401,-0.910462498171561,0.33330896336634
13284,0.449902,-1.94874,0.0350896649142873,-0.912416143749886,-0.555523964026324
13284,0.483844,-1.94059,0.0349361680752589,-0.912416143751904,0.555523964209538
13384,0.517638,-1.93185,0.0347700627603934,-0.910462498170363,-0.333308963182687
13384,0.551275,-1.92252,0.0345943396646072,-0.915346582366464,0.777752503976962
13484,0.584743,-1.91261,0.0344030733855924,-0.909485669429569,-0.111102085165906
13584,0.618034,-1.90211,0.0342048577323659,-0.919253778305519,-0.999999999919186
13584,0.651136,-1.89104,0.033988539475566,-0.909485669429928,0.111102085328226
13684,0.68404,-1.87939,0.0337650600218394,-0.915346582363942,-0.777752503814258
13684,0.716736,-1.86716,0.0335265461790443,-0.910462498171394,0.333308963343945
13784,0.749213,-1.85437,0.0332781596703681,-0.912416143750121,-0.555523964050058
13784,0.781462,-1.84101,0.0330174879285528,-0.91241614375158,0.555523964183364
13884,0.813473,-1.82709,0.0327447505769135,-0.91046249817049,-0.333308963212306
13884,0.845237,-1.81262,0.0324620754783636,-0.915346582365913,0.777752503943214
13984,0.876742,-1.79759,0.0321657200095147,-0.909485669429626,-0.1111020852007
14084,0.907981,-1.78201,0.0318612888468702,-0.919253778306215,-0.999999999954254
14084,0.938943,-1.7659,0.0315421794015642,-0.909485669429858,0.111102085292581
14184,0.969619,-1.74924,0.0312149770360846,-0.915346582364524,-0.777752503850263
14184,1,-1.73205,0.0308754622807071,-0.910462498171194,0.333308963308465
14284,1.03008,-1.71433,0.0305265342176424,-0.91241614375052,-0.55552396408445
14284,1.05984,-1.6961,0.0301670982286581,-0.912416143751235,0.55552396415093
14384,1.08928,-1.67734,0.029797543162941,-0.910462498170724,-0.333308963242461
14384,1.11839,-1.65808,0.029418699477514,-0.915346582365498,0.777752503915531
14484,1.14715,-1.6383,0.0290295921795067,-0.909485669429676,-0.111102085228531
14584,1.17557,-1.61803,0.0286318484138902,-0.919253778306762,-0.999999999982903
14584,1.20363,-1.59727,0.0282241849972335,-0.909485669429825,0.1111020852655
14684,1.23132,-1.57602,0.0278079356725571,-0.91534658236492,-0.777752503876537
14684,1.25864,-1.55429,0.027382737311745,-0.910462498170955,0.333308963280004
14784,1.28558,-1.53209,0.0269489139252543,-0.912416143750819,-0.555523964114867
14784,1.31212,-1.50942,0.0265066112437964,-0.912416143750872,0.555523964118932
14884,1.33826,-1.48629,0.0260561029094345,-0.910462498170903,-0.333308963276861
14884,1.364,-1.46271,0.0255971273953926,-0.915346582364901,0.777752503878194
14984,1.38932,-1.43868,0.0251307982938419,-0.909485669429939,-0.111102085257194
14984,1.41421,-1.41421,0.0246555833389086,-0.919253778307102,0.999999999999985
5850,1.43868,-1.38932,0.0241743191650356,0.909485669429985,-0.111102085260202
5849,1.46271,-1.364,0.0236842556776832,0.915346582364833,0.777752503871339
5849,1.48629,-1.33826,0.0231880752966886,0.910462498171102,-0.333308963290407
5848,1.50942,-1.31212,0.0226841234675402,0.91241614375073,0.555523964099018
5848,1.53209,-1.28558,0.0221735685084092,0.912416143751186,-0.555523964140576
5847,1.55429,-1.25864,0.0216567262108418,0.91046249817085,0.333308963247604
5847,1.57602,-1.23132,0.0211323573306911,0.91534658236556,-0.777752503916265
5846,1.59727,-1.20363,0.0206036291413614,0.909485669429786,0.111102085221649
5845,1.61803,-1.17557,0.0200660138480495,0.919253778306525,0.999999999969829
5845,1.6383,-1.14715,0.0195263560956266,0.909485669429914,-0.11110208528211
5844,1.65808,-1.11839,0.0189779136160123,0.915346582364627,0.777752503855747
5844,1.67734,-1.08928,0.0184262962363953,0.910462498171258,-0.333308963307527
5843,1.6961,-1.05984,0.0178678589141617,0.912416143750537,0.555523964080912
5843,1.71433,-1.03008,0.0173047137405387,0.912416143751378,-0.555523964158821
5842,1.73205,-1,0.0167370578947149,0.910462498170701,0.333308963230334
5842,1.74924,-0.969619,0.0161628059111994,0.915346582365767,-0.777752503931841
5841,1.7659,-0.938943,0.0155866477243418,0.909485669429766,0.111102085205045
5840,1.78201,-0.907981,0.0150016767157173,0.919253778306158,0.99999999995149
5840,1.79759,-0.876742,0.0144176574923715,0.909485669429983,-0.111102085301555
5839,1.81262,-0.845237,0.0138248898479995,0.915346582364319,0.777752503835052
5839,1.82709,-0.813473,0.0132310468190498,0.910462498171384,-0.333308963330046
5838,1.84101,-0.781462,0.0126310919615851,0.912416143750258,0.555523964056995
5838,1.85437,-0.749213,0.0120277893066423,0.91241614375167,-0.555523964183538
5837,1.86716,-0.716736,0.0114213051483865,0.91046249817059,0.333308963203332
5837,1.87939,-0.68404,0.0108089802204837,0.915346582366259,-0.777752503962114
5836,1.89104,-0.651136,0.0101967409732971,0.909485669429712,0.11110208517308
5835,1.90211,-0.618034,0.00957593664992045,0.919253778305505,0.999999999918216
5835,1.91261,-0.584743,0.00895886987096155,0.909485669430072,-0.111102085335106
5834,1.92252,-0.551275,0.00833346544439826,0.915346582363824,0.777752503801191
5834,1.93185,-0.517638,0.00770940799181506,0.910462498171638,-0.333308963364257
5833,1.94059,-0.483844,0.00708049595461992,0.912416143749874,0.555523964021932
5833,1.94874,-0.449902,0.0064502216326671,0.91241614375206,-0.555523964220175
5832,1.9563,-0.415823,0.00581893537987869,0.910462498170272,0.333308963168192
5832,1.96325,-0.381618,0.0051832460090547,0.915346582366721,-0.777752503993719
5831,1.96962,-0.347296,0.00455071514246045,0.909485669429573,0.111102085145735
5830,1.97538,-0.312869,0.00391040523676952,0.919253778305019,0.999999999895301
5830,1.98054,-0.278346,0.00327769339541496,0.909485669430095,-0.11110208535852
5829,1.98509,-0.243739,0.00263745428137058,0.915346582363408,0.777752503777643
5829,1.98904,-0.209057,0.00200156028858346,0.910462498171767,-0.333308963386425
5828,1.99239,-0.174311,0.00136227567814139,0.91241614374965,0.555523964001481
5828,1.99513,-0.139513,0.000723760420233387,0.912416143752221,-0.555523964238393
5827,1.99726,-0.104672,8.61481486224358e-05,0.910462498170182,0.333308963148836
5827,1.99878,-0.069799,-0.000554512355618349,0.915346582367075,-0.777752504016468
5826,1.9997,-0.0349048,-0.00118988039311771,0.909485669429527,0.111102085121839
