origElemNum,globCoord-x,globCoord-y,acouIntensity-x,acouIntensity-y,locCoord-xi,locCoord-eta
5825,2,-2.20442e-18,7.11344611506256e-09,-5.20007578555224e-09,0.919253778304535,0.999999999870795
5825,1.9997,0.0349048,1.5546850539885e-08,-7.85906806454054e-09,0.909485669430051,-0.11110208537854
5824,1.99878,0.069799,2.72570810827991e-08,-9.83783107130505e-09,0.915346582363134,0.7777525037628
5824,1.99726,0.104672,4.2157190032936e-08,-1.19705647930455e-08,0.910462498171695,-0.333308963393583
5823,1.99513,0.139513,6.02144888545553e-08,-1.23495631862983e-08,0.912416143749585,0.555523964001403
5823,1.99239,0.174311,8.15259398411766e-08,-1.35757136422579e-08,0.912416143752112,-0.555523964232293
5822,1.98904,0.209057,1.05710893668867e-07,-1.15554852611257e-08,0.910462498170195,0.33330896316169
5822,1.98509,0.243739,1.33338212977905e-07,-1.1500918815558e-08,0.915346582366752,-0.777752503996411
5821,1.98054,0.278346,1.63344614011735e-07,-6.30688230364149e-09,0.909485669429537,0.111102085145532
5820,1.97538,0.312869,1.96261190279714e-07,1.02334985415249e-09,0.91925377830504,0.999999999897275
5820,1.96962,0.347296,2.32590728391669e-07,4.50234535682731e-09,0.909485669429959,-0.111102085350008
5819,1.96325,0.381618,2.70715015989734e-07,1.61645127296246e-08,0.915346582363608,0.777752503792493
5819,1.9563,0.415823,3.12806377229482e-07,2.1924437447038e-08,0.910462498171543,-0.333308963366333
5818,1.94874,0.449902,3.55625284174832e-07,3.85922776475309e-08,0.912416143749872,0.555523964026318
5818,1.94059,0.483844,4.03237886343092e-07,4.69475185672364e-08,0.912416143751876,-0.555523964209557
5817,1.93185,0.517638,4.50167279494184e-07,6.92421469691256e-08,0.910462498170338,0.333308963182653
5817,1.92252,0.551275,5.03028094308823e-07,8.0485813385999e-08,0.915346582366455,-0.777752503976955
5816,1.91261,0.584743,5.53419196683e-07,1.08969067119947e-07,0.909485669429567,0.111102085165898
5815,1.90211,0.618034,6.05407500533109e-07,1.41276459726855e-07,0.919253778305533,0.999999999919169
5815,1.89104,0.651136,6.64372446855549e-07,1.58539188099573e-07,0.909485669429933,-0.111102085328256
5814,1.87939,0.68404,7.18718732172106e-07,1.97800991507303e-07,0.915346582363941,0.777752503814277
5814,1.86716,0.716736,7.81940934892058e-07,2.1862236830749e-07,0.910462498171402,-0.333308963343933
5813,1.85437,0.749213,8.37861040724698e-07,2.65220259344128e-07,0.912416143750119,0.555523964050056
5813,1.84101,0.781462,9.04967555112475e-07,2.89783486665287e-07,0.912416143751575,-0.555523964183394
5812,1.82709,0.813473,9.616362641465e-07,3.44018864133478e-07,0.910462498170486,0.333308963212263
5812,1.81262,0.845237,1.03223354441442e-06,3.72474958178535e-07,0.915346582365915,-0.777752503943209
5811,1.79759,0.876742,1.08879410839224e-06,4.34567095756485e-07,0.909485669429635,0.111102085200681
5810,1.78201,0.907981,1.14496721103635e-06,5.01390686253643e-07,0.919253778306195,0.999999999954235
5810,1.7659,0.938943,1.21804447340969e-06,5.37117369868786e-07,0.909485669429844,-0.111102085292603
5809,1.74924,0.969619,1.27273980697443e-06,6.11982823696554e-07,0.915346582364538,0.777752503850291
5809,1.73205,1,1.34806276332689e-06,6.51794938981765e-07,0.910462498171199,-0.333308963308445
5808,1.71433,1.03008,1.40037447317978e-06,7.34687687333289e-07,0.912416143750526,0.555523964084446
5808,1.6961,1.05984,1.47749932495501e-06,7.78592113806144e-07,0.912416143751246,-0.555523964150953
5807,1.67734,1.08928,1.52651698488996e-06,8.69404380737578e-07,0.910462498170725,0.333308963242434
5807,1.65808,1.11839,1.60499366257616e-06,9.17369269791064e-07,0.915346582365508,-0.777752503915519
5806,1.6383,1.14715,1.64980967533501e-06,1.0158978259589e-06,0.909485669429676,0.11110208522853
5805,1.61803,1.17557,1.69200255043025e-06,1.11902297513032e-06,0.919253778306765,0.999999999982884
5805,1.59727,1.20363,1.76889858067667e-06,1.17379135448133e-06,0.909485669429817,-0.111102085265541
5804,1.57602,1.23132,1.80551720406976e-06,1.28412702586592e-06,0.9153465823649,0.777752503876539
5804,1.55429,1.25864,1.88244884267914e-06,1.34256962646492e-06,0.910462498170939,-0.333308963279996
5803,1.53209,1.28558,1.9126369885676e-06,1.45966477751091e-06,0.912416143750815,0.555523964114853
5803,1.50942,1.31212,1.98916228139934e-06,1.52158835374329e-06,0.91241614375085,-0.555523964118972
5802,1.48629,1.33826,2.01210014691665e-06,1.64490275061368e-06,0.910462498170897,0.333308963276791
5802,1.46271,1.364,2.08778531680985e-06,1.71007306862155e-06,0.915346582364929,-0.77775250387822
5801,1.43868,1.38932,2.10269551379759e-06,1.83897215102957e-06,0.909485669429954,0.111102085257182
5801,1.41421,1.41421,2.17711615462803e-06,1.90711236746359e-06,0.919253778307104,-0.999999999999994
850,1.38932,1.43868,2.18327407028482e-06,2.0408694510535e-06,0.909485669429991,-0.111102085260227
849,1.364,1.46271,2.1844551065738e-06,2.17757239896611e-06,0.915346582364834,0.777752503871359
849,1.33826,1.48629,2.25276612353504e-06,2.24946888515502e-06,0.910462498171096,-0.333308963290402
848,1.31212,1.50942,2.24422708087165e-06,2.38974923017105e-06,0.912416143750729,0.555523964099008
848,1.28558,1.53209,2.31019830395413e-06,2.46354033509378e-06,0.912416143751184,-0.555523964140596
847,1.25864,1.55429,2.29140100717741e-06,2.60648926647257e-06,0.910462498170846,0.333308963247574
847,1.23132,1.57602,2.35470800894577e-06,2.68176724681888e-06,0.915346582365554,-0.777752503916259
846,1.20363,1.59727,2.32520032103143e-06,2.82642644918539e-06,0.90948566942978,0.111102085221654
845,1.17557,1.61803,2.28975320160327e-06,2.97236377389532e-06,0.919253778306528,0.999999999969813
845,1.14715,1.6383,2.34497451796509e-06,3.04812998283008e-06,0.909485669429915,-0.111102085282135
844,1.11839,1.65808,2.29831693377815e-06,3.19420868317854e-06,0.915346582364625,0.777752503855763
844,1.08928,1.67734,2.35020579189714e-06,3.27011288358685e-06,0.910462498171253,-0.333308963307521
843,1.05984,1.6961,2.29213522513914e-06,3.41527784578e-06,0.912416143750542,0.555523964080906
843,1.03008,1.71433,2.34051738288715e-06,3.4908457076124e-06,0.912416143751377,-0.555523964158847
842,1,1.73205,2.27093910276903e-06,3.63402602187536e-06,0.910462498170698,0.333308963230309
842,0.969619,1.74924,2.31568333667671e-06,3.70877959432558e-06,0.915346582365766,-0.777752503931825
841,0.938943,1.7659,2.23461400797035e-06,3.84890713492496e-06,0.909485669429764,0.111102085205048
840,0.907981,1.78201,2.14732128630677e-06,3.98775021978901e-06,0.919253778306164,0.99999999995148
840,0.876742,1.79759,2.18320237367336e-06,4.05839712766306e-06,0.909485669429979,-0.11110208530158
839,0.845237,1.81262,2.08468256828972e-06,4.19254437618822e-06,0.91534658236432,0.777752503835068
839,0.813473,1.82709,2.11690237666158e-06,4.26101374156988e-06,0.91046249817139,-0.33330896333004
838,0.781462,1.84101,2.00745705889748e-06,4.38946828347659e-06,0.912416143750255,0.555523964056983
838,0.749213,1.85437,2.03606499776362e-06,4.45533952455975e-06,0.912416143751674,-0.555523964183563
837,0.716736,1.86716,1.91609997575421e-06,4.57716514426921e-06,0.910462498170584,0.333308963203304
837,0.68404,1.87939,1.94118802797958e-06,4.64004742841342e-06,0.915346582366261,-0.777752503962098
836,0.651136,1.89104,1.81120604292251e-06,4.75438219575623e-06,0.909485669429719,0.111102085173086
835,0.618034,1.90211,1.67587146397681e-06,4.86494108620922e-06,0.919253778305509,0.999999999918205
835,0.584743,1.91261,1.69349431270944e-06,4.91997364247042e-06,0.909485669430073,-0.111102085335132
834,0.551275,1.92252,1.54910568897854e-06,5.02177232193281e-06,0.915346582363819,0.777752503801204
834,0.517638,1.93185,1.56378876977869e-06,5.07287875749003e-06,0.910462498171637,-0.333308963364254
833,0.483844,1.94059,1.41105349725586e-06,5.1652130209924e-06,0.912416143749877,0.55552396402192
833,0.449902,1.94874,1.42300588155311e-06,5.2120954052645e-06,0.91241614375206,-0.555523964220202
832,0.415823,1.9563,1.26269980702544e-06,5.294303280447e-06,0.910462498170279,0.333308963168166
832,0.381618,1.96325,1.27215074367892e-06,5.33666970709308e-06,0.915346582366717,-0.777752503993703
831,0.347296,1.96962,1.10511535004986e-06,5.40813675348375e-06,0.909485669429573,0.111102085145737
830,0.312869,1.97538,9.34641648568124e-07,5.47384791156349e-06,0.919253778305012,0.99999999989529
830,0.278346,1.98054,9.39451723411822e-07,5.50588402127469e-06,0.909485669430091,-0.111102085358547
829,0.243739,1.98509,7.63729978498698e-07,5.55997502922595e-06,0.915346582363415,0.77775250377766
829,0.209057,1.98904,7.66931341154421e-07,5.58681600948803e-06,0.910462498171767,-0.333308963386422
828,0.174311,1.99239,5.86937293891668e-07,5.62886580790914e-06,0.912416143749651,0.55552396400147
828,0.139513,1.99513,5.88836314387133e-07,5.65031249699332e-06,0.912416143752224,-0.555523964238419
827,0.104672,1.99726,4.05580681800398e-07,5.67998468098495e-06,0.910462498170184,0.33330896314881
827,0.069799,1.99878,4.06499423789707e-07,5.69586754276044e-06,0.915346582367074,-0.777752504016452
826,0.0349048,1.9997,2.21018649516198e-07,5.71291316827175e-06,0.909485669429527,0.111102085121841
825,1.27747e-16,2,3.4745311212105e-08,5.72309385180504e-06,0.919253778304535,0.999999999870799
825,-0.0349048,1.9997,3.46391129200698e-08,5.72735453319053e-06,0.909485669430051,-0.111102085378537
824,-0.069799,1.99878,-1.52153969428563e-07,5.72466405256689e-06,0.915346582363134,0.777752503762801
824,-0.104672,1.99726,-1.52153196557459e-07,5.7231434549387e-06,0.910462498171695,-0.333308963393583
823,-0.139513,1.99513,-3.3840893247199e-07,5.70758004059e-06,0.912416143749585,0.555523964001401
823,-0.174311,1.99239,-3.37949112074406e-07,5.70025262870353e-06,0.912416143752112,-0.555523964232297
822,-0.209057,1.98904,-5.22617891101851e-07,5.67191306098301e-06,0.910462498170195,0.333308963161685
822,-0.243739,1.98509,-5.2134650750518e-07,5.65879404516929e-06,0.915346582366744,-0.777752503996403
821,-0.278346,1.98054,-7.0339528778922e-07,5.61787343761128e-06,0.909485669429538,0.111102085145537
820,-0.312869,1.97538,-8.83472773558564e-07,5.57011251875234e-06,0.919253778305041,0.999999999897278
820,-0.347296,1.96962,-8.79386077727055e-07,5.54580604181951e-06,0.90948566942996,-0.111102085350006
819,-0.381618,1.96325,-1.05523107448484e-06,5.48592407537105e-06,0.915346582363608,0.777752503792493
819,-0.415823,1.9563,-1.0492749470526e-06,5.45618171921252e-06,0.910462498171543,-0.333308963366333
818,-0.449902,1.94874,-1.21993653175831e-06,5.38460822659432e-06,0.912416143749872,0.555523964026316
818,-0.483844,1.94059,-1.21179480836944e-06,5.34959556619806e-06,0.912416143751875,-0.555523964209561
817,-0.517638,1.93185,-1.37636491093416e-06,5.26684510024062e-06,0.910462498170336,0.333308963182646
817,-0.551275,1.92252,-1.36573718248794e-06,5.22676356263598e-06,0.915346582366457,-0.777752503976948
816,-0.584743,1.91261,-1.5233573643198e-06,5.13343175661282e-06,0.909485669429562,0.111102085165907
815,-0.618034,1.90211,-1.67657330926447e-06,5.03438387150488e-06,0.919253778305526,0.999999999919175
815,-0.651136,1.89104,-1.65982960227058e-06,4.98528118929323e-06,0.909485669429935,-0.111102085328253
814,-0.68404,1.87939,-1.80480261019914e-06,4.87672747098823e-06,0.915346582363941,0.777752503814277
814,-0.716736,1.86716,-1.7847803329905e-06,4.82341894989952e-06,0.910462498171402,-0.333308963343933
813,-0.749213,1.85437,-1.92080269355266e-06,4.70615734664034e-06,0.912416143750117,0.555523964050053
813,-0.781462,1.84101,-1.89730149052441e-06,4.64897681462991e-06,0.912416143751584,-0.555523964183396
812,-0.813473,1.82709,-2.02373862912566e-06,4.52387264200775e-06,0.910462498170484,0.33330896321226
812,-0.845237,1.81262,-1.99659014865201e-06,4.46318324180002e-06,0.91534658236591,-0.7777525039432
811,-0.876742,1.79759,-2.11288692555481e-06,4.33115995420712e-06,0.909485669429639,0.111102085200672
810,-0.907981,1.78201,-2.22295153995621e-06,4.19550953238051e-06,0.919253778306197,0.999999999954239
810,-0.938943,1.7659,-2.18764225996071e-06,4.12938159246353e-06,0.909485669429848,-0.111102085292613
809,-0.969619,1.74924,-2.28679850928545e-06,3.98836417696313e-06,0.915346582364533,0.777752503850298
809,-1,1.73205,-2.24752680615514e-06,3.9199659044754e-06,0.910462498171205,-0.333308963308436
808,-1.03008,1.71433,-2.33545261034849e-06,3.77462336636351e-06,0.912416143750522,0.55552396408444
808,-1.05984,1.6961,-2.29220055674452e-06,3.70439515332272e-06,0.912416143751243,-0.555523964150944
807,-1.08928,1.67734,-2.36867771050175e-06,3.5557953978816e-06,0.910462498170733,0.33330896324243
807,-1.11839,1.65808,-2.32146987181387e-06,3.48419052850766e-06,0.915346582365511,-0.777752503915504
806,-1.14715,1.6383,-2.38638799522598e-06,3.33341600062407e-06,0.909485669429678,0.11110208522852
805,-1.17557,1.61803,-2.44426598752224e-06,3.18172325544628e-06,0.91925377830677,0.999999999982889
805,-1.20363,1.59727,-2.38865091536058e-06,3.10903369679737e-06,0.909485669429819,-0.111102085265551
804,-1.23132,1.57602,-2.4349606183374e-06,2.95688433006283e-06,0.915346582364893,0.777752503876544
804,-1.25864,1.55429,-2.37568725756768e-06,2.88419424181204e-06,0.910462498170937,-0.333308963279986
803,-1.28558,1.53209,-2.41060411580916e-06,2.73265806578324e-06,0.912416143750809,0.555523964114847
803,-1.31212,1.50942,-2.34787027290586e-06,2.66042370428587e-06,0.912416143750849,-0.555523964118962
802,-1.33826,1.48629,-2.37167658138652e-06,2.51054261094545e-06,0.910462498170897,0.333308963276791
802,-1.364,1.46271,-2.30572228708266e-06,2.4392107029932e-06,0.915346582364928,-0.77775250387821
801,-1.38932,1.43868,-2.31880239966564e-06,2.29198727317366e-06,0.909485669429954,0.111102085257172
801,-1.41421,1.41421,-2.2499083636787e-06,2.22199048487433e-06,0.919253778307104,-0.999999999999994
15850,-1.43868,1.38932,-2.25274367541052e-06,2.0783783259251e-06,0.909485669429991,-0.111102085260237
15849,-1.46271,1.364,-2.2493297063119e-06,1.93708571421917e-06,0.915346582364828,0.777752503871364
15849,-1.48629,1.33826,-2.17439314923503e-06,1.87102583694472e-06,0.910462498171103,-0.333308963290387
15848,-1.50942,1.31212,-2.16164151136273e-06,1.73474015876208e-06,0.912416143750729,0.555523964099008
15848,-1.53209,1.28558,-2.08476673528396e-06,1.67115091037487e-06,0.912416143751185,-0.555523964140586
15847,-1.55429,1.25864,-2.0633868877554e-06,1.54065651899907e-06,0.910462498170851,0.333308963247569
15847,-1.57602,1.23132,-1.98499354807651e-06,1.47987376321048e-06,0.915346582365555,-0.777752503916249
15846,-1.59727,1.20363,-1.95576705466281e-06,1.35587499991561e-06,0.909485669429784,0.111102085221639
15845,-1.61803,1.17557,-1.92169019055048e-06,1.23573357874953e-06,0.919253778306531,0.999999999969823
15845,-1.6383,1.14715,-1.84007541077686e-06,1.18131736627037e-06,0.909485669429917,-0.111102085282151
15844,-1.65808,1.11839,-1.79948418007548e-06,1.06862077846266e-06,0.915346582364627,0.777752503855772
15844,-1.67734,1.08928,-1.71768468850795e-06,1.01777717002546e-06,0.910462498171251,-0.333308963307506
15843,-1.6961,1.05984,-1.6715084119509e-06,9.12991272645448e-07,0.912416143750542,0.555523964080906
15843,-1.71433,1.03008,-1.59003163085104e-06,8.65910525495086e-07,0.912416143751375,-0.555523964158831
15842,-1.73205,1,-1.53923524913978e-06,7.69399640837091e-07,0.910462498170697,0.333308963230296
15842,-1.74924,0.969619,-1.4586011801413e-06,7.26230316523995e-07,0.915346582365764,-0.777752503931822
15841,-1.7659,0.938943,-1.40417396406815e-06,6.38254754036657e-07,0.909485669429762,0.111102085205035
15840,-1.78201,0.907981,-1.34730140252401e-06,5.55157776068741e-07,0.919253778306162,0.999999999951483
15840,-1.79759,0.876742,-1.26785494152344e-06,5.19815875850375e-07,0.909485669429984,-0.111102085301589
15839,-1.81262,0.845237,-1.20892595406904e-06,4.4546592565764e-07,0.915346582364318,0.777752503835071
15839,-1.82709,0.813473,-1.13181378890599e-06,4.14189914250993e-07,0.910462498171391,-0.333308963330024
15838,-1.84101,0.781462,-1.07183265112865e-06,3.48568395570006e-07,0.912416143750253,0.555523964056986
15838,-1.85437,0.749213,-9.97575476856328e-07,3.21331045247518e-07,0.912416143751674,-0.555523964183544
15837,-1.86716,0.716736,-9.37530101308474e-07,2.64313078623038e-07,0.910462498170589,0.333308963203294
15837,-1.87939,0.68404,-8.66638477896866e-07,2.41043065239261e-07,0.915346582366259,-0.777752503962095
15836,-1.89104,0.651136,-8.07489380367992e-07,1.92400656900075e-07,0.909485669429715,0.111102085173074
15835,-1.90211,0.618034,-7.4844467226244e-07,1.48407530933344e-07,0.919253778305508,0.999999999918209
15835,-1.91261,0.584743,-6.83129473283217e-07,1.32388561286268e-07,0.909485669430068,-0.111102085335144
15834,-1.92252,0.551275,-6.26423663543252e-07,9.6223871037005e-08,0.915346582363818,0.777752503801208
15834,-1.93185,0.517638,-5.65802046203375e-07,8.36960666030374e-08,0.910462498171639,-0.333308963364235
15833,-1.94059,0.483844,-5.12279409293904e-07,5.48809405399839e-08,0.912416143749876,0.555523964021923
15833,-1.94874,0.449902,-4.56775745597579e-07,4.56117962496464e-08,0.912416143752063,-0.555523964220183
15832,-1.9563,0.415823,-4.07214952881607e-07,2.35824485116322e-08,0.910462498170272,0.333308963168156
15832,-1.96325,0.381618,-3.57221440614727e-07,1.73035486303822e-08,0.915346582366716,-0.7777525039937
15831,-1.96962,0.347296,-3.12326308715673e-07,1.41936097438721e-09,0.909485669429575,0.111102085145728
15830,-1.97538,0.312869,-2.69627711726191e-07,-1.11910688437828e-08,0.91925377830502,0.999999999895294
15830,-1.98054,0.278346,-2.28590354554838e-07,-1.26191035677788e-08,0.909485669430092,-0.111102085358556
15829,-1.98509,0.243739,-1.91520595735026e-07,-2.02211339596699e-08,0.915346582363415,0.777752503777664
15829,-1.98904,0.209057,-1.56854429214065e-07,-1.96332671730304e-08,0.910462498171765,-0.333308963386404
15828,-1.99239,0.174311,-1.25892468952753e-07,-2.302775437377e-08,0.912416143749651,0.555523964001473
15828,-1.99513,0.139513,-9.78281261768302e-08,-2.07998455614772e-08,0.912416143752222,-0.5555239642384
15827,-1.99726,0.104672,-7.3355064555863e-08,-2.08322750145923e-08,0.910462498170184,0.3333089631488
15827,-1.99878,0.069799,-5.20769538627871e-08,-1.73586110931821e-08,0.915346582367074,-0.777752504016448
15826,-1.9997,0.0349048,-3.43723286327733e-08,-1.49093202535898e-08,0.909485669429527,0.111102085121831
15825,-2,2.46315e-16,-2.00167692725287e-08,-1.13249564729343e-08,0.919253778304535,0.999999999870803
15825,-1.9997,-0.0349048,-9.25519807446051e-09,-6.57198159048125e-09,0.909485669430051,-0.111102085378547
15824,-1.99878,-0.069799,-1.93267368207219e-09,-1.93943635359212e-09,0.915346582363134,0.777752503762804
15824,-1.99726,-0.104672,1.84213610450121e-09,2.84435717965304e-09,0.910462498171696,-0.333308963393566
15823,-1.99513,-0.139513,2.12469976419922e-09,7.60483009445929e-09,0.912416143749586,0.555523964001405
15823,-1.99239,-0.174311,-1.07672228410098e-09,1.19987376067831e-08,0.912416143752114,-0.555523964232279
15822,-1.98904,-0.209057,-7.73424721248982e-09,1.5973739887099e-08,0.910462498170195,0.333308963161688
15822,-1.98509,-0.243739,-1.78514142272567e-08,1.95609161816381e-08,0.915346582366744,-0.7777525039964
15821,-1.98054,-0.278346,-3.12443229594493e-08,2.1855232567324e-08,0.909485669429545,0.111102085145526
15820,-1.97538,-0.312869,-4.79575510856243e-08,2.29010864408407e-08,0.919253778305042,0.999999999897283
15820,-1.96962,-0.347296,-6.79891900843565e-08,2.39743435850619e-08,0.909485669429957,-0.111102085350017
15819,-1.96325,-0.381618,-9.09536720028961e-08,2.19780380709681e-08,0.915346582363609,0.777752503792499
15819,-1.9563,-0.415823,-1.17405914740561e-07,2.11077624816457e-08,0.910462498171549,-0.333308963366345
15818,-1.94874,-0.449902,-1.46162326566133e-07,1.5268433773422e-08,0.912416143749872,0.555523964026319
15818,-1.94059,-0.483844,-1.78791272458306e-07,1.20982558416066e-08,0.91241614375188,-0.555523964209544
15817,-1.93185,-0.517638,-2.12790426921825e-07,1.67059703707712e-09,0.910462498170337,0.33330896318265
15817,-1.92252,-0.551275,-2.513095830358e-07,-4.13131047720969e-09,0.915346582366458,-0.777752503976945
15816,-1.91261,-0.584743,-2.8991954745922e-07,-1.98271039348443e-08,0.909485669429567,0.111102085165898
15815,-1.90211,-0.618034,-3.30677485924986e-07,-3.87989892031402e-08,0.919253778305528,0.999999999919178
15815,-1.89104,-0.651136,-3.76517722172284e-07,-5.01339299269467e-08,0.90948566942994,-0.111102085328262
15814,-1.87939,-0.68404,-4.20787043320233e-07,-7.53134317338759e-08,0.915346582363942,0.77775250381428
15814,-1.86716,-0.716736,-4.71451617021528e-07,-9.00463923998503e-08,0.910462498171397,-0.333308963343943
15813,-1.85437,-0.749213,-5.18427159606719e-07,-1.21906980050924e-07,0.912416143750119,0.555523964050056
15813,-1.84101,-0.781462,-5.73498790922407e-07,-1.40238616055896e-07,0.912416143751582,-0.555523964183381
15812,-1.82709,-0.813473,-6.22325223173083e-07,-1.79161498236798e-07,0.910462498170486,0.333308963212263
15812,-1.81262,-0.845237,-6.81361188169697e-07,-2.01253368354583e-07,0.915346582365912,-0.777752503943197
15811,-1.79759,-0.876742,-7.31143777589986e-07,-2.47521964265757e-07,0.909485669429641,0.111102085200675
15810,-1.78201,-0.907981,-7.81087286574945e-07,-2.98209473308968e-07,0.919253778306197,0.999999999954239
15810,-1.7659,-0.938943,-8.43496368671872e-07,-3.27290893969175e-07,0.90948566942985,-0.11110208529261
15809,-1.74924,-0.969619,-8.9297405140398e-07,-3.85586272843125e-07,0.915346582364535,0.777752503850301
15809,-1.73205,-1,-9.57962754315635e-07,-4.18625091963302e-07,0.9104624981712,-0.333308963308458
15808,-1.71433,-1.03008,-1.00603059444667e-06,-4.84544804130007e-07,0.912416143750526,0.555523964084446
15808,-1.6961,-1.05984,-1.07310409770983e-06,-5.21533491140298e-07,0.912416143751243,-0.555523964150944
15807,-1.67734,-1.08928,-1.11881919145357e-06,-5.94989846790639e-07,0.910462498170725,0.333308963242434
15807,-1.65808,-1.11839,-1.18747927820858e-06,-6.35877137605388e-07,0.915346582365503,-0.7777525039155
15806,-1.6383,-1.14715,-1.22991115872275e-06,-7.16679927121346e-07,0.90948566942967,0.111102085228524
15805,-1.61803,-1.17557,-1.27024613233251e-06,-8.01857497786938e-07,0.919253778306763,0.999999999982893
15805,-1.59727,-1.20363,-1.33790225557908e-06,-8.49231505381128e-07,0.909485669429812,-0.111102085265547
15804,-1.57602,-1.23132,-1.37357356819018e-06,-9.41276883970895e-07,0.915346582364898,0.777752503876549
15804,-1.55429,-1.25864,-1.44142760747513e-06,-9.921238029477e-07,0.910462498170935,-0.333308963280012
15803,-1.53209,-1.28558,-1.47158541224025e-06,-1.09059813986489e-06,0.912416143750815,0.555523964114853
15803,-1.50942,-1.31212,-1.53917619255378e-06,-1.14470482104173e-06,0.912416143750855,-0.555523964118957
15802,-1.48629,-1.33826,-1.56301993123553e-06,-1.24908222784956e-06,0.910462498170897,0.333308963276791
15802,-1.46271,-1.364,-1.62990503871255e-06,-1.30619921803407e-06,0.915346582364928,-0.77775250387821
15801,-1.43868,-1.38932,-1.64669252634908e-06,-1.41587367512425e-06,0.909485669429954,0.111102085257172
15801,-1.41421,-1.41421,-1.71245232608224e-06,-1.47571807659866e-06,0.919253778307098,-0.999999999999989
10084,-1.38932,-1.43868,-1.72150745916404e-06,-1.59001169291119e-06,-0.909485669429983,0.111102085260242
10184,-1.364,-1.46271,-1.72617147345776e-06,-1.70710332288156e-06,-0.915346582364814,-0.777752503871363
10184,-1.33826,-1.48629,-1.78646623184112e-06,-1.77044028115779e-06,-0.910462498171062,0.333308963290425
10284,-1.31212,-1.50942,-1.78250464398293e-06,-1.89096975960731e-06,-0.912416143750702,-0.555523964098991
10284,-1.28558,-1.53209,-1.84067548146918e-06,-1.95601878033175e-06,-0.912416143751175,0.55552396414059
10384,-1.25864,-1.55429,-1.82760668422085e-06,-2.07915735543393e-06,-0.910462498170858,-0.333308963247603
10384,-1.23132,-1.57602,-1.88335468144232e-06,-2.1455339956749e-06,-0.915346582365569,0.777752503916277
10484,-1.20363,-1.59727,-1.86078092268128e-06,-2.27040996753681e-06,-0.909485669429755,-0.111102085221656
10584,-1.17557,-1.61803,-1.83291283197729e-06,-2.39651005921238e-06,-0.919253778306467,-0.999999999969833
10584,-1.14715,-1.6383,-1.88145392606245e-06,-2.46341867479582e-06,-0.909485669429891,0.111102085282108
10684,-1.11839,-1.65808,-1.84365180653035e-06,-2.58982553567803e-06,-0.915346582364624,-0.777752503855743
10684,-1.08928,-1.67734,-1.88918200497172e-06,-2.6568345834823e-06,-0.910462498171255,0.333308963307532
10784,-1.05984,-1.6961,-1.84128785573358e-06,-2.78260305697831e-06,-0.912416143750544,-0.555523964080908
10784,-1.03008,-1.71433,-1.88365762436238e-06,-2.84928304984033e-06,-0.912416143751393,0.555523964158839
10884,-1,-1.73205,-1.82561398425121e-06,-2.97345825460664e-06,-0.910462498170715,-0.333308963230315
10884,-0.969619,-1.74924,-1.86471382307266e-06,-3.03937878691508e-06,-0.915346582365772,0.777752503931858
10984,-0.938943,-1.7659,-1.79656412578323e-06,-3.16100716220135e-06,-0.909485669429763,-0.111102085205032
11084,-0.907981,-1.78201,-1.7229185624804e-06,-3.28148613788294e-06,-0.919253778306154,-0.99999999995149
11084,-0.876742,-1.79759,-1.75421359544561e-06,-3.34388097228048e-06,-0.909485669429981,0.111102085301552
11184,-0.845237,-1.81262,-1.67075519351363e-06,-3.46032993171993e-06,-0.915346582364332,-0.777752503835052
11184,-0.813473,-1.82709,-1.69877797801951e-06,-3.52074120054969e-06,-0.910462498171421,0.333308963330044
11284,-0.781462,-1.84101,-1.60581244722365e-06,-3.63225668824182e-06,-0.912416143750289,-0.555523964056998
11284,-0.749213,-1.85437,-1.6306104971606e-06,-3.69029587648399e-06,-0.912416143751684,0.555523964183542
11384,-0.716736,-1.86716,-1.52853836407787e-06,-3.79601559167356e-06,-0.910462498170579,-0.333308963203316
11384,-0.68404,-1.87939,-1.55019555435235e-06,-3.85131431466164e-06,-0.915346582366256,0.777752503962127
11484,-0.651136,-1.89104,-1.43950752255229e-06,-3.95042567271525e-06,-0.9094856694297,-0.111102085173069
11584,-0.618034,-1.90211,-1.32431752328949e-06,-4.04612212877512e-06,-0.919253778305473,-0.9999999999182
11584,-0.584743,-1.91261,-1.33941384504174e-06,-4.09438860805606e-06,-0.909485669430035,0.111102085335111
11684,-0.551275,-1.92252,-1.21658424086303e-06,-4.18229289688714e-06,-0.915346582363772,-0.777752503801188
11684,-0.517638,-1.93185,-1.22906040819155e-06,-4.22689897382098e-06,-0.910462498171642,0.333308963364261
11784,-0.483844,-1.94059,-1.09928788209235e-06,-4.30636476673707e-06,-0.912416143749915,-0.555523964021929
11784,-0.449902,-1.94874,-1.10934721473405e-06,-4.34705513280381e-06,-0.912416143752077,0.555523964220183
11884,-0.415823,-1.9563,-9.73387796806833e-07,-4.41751349571634e-06,-0.910462498170266,-0.33330896316818
11884,-0.381618,-1.96325,-9.81255745760141e-07,-4.45406467649676e-06,-0.915346582366712,0.777752503993725
11984,-0.347296,-1.96962,-8.399133897674e-07,-4.51502269799797e-06,-0.909485669429565,-0.111102085145729
12084,-0.312869,-1.97538,-6.96042113520153e-07,-4.57096472653264e-06,-0.919253778305011,-0.999999999895287
12084,-0.278346,-1.98054,-6.99951688015371e-07,-4.59828067190935e-06,-0.909485669430107,0.111102085358526
12184,-0.243739,-1.98509,-5.52081591680611e-07,-4.64408184917497e-06,-0.915346582363447,-0.777752503777644
12184,-0.209057,-1.98904,-5.54633128939176e-07,-4.66677737840685e-06,-0.910462498171781,0.333308963386432
12284,-0.174311,-1.99239,-4.03646233733979e-07,-4.70213843786628e-06,-0.912416143749663,-0.555523964001473
12284,-0.139513,-1.99513,-4.05118215727072e-07,-4.72009286470992e-06,-0.912416143752267,0.555523964238395
12384,-0.104672,-1.99726,-2.51907888709854e-07,-4.74477866531093e-06,-0.910462498170238,-0.333308963148834
12384,-0.069799,-1.99878,-2.52586546580231e-07,-4.75789000806944e-06,-0.915346582367131,0.777752504016471
12484,-0.0349048,-1.9997,-9.80473751760085e-08,-4.77172615425164e-06,-0.909485669429557,-0.111102085121833
12584,-4.35203e-16,-2,5.66953065463776e-08,-4.77990855313019e-06,-0.919253778304537,-0.999999999870803
12584,0.0349048,-1.9997,5.67511008534999e-08,-4.7827783472689e-06,-0.909485669430058,0.111102085378513
12684,0.069799,-1.99878,2.11401691178342e-07,-4.77997055169112e-06,-0.915346582363139,-0.777752503762792
12684,0.104672,-1.99726,2.11302241291173e-07,-4.77780896133621e-06,-0.9104624981717,0.333308963393593
12784,0.139513,-1.99513,3.64981684849453e-07,-4.76399487441735e-06,-0.912416143749591,-0.555523964001403
12784,0.174311,-1.99239,3.64421616576869e-07,-4.75677210535751e-06,-0.912416143752134,0.555523964232273
12884,0.209057,-1.98904,5.16254322115827e-07,-4.73199819635996e-06,-0.91046249817019,-0.333308963161724
12884,0.243739,-1.98509,5.14926234054633e-07,-4.71970587212232e-06,-0.915346582366752,0.777752503996427
12984,0.278346,-1.98054,6.64042808862593e-07,-4.68408623394977e-06,-0.909485669429543,-0.111102085145531
13084,0.312869,-1.97538,8.11208050145295e-07,-4.64305075615929e-06,-0.919253778305079,-0.999999999897294
13084,0.347296,-1.96962,8.07183985758563e-07,-4.62045936155584e-06,-0.909485669429971,0.111102085349981
13184,0.381618,-1.96325,9.50292347888962e-07,-4.56891835069979e-06,-0.915346582363621,-0.777752503792476
13184,0.415823,-1.9563,9.44534968014393e-07,-4.54141528247241e-06,-0.910462498171561,0.33330896336634
13284,0.449902,-1.94874,1.08276390025645e-06,-4.4796668250373e-06,-0.912416143749886,-0.555523964026324
13284,0.483844,-1.94059,1.07497962100238e-06,-4.44735395587497e-06,-0.912416143751904,0.555523964209538
13384,0.517638,-1.93185,1.20753142351664e-06,-4.37576988897755e-06,-0.910462498170363,-0.333308963182687
13384,0.551275,-1.92252,1.19743484156622e-06,-4.33877526728632e-06,-0.915346582366464,0.777752503976962
13484,0.584743,-1.91261,1.32354030821786e-06,-4.25779766463337e-06,-0.909485669429569,-0.111102085165906
13584,0.618034,-1.90211,1.44580853837787e-06,-4.17242699613198e-06,-0.919253778305519,-0.999999999919186
13584,0.651136,-1.89104,1.4297817537651e-06,-4.12641727872275e-06,-0.909485669429928,0.111102085328226
13684,0.68404,-1.87939,1.54446210092627e-06,-4.03249639905181e-06,-0.915346582363942,-0.777752503814258
13684,0.716736,-1.86716,1.52530338767261e-06,-3.98240025000271e-06,-0.910462498171394,0.333308963343945
13784,0.749213,-1.85437,1.63172950829929e-06,-3.88056552463423e-06,-0.912416143750121,-0.555523964050058
13784,0.781462,-1.84101,1.60922429350548e-06,-3.82664509262673e-06,-0.91241614375158,0.555523964183364
13884,0.813473,-1.82709,1.70678872930411e-06,-3.71763609998466e-06,-0.91046249817049,-0.333308963212306
13884,0.845237,-1.81262,1.68075848534512e-06,-3.66020743684425e-06,-0.915346582365913,0.777752503943214
13984,0.876742,-1.79759,1.76893013642353e-06,-3.54487696345725e-06,-0.909485669429626,-0.1111020852007
14084,0.907981,-1.78201,1.85176076666873e-06,-3.42697982550865e-06,-0.919253778306215,-0.999999999954254
14084,0.938943,-1.7659,1.81758274007928e-06,-3.36361717198798e-06,-0.909485669429858,0.111102085292581
14184,0.969619,-1.74924,1.89032038114652e-06,-3.24090297515059e-06,-0.915346582364524,-0.777752503850263
14184,1,-1.73205,1.85233587063639e-06,-3.17531915193265e-06,-0.910462498171194,0.333308963308465
14284,1.03008,-1.71433,1.91471895659293e-06,-3.04886404719462e-06,-0.91241614375052,-0.55552396408445
14284,1.05984,-1.6961,1.87295544253844e-06,-2.98155180633407e-06,-0.912416143751235,0.55552396415093
14384,1.08928,-1.67734,1.924852509689e-06,-2.85248887070276e-06,-0.910462498170724,-0.333308963242461
14384,1.11839,-1.65808,1.87939838176292e-06,-2.78397015895508e-06,-0.915346582365498,0.777752503915531
14484,1.14715,-1.6383,1.92081534681555e-06,-2.65347020730235e-06,-0.909485669429676,-0.111102085228531
14584,1.17557,-1.61803,1.9562545686552e-06,-2.52294227022499e-06,-0.919253778306762,-0.999999999982903
14584,1.20363,-1.59727,1.90290293048057e-06,-2.45352709841472e-06,-0.909485669429825,0.1111020852655
14684,1.23132,-1.57602,1.92806219916653e-06,-2.32334947187358e-06,-0.91534658236492,-0.777752503876537
14684,1.25864,-1.55429,1.87160180323882e-06,-2.2543561326217e-06,-0.910462498170955,0.333308963280004
14784,1.28558,-1.53209,1.88683767977249e-06,-2.12565482131367e-06,-0.912416143750819,-0.555523964114867
14784,1.31212,-1.50942,1.82757555719793e-06,-2.0575974038881e-06,-0.912416143750872,0.555523964118932
14884,1.33826,-1.48629,1.83336275773794e-06,-1.93144460732922e-06,-0.910462498170903,-0.333308963276861
14884,1.364,-1.46271,1.77165281132872e-06,-1.86481677640779e-06,-0.915346582364901,0.777752503878194
14984,1.38932,-1.43868,1.76857342288085e-06,-1.74221754552144e-06,-0.909485669429939,-0.111102085257194
14984,1.41421,-1.41421,1.704810807276e-06,-1.67748429125188e-06,-0.919253778307102,0.999999999999985
5850,1.43868,-1.38932,1.693538929193e-06,-1.55935481277092e-06,0.909485669429985,-0.111102085260202
5849,1.46271,-1.364,1.67741862675987e-06,-1.4440587945444e-06,0.915346582364833,0.777752503871339
5849,1.48629,-1.33826,1.60943168030026e-06,-1.38408807483819e-06,0.910462498171102,-0.333308963290407
5848,1.50942,-1.31212,1.58626205516206e-06,-1.27445383187236e-06,0.91241614375073,0.555523964099018
5848,1.53209,-1.28558,1.51749796363116e-06,-1.21748001213015e-06,0.912416143751186,-0.555523964140576
5847,1.55429,-1.25864,1.48811379353683e-06,-1.11412580053933e-06,0.91046249817085,0.333308963247604
5847,1.57602,-1.23132,1.41903479886584e-06,-1.06041857010447e-06,0.91534658236556,-0.777752503916265
5846,1.59727,-1.20363,1.3843006873812e-06,-9.63842932922542e-07,0.909485669429786,0.111102085221649
5845,1.61803,-1.17557,1.34624116302415e-06,-8.71139448442493e-07,0.919253778306525,0.999999999969829
5845,1.6383,-1.14715,1.27617649416549e-06,-8.24215149397864e-07,0.909485669429914,-0.11110208528211
5844,1.65808,-1.11839,1.23414521938805e-06,-7.38858662823515e-07,0.915346582364627,0.777752503855747
5844,1.67734,-1.08928,1.16511203537888e-06,-6.95700894468732e-07,0.910462498171258,-0.333308963307527
5843,1.6961,-1.05984,1.12001496972585e-06,-6.1791286825295e-07,0.912416143750537,0.555523964080912
5843,1.71433,-1.03008,1.05247788885034e-06,-5.78603853333779e-07,0.912416143751378,-0.555523964158821
5842,1.73205,-1,1.00521422199176e-06,-5.084982182278e-07,0.910462498170701,0.333308963230334
5842,1.74924,-0.969619,9.39631521246033e-07,-4.7307705169279e-07,0.915346582365767,-0.777752503931841
5841,1.7659,-0.938943,8.91088927991627e-07,-4.10670000903261e-07,0.909485669429766,0.111102085205045
5840,1.78201,-0.907981,8.4149232424023e-07,-3.52487288397649e-07,0.919253778306158,0.99999999995149
5840,1.79759,-0.876742,7.7896378812749e-07,-3.24351672591362e-07,0.909485669429983,-0.111102085301555
5839,1.81262,-0.845237,7.29454952458617e-07,-2.73719734585322e-07,0.915346582364319,0.777752503835052
5839,1.82709,-0.813473,6.70130030087015e-07,-2.49335642660963e-07,0.910462498171384,-0.333308963330046
5838,1.84101,-0.781462,6.2154100980406e-07,-2.06034015039407e-07,0.912416143750258,0.555523964056995
5838,1.85437,-0.749213,5.65835090946361e-07,-1.85288559125694e-07,0.91241614375167,-0.555523964183538
5837,1.86716,-0.716736,5.1896309246497e-07,-1.49014293588471e-07,0.91046249817059,0.333308963203332
5837,1.87939,-0.68404,4.67277669306463e-07,-1.31760856227705e-07,0.915346582366259,-0.777752503962114
5836,1.89104,-0.651136,4.22879775902643e-07,-1.02133678234235e-07,0.909485669429712,0.11110208517308
5835,1.90211,-0.618034,3.7955049135104e-07,-7.60320138843218e-08,0.919253778305505,0.999999999918216
5835,1.91261,-0.584743,3.34384388963988e-07,-6.47581902491429e-08,0.909485669430072,-0.111102085335106
5834,1.92252,-0.551275,2.9463855885512e-07,-4.45665956634427e-08,0.915346582363824,0.777752503801191
5834,1.93185,-0.517638,2.54494217390655e-07,-3.61529664780957e-08,0.910462498171638,-0.333308963364257
5833,1.94059,-0.483844,2.18952877409388e-07,-2.13092668696771e-08,0.912416143749874,0.555523964021932
5833,1.94874,-0.449902,1.84142675114309e-07,-1.5490806213134e-08,0.91241614375206,-0.555523964220175
5832,1.9563,-0.415823,1.53362530997817e-07,-5.37395279130845e-09,0.910462498170272,0.333308963168192
5832,1.96325,-0.381618,1.24170672551115e-07,-1.86038968791448e-09,0.915346582366721,-0.777752503993719
5831,1.96962,-0.347296,9.86378850922474e-08,4.2030255472863e-09,0.909485669429573,0.111102085145735
5830,1.97538,-0.312869,7.57227141222842e-08,8.28153611137764e-09,0.919253778305019,0.999999999895301
5830,1.98054,-0.278346,5.54427514304475e-08,8.45342672992545e-09,0.909485669430095,-0.11110208535852
5829,1.98509,-0.243739,3.84096924504173e-08,9.62170216065818e-09,0.915346582363408,0.777752503777643
5829,1.98904,-0.209057,2.43271464398037e-08,8.46746452122937e-09,0.910462498171767,-0.333308963386425
5828,1.99239,-0.174311,1.34584753471912e-08,7.50148062651142e-09,0.91241614374965,0.555523964001481
5828,1.99513,-0.139513,5.72026597982268e-09,5.3833879456605e-09,0.912416143752221,-0.555523964238393
5827,1.99726,-0.104672,1.2110820906833e-09,3.08441376260925e-09,0.910462498170182,0.333308963148836
5827,1.99878,-0.069799,-7.50465046040488e-11,3.76169889004909e-10,0.915346582367075,-0.777752504016468
5826,1.9997,-0.0349048,1.8803995560307e-09,-2.43799071122817e-09,0.909485669429527,0.111102085121839
