origElemNum,globCoord-x,globCoord-y,acouPotentialD1-,locCoord-xi,locCoord-eta
5825,2,-2.20442e-18,0.00215445896547685,0.919253778304535,0.999999999870795
5825,1.9997,0.0349048,0.00158195501699286,0.909485669430051,-0.11110208537854
5824,1.99878,0.069799,0.0010105490150551,0.915346582363134,0.7777525037628
5824,1.99726,0.104672,0.000437031442144627,0.910462498171695,-0.333308963393583
5823,1.99513,0.139513,-0.000136623182761525,0.912416143749585,0.555523964001403
5823,1.99239,0.174311,-0.000711017603459463,0.912416143752112,-0.555523964232293
5822,1.98904,0.209057,-0.00128581327880433,0.910462498170195,0.33330896316169
5822,1.98509,0.243739,-0.00186094783893281,0.915346582366752,-0.777752503996411
5821,1.98054,0.278346,-0.0024357748511868,0.909485669429537,0.111102085145532
5820,1.97538,0.312869,-0.00301151173655524,0.91925377830504,0.999999999897275
5820,1.96962,0.347296,-0.00358526218776992,0.909485669429959,-0.111102085350008
5819,1.96325,0.381618,-0.00416021948306534,0.915346582363608,0.777752503792493
5819,1.9563,0.415823,-0.00473303678702831,0.910462498171543,-0.333308963366333
5818,1.94874,0.449902,-0.00530611651821654,0.912416143749872,0.555523964026318
5818,1.94059,0.483844,-0.0058778792214538,0.912416143751876,-0.555523964209557
5817,1.93185,0.517638,-0.00644800184517572,0.910462498170338,0.333308963182653
5817,1.92252,0.551275,-0.00701859623879081,0.915346582366455,-0.777752503976955
5816,1.91261,0.584743,-0.00758469077060409,0.909485669429567,0.111102085165898
5815,1.90211,0.618034,-0.00815399877775509,0.919253778305533,0.999999999919169
5815,1.89104,0.651136,-0.00871497146140174,0.909485669429933,-0.111102085328256
5814,1.87939,0.68404,-0.00927944033275935,0.915346582363941,0.777752503814277
5814,1.86716,0.716736,-0.00983757018485125,0.910462498171402,-0.333308963343933
5813,1.85437,0.749213,-0.0103960745840912,0.912416143750119,0.555523964050056
5813,1.84101,0.781462,-0.0109512162739671,0.912416143751575,-0.555523964183394
5812,1.82709,0.813473,-0.0115026832721328,0.910462498170486,0.333308963212263
5812,1.81262,0.845237,-0.0120547289467386,0.915346582365915,-0.777752503943209
5811,1.79759,0.876742,-0.01259813899006,0.909485669429635,0.111102085200681
5810,1.78201,0.907981,-0.0131469896450223,0.919253778306195,0.999999999954235
5810,1.7659,0.938943,-0.0136813544702394,0.909485669429844,-0.111102085292603
5809,1.74924,0.969619,-0.0142214619180133,0.915346582364538,0.777752503850291
5809,1.73205,1,-0.0147513149297378,0.910462498171199,-0.333308963308445
5808,1.71433,1.03008,-0.0152817703392519,0.912416143750526,0.555523964084446
5808,1.6961,1.05984,-0.0158070849303946,0.912416143751246,-0.555523964150953
5807,1.67734,1.08928,-0.0163269891545846,0.910462498170725,0.333308963242434
5807,1.65808,1.11839,-0.0168476960092046,0.915346582365508,-0.777752503915519
5806,1.6383,1.14715,-0.0173561132625963,0.909485669429676,0.11110208522853
5805,1.61803,1.17557,-0.0178721060314605,0.919253778306765,0.999999999982884
5805,1.59727,1.20363,-0.0183681207346852,0.909485669429817,-0.111102085265541
5804,1.57602,1.23132,-0.0188719870786507,0.9153465823649,0.777752503876539
5804,1.55429,1.25864,-0.0193620787291703,0.910462498170939,-0.333308963279996
5803,1.53209,1.28558,-0.0198529954203736,0.912416143750815,0.555523964114853
5803,1.50942,1.31212,-0.020337156579416,0.91241614375085,-0.555523964118972
5802,1.48629,1.33826,-0.0208143549226234,0.910462498170897,0.333308963276791
5802,1.46271,1.364,-0.0212925820024126,0.915346582364929,-0.77775250387822
5801,1.43868,1.38932,-0.0217553059614648,0.909485669429954,0.111102085257182
5801,1.41421,1.41421,-0.0222275750345,0.919253778307104,-0.999999999999994
850,1.38932,1.43868,-0.0226750292596065,0.909485669429991,-0.111102085260227
849,1.364,1.46271,-0.0231322654188315,0.915346582364834,0.777752503871359
849,1.33826,1.48629,-0.0235725766204643,0.910462498171096,-0.333308963290402
848,1.31212,1.50942,-0.0240138606053925,0.912416143750729,0.555523964099008
848,1.28558,1.53209,-0.0244468362925569,0.912416143751184,-0.555523964140596
847,1.25864,1.55429,-0.0248711486578798,0.910462498170846,0.333308963247574
847,1.23132,1.57602,-0.0252965295790223,0.915346582365554,-0.777752503916259
846,1.20363,1.59727,-0.0257027626447626,0.90948566942978,0.111102085221654
845,1.17557,1.61803,-0.0261202368339121,0.919253778306528,0.999999999969813
845,1.14715,1.6383,-0.0265072368451253,0.909485669429915,-0.111102085282135
844,1.11839,1.65808,-0.0269056147487051,0.915346582364625,0.777752503855763
844,1.08928,1.67734,-0.0272831103681143,0.910462498171253,-0.333308963307521
843,1.05984,1.6961,-0.027661295801762,0.912416143750542,0.555523964080906
843,1.03008,1.71433,-0.0280290485973794,0.912416143751377,-0.555523964158847
842,1,1.73205,-0.0283860651843838,0.910462498170698,0.333308963230309
842,0.969619,1.74924,-0.0287438960205005,0.915346582365766,-0.777752503931825
841,0.938943,1.7659,-0.0290788743867694,0.909485669429764,0.111102085205048
840,0.907981,1.78201,-0.0294266323641694,0.919253778306164,0.99999999995148
840,0.876742,1.79759,-0.0297387714299639,0.909485669429979,-0.11110208530158
839,0.845237,1.81262,-0.0300638699251549,0.91534658236432,0.777752503835068
839,0.813473,1.82709,-0.0303648828541063,0.91046249817139,-0.33330896333004
838,0.781462,1.84101,-0.030666630444701,0.912416143750255,0.555523964056983
838,0.749213,1.85437,-0.0309564990964081,0.912416143751674,-0.555523964183563
837,0.716736,1.86716,-0.0312343927075499,0.910462498170584,0.333308963203304
837,0.68404,1.87939,-0.0315131960938648,0.915346582366261,-0.777752503962098
836,0.651136,1.89104,-0.0317669684045519,0.909485669429719,0.111102085173086
835,0.618034,1.90211,-0.0320348775346701,0.919253778305509,0.999999999918205
835,0.584743,1.91261,-0.0322644609676926,0.909485669430073,-0.111102085335132
834,0.551275,1.92252,-0.03250843038719,0.915346582363819,0.777752503801204
834,0.517638,1.93185,-0.0327271359101334,0.910462498171637,-0.333308963364254
833,0.483844,1.94059,-0.0329471911112065,0.912416143749877,0.55552396402192
833,0.449902,1.94874,-0.0331552737260942,0.91241614375206,-0.555523964220202
832,0.415823,1.9563,-0.0333514376991022,0.910462498170279,0.333308963168166
832,0.381618,1.96325,-0.0335490834240007,0.915346582366717,-0.777752503993703
831,0.347296,1.96962,-0.0337213585618252,0.909485669429573,0.111102085145737
830,0.312869,1.97538,-0.0339086899437366,0.919253778305012,0.99999999989529
830,0.278346,1.98054,-0.0340570561560337,0.909485669430091,-0.111102085358547
829,0.243739,1.98509,-0.0342205629335468,0.915346582363415,0.77775250377766
829,0.209057,1.98904,-0.034358545764778,0.910462498171767,-0.333308963386422
828,0.174311,1.99239,-0.0344981477167516,0.912416143749651,0.55552396400147
828,0.139513,1.99513,-0.0346257544778489,0.912416143752224,-0.555523964238419
827,0.104672,1.99726,-0.03474133261312,0.910462498170184,0.33330896314881
827,0.069799,1.99878,-0.0348585014542563,0.915346582367074,-0.777752504016452
826,0.0349048,1.9997,-0.034949887737564,0.909485669429527,0.111102085121841
825,1.27747e-16,2,-0.0350564990879503,0.919253778304535,0.999999999870799
825,-0.0349048,1.9997,-0.03512347799637,0.909485669430051,-0.111102085378537
824,-0.069799,1.99878,-0.035205612005163,0.915346582363134,0.777752503762801
824,-0.104672,1.99726,-0.0352616553533801,0.910462498171695,-0.333308963393583
823,-0.139513,1.99513,-0.0353190051879582,0.912416143749585,0.555523964001401
823,-0.174311,1.99239,-0.0353638613247944,0.912416143752112,-0.555523964232297
822,-0.209057,1.98904,-0.0353960714434094,0.910462498170195,0.333308963161685
822,-0.243739,1.98509,-0.0354294457777895,0.915346582366744,-0.777752503996403
821,-0.278346,1.98054,-0.0354361142034634,0.909485669429538,0.111102085145537
820,-0.312869,1.97538,-0.0354576708441302,0.919253778305041,0.999999999897278
820,-0.347296,1.96962,-0.0354383673147633,0.90948566942996,-0.111102085350006
819,-0.381618,1.96325,-0.0354337924544128,0.915346582363608,0.777752503792493
819,-0.415823,1.9563,-0.0354020447899398,0.910462498171543,-0.333308963366333
818,-0.449902,1.94874,-0.035370909065987,0.912416143749872,0.555523964026316
818,-0.483844,1.94059,-0.035326380518834,0.912416143751875,-0.555523964209561
817,-0.517638,1.93185,-0.0352682921525933,0.910462498170336,0.333308963182646
817,-0.551275,1.92252,-0.0352106713333554,0.915346582366457,-0.777752503976948
816,-0.584743,1.91261,-0.035125296998334,0.909485669429562,0.111102085165907
815,-0.618034,1.90211,-0.0350543023726272,0.919253778305526,0.999999999919175
815,-0.651136,1.89104,-0.0349413739364141,0.909485669429935,-0.111102085328253
814,-0.68404,1.87939,-0.0348426986611025,0.915346582363941,0.777752503814277
814,-0.716736,1.86716,-0.0347160784510602,0.910462498171402,-0.333308963343933
813,-0.749213,1.85437,-0.0345895530816589,0.912416143750117,0.555523964050053
813,-0.781462,1.84101,-0.0344490858491332,0.912416143751584,-0.555523964183396
812,-0.813473,1.82709,-0.034294631163395,0.910462498170484,0.33330896321226
812,-0.845237,1.81262,-0.0341402042424974,0.91534658236591,-0.7777525039432
811,-0.876742,1.79759,-0.0339578442370971,0.909485669429639,0.111102085200672
810,-0.907981,1.78201,-0.0337893911071023,0.919253778306197,0.999999999954239
810,-0.938943,1.7659,-0.0335792577822043,0.909485669429848,-0.111102085292613
809,-0.969619,1.74924,-0.0333829656256328,0.915346582364533,0.777752503850298
809,-1,1.73205,-0.0331590842433497,0.910462498171205,-0.333308963308436
808,-1.03008,1.71433,-0.0329352129920069,0.912416143750522,0.55552396408444
808,-1.05984,1.6961,-0.0326976713375379,0.912416143751243,-0.555523964150944
807,-1.08928,1.67734,-0.0324465768704502,0.910462498170733,0.33330896324243
807,-1.11839,1.65808,-0.0321954904086326,0.915346582365511,-0.777752503915504
806,-1.14715,1.6383,-0.0319176176071026,0.909485669429678,0.11110208522852
805,-1.17557,1.61803,-0.0316531204372566,0.91925377830677,0.999999999982889
805,-1.20363,1.59727,-0.0313489962222142,0.909485669429819,-0.111102085265551
804,-1.23132,1.57602,-0.0310581953951106,0.915346582364893,0.777752503876544
804,-1.25864,1.55429,-0.0307414630466258,0.910462498170937,-0.333308963279986
803,-1.28558,1.53209,-0.0304249664528457,0.912416143750809,0.555523964114847
803,-1.31212,1.50942,-0.0300958465282242,0.912416143750849,-0.555523964118962
802,-1.33826,1.48629,-0.0297543286665749,0.910462498170897,0.333308963276791
802,-1.364,1.46271,-0.0294130434799239,0.915346582364928,-0.77775250387821
801,-1.38932,1.43868,-0.0290472378884812,0.909485669429954,0.111102085257172
801,-1.41421,1.41421,-0.0286940076615352,0.919253778307104,-0.999999999999994
15850,-1.43868,1.38932,-0.0283047036375303,0.909485669429991,-0.111102085260237
15849,-1.46271,1.364,-0.0279278879648415,0.915346582364828,0.777752503871364
15849,-1.48629,1.33826,-0.0275277870623084,0.910462498171103,-0.333308963290387
15848,-1.50942,1.31212,-0.02712822779824,0.912416143750729,0.555523964099008
15848,-1.53209,1.28558,-0.0267175939419744,0.912416143751185,-0.555523964140586
15847,-1.55429,1.25864,-0.0262961784081723,0.910462498170851,0.333308963247569
15847,-1.57602,1.23132,-0.0258752673527914,0.915346582365555,-0.777752503916249
15846,-1.59727,1.20363,-0.0254329235908407,0.909485669429784,0.111102085221639
15845,-1.61803,1.17557,-0.0250019814482005,0.919253778306531,0.999999999969823
15845,-1.6383,1.14715,-0.0245396713878063,0.909485669429917,-0.111102085282151
15844,-1.65808,1.11839,-0.0240886223955175,0.915346582364627,0.777752503855772
15844,-1.67734,1.08928,-0.023617643765745,0.910462498171251,-0.333308963307506
15843,-1.6961,1.05984,-0.0231474690429085,0.912416143750542,0.555523964080906
15843,-1.71433,1.03008,-0.0226680729309674,0.912416143751375,-0.555523964158831
15842,-1.73205,1,-0.0221797757489574,0.910462498170697,0.333308963230296
15842,-1.74924,0.969619,-0.0216921944568751,0.915346582365764,-0.777752503931822
15841,-1.7659,0.938943,-0.0211867949456908,0.909485669429762,0.111102085205035
15840,-1.78201,0.907981,-0.0206912443279685,0.919253778306162,0.999999999951483
15840,-1.79759,0.876742,-0.0201697826821919,0.909485669429984,-0.111102085301589
15839,-1.81262,0.845237,-0.0196579712611043,0.915346582364318,0.777752503835071
15839,-1.82709,0.813473,-0.0191300078295927,0.910462498171391,-0.333308963330024
15838,-1.84101,0.781462,-0.0186029967122404,0.912416143750253,0.555523964056986
15838,-1.85437,0.749213,-0.0180687566323356,0.912416143751674,-0.555523964183544
15837,-1.86716,0.716736,-0.0175276332834608,0.910462498170589,0.333308963203294
15837,-1.87939,0.68404,-0.0169873374031434,0.915346582366259,-0.777752503962095
15836,-1.89104,0.651136,-0.0164332161840716,0.909485669429715,0.111102085173074
15835,-1.90211,0.618034,-0.0158870814909763,0.919253778305508,0.999999999918209
15835,-1.91261,0.584743,-0.0153210983180698,0.909485669430068,-0.111102085335144
15834,-1.92252,0.551275,-0.0147628686967698,0.915346582363818,0.777752503801208
15834,-1.93185,0.517638,-0.0141926369819431,0.910462498171639,-0.333308963364235
15833,-1.94059,0.483844,-0.0136234513592968,0.912416143749876,0.555523964021923
15833,-1.94874,0.449902,-0.0130491818261948,0.912416143752063,-0.555523964220183
15832,-1.9563,0.415823,-0.0124701851411081,0.910462498170272,0.333308963168156
15832,-1.96325,0.381618,-0.0118920797771961,0.915346582366716,-0.7777525039937
15831,-1.96962,0.347296,-0.011304430544789,0.909485669429575,0.111102085145728
15830,-1.97538,0.312869,-0.010722689186039,0.91925377830502,0.999999999895294
15830,-1.98054,0.278346,-0.010127568273184,0.909485669430092,-0.111102085358556
15829,-1.98509,0.243739,-0.00953809821131425,0.915346582363415,0.777752503777664
15829,-1.98904,0.209057,-0.00894100741008834,0.910462498171765,-0.333308963386404
15828,-1.99239,0.174311,-0.00834501559298906,0.912416143749651,0.555523964001473
15828,-1.99513,0.139513,-0.00774618232646794,0.912416143752222,-0.5555239642384
15827,-1.99726,0.104672,-0.00714489442326923,0.910462498170184,0.3333089631488
15827,-1.99878,0.069799,-0.00654454785629615,0.915346582367074,-0.777752504016448
15826,-1.9997,0.0349048,-0.00593920293047892,0.909485669429527,0.111102085121831
15825,-2,2.46315e-16,-0.00533757220293734,0.919253778304535,0.999999999870803
15825,-1.9997,-0.0349048,-0.00472942018240471,0.909485669430051,-0.111102085378547
15824,-1.99878,-0.069799,-0.00412472200416781,0.915346582363134,0.777752503762804
15824,-1.99726,-0.104672,-0.0035170411956075,0.910462498171696,-0.333308963393566
15823,-1.99513,-0.139513,-0.00291054073973656,0.912416143749586,0.555523964001405
15823,-1.99239,-0.174311,-0.00230357364116145,0.912416143752114,-0.555523964232279
15822,-1.98904,-0.209057,-0.00169654200393314,0.910462498170195,0.333308963161688
15822,-1.98509,-0.243739,-0.00109053221166536,0.915346582366744,-0.7777525039964
15821,-1.98054,-0.278346,-0.000484243701206944,0.909485669429545,0.111102085145526
15820,-1.97538,-0.312869,0.00012056594904156,0.919253778305042,0.999999999897283
15820,-1.96962,-0.347296,0.000724850308927237,0.909485669429957,-0.111102085350017
15819,-1.96325,-0.381618,0.0013279238921595,0.915346582363609,0.777752503792499
15819,-1.9563,-0.415823,0.00192926670039306,0.910462498171549,-0.333308963366345
15818,-1.94874,-0.449902,0.00252936402610296,0.912416143749872,0.555523964026319
15818,-1.94059,-0.483844,0.0031275492766115,0.91241614375188,-0.555523964209544
15817,-1.93185,-0.517638,0.00372343766070182,0.910462498170337,0.33330896318265
15817,-1.92252,-0.551275,0.00431825055555529,0.915346582366458,-0.777752503976945
15816,-1.91261,-0.584743,0.00490869921540341,0.909485669429567,0.111102085165898
15815,-1.90211,-0.618034,0.00549991776684072,0.919253778305528,0.999999999919178
15815,-1.89104,-0.651136,0.006083691281045,0.90948566942994,-0.111102085328262
15814,-1.87939,-0.68404,0.00666849461199745,0.915346582363942,0.77775250381428
15814,-1.86716,-0.716736,0.00724695141910203,0.910462498171397,-0.333308963343943
15813,-1.85437,-0.749213,0.0078241107472541,0.912416143750119,0.555523964050056
15813,-1.84101,-0.781462,0.00839703240033396,0.912416143751582,-0.555523964183381
15812,-1.82709,-0.813473,0.00896534295197703,0.910462498170486,0.333308963212263
15812,-1.81262,-0.845237,0.00953252193181704,0.915346582365912,-0.777752503943197
15811,-1.79759,-0.876742,0.0100908156942555,0.909485669429641,0.111102085200675
15810,-1.78201,-0.907981,0.0106520595898201,0.919253778306197,0.999999999954239
15810,-1.7659,-0.938943,0.0111992041097859,0.90948566942985,-0.11110208529261
15809,-1.74924,-0.969619,0.0117495647056253,0.915346582364535,0.777752503850301
15809,-1.73205,-1,0.0122892236590181,0.9104624981712,-0.333308963308458
15808,-1.71433,-1.03008,0.0128276027588623,0.912416143750526,0.555523964084446
15808,-1.6961,-1.05984,0.0133596174511302,0.912416143751243,-0.555523964150944
15807,-1.67734,-1.08928,0.0138849383799722,0.910462498170725,0.333308963242434
15807,-1.65808,-1.11839,0.0144091524382159,0.915346582365503,-0.7777525039155
15806,-1.6383,-1.14715,0.014920366782075,0.90948566942967,0.111102085228524
15805,-1.61803,-1.17557,0.01543662735522,0.919253778306763,0.999999999982893
15805,-1.59727,-1.20363,0.0159327230462975,0.909485669429812,-0.111102085265547
15804,-1.57602,-1.23132,0.0164341232370295,0.915346582364898,0.777752503876549
15804,-1.55429,-1.25864,0.0169208863838058,0.910462498170935,-0.333308963280012
15803,-1.53209,-1.28558,0.0174064558076832,0.912416143750815,0.555523964114853
15803,-1.50942,-1.31212,0.0178837839093216,0.912416143750855,-0.555523964118957
15802,-1.48629,-1.33826,0.0183525991130628,0.910462498170897,0.333308963276791
15802,-1.46271,-1.364,0.0188204023898672,0.915346582364928,-0.77775250387821
15801,-1.43868,-1.38932,0.0192715883825278,0.909485669429954,0.111102085257172
15801,-1.41421,-1.41421,0.019729787259144,0.919253778307098,-0.999999999999989
10084,-1.38932,-1.43868,0.0201625155119366,-0.909485669429983,0.111102085260242
10184,-1.364,-1.46271,0.0206025153928997,-0.915346582364814,-0.777752503871363
10184,-1.33826,-1.48629,0.0210245303017004,-0.910462498171062,0.333308963290425
10284,-1.31212,-1.50942,0.021445557222011,-0.912416143750702,-0.555523964098991
10284,-1.28558,-1.53209,0.0218568346717444,-0.912416143751175,0.55552396414059
10384,-1.25864,-1.55429,0.0222581530946771,-0.910462498170858,-0.333308963247603
10384,-1.23132,-1.57602,0.0226586693724415,-0.915346582365569,0.777752503916277
10484,-1.20363,-1.59727,0.0230395799011311,-0.909485669429755,-0.111102085221656
10584,-1.17557,-1.61803,0.0234293113952234,-0.919253778306467,-0.999999999969833
10584,-1.14715,-1.6383,0.0237891505278999,-0.909485669429891,0.111102085282108
10684,-1.11839,-1.65808,0.0241580482547248,-0.915346582364624,-0.777752503855743
10684,-1.08928,-1.67734,0.0245062057285906,-0.910462498171255,0.333308963307532
10784,-1.05984,-1.6961,0.0248536361477085,-0.912416143750544,-0.555523964080908
10784,-1.03008,-1.71433,0.0251901191606185,-0.912416143751393,0.555523964158839
10884,-1,-1.73205,0.0255154897039817,-0.910462498170715,-0.333308963230315
10884,-0.969619,-1.74924,0.0258403055572301,-0.915346582365772,0.777752503931858
10984,-0.938943,-1.7659,0.0261430676918513,-0.909485669429763,-0.111102085205032
11084,-0.907981,-1.78201,0.0264562292869911,-0.919253778306154,-0.99999999995149
11084,-0.876742,-1.79759,0.0267358818023484,-0.909485669429981,0.111102085301552
11184,-0.845237,-1.81262,0.027026153065657,-0.915346582364332,-0.777752503835052
11184,-0.813473,-1.82709,0.027293511084799,-0.910462498171421,0.333308963330044
11284,-0.781462,-1.84101,0.0275604661097904,-0.912416143750289,-0.555523964056998
11284,-0.749213,-1.85437,0.0278156231400884,-0.912416143751684,0.555523964183542
11384,-0.716736,-1.86716,0.0280589119104985,-0.910462498170579,-0.333308963203316
11384,-0.68404,-1.87939,0.0283019928184696,-0.915346582366256,0.777752503962127
11484,-0.651136,-1.89104,0.0285213463669969,-0.9094856694297,-0.111102085173069
11584,-0.618034,-1.90211,0.0287525036145574,-0.919253778305473,-0.9999999999182
11584,-0.584743,-1.91261,0.0289477292266757,-0.909485669430035,0.111102085335111
11684,-0.551275,-1.92252,0.0291550089173467,-0.915346582363772,-0.777752503801188
11684,-0.517638,-1.93185,0.0293381280765875,-0.910462498171642,0.333308963364261
11784,-0.483844,-1.94059,0.0295214323889327,-0.912416143749915,-0.555523964021929
11784,-0.449902,-1.94874,0.0296927120101212,-0.912416143752077,0.555523964220183
11884,-0.415823,-1.9563,0.0298520106908146,-0.910462498170266,-0.33330896316818
11884,-0.381618,-1.96325,0.0300117457642543,-0.915346582366712,0.777752503993725
11984,-0.347296,-1.96962,0.0301470765263065,-0.909485669429565,-0.111102085145729
12084,-0.312869,-1.97538,0.0302955902803657,-0.919253778305011,-0.999999999895287
12084,-0.278346,-1.98054,0.0304070350534541,-0.909485669430107,0.111102085358526
12184,-0.243739,-1.98509,0.0305319359443519,-0.915346582363447,-0.777752503777644
12184,-0.209057,-1.98904,0.0306323057782484,-0.910462498171781,0.333308963386432
12284,-0.174311,-1.99239,0.0307336711053459,-0.912416143749663,-0.555523964001473
12284,-0.139513,-1.99513,0.0308232752083379,-0.912416143752267,0.555523964238395
12384,-0.104672,-1.99726,0.030901141487573,-0.910462498170238,-0.333308963148834
12384,-0.069799,-1.99878,0.0309802244618414,-0.915346582367131,0.777752504016471
12484,-0.0349048,-1.9997,0.0310345557954224,-0.909485669429557,-0.111102085121833
12584,-4.35203e-16,-2,0.0311032916230917,-0.919253778304537,-0.999999999870803
12584,0.0349048,-1.9997,0.0311339829050357,-0.909485669430058,0.111102085378513
12684,0.069799,-1.99878,0.0311792155043114,-0.915346582363139,-0.777752503762792
12684,0.104672,-1.99726,0.0311993514990763,-0.9104624981717,0.333308963393593
12784,0.139513,-1.99513,0.0312208761854817,-0.912416143749591,-0.555523964001403
12784,0.174311,-1.99239,0.0312304820408175,-0.912416143752134,0.555523964232273
12884,0.209057,-1.98904,0.0312280784523215,-0.91046249817019,-0.333308963161724
12884,0.243739,-1.98509,0.0312271361305133,-0.915346582366752,0.777752503996427
12984,0.278346,-1.98054,0.031200582687115,-0.909485669429543,-0.111102085145531
13084,0.312869,-1.97538,0.0311890253638692,-0.919253778305079,-0.999999999897294
13084,0.347296,-1.96962,0.0311381129828277,-0.909485669429971,0.111102085349981
13184,0.381618,-1.96325,0.0311021918748844,-0.915346582363621,-0.777752503792476
13184,0.415823,-1.9563,0.0310403742859306,-0.910462498171561,0.33330896336634
13284,0.449902,-1.94874,0.0309798807095289,-0.912416143749886,-0.555523964026324
13284,0.483844,-1.94059,0.0309070539248449,-0.912416143751904,0.555523964209538
13384,0.517638,-1.93185,0.0308218115190687,-0.910462498170363,-0.333308963182687
13384,0.551275,-1.92252,0.0307378453985872,-0.915346582366464,0.777752503976962
13484,0.584743,-1.91261,0.0306277209321179,-0.909485669429569,-0.111102085165906
13584,0.618034,-1.90211,0.0305324570010822,-0.919253778305519,-0.999999999919186
13584,0.651136,-1.89104,0.0303973577344127,-0.909485669429928,0.111102085328226
13684,0.68404,-1.87939,0.0302770015846371,-0.915346582363942,-0.777752503814258
13684,0.716736,-1.86716,0.0301305027198831,-0.910462498171394,0.333308963343945
13784,0.749213,-1.85437,0.029985028901112,-0.912416143750121,-0.555523964050058
13784,0.781462,-1.84101,0.029827026443271,-0.91241614375158,0.555523964183364
13884,0.813473,-1.82709,0.0296565302855372,-0.91046249817049,-0.333308963212306
13884,0.845237,-1.81262,0.0294869632385123,-0.915346582365913,0.777752503943214
13984,0.876742,-1.79759,0.0292916945143091,-0.909485669429626,-0.1111020852007
14084,0.907981,-1.78201,0.0291105570920876,-0.919253778306215,-0.999999999954254
14084,0.938943,-1.7659,0.0288908882433465,-0.909485669429858,0.111102085292581
14184,0.969619,-1.74924,0.0286852308064116,-0.915346582364524,-0.777752503850263
14184,1,-1.73205,0.0284545385244957,-0.910462498171194,0.333308963308465
14284,1.03008,-1.71433,0.0282247478158897,-0.91241614375052,-0.55552396408445
14284,1.05984,-1.6961,0.0279830252870925,-0.912416143751235,0.55552396415093
14384,1.08928,-1.67734,0.027729483584926,-0.910462498170724,-0.333308963242461
14384,1.11839,-1.65808,0.0274767065807175,-0.915346582365498,0.777752503915531
14484,1.14715,-1.6383,0.0271998719643854,-0.909485669429676,-0.111102085228531
14584,1.17557,-1.61803,0.0269360580630104,-0.919253778306762,-0.999999999982903
14584,1.20363,-1.59727,0.0266365333091912,-0.909485669429825,0.1111020852655
14684,1.23132,-1.57602,0.026349891081581,-0.91534658236492,-0.777752503876537
14684,1.25864,-1.55429,0.0260402743259046,-0.910462498170955,0.333308963280004
14784,1.28558,-1.53209,0.0257315264237873,-0.912416143750819,-0.555523964114867
14784,1.31212,-1.50942,0.0254119750087188,-0.912416143750872,0.555523964118932
14884,1.33826,-1.48629,0.0250818568822761,-0.910462498170903,-0.333308963276861
14884,1.364,-1.46271,0.0247524991468239,-0.915346582364901,0.777752503878194
14984,1.38932,-1.43868,0.0244017374566709,-0.909485669429939,-0.111102085257194
14984,1.41421,-1.41421,0.0240626745940624,-0.919253778307102,0.999999999999985
5850,1.43868,-1.38932,0.0236919803555931,0.909485669429985,-0.111102085260202
5849,1.46271,-1.364,0.0233327804841099,0.915346582364833,0.777752503871339
5849,1.48629,-1.33826,0.0229533240452757,0.910462498171102,-0.333308963290407
5848,1.50942,-1.31212,0.0225746319058253,0.91241614375073,0.555523964099018
5848,1.53209,-1.28558,0.0221864174982695,0.912416143751186,-0.555523964140576
5847,1.55429,-1.25864,0.0217888609905338,0.91046249817085,0.333308963247604
5847,1.57602,-1.23132,0.0213918791057948,0.91534658236556,-0.777752503916265
5846,1.59727,-1.20363,0.0209761233251459,0.909485669429786,0.111102085221649
5845,1.61803,-1.17557,0.0205703753688456,0.919253778306525,0.999999999969829
5845,1.6383,-1.14715,0.0201371505143356,0.909485669429914,-0.11110208528211
5844,1.65808,-1.11839,0.0197136863125626,0.915346582364627,0.777752503855747
5844,1.67734,-1.08928,0.0192727689912686,0.910462498171258,-0.333308963307527
5843,1.6961,-1.05984,0.0188324055471354,0.912416143750537,0.555523964080912
5843,1.71433,-1.03008,0.0183838894986179,0.912416143751378,-0.555523964158821
5842,1.73205,-1,0.0179274682222277,0.910462498170701,0.333308963230334
5842,1.74924,-0.969619,0.0174714065275106,0.915346582365767,-0.777752503931841
5841,1.7659,-0.938943,0.0169997270536647,0.909485669429766,0.111102085205045
5840,1.78201,-0.907981,0.016536117094118,0.919253778306158,0.99999999995149
5840,1.79759,-0.876742,0.0160499755217265,0.909485669429983,-0.111102085301555
5839,1.81262,-0.845237,0.0155716102390959,0.915346582364319,0.777752503835052
5839,1.82709,-0.813473,0.0150790765568323,0.910462498171384,-0.333308963330046
5838,1.84101,-0.781462,0.0145868398979867,0.912416143750258,0.555523964056995
5838,1.85437,-0.749213,0.0140879895327403,0.91241614375167,-0.555523964183538
5837,1.86716,-0.716736,0.0135828141975482,0.91046249817059,0.333308963203332
5837,1.87939,-0.68404,0.013077729400271,0.915346582366259,-0.777752503962114
5836,1.89104,-0.651136,0.012560593748197,0.909485669429712,0.11110208517308
5835,1.90211,-0.618034,0.0120493768523171,0.919253778305505,0.999999999918216
5835,1.91261,-0.584743,0.0115213078853864,0.909485669430072,-0.111102085335106
5834,1.92252,-0.551275,0.01099887749839,0.915346582363824,0.777752503801191
5834,1.93185,-0.517638,0.0104661129137559,0.910462498171638,-0.333308963364257
5833,1.94059,-0.483844,0.00993349378020045,0.912416143749874,0.555523964021932
5833,1.94874,-0.449902,0.00939613271836345,0.91241614375206,-0.555523964220175
5832,1.9563,-0.415823,0.00885433611489124,0.910462498170272,0.333308963168192
5832,1.96325,-0.381618,0.00831247181227516,0.915346582366721,-0.777752503993719
5831,1.96962,-0.347296,0.00776252318310246,0.909485669429573,0.111102085145735
5830,1.97538,-0.312869,0.00721625636222572,0.919253778305019,0.999999999895301
5830,1.98054,-0.278346,0.00665920053999143,0.909485669430095,-0.11110208535852
5829,1.98509,-0.243739,0.00610552885295374,0.915346582363408,0.777752503777643
5829,1.98904,-0.209057,0.00554553510298668,0.910462498171767,-0.333308963386425
5828,1.99239,-0.174311,0.00498552313006777,0.91241614374965,0.555523964001481
5828,1.99513,-0.139513,0.00442271485600647,0.912416143752221,-0.555523964238393
5827,1.99726,-0.104672,0.00385744225382556,0.910462498170182,0.333308963148836
5827,1.99878,-0.069799,0.00329194767358458,0.915346582367075,-0.777752504016468
5826,1.9997,-0.0349048,0.00272250745853962,0.909485669429527,0.111102085121839
