origElemNum,globCoord-x,globCoord-y,acouPotentialD1-,locCoord-xi,locCoord-eta
5825,2,-2.20442e-18,0.00332501244532326,0.919253778304535,0.999999999870795
5825,1.9997,0.0349048,0.00395994545042554,0.909485669430051,-0.11110208537854
5824,1.99878,0.069799,0.00458983171100254,0.915346582363134,0.7777525037628
5824,1.99726,0.104672,0.00522119605046802,0.910462498171695,-0.333308963393583
5823,1.99513,0.139513,0.00584959392581678,0.912416143749585,0.555523964001403
5823,1.99239,0.174311,0.00647695616588366,0.912416143752112,-0.555523964232293
5822,1.98904,0.209057,0.00710308183632113,0.910462498170195,0.33330896316169
5822,1.98509,0.243739,0.0077259991286501,0.915346582366752,-0.777752503996411
5821,1.98054,0.278346,0.0083490457970254,0.909485669429537,0.111102085145532
5820,1.97538,0.312869,0.00896707249497113,0.91925377830504,0.999999999897275
5820,1.96962,0.347296,0.00958622409308962,0.909485669429959,-0.111102085350008
5819,1.96325,0.381618,0.0102002789083281,0.915346582363608,0.777752503792493
5819,1.9563,0.415823,0.0108133659761238,0.910462498171543,-0.333308963366333
5818,1.94874,0.449902,0.0114226435059404,0.912416143749872,0.555523964026318
5818,1.94059,0.483844,0.0120292335102837,0.912416143751876,-0.555523964209557
5817,1.93185,0.517638,0.0126329248844734,0.910462498170338,0.333308963182653
5817,1.92252,0.551275,0.0132325872527718,0.915346582366455,-0.777752503976955
5816,1.91261,0.584743,0.0138298823693143,0.909485669429567,0.111102085165898
5815,1.90211,0.618034,0.0144221934015633,0.919253778305533,0.999999999919169
5815,1.89104,0.651136,0.0150122880158582,0.909485669429933,-0.111102085328256
5814,1.87939,0.68404,0.0155973380898566,0.915346582363941,0.777752503814277
5814,1.86716,0.716736,0.0161789244121427,0.910462498171402,-0.333308963343933
5813,1.85437,0.749213,0.0167559191720235,0.912416143750119,0.555523964050056
5813,1.84101,0.781462,0.0173285990491681,0.912416143751575,-0.555523964183394
5812,1.82709,0.813473,0.0178967883016463,0.910462498170486,0.333308963212263
5812,1.81262,0.845237,0.0184602109784859,0.915346582365915,-0.777752503943209
5811,1.79759,0.876742,0.0190189191441246,0.909485669429635,0.111102085200681
5810,1.78201,0.907981,0.0195727764063445,0.919253778306195,0.999999999954235
5810,1.7659,0.938943,0.0201213765279163,0.909485669429844,-0.111102085292603
5809,1.74924,0.969619,0.0206651174526745,0.915346582364538,0.777752503850291
5809,1.73205,1,0.0212032855947714,0.910462498171199,-0.333308963308445
5808,1.71433,1.03008,0.0217363511485134,0.912416143750526,0.555523964084446
5808,1.6961,1.05984,0.0222638749893304,0.912416143751246,-0.555523964150953
5807,1.67734,1.08928,0.0227857793330934,0.910462498170725,0.333308963242434
5807,1.65808,1.11839,0.0233024700886089,0.915346582365508,-0.777752503915519
5806,1.6383,1.14715,0.0238127686205181,0.909485669429676,0.11110208522853
5805,1.61803,1.17557,0.0243184456619639,0.919253778306765,0.999999999982884
5805,1.59727,1.20363,0.0248167426157332,0.909485669429817,-0.111102085265541
5804,1.57602,1.23132,0.0253104496235534,0.9153465823649,0.777752503876539
5804,1.55429,1.25864,0.0257972039287074,0.910462498170939,-0.333308963279996
5803,1.53209,1.28558,0.026278589202319,0.912416143750815,0.555523964114853
5803,1.50942,1.31212,0.02675365359303,0.91241614375085,-0.555523964118972
5802,1.48629,1.33826,0.0272223127360399,0.910462498170897,0.333308963276791
5802,1.46271,1.364,0.0276854815926007,0.915346582364929,-0.77775250387822
5801,1.43868,1.38932,0.0281409323299943,0.909485669429954,0.111102085257182
5801,1.41421,1.41421,0.0285919561631835,0.919253778307104,-0.999999999999994
850,1.38932,1.43868,0.0290336409553473,0.909485669429991,-0.111102085260227
849,1.364,1.46271,0.0294708453078685,0.915346582364834,0.777752503871359
849,1.33826,1.48629,0.0298994664510119,0.910462498171096,-0.333308963290402
848,1.31212,1.50942,0.0303221108605037,0.912416143750729,0.555523964099008
848,1.28558,1.53209,0.030737183491833,0.912416143751184,-0.555523964140596
847,1.25864,1.55429,0.0311443374803119,0.910462498170846,0.333308963247574
847,1.23132,1.57602,0.0315452733279292,0.915346582365554,-0.777752503916259
846,1.20363,1.59727,0.0319358188858251,0.90948566942978,0.111102085221654
845,1.17557,1.61803,0.0323219455352742,0.919253778306528,0.999999999969813
845,1.14715,1.6383,0.0326946212406256,0.909485669429915,-0.111102085282135
844,1.11839,1.65808,0.0330626943403451,0.915346582364625,0.777752503855763
844,1.08928,1.67734,0.0334186917714482,0.910462498171253,-0.333308963307521
843,1.05984,1.6961,0.0337673845721259,0.912416143750542,0.555523964080906
843,1.03008,1.71433,0.034105969180372,0.912416143751377,-0.555523964158847
842,1,1.73205,0.0344339656493267,0.910462498170698,0.333308963230309
842,0.969619,1.74924,0.0347544507563539,0.915346582365766,-0.777752503931825
841,0.938943,1.7659,0.0350604554330873,0.909485669429764,0.111102085205048
840,0.907981,1.78201,0.0353621944027288,0.919253778306164,0.99999999995148
840,0.876742,1.79759,0.03564493531036,0.909485669429979,-0.11110208530158
839,0.845237,1.81262,0.03592333421318,0.91534658236432,0.777752503835068
839,0.813473,1.82709,0.0361855911061876,0.91046249817139,-0.33330896333004
838,0.781462,1.84101,0.0364394867569084,0.912416143750255,0.555523964056983
838,0.749213,1.85437,0.0366807908742287,0.912416143751674,-0.555523964183563
837,0.716736,1.86716,0.0369091411337677,0.910462498170584,0.333308963203304
837,0.68404,1.87939,0.0371291216216248,0.915346582366261,-0.777752503962098
836,0.651136,1.89104,0.0373310007991995,0.909485669429719,0.111102085173086
835,0.618034,1.90211,0.0375293726198227,0.919253778305509,0.999999999918205
835,0.584743,1.91261,0.0377039588086043,0.909485669430073,-0.111102085335132
834,0.551275,1.92252,0.0378751491961407,0.915346582363819,0.777752503801204
834,0.517638,1.93185,0.0380270877715557,0.910462498171637,-0.333308963364254
833,0.483844,1.94059,0.038170432761359,0.912416143749877,0.55552396402192
833,0.449902,1.94874,0.0382996746144673,0.91241614375206,-0.555523964220202
832,0.415823,1.9563,0.0384146611752892,0.910462498170279,0.333308963168166
832,0.381618,1.96325,0.0385212542058864,0.915346582366717,-0.777752503993703
831,0.347296,1.96962,0.0386075160667711,0.909485669429573,0.111102085145737
830,0.312869,1.97538,0.0386915795220435,0.919253778305012,0.99999999989529
830,0.278346,1.98054,0.0387488710573871,0.909485669430091,-0.111102085358547
829,0.243739,1.98509,0.0388042098018117,0.915346582363415,0.77775250377766
829,0.209057,1.98904,0.0388387259834942,0.910462498171767,-0.333308963386422
828,0.174311,1.99239,0.0388651797240614,0.912416143749651,0.55552396400147
828,0.139513,1.99513,0.0388771519477812,0.912416143752224,-0.555523964238419
827,0.104672,1.99726,0.0388746282769252,0.910462498170184,0.33330896314881
827,0.069799,1.99878,0.038864309874219,0.915346582367074,-0.777752504016452
826,0.0349048,1.9997,0.0388328146068151,0.909485669429527,0.111102085121841
825,1.27747e-16,2,0.03880048995737,0.919253778304535,0.999999999870799
825,-0.0349048,1.9997,0.0387401536560076,0.909485669430051,-0.111102085378537
824,-0.069799,1.99878,0.0386792524499158,0.915346582363134,0.777752503762801
824,-0.104672,1.99726,0.0385972477833483,0.910462498171695,-0.333308963393583
823,-0.139513,1.99513,0.0385080674508855,0.912416143749585,0.555523964001401
823,-0.174311,1.99239,0.038404861816028,0.912416143752112,-0.555523964232297
822,-0.209057,1.98904,0.0382877920644601,0.910462498170195,0.333308963161685
822,-0.243739,1.98509,0.0381638570330949,0.915346582366744,-0.777752503996403
821,-0.278346,1.98054,0.0380193482165256,0.909485669429538,0.111102085145537
820,-0.312869,1.97538,0.0378751521410301,0.919253778305041,0.999999999897278
820,-0.347296,1.96962,0.0377036885598811,0.90948566942996,-0.111102085350006
819,-0.381618,1.96325,0.0375327724609728,0.915346582363608,0.777752503792493
819,-0.415823,1.9563,0.0373417616627538,0.910462498171543,-0.333308963366333
818,-0.449902,1.94874,0.0371446123692052,0.912416143749872,0.555523964026316
818,-0.483844,1.94059,0.0369345117570946,0.912416143751875,-0.555523964209561
817,-0.517638,1.93185,0.0367116291846267,0.910462498170336,0.333308963182646
817,-0.551275,1.92252,0.0364828743384936,0.915346582366457,-0.777752503976948
816,-0.584743,1.91261,0.0362347661921042,0.909485669429562,0.111102085165907
815,-0.618034,1.90211,0.0359877800771317,0.919253778305526,0.999999999919175
815,-0.651136,1.89104,0.0357149674539803,0.909485669429935,-0.111102085328253
814,-0.68404,1.87939,0.0354434565715447,0.915346582363941,0.777752503814277
814,-0.716736,1.86716,0.0351531747450327,0.910462498171402,-0.333308963343933
813,-0.749213,1.85437,0.0348576579816377,0.912416143750117,0.555523964050053
813,-0.781462,1.84101,0.0345503213372381,0.912416143751584,-0.555523964183396
812,-0.813473,1.82709,0.0342313195572626,0.910462498170484,0.33330896321226
812,-0.845237,1.81262,0.0339073280731618,0.91534658236591,-0.7777525039432
811,-0.876742,1.79759,0.0335653553959312,0.909485669429639,0.111102085200672
810,-0.907981,1.78201,0.0332250912328867,0.919253778306197,0.999999999954239
810,-0.938943,1.7659,0.0328606540859801,0.909485669429848,-0.111102085292613
809,-0.969619,1.74924,0.0324980616419793,0.915346582364533,0.777752503850298
809,-1,1.73205,0.0321180772118089,0.910462498171205,-0.333308963308436
808,-1.03008,1.71433,0.0317336367082894,0.912416143750522,0.55552396408444
808,-1.05984,1.6961,0.0313384501914868,0.912416143751243,-0.555523964150944
807,-1.08928,1.67734,0.0309326248805655,0.910462498170733,0.33330896324243
807,-1.11839,1.65808,0.0305225637298719,0.915346582365511,-0.777752503915504
806,-1.14715,1.6383,0.0300958071017496,0.909485669429678,0.11110208522852
805,-1.17557,1.61803,0.0296711902498455,0.91925377830677,0.999999999982889
805,-1.20363,1.59727,0.0292239546531277,0.909485669429819,-0.111102085265551
804,-1.23132,1.57602,0.0287789612595666,0.915346582364893,0.777752503876544
804,-1.25864,1.55429,0.0283178379310636,0.910462498170937,-0.333308963279986
803,-1.28558,1.53209,0.0278529254504637,0.912416143750809,0.555523964114847
803,-1.31212,1.50942,0.0273782395686637,0.912416143750849,-0.555523964118962
802,-1.33826,1.48629,0.0268938804575408,0.910462498170897,0.333308963276791
802,-1.364,1.46271,0.026405962359007,0.915346582364928,-0.77775250387821
801,-1.38932,1.43868,0.0259026486409377,0.909485669429954,0.111102085257172
801,-1.41421,1.41421,0.0254018388818244,0.919253778307104,-0.999999999999994
15850,-1.43868,1.38932,0.0248800886396448,0.909485669429991,-0.111102085260237
15849,-1.46271,1.364,0.024360954100289,0.915346582364828,0.777752503871364
15849,-1.48629,1.33826,0.0238271024731317,0.910462498171103,-0.333308963290387
15848,-1.50942,1.31212,0.0232902020055854,0.912416143750729,0.555523964099008
15848,-1.53209,1.28558,0.022744646166049,0.912416143751185,-0.555523964140586
15847,-1.55429,1.25864,0.0221905795166484,0.910462498170851,0.333308963247569
15847,-1.57602,1.23132,0.0216337389916687,0.915346582365555,-0.777752503916249
15846,-1.59727,1.20363,0.0210631518306436,0.909485669429784,0.111102085221639
15845,-1.61803,1.17557,0.0204954724170789,0.919253778306531,0.999999999969823
15845,-1.6383,1.14715,0.0199090640582618,0.909485669429917,-0.111102085282151
15844,-1.65808,1.11839,0.0193257188418552,0.915346582364627,0.777752503855772
15844,-1.67734,1.08928,0.0187295518441072,0.910462498171251,-0.333308963307506
15843,-1.6961,1.05984,0.0181313192829741,0.912416143750542,0.555523964080906
15843,-1.71433,1.03008,0.0175259435794872,0.912416143751375,-0.555523964158831
15842,-1.73205,1,0.0169136607046314,0.910462498170697,0.333308963230296
15842,-1.74924,0.969619,0.0162996567014474,0.915346582365764,-0.777752503931822
15841,-1.7659,0.938943,0.0156742137769768,0.909485669429762,0.111102085205035
15840,-1.78201,0.907981,0.0150521866660668,0.919253778306162,0.999999999951483
15840,-1.79759,0.876742,0.014414517283514,0.909485669429984,-0.111102085301589
15839,-1.81262,0.845237,0.013780463784649,0.915346582364318,0.777752503835071
15839,-1.82709,0.813473,0.0131361605437303,0.910462498171391,-0.333308963330024
15838,-1.84101,0.781462,0.0124910517728386,0.912416143750253,0.555523964056986
15838,-1.85437,0.749213,0.0118407699212027,0.912416143751674,-0.555523964183544
15837,-1.86716,0.716736,0.0111855993762383,0.910462498170589,0.333308963203294
15837,-1.87939,0.68404,0.0105299991167937,0.915346582366259,-0.777752503962095
15836,-1.89104,0.651136,0.0098657766874859,0.909485669429715,0.111102085173074
15835,-1.90211,0.618034,0.00920552069607379,0.919253778305508,0.999999999918209
15835,-1.91261,0.584743,0.00853326646887537,0.909485669430068,-0.111102085335144
15834,-1.92252,0.551275,0.00786517886979846,0.915346582363818,0.777752503801208
15834,-1.93185,0.517638,0.00718975378199423,0.910462498171639,-0.333308963364235
15833,-1.94059,0.483844,0.00651485597458101,0.912416143749876,0.555523964021923
15833,-1.94874,0.449902,0.00583692115304698,0.912416143752063,-0.555523964220183
15832,-1.9563,0.415823,0.00515623901919674,0.910462498170272,0.333308963168156
15832,-1.96325,0.381618,0.00447645394499835,0.915346582366716,-0.7777525039937
15831,-1.96962,0.347296,0.00379102997120134,0.909485669429575,0.111102085145728
15830,-1.97538,0.312869,0.00311006291829744,0.91925377830502,0.999999999895294
15830,-1.98054,0.278346,0.00242096775794318,0.909485669430092,-0.111102085358556
15829,-1.98509,0.243739,0.00173652961438612,0.915346582363415,0.777752503777664
15829,-1.98904,0.209057,0.00104783262105533,0.910462498171765,-0.333308963386404
15828,-1.99239,0.174311,0.000361026688649769,0.912416143749651,0.555523964001473
15828,-1.99513,0.139513,-0.000326568441493235,0.912416143752222,-0.5555239642384
15827,-1.99726,0.104672,-0.00101463300600207,0.910462498170184,0.3333089631488
15827,-1.99878,0.069799,-0.00170043317095821,0.915346582367074,-0.777752504016448
15826,-1.9997,0.0349048,-0.00238865760258015,0.909485669429527,0.111102085121831
15825,-2,2.46315e-16,-0.00307198470684661,0.919253778304535,0.999999999870803
15825,-1.9997,-0.0349048,-0.00375927704232246,0.909485669430051,-0.111102085378547
15824,-1.99878,-0.069799,-0.00444148885070274,0.915346582363134,0.777752503762804
15824,-1.99726,-0.104672,-0.00512472662856106,0.910462498171696,-0.333308963393566
15823,-1.99513,-0.139513,-0.00580472538778609,0.912416143749586,0.555523964001405
15823,-1.99239,-0.174311,-0.00648322343994946,0.912416143752114,-0.555523964232279
15822,-1.98904,-0.209057,-0.0071598871953444,0.910462498170195,0.333308963161688
15822,-1.98509,-0.243739,-0.00783295078363285,0.915346582366744,-0.7777525039964
15821,-1.98054,-0.278346,-0.00850514751788665,0.909485669429545,0.111102085145526
15820,-1.97538,-0.312869,-0.00917208946210434,0.919253778305042,0.999999999897283
15820,-1.96962,-0.347296,-0.00983870055015799,0.909485669429957,-0.111102085350017
15819,-1.96325,-0.381618,-0.0104998851580395,0.915346582363609,0.777752503792499
15819,-1.9563,-0.415823,-0.0111587814094522,0.910462498171549,-0.333308963366345
15818,-1.94874,-0.449902,-0.0118131275389081,0.912416143749872,0.555523964026319
15818,-1.94059,-0.483844,-0.0124636782468959,0.91241614375188,-0.555523964209544
15817,-1.93185,-0.517638,-0.0131101271064893,0.910462498170337,0.33330896318265
15817,-1.92252,-0.551275,-0.0137517091092449,0.915346582366458,-0.777752503976945
15816,-1.91261,-0.584743,-0.0143892066959337,0.909485669429567,0.111102085165898
15815,-1.90211,-0.618034,-0.0150212047693768,0.919253778305528,0.999999999919178
15815,-1.89104,-0.651136,-0.0156487085482878,0.90948566942994,-0.111102085328262
15814,-1.87939,-0.68404,-0.0162705741366576,0.915346582363942,0.77775250381428
15814,-1.86716,-0.716736,-0.0168870073457596,0.910462498171397,-0.333308963343943
15813,-1.85437,-0.749213,-0.0174977279603039,0.912416143750119,0.555523964050056
15813,-1.84101,-0.781462,-0.0181025241730365,0.912416143751582,-0.555523964183381
15812,-1.82709,-0.813473,-0.0187011175614648,0.910462498170486,0.333308963212263
15812,-1.81262,-0.845237,-0.0192937325197159,0.915346582365912,-0.777752503943197
15811,-1.79759,-0.876742,-0.0198792393817246,0.909485669429641,0.111102085200675
15810,-1.78201,-0.907981,-0.0204591439041314,0.919253778306197,0.999999999954239
15810,-1.7659,-0.938943,-0.0210306253788715,0.90948566942985,-0.11110208529261
15809,-1.74924,-0.969619,-0.021596405814887,0.915346582364535,0.777752503850301
15809,-1.73205,-1,-0.0221538399877511,0.9104624981712,-0.333308963308458
15808,-1.71433,-1.03008,-0.0227045799356318,0.912416143750526,0.555523964084446
15808,-1.6961,-1.05984,-0.0232474803331927,0.912416143751243,-0.555523964150944
15807,-1.67734,-1.08928,-0.0237822901213899,0.910462498170725,0.333308963242434
15807,-1.65808,-1.11839,-0.024310196433523,0.915346582365503,-0.7777525039155
15806,-1.6383,-1.14715,-0.0248282294758123,0.90948566942967,0.111102085228524
15805,-1.61803,-1.17557,-0.025340718831282,0.919253778306763,0.999999999982893
15805,-1.59727,-1.20363,-0.0258411806376727,0.909485669429812,-0.111102085265547
15804,-1.57602,-1.23132,-0.0263360602353903,0.915346582364898,0.777752503876549
15804,-1.55429,-1.25864,-0.0268200139185941,0.910462498170935,-0.333308963280012
15803,-1.53209,-1.28558,-0.0272965581303689,0.912416143750815,0.555523964114853
15803,-1.50942,-1.31212,-0.0277636824054479,0.912416143750855,-0.555523964118957
15802,-1.48629,-1.33826,-0.0282212071714194,0.910462498170897,0.333308963276791
15802,-1.46271,-1.364,-0.0286712084620935,0.915346582364928,-0.77775250387821
15801,-1.43868,-1.38932,-0.0291090635760576,0.909485669429954,0.111102085257172
15801,-1.41421,-1.41421,-0.0295416769247461,0.919253778307098,-0.999999999999989
10084,-1.38932,-1.43868,-0.0299592505474686,-0.909485669429983,0.111102085260242
10184,-1.364,-1.46271,-0.0303716115222618,-0.915346582364814,-0.777752503871363
10184,-1.33826,-1.48629,-0.0307709599917319,-0.910462498171062,0.333308963290425
10284,-1.31212,-1.50942,-0.0311625114075841,-0.912416143750702,-0.555523964098991
10284,-1.28558,-1.53209,-0.0315434645728445,-0.912416143751175,0.55552396414059
10384,-1.25864,-1.55429,-0.0319137030525762,-0.910462498170858,-0.333308963247603
10384,-1.23132,-1.57602,-0.0322761369428717,-0.915346582365569,0.777752503916277
10484,-1.20363,-1.59727,-0.0326246142007974,-0.909485669429755,-0.111102085221656
10584,-1.17557,-1.61803,-0.0329684537119442,-0.919253778306467,-0.999999999969833
10584,-1.14715,-1.6383,-0.0332947840465966,-0.909485669429891,0.111102085282108
10684,-1.11839,-1.65808,-0.0336166112688631,-0.915346582364624,-0.777752503855743
10684,-1.08928,-1.67734,-0.0339238736187286,-0.910462498171255,0.333308963307532
10784,-1.05984,-1.6961,-0.0342233978673169,-0.912416143750544,-0.555523964080908
10784,-1.03008,-1.71433,-0.0345116653438119,-0.912416143751393,0.555523964158839
10884,-1,-1.73205,-0.0347886607403724,-0.910462498170715,-0.333308963230315
10884,-0.969619,-1.74924,-0.0350580638225665,-0.915346582365772,0.777752503931858
10984,-0.938943,-1.7659,-0.0353123564281268,-0.909485669429763,-0.111102085205032
11084,-0.907981,-1.78201,-0.0355630668312189,-0.919253778306154,-0.99999999995149
11084,-0.876742,-1.79759,-0.0357945150307155,-0.909485669429981,0.111102085301552
11184,-0.845237,-1.81262,-0.0360226197665674,-0.915346582364332,-0.777752503835052
11184,-0.813473,-1.82709,-0.0362352141961383,-0.910462498171421,0.333308963330044
11284,-0.781462,-1.84101,-0.0364405961887703,-0.912416143750289,-0.555523964056998
11284,-0.749213,-1.85437,-0.036634561676446,-0.912416143751684,0.555523964183542
11384,-0.716736,-1.86716,-0.0368171029781212,-0.910462498170579,-0.333308963203316
11384,-0.68404,-1.87939,-0.0369926589375354,-0.915346582366256,0.777752503962127
11484,-0.651136,-1.89104,-0.0371522186948041,-0.9094856694297,-0.111102085173069
11584,-0.618034,-1.90211,-0.0373095706115644,-0.919253778305473,-0.9999999999182
11584,-0.584743,-1.91261,-0.0374459735833204,-0.909485669430035,0.111102085335111
11684,-0.551275,-1.92252,-0.0375803910296253,-0.915346582363772,-0.777752503801188
11684,-0.517638,-1.93185,-0.0376983050849865,-0.910462498171642,0.333308963364261
11784,-0.483844,-1.94059,-0.0378095138067325,-0.912416143749915,-0.555523964021929
11784,-0.449902,-1.94874,-0.0379090113691529,-0.912416143752077,0.555523964220183
11884,-0.415823,-1.9563,-0.0379966367719859,-0.910462498170266,-0.33330896316818
11884,-0.381618,-1.96325,-0.0380776950461721,-0.915346582366712,0.777752503993725
11984,-0.347296,-1.96962,-0.0381412214381217,-0.909485669429565,-0.111102085145729
12084,-0.312869,-1.97538,-0.0382036922196972,-0.919253778305011,-0.999999999895287
12084,-0.278346,-1.98054,-0.0382424667966977,-0.909485669430107,0.111102085358526
12184,-0.243739,-1.98509,-0.0382801920397787,-0.915346582363447,-0.777752503777644
12184,-0.209057,-1.98904,-0.0382993342461586,-0.910462498171781,0.333308963386432
12284,-0.174311,-1.99239,-0.0383114775864564,-0.912416143749663,-0.555523964001473
12284,-0.139513,-1.99513,-0.0383105742898786,-0.912416143752267,0.555523964238395
12384,-0.104672,-1.99726,-0.0382962347101567,-0.910462498170238,-0.333308963148834
12384,-0.069799,-1.99878,-0.0382748113110891,-0.915346582367131,0.777752504016471
12484,-0.0349048,-1.9997,-0.0382330777859599,-0.909485669429557,-0.111102085121833
12584,-4.35203e-16,-2,-0.0381906144908746,-0.919253778304537,-0.999999999870803
12584,0.0349048,-1.9997,-0.0381206180560151,-0.909485669430058,0.111102085378513
12684,0.069799,-1.99878,-0.0380497486703913,-0.915346582363139,-0.777752503762792
12684,0.104672,-1.99726,-0.0379575752849133,-0.9104624981717,0.333308963393593
12784,0.139513,-1.99513,-0.0378575806356841,-0.912416143749591,-0.555523964001403
12784,0.174311,-1.99239,-0.0377428583627038,-0.912416143752134,0.555523964232273
12884,0.209057,-1.98904,-0.0376131888337355,-0.91046249817019,-0.333308963161724
12884,0.243739,-1.98509,-0.0374756147306564,-0.915346582366752,0.777752503996427
12984,0.278346,-1.98054,-0.0373159337010227,-0.909485669429543,-0.111102085145531
13084,0.312869,-1.97538,-0.0371553040510894,-0.919253778305079,-0.999999999897294
13084,0.347296,-1.96962,-0.0369655121232027,-0.909485669429971,0.111102085349981
13184,0.381618,-1.96325,-0.0367747379335977,-0.915346582363621,-0.777752503792476
13184,0.415823,-1.9563,-0.0365619790919933,-0.910462498171561,0.33330896336634
13284,0.449902,-1.94874,-0.0363412948755157,-0.912416143749886,-0.555523964026324
13284,0.483844,-1.94059,-0.0361058016861345,-0.912416143751904,0.555523964209538
13384,0.517638,-1.93185,-0.0358557344000117,-0.910462498170363,-0.333308963182687
13384,0.551275,-1.92252,-0.0355978995062119,-0.915346582366464,0.777752503976962
13484,0.584743,-1.91261,-0.0353192822301927,-0.909485669429569,-0.111102085165906
13584,0.618034,-1.90211,-0.0350396900537638,-0.919253778305519,-0.999999999919186
13584,0.651136,-1.89104,-0.0347336613195766,-0.909485669429928,0.111102085328226
13684,0.68404,-1.87939,-0.034426934879943,-0.915346582363942,-0.777752503814258
13684,0.716736,-1.86716,-0.0341010155170553,-0.910462498171394,0.333308963343945
13784,0.749213,-1.85437,-0.0337685827829039,-0.912416143750121,-0.555523964050058
13784,0.781462,-1.84101,-0.0334237649950605,-0.91241614375158,0.555523964183364
13884,0.813473,-1.82709,-0.0330671454119306,-0.91046249817049,-0.333308963212306
13884,0.845237,-1.81262,-0.0327044737161875,-0.915346582365913,0.777752503943214
13984,0.876742,-1.79759,-0.0323252085305806,-0.909485669429626,-0.1111020852007
14084,0.907981,-1.78201,-0.0319457589643458,-0.919253778306215,-0.999999999954254
14084,0.938943,-1.7659,-0.0315453724898764,-0.909485669429858,0.111102085292581
14184,0.969619,-1.74924,-0.0311452030071094,-0.915346582364524,-0.777752503850263
14184,1,-1.73205,-0.0307301710153491,-0.910462498171194,0.333308963308465
14284,1.03008,-1.71433,-0.0303106797006048,-0.91241614375052,-0.55552396408445
14284,1.05984,-1.6961,-0.0298819431746695,-0.912416143751235,0.55552396415093
14384,1.08928,-1.67734,-0.0294443506156806,-0.910462498170724,-0.333308963242461
14384,1.11839,-1.65808,-0.0290027698254863,-0.915346582365498,0.777752503915531
14484,1.14715,-1.6383,-0.0285481476044746,-0.909485669429676,-0.111102085228531
14584,1.17557,-1.61803,-0.0280945404343068,-0.919253778306762,-0.999999999982903
14584,1.20363,-1.59727,-0.0276238782667517,-0.909485669429825,0.1111020852655
14684,1.23132,-1.57602,-0.0271545638443939,-0.91534658236492,-0.777752503876537
14684,1.25864,-1.55429,-0.0266732516121444,-0.910462498170955,0.333308963280004
14784,1.28558,-1.53209,-0.0261890961906121,-0.912416143750819,-0.555523964114867
14784,1.31212,-1.50942,-0.025697794329029,-0.912416143750872,0.555523964118932
14884,1.33826,-1.48629,-0.0251995036833417,-0.910462498170903,-0.333308963276861
14884,1.364,-1.46271,-0.0246987756640433,-0.915346582364901,0.777752503878194
14984,1.38932,-1.43868,-0.0241869049160088,-0.909485669429939,-0.111102085257194
14984,1.41421,-1.41421,-0.023677237762897,-0.919253778307102,0.999999999999985
5850,1.43868,-1.38932,-0.0231522503685646,0.909485669429985,-0.111102085260202
5849,1.46271,-1.364,-0.022629673491117,0.915346582364833,0.777752503871339
5849,1.48629,-1.33826,-0.022096400589237,0.910462498171102,-0.333308963290407
5848,1.50942,-1.31212,-0.0215613288406265,0.91241614375073,0.555523964099018
5848,1.53209,-1.28558,-0.0210201888456126,0.912416143751186,-0.555523964140576
5847,1.55429,-1.25864,-0.0204730395208889,0.91046249817085,0.333308963247604
5847,1.57602,-1.23132,-0.0199244345338848,0.91534658236556,-0.777752503916265
5846,1.59727,-1.20363,-0.01936560989701,0.909485669429786,0.111102085221649
5845,1.61803,-1.17557,-0.0188099086473707,0.919253778306525,0.999999999969829
5845,1.6383,-1.14715,-0.0182398182064553,0.909485669429914,-0.11110208528211
5844,1.65808,-1.11839,-0.017673021356611,0.915346582364627,0.777752503855747
5844,1.67734,-1.08928,-0.0170965187266398,0.910462498171258,-0.333308963307527
5843,1.6961,-1.05984,-0.0165191363892157,0.912416143750537,0.555523964080912
5843,1.71433,-1.03008,-0.0159366853203413,0.912416143751378,-0.555523964158821
5842,1.73205,-1,-0.0153492833246706,0.910462498170701,0.333308963230334
5842,1.74924,-0.969619,-0.0147613381747009,0.915346582365767,-0.777752503931841
5841,1.7659,-0.938943,-0.0141645133036097,0.909485669429766,0.111102085205045
5840,1.78201,-0.907981,-0.0135715334154544,0.919253778306158,0.99999999995149
5840,1.79759,-0.876742,-0.0129659507514118,0.909485669429983,-0.111102085301555
5839,1.81262,-0.845237,-0.0123643934449274,0.915346582364319,0.777752503835052
5839,1.82709,-0.813473,-0.0117548087519499,0.910462498171384,-0.333308963330046
5838,1.84101,-0.781462,-0.0111453939662919,0.912416143750258,0.555523964056995
5838,1.85437,-0.749213,-0.0105323262915783,0.91241614375167,-0.555523964183538
5837,1.86716,-0.716736,-0.00991578863108895,0.91046249817059,0.333308963203332
5837,1.87939,-0.68404,-0.00929975280898223,0.915346582366259,-0.777752503962114
5836,1.89104,-0.651136,-0.00867685837135884,0.909485669429712,0.11110208517308
5835,1.90211,-0.618034,-0.00805837923362811,0.919253778305505,0.999999999918216
5835,1.91261,-0.584743,-0.00742991793943964,0.909485669430072,-0.111102085335106
5834,1.92252,-0.551275,-0.00680602771866823,0.915346582363824,0.777752503801191
5834,1.93185,-0.517638,-0.00617626619865346,0.910462498171638,-0.333308963364257
5833,1.94059,-0.483844,-0.00554773314755336,0.912416143749874,0.555523964021932
5833,1.94874,-0.449902,-0.00491716694589343,0.91241614375206,-0.555523964220175
5832,1.9563,-0.415823,-0.00428474735340152,0.910462498170272,0.333308963168192
5832,1.96325,-0.381618,-0.00365384964930496,0.915346582366721,-0.777752503993719
5831,1.96962,-0.347296,-0.0030182807085431,0.909485669429573,0.111102085145735
5830,1.97538,-0.312869,-0.00238749862341033,0.919253778305019,0.999999999895301
5830,1.98054,-0.278346,-0.00174951138785112,0.909485669430095,-0.11110208535852
5829,1.98509,-0.243739,-0.0011164181647929,0.915346582363408,0.777752503777643
5829,1.98904,-0.209057,-0.000479618067135856,0.910462498171767,-0.333308963386425
5828,1.99239,-0.174311,0.000155047397942538,0.91241614374965,0.555523964001481
5828,1.99513,-0.139513,0.000790214992164144,0.912416143752221,-0.555523964238393
5827,1.99726,-0.104672,0.00142570911574219,0.910462498170182,0.333308963148836
5827,1.99878,-0.069799,0.00205881124522012,0.915346582367075,-0.777752504016468
5826,1.9997,-0.0349048,0.00269439474920559,0.909485669429527,0.111102085121839
