origElemNum,globCoord-x,globCoord-y,acouPotentialD1-,locCoord-xi,locCoord-eta
5825,2,-2.20442e-18,-0.00191481329951155,0.919253778304535,0.999999999870795
5825,1.9997,0.0349048,-0.00244686373410237,0.909485669430051,-0.11110208537854
5824,1.99878,0.069799,-0.00298198306503667,0.915346582363134,0.7777525037628
5824,1.99726,0.104672,-0.00351248207527687,0.910462498171695,-0.333308963393583
5823,1.99513,0.139513,-0.00404313248470228,0.912416143749585,0.555523964001403
5823,1.99239,0.174311,-0.00457130551935664,0.912416143752112,-0.555523964232293
5822,1.98904,0.209057,-0.00509683578080404,0.910462498170195,0.33330896316169
5822,1.98509,0.243739,-0.0056219034096733,0.915346582366752,-0.777752503996411
5821,1.98054,0.278346,-0.00614166772423243,0.909485669429537,0.111102085145532
5820,1.97538,0.312869,-0.00666284752889373,0.91925377830504,0.999999999897275
5820,1.96962,0.347296,-0.00717621353073148,0.909485669429959,-0.111102085350008
5819,1.96325,0.381618,-0.0076905512189412,0.915346582363608,0.777752503792493
5819,1.9563,0.415823,-0.00819908810271982,0.910462498171543,-0.333308963366333
5818,1.94874,0.449902,-0.00870599319395595,0.912416143749872,0.555523964026318
5818,1.94059,0.483844,-0.00920896985179199,0.912416143751876,-0.555523964209557
5817,1.93185,0.517638,-0.00970790048985185,0.910462498170338,0.333308963182653
5817,1.92252,0.551275,-0.0102045950491766,0.915346582366455,-0.777752503976955
5816,1.91261,0.584743,-0.0106950442071075,0.909485669429567,0.111102085165898
5815,1.90211,0.618034,-0.0111847422279049,0.919253778305533,0.999999999919169
5815,1.89104,0.651136,-0.0116662700622488,0.909485669429933,-0.111102085328256
5814,1.87939,0.68404,-0.0121466328680435,0.915346582363941,0.777752503814277
5814,1.86716,0.716736,-0.0126205619467891,0.910462498171402,-0.333308963343933
5813,1.85437,0.749213,-0.01309126744461,0.912416143750119,0.555523964050056
5813,1.84101,0.781462,-0.0135570129249598,0.912416143751575,-0.555523964183394
5812,1.82709,0.813473,-0.0140177867889698,0.910462498170486,0.333308963212263
5812,1.81262,0.845237,-0.0144747696438914,0.915346582365915,-0.777752503943209
5811,1.79759,0.876742,-0.0149253936066597,0.909485669429635,0.111102085200681
5810,1.78201,0.907981,-0.0153730652764803,0.919253778306195,0.999999999954235
5810,1.7659,0.938943,-0.0158133951005501,0.909485669429844,-0.111102085292603
5809,1.74924,0.969619,-0.0162503843247653,0.915346582364538,0.777752503850291
5809,1.73205,1,-0.0166811650276808,0.910462498171199,-0.333308963308445
5808,1.71433,1.03008,-0.0171073618522385,0.912416143750526,0.555523964084446
5808,1.6961,1.05984,-0.0175280889276108,0.912416143751246,-0.555523964150953
5807,1.67734,1.08928,-0.0179434036925361,0.910462498170725,0.333308963242434
5807,1.65808,1.11839,-0.0183535829894111,0.915346582365508,-0.777752503915519
5806,1.6383,1.14715,-0.0187579739211924,0.909485669429676,0.11110208522853
5805,1.61803,1.17557,-0.0191571347343802,0.919253778306765,0.999999999982884
5805,1.59727,1.20363,-0.0195506178064206,0.909485669429817,-0.111102085265541
5804,1.57602,1.23132,-0.0199384921848302,0.9153465823649,0.777752503876539
5804,1.55429,1.25864,-0.0203209507738062,0.910462498170939,-0.333308963279996
5803,1.53209,1.28558,-0.0206975957544872,0.912416143750815,0.555523964114853
5803,1.50942,1.31212,-0.0210686025502395,0.91241614375085,-0.555523964118972
5802,1.48629,1.33826,-0.0214340351214023,0.910462498170897,0.333308963276791
5802,1.46271,1.364,-0.0217931055347678,0.915346582364929,-0.77775250387822
5801,1.43868,1.38932,-0.0221472237380448,0.909485669429954,0.111102085257182
5801,1.41421,1.41421,-0.0224937887047856,0.919253778307104,-0.999999999999994
850,1.38932,1.43868,-0.0228363484151123,0.909485669429991,-0.111102085260227
849,1.364,1.46271,-0.0231708819849777,0.915346582364834,0.777752503871359
849,1.33826,1.48629,-0.0235004160586155,0.910462498171096,-0.333308963290402
848,1.31212,1.50942,-0.023822543819845,0.912416143750729,0.555523964099008
848,1.28558,1.53209,-0.0241383160794166,0.912416143751184,-0.555523964140596
847,1.25864,1.55429,-0.024447585327987,0.910462498170846,0.333308963247574
847,1.23132,1.57602,-0.0247488329847743,0.915346582365554,-0.777752503916259
846,1.20363,1.59727,-0.0250446971123509,0.90948566942978,0.111102085221654
845,1.17557,1.61803,-0.0253306258270077,0.919253778306528,0.999999999969813
845,1.14715,1.6383,-0.0256124289009803,0.909485669429915,-0.111102085282135
844,1.11839,1.65808,-0.0258837889162577,0.915346582364625,0.777752503855763
844,1.08928,1.67734,-0.0261491867866653,0.910462498171253,-0.333308963307521
843,1.05984,1.6961,-0.0264051956546149,0.912416143750542,0.555523964080906
843,1.03008,1.71433,-0.0266532653748246,0.912416143751377,-0.555523964158847
842,1,1.73205,-0.026893069551288,0.910462498170698,0.333308963230309
842,0.969619,1.74924,-0.0271228982507774,0.915346582365766,-0.777752503931825
841,0.938943,1.7659,-0.0273456064924939,0.909485669429764,0.111102085205048
840,0.907981,1.78201,-0.0275563150476528,0.919253778306164,0.99999999995148
840,0.876742,1.79759,-0.027761039978303,0.909485669429979,-0.11110208530158
839,0.845237,1.81262,-0.0279533463508462,0.91534658236432,0.777752503835068
839,0.813473,1.82709,-0.0281377103970063,0.91046249817139,-0.33330896333004
838,0.781462,1.84101,-0.0283108255185458,0.912416143750255,0.555523964056983
838,0.749213,1.85437,-0.0284741167260604,0.912416143751674,-0.555523964183563
837,0.716736,1.86716,-0.0286273291364074,0.910462498170584,0.333308963203304
837,0.68404,1.87939,-0.0287689196572859,0.915346582366261,-0.777752503962098
836,0.651136,1.89104,-0.0289015764999362,0.909485669429719,0.111102085173086
835,0.618034,1.90211,-0.0290208996817518,0.919253778305509,0.999999999918205
835,0.584743,1.91261,-0.0291323887059018,0.909485669430073,-0.111102085335132
834,0.551275,1.92252,-0.0292303031738106,0.915346582363819,0.777752503801204
834,0.517638,1.93185,-0.0293186956274971,0.910462498171637,-0.333308963364254
833,0.483844,1.94059,-0.0293946888783018,0.912416143749877,0.55552396402192
833,0.449902,1.94874,-0.029459586146522,0.91241614375206,-0.555523964220202
832,0.415823,1.9563,-0.0295132659521837,0.910462498170279,0.333308963168166
832,0.381618,1.96325,-0.0295543859129374,0.915346582366717,-0.777752503993703
831,0.347296,1.96962,-0.0295855320584641,0.909485669429573,0.111102085145737
830,0.312869,1.97538,-0.0296027245363923,0.919253778305012,0.99999999989529
830,0.278346,1.98054,-0.0296113174006971,0.909485669430091,-0.111102085358547
829,0.243739,1.98509,-0.0296059551235509,0.915346582363415,0.77775250377766
829,0.209057,1.98904,-0.029590781760334,0.910462498171767,-0.333308963386422
828,0.174311,1.99239,-0.0295631055974195,0.912416143749651,0.55552396400147
828,0.139513,1.99513,-0.0295243761796439,0.912416143752224,-0.555523964238419
827,0.104672,1.99726,-0.0294747829827035,0.910462498170184,0.33330896314881
827,0.069799,1.99878,-0.0294127855045831,0.915346582367074,-0.777752504016452
826,0.0349048,1.9997,-0.0293417948598107,0.909485669429527,0.111102085121841
825,1.27747e-16,2,-0.0292568771146458,0.919253778304535,0.999999999870799
825,-0.0349048,1.9997,-0.0291651081772589,0.909485669430051,-0.111102085378537
824,-0.069799,1.99878,-0.0290595466699211,0.915346582363134,0.777752503762801
824,-0.104672,1.99726,-0.0289458162972081,0.910462498171695,-0.333308963393583
823,-0.139513,1.99513,-0.0288203297315313,0.912416143749585,0.555523964001401
823,-0.174311,1.99239,-0.0286851129562754,0.912416143752112,-0.555523964232297
822,-0.209057,1.98904,-0.0285404782887315,0.910462498170195,0.333308963161685
822,-0.243739,1.98509,-0.0283842659453169,0.915346582366744,-0.777752503996403
821,-0.278346,1.98054,-0.0282212975220621,0.909485669429538,0.111102085145537
820,-0.312869,1.97538,-0.0280445826874134,0.919253778305041,0.999999999897278
820,-0.347296,1.96962,-0.0278641135490031,0.90948566942996,-0.111102085350006
819,-0.381618,1.96325,-0.0276700359723739,0.915346582363608,0.777752503792493
819,-0.415823,1.9563,-0.0274702466482665,0.910462498171543,-0.333308963366333
818,-0.449902,1.94874,-0.0272596246665347,0.912416143749872,0.555523964026316
818,-0.483844,1.94059,-0.0270409863962363,0.912416143751875,-0.555523964209561
817,-0.517638,1.93185,-0.0268146187722996,0.910462498170336,0.333308963182646
817,-0.551275,1.92252,-0.0265775809860204,0.915346582366457,-0.777752503976948
816,-0.584743,1.91261,-0.0263362416473874,0.909485669429562,0.111102085165907
815,-0.618034,1.90211,-0.0260812357748517,0.919253778305526,0.999999999919175
815,-0.651136,1.89104,-0.025825668127135,0.909485669429935,-0.111102085328253
814,-0.68404,1.87939,-0.025556526416687,0.915346582363941,0.777752503814277
814,-0.716736,1.86716,-0.025284017710799,0.910462498171402,-0.333308963343933
813,-0.749213,1.85437,-0.0250014321033829,0.912416143750117,0.555523964050053
813,-0.781462,1.84101,-0.0247123467954411,0.912416143751584,-0.555523964183396
812,-0.813473,1.82709,-0.0244169602871232,0.910462498170484,0.33330896321226
812,-0.845237,1.81262,-0.0241116378640334,0.91534658236591,-0.7777525039432
811,-0.876742,1.79759,-0.023804043677947,0.909485669429639,0.111102085200672
810,-0.907981,1.78201,-0.0234828067775635,0.919253778306197,0.999999999954239
810,-0.938943,1.7659,-0.0231635522403574,0.909485669429848,-0.111102085292613
809,-0.969619,1.74924,-0.022830717311716,0.915346582364533,0.777752503850298
809,-1,1.73205,-0.0224962986768181,0.910462498171205,-0.333308963308436
808,-1.03008,1.71433,-0.0221523617703757,0.912416143750522,0.55552396408444
808,-1.05984,1.6961,-0.0218030481544274,0.912416143751243,-0.555523964150944
807,-1.08928,1.67734,-0.0214484737368842,0.910462498170733,0.33330896324243
807,-1.11839,1.65808,-0.021084539267306,0.915346582365511,-0.777752503915504
806,-1.14715,1.6383,-0.0207197744588895,0.909485669429678,0.11110208522852
805,-1.17557,1.61803,-0.0203415065409218,0.91925377830677,0.999999999982889
805,-1.20363,1.59727,-0.0199669912626278,0.909485669429819,-0.111102085265551
804,-1.23132,1.57602,-0.0195790661416947,0.915346582364893,0.777752503876544
804,-1.25864,1.55429,-0.0191908606630019,0.910462498170937,-0.333308963279986
803,-1.28558,1.53209,-0.0187937153904604,0.912416143750809,0.555523964114847
803,-1.31212,1.50942,-0.0183921284779404,0.912416143750849,-0.555523964118962
802,-1.33826,1.48629,-0.0179861956727002,0.910462498170897,0.333308963276791
802,-1.364,1.46271,-0.0175715580935074,0.915346582364928,-0.77775250387821
801,-1.38932,1.43868,-0.0171572666484109,0.909485669429954,0.111102085257172
801,-1.41421,1.41421,-0.0167299313022171,0.919253778307104,-0.999999999999994
15850,-1.43868,1.38932,-0.0163077074155649,0.909485669429991,-0.111102085260237
15849,-1.46271,1.364,-0.0158725981856564,0.915346582364828,0.777752503871364
15849,-1.48629,1.33826,-0.0154383216775932,0.910462498171103,-0.333308963290387
15848,-1.50942,1.31212,-0.0149958769592205,0.912416143750729,0.555523964099008
15848,-1.53209,1.28558,-0.0145499384004414,0.912416143751185,-0.555523964140586
15847,-1.55429,1.25864,-0.0141005953823068,0.910462498170851,0.333308963247569
15847,-1.57602,1.23132,-0.0136434100131129,0.915346582365555,-0.777752503916249
15846,-1.59727,1.20363,-0.0131876045213047,0.909485669429784,0.111102085221639
15845,-1.61803,1.17557,-0.0127196117390114,0.919253778306531,0.999999999969823
15845,-1.6383,1.14715,-0.0122577762832927,0.909485669429917,-0.111102085282151
15844,-1.65808,1.11839,-0.0117839824731497,0.915346582364627,0.777752503855772
15844,-1.67734,1.08928,-0.0113119990186574,0.910462498171251,-0.333308963307506
15843,-1.6961,1.05984,-0.0108328424426487,0.912416143750542,0.555523964080906
15843,-1.71433,1.03008,-0.0103511823511253,0.912416143751375,-0.555523964158831
15842,-1.73205,1,-0.00986710418969049,0.910462498170697,0.333308963230296
15842,-1.74924,0.969619,-0.00937626498873965,0.915346582365764,-0.777752503931822
15841,-1.7659,0.938943,-0.008887712395278,0.909485669429762,0.111102085205035
15840,-1.78201,0.907981,-0.00838821860180556,0.919253778306162,0.999999999951483
15840,-1.79759,0.876742,-0.00789564461805488,0.909485669429984,-0.111102085301589
15839,-1.81262,0.845237,-0.00739243021780351,0.915346582364318,0.777752503835071
15839,-1.82709,0.813473,-0.00689191248509026,0.910462498171391,-0.333308963330024
15838,-1.84101,0.781462,-0.0063854550416831,0.912416143750253,0.555523964056986
15838,-1.85437,0.749213,-0.00587757003236993,0.912416143751674,-0.555523964183544
15837,-1.86716,0.716736,-0.00536836203304705,0.910462498170589,0.333308963203294
15837,-1.87939,0.68404,-0.00485371543396184,0.915346582366259,-0.777752503962095
15836,-1.89104,0.651136,-0.00434226150859786,0.909485669429715,0.111102085173074
15835,-1.90211,0.618034,-0.00382148469312734,0.919253778305508,0.999999999918209
15835,-1.91261,0.584743,-0.00330830078191762,0.909485669430068,-0.111102085335144
15834,-1.92252,0.551275,-0.00278616846798653,0.915346582363818,0.777752503801208
15834,-1.93185,0.517638,-0.00226766572225876,0.910462498171639,-0.333308963364235
15833,-1.94059,0.483844,-0.00174471986676683,0.912416143749876,0.555523964021923
15833,-1.94874,0.449902,-0.00122158043183937,0.912416143752063,-0.555523964220183
15832,-1.9563,0.415823,-0.000698373960893987,0.910462498170272,0.333308963168156
15832,-1.96325,0.381618,-0.000171301611993491,0.915346582366716,-0.7777525039937
15831,-1.96962,0.347296,0.000351608345083378,0.909485669429575,0.111102085145728
15830,-1.97538,0.312869,0.000881894262981524,0.91925377830502,0.999999999895294
15830,-1.98054,0.278346,0.00140395409946735,0.909485669430092,-0.111102085358556
15829,-1.98509,0.243739,0.00193296448110828,0.915346582363415,0.777752503777664
15829,-1.98904,0.209057,0.00245738860780048,0.910462498171765,-0.333308963386404
15828,-1.99239,0.174311,0.00298457511538145,0.912416143749651,0.555523964001473
15828,-1.99513,0.139513,0.00351063832086751,0.912416143752222,-0.5555239642384
15827,-1.99726,0.104672,0.0040354607276809,0.910462498170184,0.3333089631488
15827,-1.99878,0.069799,0.00456243108437912,0.915346582367074,-0.777752504016448
15826,-1.9997,0.0349048,0.00508435792972905,0.909485669429527,0.111102085121831
15825,-2,2.46315e-16,0.00561149856605459,0.919253778304535,0.999999999870803
15825,-1.9997,-0.0349048,0.00613000536399899,0.909485669430051,-0.111102085378547
15824,-1.99878,-0.069799,0.00665327704719696,0.915346582363134,0.777752503762804
15824,-1.99726,-0.104672,0.00717114264507091,0.910462498171696,-0.333308963393566
15823,-1.99513,-0.139513,0.00769002711034451,0.912416143749586,0.555523964001405
15823,-1.99239,-0.174311,0.00820651722546737,0.912416143752114,-0.555523964232279
15822,-1.98904,-0.209057,0.00872050873085954,0.910462498170195,0.333308963161688
15822,-1.98509,-0.243739,0.00923489006062713,0.915346582366744,-0.7777525039964
15821,-1.98054,-0.278346,0.00974349679868046,0.909485669429545,0.111102085145526
15820,-1.97538,-0.312869,0.0102550397496954,0.919253778305042,0.999999999897283
15820,-1.96962,-0.347296,0.0107577854504534,0.909485669429957,-0.111102085350017
15819,-1.96325,-0.381618,0.0112630152786858,0.915346582363609,0.777752503792499
15819,-1.9563,-0.415823,0.0117621846332062,0.910462498171549,-0.333308963366345
15818,-1.94874,-0.449902,0.012260638028694,0.912416143749872,0.555523964026319
15818,-1.94059,-0.483844,0.0127555212639984,0.91241614375188,-0.555523964209544
15817,-1.93185,-0.517638,0.0132467494650279,0.910462498170337,0.33330896318265
15817,-1.92252,-0.551275,0.0137366430270661,0.915346582366458,-0.777752503976945
15816,-1.91261,-0.584743,0.0142202104029956,0.909485669429567,0.111102085165898
15815,-1.90211,-0.618034,0.0147044194285778,0.919253778305528,0.999999999919178
15815,-1.89104,-0.651136,0.0151799063478041,0.90948566942994,-0.111102085328262
15814,-1.87939,-0.68404,0.0156555989236716,0.915346582363942,0.77775250381428
15814,-1.86716,-0.716736,0.016124758389862,0.910462498171397,-0.333308963343943
15813,-1.85437,-0.749213,0.016591548399694,0.912416143750119,0.555523964050056
15813,-1.84101,-0.781462,0.0170537327740694,0.912416143751582,-0.555523964183381
15812,-1.82709,-0.813473,0.0175112600708734,0.910462498170486,0.333308963212263
15812,-1.81262,-0.845237,0.0179658417009312,0.915346582365912,-0.777752503943197
15811,-1.79759,-0.876742,0.0184137729653715,0.909485669429641,0.111102085200675
15810,-1.78201,-0.907981,0.0188601486179968,0.919253778306197,0.999999999954239
15810,-1.7659,-0.938943,0.0192981772287477,0.90948566942985,-0.11110208529261
15809,-1.74924,-0.969619,0.0197342617794575,0.915346582364535,0.777752503850301
15809,-1.73205,-1,0.0201636107495558,0.9104624981712,-0.333308963308458
15808,-1.71433,-1.03008,0.0205891307317231,0.912416143750526,0.555523964084446
15808,-1.6961,-1.05984,0.0210092478892596,0.912416143751243,-0.555523964150944
15807,-1.67734,-1.08928,0.0214239436411793,0.910462498170725,0.333308963242434
15807,-1.65808,-1.11839,0.0218342997553234,0.915346582365503,-0.7777525039155
15806,-1.6383,-1.14715,0.0222379263163819,0.90948566942967,0.111102085228524
15805,-1.61803,-1.17557,0.02263801178992,0.919253778306763,0.999999999982893
15805,-1.59727,-1.20363,0.0230303345208508,0.909485669429812,-0.111102085265547
15804,-1.57602,-1.23132,0.0234187777635176,0.915346582364898,0.777752503876549
15804,-1.55429,-1.25864,0.0238004482014787,0.910462498170935,-0.333308963280012
15803,-1.53209,-1.28558,0.0241770267447096,0.912416143750815,0.555523964114853
15803,-1.50942,-1.31212,0.024547571848602,0.912416143750855,-0.555523964118957
15802,-1.48629,-1.33826,0.0249120707365846,0.910462498170897,0.333308963276791
15802,-1.46271,-1.364,0.0252710376796748,0.915346582364928,-0.77775250387821
15801,-1.43868,-1.38932,0.0256232450052867,0.909485669429954,0.111102085257172
15801,-1.41421,-1.41421,0.025970199621009,0.919253778307098,-0.999999999999989
10084,-1.38932,-1.43868,0.0263099027721595,-0.909485669429983,0.111102085260242
10184,-1.364,-1.46271,0.0266440676558721,-0.915346582364814,-0.777752503871363
10184,-1.33826,-1.48629,0.0269714125862735,-0.910462498171062,0.333308963290425
10284,-1.31212,-1.50942,0.0272925789399322,-0.912416143750702,-0.555523964098991
10284,-1.28558,-1.53209,0.027607151370465,-0.912416143751175,0.55552396414059
10384,-1.25864,-1.55429,0.0279150993301538,-0.910462498170858,-0.333308963247603
10384,-1.23132,-1.57602,0.0282164930852228,-0.915346582365569,0.777752503916277
10484,-1.20363,-1.59727,0.0285109890759826,-0.909485669429755,-0.111102085221656
10584,-1.17557,-1.61803,0.0287988045620027,-0.919253778306467,-0.999999999969833
10584,-1.14715,-1.6383,0.0290796006271149,-0.909485669429891,0.111102085282108
10684,-1.11839,-1.65808,0.0293534582549005,-0.915346582364624,-0.777752503855743
10684,-1.08928,-1.67734,0.0296202631978007,-0.910462498171255,0.333308963307532
10784,-1.05984,-1.6961,0.0298798839071999,-0.912416143750544,-0.555523964080908
10784,-1.03008,-1.71433,0.030132276181529,-0.912416143751393,0.555523964158839
10884,-1,-1.73205,0.030377356928389,-0.910462498170715,-0.333308963230315
10884,-0.969619,-1.74924,0.0306149042513339,-0.915346582365772,0.777752503931858
10984,-0.938943,-1.7659,0.0308451097556041,-0.909485669429763,-0.111102085205032
11084,-0.907981,-1.78201,0.0310673638058345,-0.919253778306154,-0.99999999995149
11084,-0.876742,-1.79759,0.0312823124945362,-0.909485669429981,0.111102085301552
11184,-0.845237,-1.81262,0.0314890250817101,-0.915346582364332,-0.777752503835052
11184,-0.813473,-1.82709,0.0316880540288469,-0.910462498171421,0.333308963330044
11284,-0.781462,-1.84101,0.0318787748601505,-0.912416143750289,-0.555523964056998
11284,-0.749213,-1.85437,0.0320613434819763,-0.912416143751684,0.555523964183542
11384,-0.716736,-1.86716,0.0322355769862704,-0.910462498170579,-0.333308963203316
11384,-0.68404,-1.87939,0.0324011163236131,-0.915346582366256,0.777752503962127
11484,-0.651136,-1.89104,0.0325583270801569,-0.9094856694297,-0.111102085173069
11584,-0.618034,-1.90211,0.0327062357798005,-0.919253778305473,-0.9999999999182
11584,-0.584743,-1.91261,0.0328458604398126,-0.909485669430035,0.111102085335111
11684,-0.551275,-1.92252,0.0329758365947751,-0.915346582363772,-0.777752503801188
11684,-0.517638,-1.93185,0.0330969820310031,-0.910462498171642,0.333308963364261
11784,-0.483844,-1.94059,0.0332084464430379,-0.912416143749915,-0.555523964021929
11784,-0.449902,-1.94874,0.0333104790265281,-0.912416143752077,0.555523964220183
11884,-0.415823,-1.9563,0.0334028509352741,-0.910462498170266,-0.33330896316818
11884,-0.381618,-1.96325,0.0334851248953873,-0.915346582366712,0.777752503993725
11984,-0.347296,-1.96962,0.0335578263828748,-0.909485669429565,-0.111102085145729
12084,-0.312869,-1.97538,0.0336196824542718,-0.919253778305011,-0.999999999895287
12084,-0.278346,-1.98054,0.0336721426174375,-0.909485669430107,0.111102085358526
12184,-0.243739,-1.98509,0.0337133682624619,-0.915346582363447,-0.777752503777644
12184,-0.209057,-1.98904,0.0337445628741938,-0.910462498171781,0.333308963386432
12284,-0.174311,-1.99239,0.0337645884998458,-0.912416143749663,-0.555523964001473
12284,-0.139513,-1.99513,0.0337738567796201,-0.912416143752267,0.555523964238395
12384,-0.104672,-1.99726,0.0337721423680081,-0.910462498170238,-0.333308963148834
12384,-0.069799,-1.99878,0.0337588274721878,-0.915346582367131,0.777752504016471
12484,-0.0349048,-1.9997,0.0337348813059532,-0.909485669429557,-0.111102085121833
12584,-4.35203e-16,-2,0.0336983446456585,-0.919253778304537,-0.999999999870803
12584,0.0349048,-1.9997,0.0336517481694931,-0.909485669430058,0.111102085378513
12684,0.069799,-1.99878,0.0335921775448926,-0.915346582363139,-0.777752503762792
12684,0.104672,-1.99726,0.0335218128751948,-0.9104624981717,0.333308963393593
12784,0.139513,-1.99513,0.0334389147045514,-0.912416143749591,-0.555523964001403
12784,0.174311,-1.99239,0.0333443017462534,-0.912416143752134,0.555523964232273
12884,0.209057,-1.98904,0.033237901734201,-0.91046249817019,-0.333308963161724
12884,0.243739,-1.98509,0.0331186294768963,-0.915346582366752,0.777752503996427
12984,0.278346,-1.98054,0.0329886943639355,-0.909485669429543,-0.111102085145531
13084,0.312869,-1.97538,0.0328444401675596,-0.919253778305079,-0.999999999897294
13084,0.347296,-1.96962,0.0326911127109099,-0.909485669429971,0.111102085349981
13184,0.381618,-1.96325,0.0325232409886706,-0.915346582363621,-0.777752503792476
13184,0.415823,-1.9563,0.0323453138679119,-0.910462498171561,0.33330896336634
13284,0.449902,-1.94874,0.0321542789865365,-0.912416143749886,-0.555523964026324
13284,0.483844,-1.94059,0.0319518641165796,-0.912416143751904,0.555523964209538
13384,0.517638,-1.93185,0.0317383845579847,-0.910462498170363,-0.333308963182687
13384,0.551275,-1.92252,0.0315117789604656,-0.915346582366464,0.777752503976962
13484,0.584743,-1.91261,0.0312768203282471,-0.909485669429569,-0.111102085165906
13584,0.618034,-1.90211,0.0310264972543763,-0.919253778305519,-0.999999999919186
13584,0.651136,-1.89104,0.0307712080242796,-0.909485669429928,0.111102085328226
13684,0.68404,-1.87939,0.0305006693826209,-0.915346582363942,-0.777752503814258
13684,0.716736,-1.86716,0.030223406334632,-0.910462498171394,0.333308963343945
13784,0.749213,-1.85437,0.0299339324515817,-0.912416143750121,-0.555523964050058
13784,0.781462,-1.84101,0.0296353932618738,-0.91241614375158,0.555523964183364
13884,0.813473,-1.82709,0.0293282662863212,-0.91046249817049,-0.333308963212306
13884,0.845237,-1.81262,0.0290091943001258,-0.915346582365913,0.777752503943214
13984,0.876742,-1.79759,0.0286856905695436,-0.909485669429626,-0.1111020852007
14084,0.907981,-1.78201,0.0283468919278376,-0.919253778306215,-0.999999999954254
14084,0.938943,-1.7659,0.0280082952619546,-0.909485669429858,0.111102085292581
14184,0.969619,-1.74924,0.0276546959370349,-0.915346582364524,-0.777752503850263
14184,1,-1.73205,0.0272982333445477,-0.910462498171194,0.333308963308465
14284,1.03008,-1.71433,0.0269311239914719,-0.91241614375052,-0.55552396408445
14284,1.05984,-1.6961,0.0265576585053052,-0.912416143751235,0.55552396415093
14384,1.08928,-1.67734,0.0261782536745915,-0.910462498170724,-0.333308963242461
14384,1.11839,-1.65808,0.0257886489174949,-0.915346582365498,0.777752503915531
14484,1.14715,-1.6383,0.0253980547953441,-0.909485669429676,-0.111102085228531
14584,1.17557,-1.61803,0.0249931582611257,-0.919253778306762,-0.999999999982903
14584,1.20363,-1.59727,0.0245923684979913,-0.909485669429825,0.1111020852655
14684,1.23132,-1.57602,0.0241776273975187,-0.91534658236492,-0.777752503876537
14684,1.25864,-1.55429,0.0237629012299415,-0.910462498170955,0.333308963280004
14784,1.28558,-1.53209,0.0233391685285292,-0.912416143750819,-0.555523964114867
14784,1.31212,-1.50942,0.0229112081681613,-0.912416143750872,0.555523964118932
14884,1.33826,-1.48629,0.0224792194377629,-0.910462498170903,-0.333308963276861
14884,1.364,-1.46271,0.0220386998392395,-0.915346582364901,0.777752503878194
14984,1.38932,-1.43868,0.0215991013063709,-0.909485669429939,-0.111102085257194
14984,1.41421,-1.41421,0.0211466886517853,-0.919253778307102,0.999999999999985
5850,1.43868,-1.38932,0.0207000794083688,0.909485669429985,-0.111102085260202
5849,1.46271,-1.364,0.0202410127706588,0.915346582364833,0.777752503871339
5849,1.48629,-1.33826,0.0197833806034919,0.910462498171102,-0.333308963290407
5848,1.50942,-1.31212,0.0193181900996086,0.91241614375073,0.555523964099018
5848,1.53209,-1.28558,0.0188501188920338,0.912416143751186,-0.555523964140576
5847,1.55429,-1.25864,0.018379214973212,0.91046249817085,0.333308963247604
5847,1.57602,-1.23132,0.0179012288004531,0.91534658236556,-0.777752503916265
5846,1.59727,-1.20363,0.0174249253577026,0.909485669429786,0.111102085221649
5845,1.61803,-1.17557,0.0169375237552438,0.919253778306525,0.999999999969829
5845,1.6383,-1.14715,0.016456110427504,0.909485669429914,-0.11110208528211
5844,1.65808,-1.11839,0.015963924417652,0.915346582364627,0.777752503855747
5844,1.67734,-1.08928,0.0154735632544125,0.910462498171258,-0.333308963307527
5843,1.6961,-1.05984,0.0149768709862775,0.912416143750537,0.555523964080912
5843,1.71433,-1.03008,0.0144780533132131,0.912416143751378,-0.555523964158821
5842,1.73205,-1,0.013977116661571,0.910462498170701,0.333308963230334
5842,1.74924,-0.969619,0.0134703425021953,0.915346582365767,-0.777752503931841
5841,1.7659,-0.938943,0.0129654484000853,0.909485669429766,0.111102085205045
5840,1.78201,-0.907981,0.0124512505525469,0.919253778306158,0.99999999995149
5840,1.79759,-0.876742,0.0119427071651902,0.909485669429983,-0.111102085301555
5839,1.81262,-0.845237,0.0114252014988823,0.915346582364319,0.777752503835052
5839,1.82709,-0.813473,0.0109097134305148,0.910462498171384,-0.333308963330046
5838,1.84101,-0.781462,0.0103891733091419,0.912416143750258,0.555523964056995
5838,1.85437,-0.749213,0.00986724744309539,0.91241614375167,-0.555523964183538
5837,1.86716,-0.716736,0.00934395178103737,0.91046249817059,0.333308963203332
5837,1.87939,-0.68404,0.0088161171532061,0.915346582366259,-0.777752503962114
5836,1.89104,-0.651136,0.00829039055546004,0.909485669429712,0.11110208517308
5835,1.90211,-0.618034,0.00775720652008698,0.919253778305505,0.999999999918216
5835,1.91261,-0.584743,0.00722942959666373,0.909485669430072,-0.111102085335106
5834,1.92252,-0.551275,0.00669456658535592,0.915346582363824,0.777752503801191
5834,1.93185,-0.517638,0.00616209882595476,0.910462498171638,-0.333308963364257
5833,1.94059,-0.483844,0.00562601213594614,0.912416143749874,0.555523964021932
5833,1.94874,-0.449902,0.00508950988495874,0.91241614375206,-0.555523964220175
5832,1.9563,-0.415823,0.00455270061963636,0.910462498170272,0.333308963168192
5832,1.96325,-0.381618,0.00401284298377924,0.915346582366721,-0.777752503993719
5831,1.96962,-0.347296,0.00347585256838248,0.909485669429573,0.111102085145735
5830,1.97538,-0.312869,0.00293334040015222,0.919253778305019,0.999999999895301
5830,1.98054,-0.278346,0.00239675229766344,0.909485669430095,-0.11110208535852
5829,1.98509,-0.243739,0.00185505958675043,0.915346582363408,0.777752503777643
5829,1.98904,-0.209057,0.00131674493530643,0.910462498171767,-0.333308963386425
5828,1.99239,-0.174311,0.000776497260794702,0.91241614374965,0.555523964001481
5828,1.99513,-0.139513,0.000237211249208116,0.912416143752221,-0.555523964238393
5827,1.99726,-0.104672,-0.000300952472727035,0.910462498170182,0.333308963148836
5827,1.99878,-0.069799,-0.000840446733317416,0.915346582367075,-0.777752504016468
5826,1.9997,-0.0349048,-0.00137587897304411,0.909485669429527,0.111102085121839
