origElemNum,globCoord-x,globCoord-y,acouIntensity-x,acouIntensity-y,locCoord-xi,locCoord-eta
5825,2,-2.20442e-18,3.58986859106058e-10,1.63347050472571e-08,0.919253778304535,0.999999999870795
5825,1.9997,0.0349048,4.38681301969132e-10,2.49046073552392e-08,0.909485669430051,-0.11110208537854
5824,1.99878,0.069799,4.4554924696448e-10,3.36520367265834e-08,0.915346582363134,0.7777525037628
5824,1.99726,0.104672,3.70271199039024e-10,4.22004572848334e-08,0.910462498171695,-0.333308963393583
5823,1.99513,0.139513,2.18793948425361e-10,5.07923148796982e-08,0.912416143749585,0.555523964001403
5823,1.99239,0.174311,-1.4233409792344e-11,5.93265292160645e-08,0.912416143752112,-0.555523964232293
5822,1.98904,0.209057,-3.22024025324375e-10,6.77251714227085e-08,0.910462498170195,0.33330896316169
5822,1.98509,0.243739,-7.14141241793872e-10,7.62518869712734e-08,0.915346582366752,-0.777752503996411
5821,1.98054,0.278346,-1.17239823934207e-09,8.44202034804931e-08,0.909485669429537,0.111102085145532
5820,1.97538,0.312869,-1.70522656317895e-09,9.28303769404135e-08,0.91925377830504,0.999999999897275
5820,1.96962,0.347296,-2.32247533941571e-09,1.00848698495802e-07,0.909485669429959,-0.111102085350008
5819,1.96325,0.381618,-2.99274965552011e-09,1.09003550829232e-07,0.915346582363608,0.777752503792493
5819,1.9563,0.415823,-3.75697583593567e-09,1.16986119627465e-07,0.910462498171543,-0.333308963366333
5818,1.94874,0.449902,-4.54983753232233e-09,1.24855649191085e-07,0.912416143749872,0.555523964026318
5818,1.94059,0.483844,-5.45568993370959e-09,1.32812546393971e-07,0.912416143751876,-0.555523964209557
5817,1.93185,0.517638,-6.35332251151949e-09,1.40369964289102e-07,0.910462498170338,0.333308963182653
5817,1.92252,0.551275,-7.3944020702875e-09,1.48311008992748e-07,0.915346582366455,-0.777752503976955
5816,1.91261,0.584743,-8.37672721816434e-09,1.5553135043739e-07,0.909485669429567,0.111102085165898
5815,1.90211,0.618034,-9.41746082320175e-09,1.63070232021807e-07,0.919253778305533,0.999999999919169
5815,1.89104,0.651136,-1.0591053884565e-08,1.70324513587551e-07,0.909485669429933,-0.111102085328256
5814,1.87939,0.68404,-1.1687641589187e-08,1.77513817117577e-07,0.915346582363941,0.777752503814277
5814,1.86716,0.716736,-1.29651115189516e-08,1.84733762637792e-07,0.910462498171402,-0.333308963343933
5813,1.85437,0.749213,-1.40935121533024e-08,1.91550677080073e-07,0.912416143750119,0.555523964050056
5813,1.84101,0.781462,-1.54656028777658e-08,1.98745287968168e-07,0.912416143751575,-0.555523964183394
5812,1.82709,0.813473,-1.66008225647043e-08,2.05171493433196e-07,0.910462498170486,0.333308963212263
5812,1.81262,0.845237,-1.80577291572661e-08,2.12350871000405e-07,0.915346582365915,-0.777752503943209
5811,1.79759,0.876742,-1.91749284529142e-08,2.18373919526177e-07,0.909485669429635,0.111102085200681
5810,1.78201,0.907981,-2.03243600544086e-08,2.24798518638277e-07,0.919253778306195,0.999999999954235
5810,1.7659,0.938943,-2.1782281213319e-08,2.31159871366726e-07,0.909485669429844,-0.111102085292603
5809,1.74924,0.969619,-2.28840254218782e-08,2.37189087517199e-07,0.915346582364538,0.777752503850291
5809,1.73205,1,-2.43912535884148e-08,2.43529272680026e-07,0.910462498171199,-0.333308963308445
5808,1.71433,1.03008,-2.54230833051308e-08,2.49149848143656e-07,0.912416143750526,0.555523964084446
5808,1.6961,1.05984,-2.69720352713048e-08,2.5547456814469e-07,0.912416143751246,-0.555523964150953
5807,1.67734,1.08928,-2.79121679883728e-08,2.60668042505224e-07,0.910462498170725,0.333308963242434
5807,1.65808,1.11839,-2.94960672316849e-08,2.66979911726472e-07,0.915346582365508,-0.777752503915519
5806,1.6383,1.14715,-3.03231096274688e-08,2.71725138862171e-07,0.909485669429676,0.11110208522853
5805,1.61803,1.17557,-3.11505135058947e-08,2.76944381296257e-07,0.919253778306765,0.999999999982884
5805,1.59727,1.20363,-3.26291301724033e-08,2.82301985983478e-07,0.909485669429817,-0.111102085265541
5804,1.57602,1.23132,-3.33150345413143e-08,2.87062674217563e-07,0.9153465823649,0.777752503876539
5804,1.55429,1.25864,-3.4805430151041e-08,2.92382024936488e-07,0.910462498170939,-0.333308963279996
5803,1.53209,1.28558,-3.53319902805812e-08,2.96668167875357e-07,0.912416143750815,0.555523964114853
5803,1.50942,1.31212,-3.68300069108527e-08,3.0195054526953e-07,0.91241614375085,-0.555523964118972
5802,1.48629,1.33826,-3.71816171525117e-08,3.05746445892382e-07,0.910462498170897,0.333308963276791
5802,1.46271,1.364,-3.86841752296438e-08,3.10990756471166e-07,0.915346582364929,-0.77775250387822
5801,1.43868,1.38932,-3.8846961210301e-08,3.14278132561512e-07,0.909485669429954,0.111102085257182
5801,1.41421,1.41421,-4.03520334203332e-08,3.19480252116626e-07,0.919253778307104,-0.999999999999994
850,1.38932,1.43868,-4.03128112749899e-08,3.22237692416886e-07,0.909485669429991,-0.111102085260227
849,1.364,1.46271,-4.02300140753189e-08,3.25538456417542e-07,0.915346582364834,0.777752503871359
849,1.33826,1.48629,-4.1564528976193e-08,3.29596157286643e-07,0.910462498171096,-0.333308963290402
848,1.31212,1.50942,-4.12585782990348e-08,3.32352064385802e-07,0.912416143750729,0.555523964099008
848,1.28558,1.53209,-4.25874868985349e-08,3.36326105178637e-07,0.912416143751184,-0.555523964140596
847,1.25864,1.55429,-4.20457739678484e-08,3.38520112437224e-07,0.910462498170846,0.333308963247574
847,1.23132,1.57602,-4.33670058289743e-08,3.42405663071236e-07,0.915346582365554,-0.777752503916259
846,1.20363,1.59727,-4.25774893065443e-08,3.44026047662085e-07,0.90948566942978,0.111102085221654
845,1.17557,1.61803,-4.17102416623038e-08,3.46236982530757e-07,0.919253778306528,0.999999999969813
845,1.14715,1.6383,-4.28391482308711e-08,3.48858845509075e-07,0.909485669429915,-0.111102085282135
844,1.11839,1.65808,-4.17054902858744e-08,3.50499709677105e-07,0.915346582364625,0.777752503855763
844,1.08928,1.67734,-4.28157505555708e-08,3.53010807552014e-07,0.910462498171253,-0.333308963307521
843,1.05984,1.6961,-4.14038483994286e-08,3.54076874739134e-07,0.912416143750542,0.555523964080906
843,1.03008,1.71433,-4.24920493721842e-08,3.56475166828866e-07,0.912416143751377,-0.555523964158847
842,1,1.73205,-4.07897058342554e-08,3.56962829032582e-07,0.910462498170698,0.333308963230309
842,0.969619,1.74924,-4.18520652499445e-08,3.59245693802627e-07,0.915346582365766,-0.777752503931825
841,0.938943,1.7659,-3.98462814381976e-08,3.59154061854628e-07,0.909485669429764,0.111102085205048
840,0.907981,1.78201,-3.77104018823134e-08,3.59705454465085e-07,0.919253778306164,0.99999999995148
840,0.876742,1.79759,-3.85559371763052e-08,3.60654138421892e-07,0.909485669429979,-0.11110208530158
839,0.845237,1.81262,-3.60947081239602e-08,3.60644649329574e-07,0.91534658236432,0.777752503835068
839,0.813473,1.82709,-3.6901901907618e-08,3.61479657991643e-07,0.91046249817139,-0.33330896333004
838,0.781462,1.84101,-3.4108240956475e-08,3.60930602808299e-07,0.912416143750255,0.555523964056983
838,0.749213,1.85437,-3.4870807871611e-08,3.61664252533156e-07,0.912416143751674,-0.555523964183563
837,0.716736,1.86716,-3.17429634869536e-08,3.60609712809379e-07,0.910462498170584,0.333308963203304
837,0.68404,1.87939,-3.24541446731237e-08,3.61259446891266e-07,0.915346582366261,-0.777752503962098
836,0.651136,1.89104,-2.89961110631826e-08,3.59745708562015e-07,0.909485669429719,0.111102085173086
835,0.618034,1.90211,-2.53902703454491e-08,3.58950257143648e-07,0.919253778305509,0.999999999918205
835,0.584743,1.91261,-2.58717347370584e-08,3.58417589943698e-07,0.909485669430073,-0.111102085335132
834,0.551275,1.92252,-2.19599841042229e-08,3.57245308086609e-07,0.915346582363819,0.777752503801204
834,0.517638,1.93185,-2.2382593553992e-08,3.56714252000907e-07,0.910462498171637,-0.333308963364254
833,0.483844,1.94059,-1.81892909002478e-08,3.55227220906407e-07,0.912416143749877,0.55552396402192
833,0.449902,1.94874,-1.85505512862294e-08,3.54727187109125e-07,0.91241614375206,-0.555523964220202
832,0.415823,1.9563,-1.41058868802974e-08,3.52985854123044e-07,0.910462498170279,0.333308963168166
832,0.381618,1.96325,-1.44049171147872e-08,3.52543598046479e-07,0.915346582366717,-0.777752503993703
831,0.347296,1.96962,-9.74309764676292e-09,3.50603360486872e-07,0.909485669429573,0.111102085145737
830,0.312869,1.97538,-4.99561381004986e-09,3.49452501242441e-07,0.919253778305012,0.99999999989529
830,0.278346,1.98054,-5.13919058615326e-09,3.48151378730194e-07,0.909485669430091,-0.111102085358547
829,0.243739,1.98509,-2.32757890944851e-10,3.46861019792425e-07,0.915346582363415,0.77775250377766
829,0.209057,1.98904,-3.36871534862635e-10,3.45688930010262e-07,0.910462498171767,-0.333308963386422
828,0.174311,1.99239,4.68792818477484e-09,3.44294327472966e-07,0.912416143749651,0.55552396400147
828,0.139513,1.99513,4.61805647882747e-09,3.43261350541517e-07,0.912416143752224,-0.555523964238419
827,0.104672,1.99726,9.71949275135659e-09,3.41789150535444e-07,0.910462498170184,0.33330896314881
827,0.069799,1.99878,9.67792829395029e-09,3.40900685557873e-07,0.915346582367074,-0.777752504016452
826,0.0349048,1.9997,1.48135631471351e-08,3.39369448846853e-07,0.909485669429527,0.111102085121841
825,1.27747e-16,2,1.99747996657579e-08,3.3862663875461e-07,0.919253778304535,0.999999999870799
825,-0.0349048,1.9997,1.99206884005554e-08,3.3704718631027e-07,0.909485669430051,-0.111102085378537
824,-0.069799,1.99878,2.50535246642525e-08,3.36249195851336e-07,0.915346582363134,0.777752503762801
824,-0.104672,1.99726,2.49912436062299e-08,3.34822426597319e-07,0.910462498171695,-0.333308963393583
823,-0.139513,1.99513,3.00539272915255e-08,3.33968371963098e-07,0.912416143749585,0.555523964001401
823,-0.174311,1.99239,2.99771007671818e-08,3.32683731182781e-07,0.912416143752112,-0.555523964232297
822,-0.209057,1.98904,3.49304362541015e-08,3.3176577747951e-07,0.910462498170195,0.333308963161685
822,-0.243739,1.98509,3.48329957409967e-08,3.30609273682194e-07,0.915346582366744,-0.777752503996403
821,-0.278346,1.98054,3.96409442516093e-08,3.29613457437876e-07,0.909485669429538,0.111102085145537
820,-0.312869,1.97538,4.44276982317487e-08,3.29345766182217e-07,0.919253778305041,0.999999999897278
820,-0.347296,1.96962,4.4147103378035e-08,3.27475037076233e-07,0.90948566942996,-0.111102085350006
819,-0.381618,1.96325,4.87433625669333e-08,3.27090779836126e-07,0.915346582363608,0.777752503792493
819,-0.415823,1.9563,4.84146123473985e-08,3.2530675936611e-07,0.910462498171543,-0.333308963366333
818,-0.449902,1.94874,5.27934317102107e-08,3.24780029056991e-07,0.912416143749872,0.555523964026316
818,-0.483844,1.94059,5.24137104703874e-08,3.23058797939525e-07,0.912416143751875,-0.555523964209561
817,-0.517638,1.93185,5.65519791802924e-08,3.22360599109531e-07,0.910462498170336,0.333308963182646
817,-0.551275,1.92252,5.6119117016998e-08,3.20676716558271e-07,0.915346582366457,-0.777752503976948
816,-0.584743,1.91261,5.99973266113007e-08,3.19775850342888e-07,0.909485669429562,0.111102085165907
815,-0.618034,1.90211,6.38345800579662e-08,3.19507932869417e-07,0.919253778305526,0.999999999919175
815,-0.651136,1.89104,6.31123349532822e-08,3.16967056080723e-07,0.909485669429935,-0.111102085328253
814,-0.68404,1.87939,6.66687187477229e-08,3.16440010204132e-07,0.915346582363941,0.777752503814277
814,-0.716736,1.86716,6.58847449981104e-08,3.13875751781641e-07,0.910462498171402,-0.333308963343933
813,-0.749213,1.85437,6.915093342081e-08,3.13058734594444e-07,0.912416143750117,0.555523964050053
813,-0.781462,1.84101,6.83064094010676e-08,3.10445989318615e-07,0.912416143751584,-0.555523964183396
812,-0.813473,1.82709,7.12756033041168e-08,3.09310748113338e-07,0.910462498170484,0.33330896321226
812,-0.845237,1.81262,7.03716753860597e-08,3.0662586622096e-07,0.91534658236591,-0.7777525039432
811,-0.876742,1.79759,7.30385067513371e-08,3.05146911757738e-07,0.909485669429639,0.111102085200672
810,-0.907981,1.78201,7.5662802526381e-08,3.04194949216439e-07,0.919253778306197,0.999999999954239
810,-0.938943,1.7659,7.44369767647198e-08,3.00522333446965e-07,0.909485669429848,-0.111102085292613
809,-0.969619,1.74924,7.67523798749094e-08,2.9918076066446e-07,0.915346582364533,0.777752503850298
809,-1,1.73205,7.54699842073414e-08,2.95397384528759e-07,0.910462498171205,-0.333308963308436
808,-1.03008,1.71433,7.74749864518809e-08,2.93648546517003e-07,0.912416143750522,0.55552396408444
808,-1.05984,1.6961,7.61371912505942e-08,2.89738105771453e-07,0.912416143751243,-0.555523964150944
807,-1.08928,1.67734,7.78308571814261e-08,2.87567968842062e-07,0.910462498170733,0.33330896324243
807,-1.11839,1.65808,7.64381764296764e-08,2.8351562770418e-07,0.915346582365511,-0.777752503915504
806,-1.14715,1.6383,7.7820096562416e-08,2.80913385853421e-07,0.909485669429678,0.11110208522852
805,-1.17557,1.61803,7.91543526492825e-08,2.787265988839e-07,0.91925377830677,0.999999999982889
805,-1.20363,1.59727,7.74433076392043e-08,2.73663564122701e-07,0.909485669429819,-0.111102085265551
804,-1.23132,1.57602,7.84639973981255e-08,2.71014518919473e-07,0.915346582364893,0.777752503876544
804,-1.25864,1.55429,7.67015265104128e-08,2.658017759493e-07,0.910462498170937,-0.333308963279986
803,-1.28558,1.53209,7.74106558371512e-08,2.62687070092209e-07,0.912416143750809,0.555523964114847
803,-1.31212,1.50942,7.55955589183506e-08,2.57315403244649e-07,0.912416143750849,-0.555523964118962
802,-1.33826,1.48629,7.59954033823551e-08,2.53734193355104e-07,0.910462498170897,0.333308963276791
802,-1.364,1.46271,7.41258171012815e-08,2.48194729725336e-07,0.915346582364928,-0.77775250387821
801,-1.38932,1.43868,7.42193136369572e-08,2.44148248091791e-07,0.909485669429954,0.111102085257172
801,-1.41421,1.41421,7.22928783377574e-08,2.38432236225881e-07,0.919253778307104,-0.999999999999994
15850,-1.43868,1.38932,7.20840768395668e-08,2.33923785649983e-07,0.909485669429991,-0.111102085260237
15849,-1.46271,1.364,7.18175385338375e-08,2.29686245164328e-07,0.915346582364828,0.777752503871364
15849,-1.48629,1.33826,6.95921391355523e-08,2.23057200878113e-07,0.910462498171103,-0.333308963290387
15848,-1.50942,1.31212,6.90271537804684e-08,2.18339191050743e-07,0.912416143750729,0.555523964099008
15848,-1.53209,1.28558,6.67467605946303e-08,2.11546307188736e-07,0.912416143751185,-0.555523964140586
15847,-1.55429,1.25864,6.58905010402701e-08,2.06354762215392e-07,0.910462498170851,0.333308963247569
15847,-1.57602,1.23132,6.35522609074314e-08,1.99390171053109e-07,0.915346582365555,-0.777752503916249
15846,-1.59727,1.20363,6.24133920521169e-08,1.93733796443844e-07,0.909485669429784,0.111102085221639
15845,-1.61803,1.17557,6.12125537077574e-08,1.88238553494229e-07,0.919253778306531,0.999999999969823
15845,-1.6383,1.14715,5.86027545121218e-08,1.80478386129163e-07,0.909485669429917,-0.111102085282151
15844,-1.65808,1.11839,5.71295575288907e-08,1.7450422584374e-07,0.915346582364627,0.777752503855772
15844,-1.67734,1.08928,5.44665175916362e-08,1.66591530055754e-07,0.910462498171251,-0.333308963307506
15843,-1.6961,1.05984,5.27328627938311e-08,1.60150288236336e-07,0.912416143750542,0.555523964080906
15843,-1.71433,1.03008,5.00139039443639e-08,1.52076773110423e-07,0.912416143751375,-0.555523964158831
15842,-1.73205,1,4.80333112224197e-08,1.45181673683112e-07,0.910462498170697,0.333308963230296
15842,-1.74924,0.969619,4.5255845417585e-08,1.36938356079884e-07,0.915346582365764,-0.777752503931822
15841,-1.7659,0.938943,4.30435420149418e-08,1.29604253510371e-07,0.909485669429762,0.111102085205035
15840,-1.78201,0.907981,4.07689528677335e-08,1.2228819431505e-07,0.919253778306162,0.999999999951483
15840,-1.79759,0.876742,3.77778111430582e-08,1.1342479909326e-07,0.909485669429984,-0.111102085301589
15839,-1.81262,0.845237,3.52907820227887e-08,1.05661318641945e-07,0.915346582364318,0.777752503835071
15839,-1.82709,0.813473,3.22519391224998e-08,9.66508872419991e-08,0.910462498171391,-0.333308963330024
15838,-1.84101,0.781462,2.95713303475752e-08,8.84581944475329e-08,0.912416143750253,0.555523964056986
15838,-1.85437,0.749213,2.64834708627277e-08,7.92910077200072e-08,0.912416143751674,-0.555523964183544
15837,-1.86716,0.716736,2.36296738106374e-08,7.06889730363323e-08,0.910462498170589,0.333308963203294
15837,-1.87939,0.68404,2.04917680615053e-08,6.13548106565469e-08,0.915346582366259,-0.777752503962095
15836,-1.89104,0.651136,1.74866131619375e-08,5.23651000462937e-08,0.909485669429715,0.111102085173074
15835,-1.90211,0.618034,1.44253425352566e-08,4.32454799252538e-08,0.919253778305508,0.999999999918209
15835,-1.91261,0.584743,1.11645290865722e-08,3.34993599890027e-08,0.909485669430068,-0.111102085335144
15834,-1.92252,0.551275,7.97952666316363e-09,2.3991596612212e-08,0.915346582363818,0.777752503801208
15834,-1.93185,0.517638,4.6873298186551e-09,1.41059275131058e-08,0.910462498171639,-0.333308963364235
15833,-1.94059,0.483844,1.40339821103063e-09,4.23591409772857e-09,0.912416143749876,0.555523964021923
15833,-1.94874,0.449902,-1.91956022457651e-09,-5.79936410059071e-09,0.912416143752063,-0.555523964220183
15832,-1.9563,0.415823,-5.27656483361111e-09,-1.60037145068285e-08,0.910462498170272,0.333308963168156
15832,-1.96325,0.381618,-8.62931750885089e-09,-2.61988332313141e-08,0.915346582366716,-0.7777525039937
15831,-1.96962,0.347296,-1.20326799468687e-08,-3.67076391830028e-08,0.909485669429575,0.111102085145728
15830,-1.97538,0.312869,-1.54804487137885e-08,-4.74930357795015e-08,0.91925377830502,0.999999999895294
15830,-1.98054,0.278346,-1.88362651772353e-08,-5.78545042221888e-08,0.909485669430092,-0.111102085358556
15829,-1.98509,0.243739,-2.22971708276882e-08,-6.89339799570893e-08,0.915346582363415,0.777752503777664
15829,-1.98904,0.209057,-2.56577950601457e-08,-7.94212216412127e-08,0.910462498171765,-0.333308963386404
15828,-1.99239,0.174311,-2.91038043825017e-08,-9.07602636783537e-08,0.912416143749651,0.555523964001473
15828,-1.99513,0.139513,-3.24670291392736e-08,-1.01382827249518e-07,0.912416143752222,-0.5555239642384
15827,-1.99726,0.104672,-3.58698792596942e-08,-1.12945006780508e-07,0.910462498170184,0.3333089631488
15827,-1.99878,0.069799,-3.92331998107719e-08,-1.23712415674037e-07,0.915346582367074,-0.777752504016448
15826,-1.9997,0.0349048,-4.25646291988099e-08,-1.35459487194782e-07,0.909485669429527,0.111102085121831
15825,-2,2.46315e-16,-4.59252522307791e-08,-1.47621417571166e-07,0.919253778304535,0.999999999870803
15825,-1.9997,-0.0349048,-4.91571889297761e-08,-1.58273180742975e-07,0.909485669430051,-0.111102085378547
15824,-1.99878,-0.069799,-5.24122551641086e-08,-1.70597889350573e-07,0.915346582363134,0.777752503762804
15824,-1.99726,-0.104672,-5.56166565478576e-08,-1.8135363649806e-07,0.910462498171696,-0.333308963393566
15823,-1.99513,-0.139513,-5.87385557540213e-08,-1.93798298639741e-07,0.912416143749586,0.555523964001405
15823,-1.99239,-0.174311,-6.19122208126993e-08,-2.04666240783458e-07,0.912416143752114,-0.555523964232279
15822,-1.98904,-0.209057,-6.48739948434118e-08,-2.17186144705902e-07,0.910462498170195,0.333308963161688
15822,-1.98509,-0.243739,-6.80134873220837e-08,-2.28174099767566e-07,0.915346582366744,-0.7777525039964
15821,-1.98054,-0.278346,-7.07891162569618e-08,-2.40722833854539e-07,0.909485669429545,0.111102085145526
15820,-1.97538,-0.312869,-7.35785042968034e-08,-2.5380983831138e-07,0.919253778305042,0.999999999897283
15820,-1.96962,-0.347296,-7.64553419877187e-08,-2.64367788430401e-07,0.909485669429957,-0.111102085350017
15819,-1.96325,-0.381618,-7.90286883190911e-08,-2.77448758019176e-07,0.915346582363609,0.777752503792499
15819,-1.9563,-0.415823,-8.18450663358886e-08,-2.88078267594143e-07,0.910462498171549,-0.333308963366345
15818,-1.94874,-0.449902,-8.4179363813286e-08,-3.0110244452519e-07,0.912416143749872,0.555523964026319
15818,-1.94059,-0.483844,-8.69320807848274e-08,-3.11809280918669e-07,0.91241614375188,-0.555523964209544
15817,-1.93185,-0.517638,-8.90060818175018e-08,-3.24724767452384e-07,0.910462498170337,0.33330896318265
15817,-1.92252,-0.551275,-9.16919093859959e-08,-3.35514052979e-07,0.915346582366458,-0.777752503976945
15816,-1.91261,-0.584743,-9.34859728710036e-08,-3.48268332893722e-07,0.909485669429567,0.111102085165898
15815,-1.90211,-0.618034,-9.52824362163352e-08,-3.61664861273691e-07,0.919253778305528,0.999999999919178
15815,-1.89104,-0.651136,-9.75973824854048e-08,-3.71684120268912e-07,0.90948566942994,-0.111102085328262
15814,-1.87939,-0.68404,-9.90931921148279e-08,-3.84874227851104e-07,0.915346582363942,0.77775250381428
15814,-1.86716,-0.716736,-1.01320383404677e-07,-3.94920778178448e-07,0.910462498171397,-0.333308963343943
15813,-1.85437,-0.749213,-1.02500863478153e-07,-4.07848016176395e-07,0.912416143750119,0.555523964050056
15813,-1.84101,-0.781462,-1.04637821085814e-07,-4.17924686770847e-07,0.912416143751582,-0.555523964183381
15812,-1.82709,-0.813473,-1.05491094791728e-07,-4.30532403968071e-07,0.910462498170486,0.333308963212263
15812,-1.81262,-0.845237,-1.07535562566445e-07,-4.40641279207801e-07,0.915346582365912,-0.777752503943197
15811,-1.79759,-0.876742,-1.080518737977e-07,-4.52873385497492e-07,0.909485669429641,0.111102085200675
15810,-1.78201,-0.907981,-1.08568565113531e-07,-4.6582722540488e-07,0.919253778306197,0.999999999954239
15810,-1.7659,-0.938943,-1.10172906074089e-07,-4.74815470541425e-07,0.90948566942985,-0.11110208529261
15809,-1.74924,-0.969619,-1.10346350259132e-07,-4.87340343534038e-07,0.915346582364535,0.777752503850301
15809,-1.73205,-1,-1.11846737213858e-07,-4.96301395686892e-07,0.9104624981712,-0.333308963308458
15808,-1.71433,-1.03008,-1.11673832318787e-07,-5.08339715310862e-07,0.912416143750526,0.555523964084446
15808,-1.6961,-1.05984,-1.13069419288685e-07,-5.17273240726575e-07,0.912416143751243,-0.555523964150944
15807,-1.67734,-1.08928,-1.1254974476607e-07,-5.2876872686418e-07,0.910462498170725,0.333308963242434
15807,-1.65808,-1.11839,-1.1383979204016e-07,-5.37673315370717e-07,0.915346582365503,-0.7777525039155
15806,-1.6383,-1.14715,-1.12974979459768e-07,-5.48571303337115e-07,0.90948566942967,0.111102085228524
15805,-1.61803,-1.17557,-1.12120882079667e-07,-5.60248966755578e-07,0.919253778306763,0.999999999982893
15805,-1.59727,-1.20363,-1.12952769503493e-07,-5.67690856296461e-07,0.909485669429812,-0.111102085265547
15804,-1.57602,-1.23132,-1.11763558499445e-07,-5.78716664395226e-07,0.915346582364898,0.777752503876549
15804,-1.55429,-1.25864,-1.12490197223218e-07,-5.86070263839256e-07,0.910462498170935,-0.333308963280012
15803,-1.53209,-1.28558,-1.10975725905725e-07,-5.96391003258618e-07,0.912416143750815,0.555523964114853
15803,-1.50942,-1.31212,-1.11598887060012e-07,-6.03654085343841e-07,0.912416143750855,-0.555523964118957
15802,-1.48629,-1.33826,-1.0977181665299e-07,-6.13220188590231e-07,0.910462498170897,0.333308963276791
15802,-1.46271,-1.364,-1.10293657607368e-07,-6.20389829458225e-07,0.915346582364928,-0.77775250387821
15801,-1.43868,-1.38932,-1.08168800578514e-07,-6.2915528244954e-07,0.909485669429954,0.111102085257172
15801,-1.41421,-1.41421,-1.08591745805106e-07,-6.36227959904758e-07,0.919253778307098,-0.999999999999989
10084,-1.38932,-1.43868,-1.06186486761676e-07,-6.44150170332148e-07,-0.909485669429983,0.111102085260242
10184,-1.364,-1.46271,-1.03825357705398e-07,-6.52892754925982e-07,-0.915346582364814,-0.777752503871363
10184,-1.33826,-1.48629,-1.03847822825502e-07,-6.58162089576743e-07,-0.910462498171062,0.333308963290425
10284,-1.31212,-1.50942,-1.01236212806405e-07,-6.66024042441067e-07,-0.912416143750702,-0.555523964098991
10284,-1.28558,-1.53209,-1.01178603549893e-07,-6.71152610971692e-07,-0.912416143751175,0.55552396414059
10384,-1.25864,-1.55429,-9.83396329501039e-08,-6.78100852080233e-07,-0.910462498170858,-0.333308963247603
10384,-1.23132,-1.57602,-9.82073840535072e-08,-6.83088118580149e-07,-0.915346582365569,0.777752503916277
10484,-1.20363,-1.59727,-9.51674208723627e-08,-6.89093925786979e-07,-0.909485669429755,-0.111102085221656
10584,-1.17557,-1.61803,-9.21964701664236e-08,-6.95952515764878e-07,-0.919253778306467,-0.999999999969833
10584,-1.14715,-1.6383,-9.1756196394356e-08,-6.98980218652161e-07,-0.909485669429891,0.111102085282108
10684,-1.11839,-1.65808,-8.86285775312369e-08,-7.04875702646835e-07,-0.915346582364624,-0.777752503855743
10684,-1.08928,-1.67734,-8.81462223397406e-08,-7.07746184960062e-07,-0.910462498171255,0.333308963307532
10784,-1.05984,-1.6961,-8.4893759585907e-08,-7.12666579738732e-07,-0.912416143750544,-0.555523964080908
10784,-1.03008,-1.71433,-8.43786310385319e-08,-7.15387839887181e-07,-0.912416143751393,0.555523964158839
10884,-1,-1.73205,-8.10337347692326e-08,-7.19327930792219e-07,-0.910462498170715,-0.333308963230315
10884,-0.969619,-1.74924,-8.04952768939618e-08,-7.21909211982892e-07,-0.915346582365772,0.777752503931858
10984,-0.938943,-1.7659,-7.70928378672629e-08,-7.24870025001441e-07,-0.909485669429763,-0.111102085205032
11084,-0.907981,-1.78201,-7.38044777099342e-08,-7.28716841462994e-07,-0.919253778306154,-0.99999999995149
11084,-0.876742,-1.79759,-7.31183317392785e-08,-7.2931280376397e-07,-0.909485669429981,0.111102085301552
11184,-0.845237,-1.81262,-6.98256011154108e-08,-7.32197616289162e-07,-0.915346582364332,-0.777752503835052
11184,-0.813473,-1.82709,-6.91577668740905e-08,-7.32688145288945e-07,-0.910462498171421,0.333308963330044
11284,-0.781462,-1.84101,-6.58952401932958e-08,-7.34632154234981e-07,-0.912416143750289,-0.555523964056998
11284,-0.749213,-1.85437,-6.52554513536096e-08,-7.3503813284781e-07,-0.912416143751684,0.555523964183542
11384,-0.716736,-1.86716,-6.20564495975351e-08,-7.3606815036447e-07,-0.910462498170579,-0.333308963203316
11384,-0.68404,-1.87939,-6.14535216413008e-08,-7.36411252511742e-07,-0.915346582366256,0.777752503962127
11484,-0.651136,-1.89104,-5.83524539896262e-08,-7.36559644769884e-07,-0.9094856694297,-0.111102085173069
11584,-0.618034,-1.90211,-5.54193452799899e-08,-7.37635580579625e-07,-0.919253778305473,-0.9999999999182
11584,-0.584743,-1.91261,-5.48242587077734e-08,-7.36170231925882e-07,-0.909485669430035,0.111102085335111
11684,-0.551275,-1.92252,-5.20340474560417e-08,-7.36419483791919e-07,-0.915346582363772,-0.777752503801188
11684,-0.517638,-1.93185,-5.15052949059822e-08,-7.34970903945635e-07,-0.910462498171642,0.333308963364261
11784,-0.483844,-1.94059,-4.88787316302969e-08,-7.34439815513081e-07,-0.912416143749915,-0.555523964021929
11784,-0.449902,-1.94874,-4.84195017219612e-08,-7.33034022526143e-07,-0.912416143752077,0.555523964220183
11884,-0.415823,-1.9563,-4.59723878046653e-08,-7.31768531028154e-07,-0.910462498170266,-0.33330896316818
11884,-0.381618,-1.96325,-4.55839921604971e-08,-7.30428769072542e-07,-0.915346582366712,0.777752503993725
11984,-0.347296,-1.96962,-4.33286676527192e-08,-7.28473630962298e-07,-0.909485669429565,-0.111102085145729
12084,-0.312869,-1.97538,-4.12671591685288e-08,-7.27496900548982e-07,-0.919253778305011,-0.999999999895287
12084,-0.278346,-1.98054,-4.09539457161479e-08,-7.24619265250038e-07,-0.909485669430107,0.111102085358526
12184,-0.243739,-1.98509,-3.90899323058811e-08,-7.23008657948489e-07,-0.915346582363447,-0.777752503777644
12184,-0.209057,-1.98904,-3.88455979247974e-08,-7.2026224579829e-07,-0.910462498171781,0.333308963386432
12284,-0.174311,-1.99239,-3.71748249350098e-08,-7.18054237921689e-07,-0.912416143749663,-0.555523964001473
12284,-0.139513,-1.99513,-3.69938784613094e-08,-7.15448535118388e-07,-0.912416143752267,0.555523964238395
12384,-0.104672,-1.99726,-3.55077749876898e-08,-7.12673462611117e-07,-0.910462498170238,-0.333308963148834
12384,-0.069799,-1.99878,-3.53838461896936e-08,-7.10212848133998e-07,-0.915346582367131,0.777752504016471
12484,-0.0349048,-1.9997,-3.40689744375821e-08,-7.0689488995606e-07,-0.909485669429557,-0.111102085121833
12584,-4.35203e-16,-2,-3.29172940600646e-08,-7.04578370507616e-07,-0.919253778304537,-0.999999999870803
12584,0.0349048,-1.9997,-3.28323075625648e-08,-7.00734148040025e-07,-0.909485669430058,0.111102085378513
12684,0.069799,-1.99878,-3.18160860502338e-08,-6.97888858144487e-07,-0.915346582363139,-0.777752503762792
12684,0.104672,-1.99726,-3.17675205553433e-08,-6.94191137756408e-07,-0.9104624981717,0.333308963393593
12784,0.139513,-1.99513,-3.08635611588386e-08,-6.90819250654741e-07,-0.912416143749591,-0.555523964001403
12784,0.174311,-1.99239,-3.08444578026193e-08,-6.87249934816287e-07,-0.912416143752134,0.555523964232273
12884,0.209057,-1.98904,-3.0030810851198e-08,-6.83345613330129e-07,-0.91046249817019,-0.333308963161724
12884,0.243739,-1.98509,-3.00351156340814e-08,-6.79881112142223e-07,-0.915346582366752,0.777752503996427
12984,0.278346,-1.98054,-2.92905822926282e-08,-6.75431401288921e-07,-0.909485669429543,-0.111102085145531
13084,0.312869,-1.97538,-2.86293403400655e-08,-6.71934258263736e-07,-0.919253778305079,-0.999999999897294
13084,0.347296,-1.96962,-2.86176119815221e-08,-6.67027070820123e-07,-0.909485669429971,0.111102085349981
13184,0.381618,-1.96325,-2.79874915143582e-08,-6.62940655514725e-07,-0.915346582363621,-0.777752503792476
13184,0.415823,-1.9563,-2.79907677169364e-08,-6.58070131025527e-07,-0.910462498171561,0.33330896336634
13284,0.449902,-1.94874,-2.73759701690723e-08,-6.53363082827716e-07,-0.912416143749886,-0.555523964026324
13284,0.483844,-1.94059,-2.73950675720647e-08,-6.48488196433466e-07,-0.912416143751904,0.555523964209538
13384,0.517638,-1.93185,-2.67834416666923e-08,-6.43125807332674e-07,-0.910462498170363,-0.333308963182687
13384,0.551275,-1.92252,-2.68211436747519e-08,-6.38202941448719e-07,-0.915346582366464,0.777752503976962
13484,0.584743,-1.91261,-2.62037074487106e-08,-6.32149262826442e-07,-0.909485669429569,-0.111102085165906
13584,0.618034,-1.90211,-2.55858488065898e-08,-6.26912680827326e-07,-0.919253778305519,-0.999999999919186
13584,0.651136,-1.89104,-2.56378163605059e-08,-6.20355126324805e-07,-0.909485669429928,0.111102085328226
13684,0.68404,-1.87939,-2.50032074337569e-08,-6.14359403497643e-07,-0.915346582363942,-0.777752503814258
13684,0.716736,-1.86716,-2.5095850721879e-08,-6.0767580460152e-07,-0.910462498171394,0.333308963343945
13784,0.749213,-1.85437,-2.44545497969262e-08,-6.00903019093602e-07,-0.912416143750121,-0.555523964050058
13784,0.781462,-1.84101,-2.45948699389586e-08,-5.9406500479356e-07,-0.91241614375158,0.555523964183364
13884,0.813473,-1.82709,-2.3961033758545e-08,-5.86516195713791e-07,-0.91046249817049,-0.333308963212306
13884,0.845237,-1.81262,-2.41543511581941e-08,-5.79505123195013e-07,-0.915346582365913,0.777752503943214
13984,0.876742,-1.79759,-2.35436672787555e-08,-5.71202510250235e-07,-0.909485669429626,-0.1111020852007
14084,0.907981,-1.78201,-2.29328868740837e-08,-5.63571501776123e-07,-0.919253778306215,-0.999999999954254
14084,0.938943,-1.7659,-2.3222328867527e-08,-5.54997843171278e-07,-0.909485669429858,0.111102085292581
14184,0.969619,-1.74924,-2.26674118427432e-08,-5.4665121369774e-07,-0.915346582364524,-0.777752503850263
14184,1,-1.73205,-2.30133836098656e-08,-5.37970459567129e-07,-0.910462498171194,0.333308963308465
14284,1.03008,-1.71433,-2.25309857319374e-08,-5.28983234550016e-07,-0.91241614375052,-0.55552396408445
14284,1.05984,-1.6961,-2.2925312922705e-08,-5.20215630290568e-07,-0.912416143751235,0.55552396415093
14384,1.08928,-1.67734,-2.25249288447435e-08,-5.1067602815534e-07,-0.910462498170724,-0.333308963242461
14384,1.11839,-1.65808,-2.29560507173135e-08,-5.01845606201393e-07,-0.915346582365498,0.777752503915531
14484,1.14715,-1.6383,-2.26390674095945e-08,-4.91847626857138e-07,-0.909485669429676,-0.111102085228531
14584,1.17557,-1.61803,-2.23884708511587e-08,-4.82467512024103e-07,-0.919253778306762,-0.999999999982903
14584,1.20363,-1.59727,-2.28535761156761e-08,-4.72617253541053e-07,-0.909485669429825,0.1111020852655
14684,1.23132,-1.57602,-2.26841707537765e-08,-4.62877698900415e-07,-0.91534658236492,-0.777752503876537
14684,1.25864,-1.55429,-2.31405722365331e-08,-4.53100353729765e-07,-0.910462498170955,0.333308963280004
14784,1.28558,-1.53209,-2.30358697162669e-08,-4.43090550844739e-07,-0.912416143750819,-0.555523964114867
14784,1.31212,-1.50942,-2.34650047389935e-08,-4.33405777035703e-07,-0.912416143750872,0.555523964118932
14884,1.33826,-1.48629,-2.34031285697604e-08,-4.23208868816011e-07,-0.910462498170903,-0.333308963276861
14884,1.364,-1.46271,-2.37864879152918e-08,-4.136332854909e-07,-0.915346582364901,0.777752503878194
14984,1.38932,-1.43868,-2.3742342547738e-08,-4.03325058296386e-07,-0.909485669429939,-0.111102085257194
14984,1.41421,-1.41421,-2.40622473286845e-08,-3.93871844154803e-07,-0.919253778307102,0.999999999999985
5850,1.43868,-1.38932,-2.40095442539502e-08,-3.83519292034602e-07,0.909485669429985,-0.111102085260202
5849,1.46271,-1.364,-2.40116175697324e-08,-3.73712751668777e-07,0.915346582364833,0.777752503871339
5849,1.48629,-1.33826,-2.41626342214344e-08,-3.63856108100466e-07,0.910462498171102,-0.333308963290407
5848,1.50942,-1.31212,-2.41190832785457e-08,-3.54044666113105e-07,0.91241614375073,0.555523964099018
5848,1.53209,-1.28558,-2.41637020315079e-08,-3.44381075244368e-07,0.912416143751186,-0.555523964140576
5847,1.55429,-1.25864,-2.40503769975426e-08,-3.3460017603876e-07,0.91046249817085,0.333308963247604
5847,1.57602,-1.23132,-2.39815312135573e-08,-3.25120196440805e-07,0.91534658236556,-0.777752503916265
5846,1.59727,-1.20363,-2.37791587699126e-08,-3.15393699336105e-07,0.909485669429786,0.111102085221649
5845,1.61803,-1.17557,-2.35999660043272e-08,-3.06092182188081e-07,0.919253778306525,0.999999999969829
5845,1.6383,-1.14715,-2.32886669270012e-08,-2.96427750334556e-07,0.909485669429914,-0.11110208528211
5844,1.65808,-1.11839,-2.29997075029685e-08,-2.87170351063609e-07,0.915346582364627,0.777752503855747
5844,1.67734,-1.08928,-2.25713068495962e-08,-2.77698317232355e-07,0.910462498171258,-0.333308963307527
5843,1.6961,-1.05984,-2.21675085905233e-08,-2.68496827315e-07,0.912416143750537,0.555523964080912
5843,1.71433,-1.03008,-2.16282069100488e-08,-2.59197082629365e-07,0.912416143751378,-0.555523964158821
5842,1.73205,-1,-2.11099042361898e-08,-2.50059656629412e-07,0.910462498170701,0.333308963230334
5842,1.74924,-0.969619,-2.04688685497626e-08,-2.40910354561702e-07,0.915346582365767,-0.777752503931841
5841,1.7659,-0.938943,-1.984131655757e-08,-2.31839393769469e-07,0.909485669429766,0.111102085205045
5840,1.78201,-0.907981,-1.92184863870988e-08,-2.23027734369846e-07,0.919253778306158,0.99999999995149
5840,1.79759,-0.876742,-1.83834537321778e-08,-2.13806182087957e-07,0.909485669429983,-0.111102085301555
5839,1.81262,-0.845237,-1.76605444354012e-08,-2.05018693291235e-07,0.915346582364319,0.777752503835052
5839,1.82709,-0.813473,-1.676489611355e-08,-1.95920209023741e-07,0.910462498171384,-0.333308963330046
5838,1.84101,-0.781462,-1.59579028981155e-08,-1.87143189952504e-07,0.912416143750258,0.555523964056995
5838,1.85437,-0.749213,-1.50206096739025e-08,-1.78136468723092e-07,0.91241614375167,-0.555523964183538
5837,1.86716,-0.716736,-1.41499282338156e-08,-1.69357031330273e-07,0.91046249817059,0.333308963203332
5837,1.87939,-0.68404,-1.3190799989362e-08,-1.60411988352894e-07,0.915346582366259,-0.777752503962114
5836,1.89104,-0.651136,-1.22800071941116e-08,-1.51622774243286e-07,0.909485669429712,0.11110208517308
5835,1.90211,-0.618034,-1.1381379998702e-08,-1.4290423577019e-07,0.919253778305505,0.999999999918216
5835,1.91261,-0.584743,-1.03932475278531e-08,-1.33912933846509e-07,0.909485669430072,-0.111102085335106
5834,1.92252,-0.551275,-9.48752052438611e-09,-1.2515665016283e-07,0.915346582363824,0.777752503801191
5834,1.93185,-0.517638,-8.53500408303074e-09,-1.16209330905036e-07,0.910462498171638,-0.333308963364257
5833,1.94059,-0.483844,-7.64845302199513e-09,-1.07424050501017e-07,0.912416143749874,0.555523964021932
5833,1.94874,-0.449902,-6.75004972252142e-09,-9.85004951444082e-08,0.91241614375206,-0.555523964220175
5832,1.9563,-0.415823,-5.90836595298029e-09,-8.96984293426563e-08,0.910462498170272,0.333308963168192
5832,1.96325,-0.381618,-5.081749232477e-09,-8.07791938704477e-08,0.915346582366721,-0.777752503993719
5831,1.96962,-0.347296,-4.30929132566018e-09,-7.19754612120534e-08,0.909485669429573,0.111102085145735
5830,1.97538,-0.312869,-3.58080519321656e-09,-6.31036871673698e-08,0.919253778305019,0.999999999895301
5830,1.98054,-0.278346,-2.8900611333546e-09,-5.42557425049347e-08,0.909485669430095,-0.11110208535852
5829,1.98509,-0.243739,-2.26071993287134e-09,-4.53830935867182e-08,0.915346582363408,0.777752503777643
5829,1.98904,-0.209057,-1.68547113140153e-09,-3.65469514661622e-08,0.910462498171767,-0.333308963386425
5828,1.99239,-0.174311,-1.17384559795926e-09,-2.7700313383607e-08,0.91241614374965,0.555523964001481
5828,1.99513,-0.139513,-7.25912816061812e-10,-1.88642132847454e-08,0.912416143752221,-0.555523964238393
5827,1.99726,-0.104672,-3.47462311147371e-10,-1.00746740267837e-08,0.910462498170182,0.333308963148836
5827,1.99878,-0.069799,-3.73645488152469e-11,-1.22858057611974e-09,0.915346582367075,-0.777752504016468
5826,1.9997,-0.0349048,1.95786131706963e-10,7.46959076139886e-09,0.909485669429527,0.111102085121839
