origElemNum,globCoord-x,globCoord-y,acouPotentialD1-,locCoord-xi,locCoord-eta
5825,2,-2.20442e-18,-0.00576723024830312,0.919253778304535,0.999999999870795
5825,1.9997,0.0349048,-0.00520662385832013,0.909485669430051,-0.11110208537854
5824,1.99878,0.069799,-0.00465043014521698,0.915346582363134,0.7777525037628
5824,1.99726,0.104672,-0.00408998150922001,0.910462498171695,-0.333308963393583
5823,1.99513,0.139513,-0.00353136319877397,0.912416143749585,0.555523964001403
5823,1.99239,0.174311,-0.002971777254586,0.912416143752112,-0.555523964232293
5822,1.98904,0.209057,-0.00241136687051451,0.910462498170195,0.33330896316169
5822,1.98509,0.243739,-0.00185332296373472,0.915346582366752,-0.777752503996411
5821,1.98054,0.278346,-0.00129171996408826,0.909485669429537,0.111102085145532
5820,1.97538,0.312869,-0.000735868701164284,0.91925377830504,0.999999999897275
5820,1.96962,0.347296,-0.00017364695754654,0.909485669429959,-0.111102085350008
5819,1.96325,0.381618,0.000382485392670986,0.915346582363608,0.777752503792493
5819,1.9563,0.415823,0.000941648023517577,0.910462498171543,-0.333308963366333
5818,1.94874,0.449902,0.00149748221666555,0.912416143749872,0.555523964026318
5818,1.94059,0.483844,0.00205293550424395,0.912416143751876,-0.555523964209557
5817,1.93185,0.517638,0.00260785356289363,0.910462498170338,0.333308963182653
5817,1.92252,0.551275,0.00315892886805269,0.915346582366455,-0.777752503976955
5816,1.91261,0.584743,0.00371226595283047,0.909485669429567,0.111102085165898
5815,1.90211,0.618034,0.00425827809549958,0.919253778305533,0.999999999919169
5815,1.89104,0.651136,0.00480932799677679,0.909485669429933,-0.111102085328256
5814,1.87939,0.68404,0.00535270373972375,0.915346582363941,0.777752503814277
5814,1.86716,0.716736,0.00589760757679499,0.910462498171402,-0.333308963343933
5813,1.85437,0.749213,0.00643760916272796,0.912416143750119,0.555523964050056
5813,1.84101,0.781462,0.00697565113927885,0.912416143751575,-0.555523964183394
5812,1.82709,0.813473,0.00751152819317472,0.910462498170486,0.333308963212263
5812,1.81262,0.845237,0.00804200452031956,0.915346582365915,-0.777752503943209
5811,1.79759,0.876742,0.00857300852296616,0.909485669429635,0.111102085200681
5810,1.78201,0.907981,0.00909523656670063,0.919253778306195,0.999999999954235
5810,1.7659,0.938943,0.00962063466747354,0.909485669429844,-0.111102085292603
5809,1.74924,0.969619,0.0101369532895528,0.915346582364538,0.777752503850291
5809,1.73205,1,0.0106530433436421,0.910462498171199,-0.333308963308445
5808,1.71433,1.03008,0.0111627606098044,0.912416143750526,0.555523964084446
5808,1.6961,1.05984,0.0116689286116254,0.912416143751246,-0.555523964150953
5807,1.67734,1.08928,0.0121713757082532,0.910462498170725,0.333308963242434
5807,1.65808,1.11839,0.0126670350023739,0.915346582365508,-0.777752503915519
5806,1.6383,1.14715,0.0131615565721071,0.909485669429676,0.11110208522853
5805,1.61803,1.17557,0.0136461408121771,0.919253778306765,0.999999999982884
5805,1.59727,1.20363,0.0141320822657559,0.909485669429817,-0.111102085265541
5804,1.57602,1.23132,0.0146078408693019,0.9153465823649,0.777752503876539
5804,1.55429,1.25864,0.0150817331009059,0.910462498170939,-0.333308963279996
5803,1.53209,1.28558,0.0155480001670907,0.912416143750815,0.555523964114853
5803,1.50942,1.31212,0.0160092770000229,0.91241614375085,-0.555523964118972
5802,1.48629,1.33826,0.016465368384043,0.910462498170897,0.333308963276791
5802,1.46271,1.364,0.0169134674931634,0.915346582364929,-0.77775250387822
5801,1.43868,1.38932,0.0173586850531705,0.909485669429954,0.111102085257182
5801,1.41421,1.41421,0.017793051252766,0.919253778307104,-0.999999999999994
850,1.38932,1.43868,0.0182266917140434,0.909485669429991,-0.111102085260227
849,1.364,1.46271,0.0186492629923711,0.915346582364834,0.777752503871359
849,1.33826,1.48629,0.0190681493362606,0.910462498171096,-0.333308963290402
848,1.31212,1.50942,0.0194782414107319,0.912416143750729,0.555523964099008
848,1.28558,1.53209,0.0198818573905064,0.912416143751184,-0.555523964140596
847,1.25864,1.55429,0.020278810733274,0.910462498170846,0.333308963247574
847,1.23132,1.57602,0.0206666718483773,0.915346582365554,-0.777752503916259
846,1.20363,1.59727,0.0210498623677038,0.90948566942978,0.111102085221654
845,1.17557,1.61803,0.0214215199701314,0.919253778306528,0.999999999969813
845,1.14715,1.6383,0.0217903657952275,0.909485669429915,-0.111102085282135
844,1.11839,1.65808,0.0221475342898695,0.915346582364625,0.777752503855763
844,1.08928,1.67734,0.0224993742462432,0.910462498171253,-0.333308963307521
843,1.05984,1.6961,0.0228415395675258,0.912416143750542,0.555523964080906
843,1.03008,1.71433,0.0231760277963942,0.912416143751377,-0.555523964158847
842,1,1.73205,0.0235027233425654,0.910462498170698,0.333308963230309
842,0.969619,1.74924,0.0238195516434064,0.915346582365766,-0.777752503931825
841,0.938943,1.7659,0.0241303552901478,0.909485669429764,0.111102085205048
840,0.907981,1.78201,0.0244292502657084,0.919253778306164,0.99999999995148
840,0.876742,1.79759,0.0247237801974663,0.909485669429979,-0.11110208530158
839,0.845237,1.81262,0.0250063340716547,0.91534658236432,0.777752503835068
839,0.813473,1.82709,0.0252824096204122,0.91046249817139,-0.33330896333004
838,0.781462,1.84101,0.0255482897475829,0.912416143750255,0.555523964056983
838,0.749213,1.85437,0.0258057145854823,0.912416143751674,-0.555523964183563
837,0.716736,1.86716,0.0260546175458023,0.910462498170584,0.333308963203304
837,0.68404,1.87939,0.0262932197424257,0.915346582366261,-0.777752503962098
836,0.651136,1.89104,0.0265248660551792,0.909485669429719,0.111102085173086
835,0.618034,1.90211,0.0267444947678613,0.919253778305509,0.999999999918205
835,0.584743,1.91261,0.0269586241208705,0.909485669430073,-0.111102085335132
834,0.551275,1.92252,0.0271607197600368,0.915346582363819,0.777752503801204
834,0.517638,1.93185,0.027355517132764,0.910462498171637,-0.333308963364254
833,0.483844,1.94059,0.0275398452772576,0.912416143749877,0.55552396402192
833,0.449902,1.94874,0.027715205599293,0.91241614375206,-0.555523964220202
832,0.415823,1.9563,0.0278815471813037,0.910462498170279,0.333308963168166
832,0.381618,1.96325,0.0280373839730485,0.915346582366717,-0.777752503993703
831,0.347296,1.96962,0.0281855334514052,0.909485669429573,0.111102085145737
830,0.312869,1.97538,0.028321778414235,0.919253778305012,0.99999999989529
830,0.278346,1.98054,0.0284515423695981,0.909485669430091,-0.111102085358547
829,0.243739,1.98509,0.0285694299986962,0.915346582363415,0.77775250377766
829,0.209057,1.98904,0.0286793433967404,0.910462498171767,-0.333308963386422
828,0.174311,1.99239,0.0287787018745142,0.912416143749651,0.55552396400147
828,0.139513,1.99513,0.0288687381737958,0.912416143752224,-0.555523964238419
827,0.104672,1.99726,0.0289494081712304,0.910462498170184,0.33330896314881
827,0.069799,1.99878,0.0290195613602243,0.915346582367074,-0.777752504016452
826,0.0349048,1.9997,0.0290813969044758,0.909485669429527,0.111102085121841
825,1.27747e-16,2,0.029131682871006,0.919253778304535,0.999999999870799
825,-0.0349048,1.9997,0.0291745528453302,0.909485669430051,-0.111102085378537
824,-0.069799,1.99878,0.0292059541352342,0.915346582363134,0.777752503762801
824,-0.104672,1.99726,0.029228800834918,0.910462498171695,-0.333308963393583
823,-0.139513,1.99513,0.0292412149917491,0.912416143749585,0.555523964001401
823,-0.174311,1.99239,0.0292441081303975,0.912416143752112,-0.555523964232297
822,-0.209057,1.98904,0.0292374505461366,0.910462498170195,0.333308963161685
822,-0.243739,1.98509,0.0292204857905282,0.915346582366744,-0.777752503996403
821,-0.278346,1.98054,0.0291946902848274,0.909485669429538,0.111102085145537
820,-0.312869,1.97538,0.0291579898804053,0.919253778305041,0.999999999897278
820,-0.347296,1.96962,0.0291130092560783,0.90948566942996,-0.111102085350006
819,-0.381618,1.96325,0.029057268673273,0.915346582363608,0.777752503792493
819,-0.415823,1.9563,0.0289925302823531,0.910462498171543,-0.333308963366333
818,-0.449902,1.94874,0.0289177372367492,0.912416143749872,0.555523964026316
818,-0.483844,1.94059,0.0288334263840147,0.912416143751875,-0.555523964209561
817,-0.517638,1.93185,0.0287395908471543,0.910462498170336,0.333308963182646
817,-0.551275,1.92252,0.0286359221378992,0.915346582366457,-0.777752503976948
816,-0.584743,1.91261,0.0285230773482001,0.909485669429562,0.111102085165907
815,-0.618034,1.90211,0.0284002950204554,0.919253778305526,0.999999999919175
815,-0.651136,1.89104,0.0282684978077104,0.909485669429935,-0.111102085328253
814,-0.68404,1.87939,0.0281269779645063,0.915346582363941,0.777752503814277
814,-0.716736,1.86716,0.0279762057021692,0.910462498171402,-0.333308963343933
813,-0.749213,1.85437,0.0278160423893154,0.912416143750117,0.555523964050053
813,-0.781462,1.84101,0.0276466053038763,0.912416143751584,-0.555523964183396
812,-0.813473,1.82709,0.027467914196224,0.910462498170484,0.33330896321226
812,-0.845237,1.81262,0.0272801495912486,0.91534658236591,-0.7777525039432
811,-0.876742,1.79759,0.0270830679238138,0.909485669429639,0.111102085200672
810,-0.907981,1.78201,0.026877340368955,0.919253778306197,0.999999999954239
810,-0.938943,1.7659,0.0266620270587426,0.909485669429848,-0.111102085292613
809,-0.969619,1.74924,0.0264383477844833,0.915346582364533,0.777752503850298
809,-1,1.73205,0.0262053620525437,0.910462498171205,-0.333308963308436
808,-1.03008,1.71433,0.0259639236340912,0.912416143750522,0.55552396408444
808,-1.05984,1.6961,0.0257136904774855,0.912416143751243,-0.555523964150944
807,-1.08928,1.67734,0.0254547073566192,0.910462498170733,0.33330896324243
807,-1.11839,1.65808,0.0251876770283975,0.915346582365511,-0.777752503915504
806,-1.14715,1.6383,0.0249113846087801,0.909485669429678,0.11110208522852
805,-1.17557,1.61803,0.0246280314024931,0.91925377830677,0.999999999982889
805,-1.20363,1.59727,0.0243346855324039,0.909485669429819,-0.111102085265551
804,-1.23132,1.57602,0.0240346167200997,0.915346582364893,0.777752503876544
804,-1.25864,1.55429,0.0237253832366805,0.910462498170937,-0.333308963279986
803,-1.28558,1.53209,0.0234088852060143,0.912416143750809,0.555523964114847
803,-1.31212,1.50942,0.0230842915880182,0.912416143750849,-0.555523964118962
802,-1.33826,1.48629,0.022751669238556,0.910462498170897,0.333308963276791
802,-1.364,1.46271,0.0224122638657277,0.915346582364928,-0.77775250387821
801,-1.38932,1.43868,0.0220638400991279,0.909485669429954,0.111102085257172
801,-1.41421,1.41421,0.0217101908683905,0.919253778307104,-0.999999999999994
15850,-1.43868,1.38932,0.021346305805094,0.909485669429991,-0.111102085260237
15849,-1.46271,1.364,0.0209775800158872,0.915346582364828,0.777752503871364
15849,-1.48629,1.33826,0.0206000101250172,0.910462498171103,-0.333308963290387
15848,-1.50942,1.31212,0.0202165740821289,0.912416143750729,0.555523964099008
15848,-1.53209,1.28558,0.019825931605323,0.912416143751185,-0.555523964140586
15847,-1.55429,1.25864,0.0194281681262416,0.910462498170851,0.333308963247569
15847,-1.57602,1.23132,0.0190250819281426,0.915346582365555,-0.777752503916249
15846,-1.59727,1.20363,0.0186133900464555,0.909485669429784,0.111102085221639
15845,-1.61803,1.17557,0.0181985047230253,0.919253778306531,0.999999999969823
15845,-1.6383,1.14715,0.0177732992316014,0.909485669429917,-0.111102085282151
15844,-1.65808,1.11839,0.0173453213323196,0.915346582364627,0.777752503855772
15844,-1.67734,1.08928,0.0169089848821806,0.910462498171251,-0.333308963307506
15843,-1.6961,1.05984,0.0164683513803182,0.912416143750542,0.555523964080906
15843,-1.71433,1.03008,0.0160215647815766,0.912416143751375,-0.555523964158831
15842,-1.73205,1,0.0155687271934467,0.910462498170697,0.333308963230296
15842,-1.74924,0.969619,0.0151121832649618,0.915346582365764,-0.777752503931822
15841,-1.7659,0.938943,0.0146476068043595,0.909485669429762,0.111102085205035
15840,-1.78201,0.907981,0.0141820091695004,0.919253778306162,0.999999999951483
15840,-1.79759,0.876742,0.0137061726560099,0.909485669429984,-0.111102085301589
15839,-1.81262,0.845237,0.0132297604655211,0.915346582364318,0.777752503835071
15839,-1.82709,0.813473,0.0127456303296823,0.910462498171391,-0.333308963330024
15838,-1.84101,0.781462,0.0122588999047831,0.912416143750253,0.555523964056986
15838,-1.85437,0.749213,0.0117672064988194,0.912416143751674,-0.555523964183544
15837,-1.86716,0.716736,0.0112706663187339,0.910462498170589,0.333308963203294
15837,-1.87939,0.68404,0.0107721474645324,0.915346582366259,-0.777752503962095
15836,-1.89104,0.651136,0.0102663181420046,0.909485669429715,0.111102085173074
15835,-1.90211,0.618034,0.00976171825342114,0.919253778305508,0.999999999918209
15835,-1.91261,0.584743,0.00924713257158888,0.909485669430068,-0.111102085335144
15834,-1.92252,0.551275,0.00873423423447226,0.915346582363818,0.777752503801208
15834,-1.93185,0.517638,0.00821440372571783,0.910462498171639,-0.333308963364235
15833,-1.94059,0.483844,0.00769375297502762,0.912416143749876,0.555523964021923
15833,-1.94874,0.449902,0.00716943953656377,0.912416143752063,-0.555523964220183
15832,-1.9563,0.415823,0.00664159189977998,0.910462498170272,0.333308963168156
15832,-1.96325,0.381618,0.00611355985567655,0.915346582366716,-0.7777525039937
15831,-1.96962,0.347296,0.00557908081771062,0.909485669429575,0.111102085145728
15830,-1.97538,0.312869,0.00504809650357381,0.91925377830502,0.999999999895294
15830,-1.98054,0.278346,0.00450756184499729,0.909485669430092,-0.111102085358556
15829,-1.98509,0.243739,0.00397097969683585,0.915346582363415,0.777752503777664
15829,-1.98904,0.209057,0.00342838747942282,0.910462498171765,-0.333308963386404
15828,-1.99239,0.174311,0.00288679273184057,0.912416143749651,0.555523964001473
15828,-1.99513,0.139513,0.00234291857185645,0.912416143752222,-0.5555239642384
15827,-1.99726,0.104672,0.00179690531909437,0.910462498170184,0.3333089631488
15827,-1.99878,0.069799,0.00125252350541881,0.915346582367074,-0.777752504016448
15826,-1.9997,0.0349048,0.000702694641291458,0.909485669429527,0.111102085121831
15825,-2,2.46315e-16,0.000158576994083707,0.919253778304535,0.999999999870803
15825,-1.9997,-0.0349048,-0.00039445699727553,0.909485669430051,-0.111102085378547
15824,-1.99878,-0.069799,-0.000941333966879332,0.915346582363134,0.777752503762804
15824,-1.99726,-0.104672,-0.00149316577550999,0.910462498171696,-0.333308963393566
15823,-1.99513,-0.139513,-0.00204218829473945,0.912416143749586,0.555523964001405
15823,-1.99239,-0.174311,-0.00259204825762632,0.912416143752114,-0.555523964232279
15822,-1.98904,-0.209057,-0.0031425965353908,0.910462498170195,0.333308963161688
15822,-1.98509,-0.243739,-0.00368972096855293,0.915346582366744,-0.7777525039964
15821,-1.98054,-0.278346,-0.00424116857006775,0.909485669429545,0.111102085145526
15820,-1.97538,-0.312869,-0.0047848006572324,0.919253778305042,0.999999999897283
15820,-1.96962,-0.347296,-0.00533651542791013,0.909485669429957,-0.111102085350017
15819,-1.96325,-0.381618,-0.00587999283737477,0.915346582363609,0.777752503792499
15819,-1.9563,-0.415823,-0.00642725269729823,0.910462498171549,-0.333308963366345
15818,-1.94874,-0.449902,-0.00696994373157883,0.912416143749872,0.555523964026319
15818,-1.94059,-0.483844,-0.00751200197456299,0.91241614375188,-0.555523964209544
15817,-1.93185,-0.517638,-0.00805327097181537,0.910462498170337,0.33330896318265
15817,-1.92252,-0.551275,-0.00858939181351898,0.915346582366458,-0.777752503976945
15816,-1.91261,-0.584743,-0.00912860114759272,0.909485669429567,0.111102085165898
15815,-1.90211,-0.618034,-0.00965806229085553,0.919253778305528,0.999999999919178
15815,-1.89104,-0.651136,-0.0101945748332537,0.90948566942994,-0.111102085328262
15814,-1.87939,-0.68404,-0.0107209542258,0.915346582363942,0.77775250381428
15814,-1.86716,-0.716736,-0.0112498477690675,0.910462498171397,-0.333308963343943
15813,-1.85437,-0.749213,-0.0117725147665821,0.912416143750119,0.555523964050056
15813,-1.84101,-0.781462,-0.0122930887351405,0.912416143751582,-0.555523964183381
15812,-1.82709,-0.813473,-0.0128114110966337,0.910462498170486,0.333308963212263
15812,-1.81262,-0.845237,-0.0133229800582904,0.915346582365912,-0.777752503943197
15811,-1.79759,-0.876742,-0.0138363271628486,0.909485669429641,0.111102085200675
15810,-1.78201,-0.907981,-0.0143382245758925,0.919253778306197,0.999999999954239
15810,-1.7659,-0.938943,-0.0148459705635149,0.90948566942985,-0.11110208529261
15809,-1.74924,-0.969619,-0.0153419302355719,0.915346582364535,0.777752503850301
15809,-1.73205,-1,-0.0158390729193123,0.9104624981712,-0.333308963308458
15808,-1.71433,-1.03008,-0.0163284827449678,0.912416143750526,0.555523964084446
15808,-1.6961,-1.05984,-0.01681439099593,0.912416143751243,-0.555523964150944
15807,-1.67734,-1.08928,-0.0172966452636412,0.910462498170725,0.333308963242434
15807,-1.65808,-1.11839,-0.0177707105798519,0.915346582365503,-0.7777525039155
15806,-1.6383,-1.14715,-0.018245212085766,0.90948566942967,0.111102085228524
15805,-1.61803,-1.17557,-0.0187068506426441,0.919253778306763,0.999999999982893
15805,-1.59727,-1.20363,-0.0191730121575959,0.909485669429812,-0.111102085265547
15804,-1.57602,-1.23132,-0.0196260366474913,0.915346582364898,0.777752503876549
15804,-1.55429,-1.25864,-0.0200789083567578,0.910462498170935,-0.333308963280012
15803,-1.53209,-1.28558,-0.0205227518258251,0.912416143750815,0.555523964114853
15803,-1.50942,-1.31212,-0.0209617962310544,0.912416143750855,-0.555523964118957
15802,-1.48629,-1.33826,-0.0213959015068332,0.910462498170897,0.333308963276791
15802,-1.46271,-1.364,-0.0218206092388525,0.915346582364928,-0.77775250387821
15801,-1.43868,-1.38932,-0.0222444326780183,0.909485669429954,0.111102085257172
15801,-1.41421,-1.41421,-0.0226543243146127,0.919253778307098,-0.999999999999989
10084,-1.38932,-1.43868,-0.0230673372621737,-0.909485669429983,0.111102085260242
10184,-1.364,-1.46271,-0.023466219252349,-0.915346582364814,-0.777752503871363
10184,-1.33826,-1.48629,-0.0238636547438608,-0.910462498171062,0.333308963290425
10284,-1.31212,-1.50942,-0.0242510315622516,-0.912416143750702,-0.555523964098991
10284,-1.28558,-1.53209,-0.0246324754123502,-0.912416143751175,0.55552396414059
10384,-1.25864,-1.55429,-0.0250078707895842,-0.910462498170858,-0.333308963247603
10384,-1.23132,-1.57602,-0.0253729443127557,-0.915346582365569,0.777752503916277
10484,-1.20363,-1.59727,-0.0257359031426116,-0.909485669429755,-0.111102085221656
10584,-1.17557,-1.61803,-0.0260842644081867,-0.919253778306467,-0.999999999969833
10584,-1.14715,-1.6383,-0.0264343520259497,-0.909485669429891,0.111102085282108
10684,-1.11839,-1.65808,-0.0267697336809528,-0.915346582364624,-0.777752503855743
10684,-1.08928,-1.67734,-0.0271024984207171,-0.910462498171255,0.333308963307532
10784,-1.05984,-1.6961,-0.0274245073887579,-0.912416143750544,-0.555523964080908
10784,-1.03008,-1.71433,-0.0277396871626302,-0.912416143751393,0.555523964158839
10884,-1,-1.73205,-0.028047956938551,-0.910462498170715,-0.333308963230315
10884,-0.969619,-1.74924,-0.0283453314040756,-0.915346582365772,0.777752503931858
10984,-0.938943,-1.7659,-0.0286395217850624,-0.909485669429763,-0.111102085205032
11084,-0.907981,-1.78201,-0.0289189121234288,-0.919253778306154,-0.99999999995149
11084,-0.876742,-1.79759,-0.0291987082618739,-0.909485669429981,0.111102085301552
11184,-0.845237,-1.81262,-0.0294636999435692,-0.915346582364332,-0.777752503835052
11184,-0.813473,-1.82709,-0.0297250882176186,-0.910462498171421,0.333308963330044
11284,-0.781462,-1.84101,-0.0299754116258574,-0.912416143750289,-0.555523964056998
11284,-0.749213,-1.85437,-0.0302183008932204,-0.912416143751684,0.555523964183542
11384,-0.716736,-1.86716,-0.0304537133420917,-0.910462498170579,-0.333308963203316
11384,-0.68404,-1.87939,-0.0306780558941332,-0.915346582366256,0.777752503962127
11484,-0.651136,-1.89104,-0.0308983386512919,-0.9094856694297,-0.111102085173069
11584,-0.618034,-1.90211,-0.0311041267426211,-0.919253778305473,-0.9999999999182
11584,-0.584743,-1.91261,-0.0313090809350757,-0.909485669430035,0.111102085335111
11684,-0.551275,-1.92252,-0.0314996416117911,-0.915346582363772,-0.777752503801188
11684,-0.517638,-1.93185,-0.0316857927414567,-0.910462498171642,0.333308963364261
11784,-0.483844,-1.94059,-0.0318609675168008,-0.912416143749915,-0.555523964021929
11784,-0.449902,-1.94874,-0.0320283879841179,-0.912416143752077,0.555523964220183
11884,-0.415823,-1.9563,-0.0321880388709579,-0.910462498170266,-0.33330896316818
11884,-0.381618,-1.96325,-0.0323368389280229,-0.915346582366712,0.777752503993725
11984,-0.347296,-1.96962,-0.0324808429243408,-0.909485669429565,-0.111102085145729
12084,-0.312869,-1.97538,-0.0326111660380791,-0.919253778305011,-0.999999999895287
12084,-0.278346,-1.98054,-0.0327394097450395,-0.909485669430107,0.111102085358526
12184,-0.243739,-1.98509,-0.0328541670278959,-0.915346582363447,-0.777752503777644
12184,-0.209057,-1.98904,-0.032963807618789,-0.910462498171781,0.333308963386432
12284,-0.174311,-1.99239,-0.0330629060781982,-0.912416143749663,-0.555523964001473
12284,-0.139513,-1.99513,-0.0331541369277535,-0.912416143752267,0.555523964238395
12384,-0.104672,-1.99726,-0.0332374839689142,-0.910462498170238,-0.333308963148834
12384,-0.069799,-1.99878,-0.0333105196591388,-0.915346582367131,0.777752504016471
12484,-0.0349048,-1.9997,-0.0333780178057177,-0.909485669429557,-0.111102085121833
12584,-4.35203e-16,-2,-0.0334330898151987,-0.919253778304537,-0.999999999870803
12584,0.0349048,-1.9997,-0.0334846332988893,-0.909485669430058,0.111102085378513
12684,0.069799,-1.99878,-0.0335240030640379,-0.915346582363139,-0.777752503762792
12684,0.104672,-1.99726,-0.0335574585398896,-0.9104624981717,0.333308963393593
12784,0.139513,-1.99513,-0.0335810110989699,-0.912416143749591,-0.555523964001403
12784,0.174311,-1.99239,-0.0335966150838989,-0.912416143752134,0.555523964232273
12884,0.209057,-1.98904,-0.0336042164148065,-0.91046249817019,-0.333308963161724
12884,0.243739,-1.98509,-0.0336022068256511,-0.915346582366752,0.777752503996427
12984,0.278346,-1.98054,-0.0335936995231984,-0.909485669429543,-0.111102085145531
13084,0.312869,-1.97538,-0.0335743111408236,-0.919253778305079,-0.999999999897294
13084,0.347296,-1.96962,-0.0335495123463025,-0.909485669429971,0.111102085349981
13184,0.381618,-1.96325,-0.0335140956374721,-0.915346582363621,-0.777752503792476
13184,0.415823,-1.9563,-0.033471673672326,-0.910462498171561,0.33330896336634
13284,0.449902,-1.94874,-0.0334200114401065,-0.912416143749886,-0.555523964026324
13284,0.483844,-1.94059,-0.0333601632133489,-0.912416143751904,0.555523964209538
13384,0.517638,-1.93185,-0.0332920086055101,-0.910462498170363,-0.333308963182687
13384,0.551275,-1.92252,-0.0332149166261233,-0.915346582366464,0.777752503976962
13484,0.584743,-1.91261,-0.0331299954890766,-0.909485669429569,-0.111102085165906
13584,0.618034,-1.90211,-0.0330358269762312,-0.919253778305519,-0.999999999919186
13584,0.651136,-1.89104,-0.0329338422105562,-0.909485669429928,0.111102085328226
13684,0.68404,-1.87939,-0.032822845320108,-0.915346582363942,-0.777752503814258
13684,0.716736,-1.86716,-0.0327033829716491,-0.910462498171394,0.333308963343945
13784,0.749213,-1.85437,-0.0325752313014535,-0.912416143750121,-0.555523964050058
13784,0.781462,-1.84101,-0.0324384189936267,-0.91241614375158,0.555523964183364
13884,0.813473,-1.82709,-0.0322927737301078,-0.91046249817049,-0.333308963212306
13884,0.845237,-1.81262,-0.0321387270217184,-0.915346582365913,0.777752503943214
13984,0.876742,-1.79759,-0.0319752484394257,-0.909485669429626,-0.1111020852007
14084,0.907981,-1.78201,-0.031804076250151,-0.919253778306215,-0.999999999954254
14084,0.938943,-1.7659,-0.0316224370341989,-0.909485669429858,0.111102085292581
14184,0.969619,-1.74924,-0.0314333124174541,-0.915346582364524,-0.777752503850263
14184,1,-1.73205,-0.031234143518597,-0.910462498171194,0.333308963308465
14284,1.03008,-1.71433,-0.0310267692595879,-0.91241614375052,-0.55552396408445
14284,1.05984,-1.6961,-0.0308102144626792,-0.912416143751235,0.55552396415093
14384,1.08928,-1.67734,-0.0305843396278165,-0.910462498170724,-0.333308963242461
14384,1.11839,-1.65808,-0.0303505630676961,-0.915346582365498,0.777752503915531
14484,1.14715,-1.6383,-0.030105998873821,-0.909485669429676,-0.111102085228531
14584,1.17557,-1.61803,-0.0298551933800762,-0.919253778306762,-0.999999999982903
14584,1.20363,-1.59727,-0.0295918276894353,-0.909485669429825,0.1111020852655
14684,1.23132,-1.57602,-0.0293224610472006,-0.91534658236492,-0.777752503876537
14684,1.25864,-1.55429,-0.0290420301583974,-0.910462498170955,0.333308963280004
14784,1.28558,-1.53209,-0.0287541038546449,-0.912416143750819,-0.555523964114867
14784,1.31212,-1.50942,-0.0284569461874109,-0.912416143750872,0.555523964118932
14884,1.33826,-1.48629,-0.0281505575035974,-0.910462498170903,-0.333308963276861
14884,1.364,-1.46271,-0.0278370595526597,-0.915346582364901,0.777752503878194
14984,1.38932,-1.43868,-0.0275124014254626,-0.909485669429939,-0.111102085257194
14984,1.41421,-1.41421,-0.0271829967821094,-0.919253778307102,0.999999999999985
5850,1.43868,-1.38932,-0.0268403500750621,0.909485669429985,-0.111102085260202
5849,1.46271,-1.364,-0.0264932720052321,0.915346582364833,0.777752503871339
5849,1.48629,-1.33826,-0.0261352359455256,0.910462498171102,-0.333308963290407
5848,1.50942,-1.31212,-0.0257708582885716,0.91241614375073,0.555523964099018
5848,1.53209,-1.28558,-0.0253979877488502,0.912416143751186,-0.555523964140576
5847,1.55429,-1.25864,-0.0250167372751143,0.91046249817085,0.333308963247604
5847,1.57602,-1.23132,-0.0246296074544654,0.91534658236556,-0.777752503916265
5846,1.59727,-1.20363,-0.0242319497003722,0.909485669429786,0.111102085221649
5845,1.61803,-1.17557,-0.0238311506974763,0.919253778306525,0.999999999969829
5845,1.6383,-1.14715,-0.0234175801068613,0.909485669429914,-0.11110208528211
5844,1.65808,-1.11839,-0.0230012147648146,0.915346582364627,0.777752503855747
5844,1.67734,-1.08928,-0.0225747524186791,0.910462498171258,-0.333308963307527
5843,1.6961,-1.05984,-0.0221433521059203,0.912416143750537,0.555523964080912
5843,1.71433,-1.03008,-0.0217046397319072,0.912416143751378,-0.555523964158821
5842,1.73205,-1,-0.021258776125082,0.910462498170701,0.333308963230334
5842,1.74924,-0.969619,-0.0208084826297648,0.915346582365767,-0.777752503931841
5841,1.7659,-0.938943,-0.0203487791041945,0.909485669429766,0.111102085205045
5840,1.78201,-0.907981,-0.0198876080206911,0.919253778306158,0.99999999995149
5840,1.79759,-0.876742,-0.0194147476745111,0.909485669429983,-0.111102085301555
5839,1.81262,-0.845237,-0.0189408216402847,0.915346582364319,0.777752503835052
5839,1.82709,-0.813473,-0.0184581674686108,0.910462498171384,-0.333308963330046
5838,1.84101,-0.781462,-0.0179722487541469,0.912416143750258,0.555523964056995
5838,1.85437,-0.749213,-0.017480613273324,0.91241614375167,-0.555523964183538
5837,1.86716,-0.716736,-0.0169835067966537,0.91046249817059,0.333308963203332
5837,1.87939,-0.68404,-0.0164837246324206,0.915346582366259,-0.777752503962114
5836,1.89104,-0.651136,-0.0159762551708552,0.909485669429712,0.11110208517308
5835,1.90211,-0.618034,-0.0154691691121469,0.919253778305505,0.999999999918216
5835,1.91261,-0.584743,-0.0149521552579339,0.909485669430072,-0.111102085335106
5834,1.92252,-0.551275,-0.0144359544068768,0.915346582363824,0.777752503801191
5834,1.93185,-0.517638,-0.0139128317740929,0.910462498171638,-0.333308963364257
5833,1.94059,-0.483844,-0.0133882875034839,0.912416143749874,0.555523964021932
5833,1.94874,-0.449902,-0.0128598395599532,0.91241614375206,-0.555523964220175
5832,1.9563,-0.415823,-0.0123276675223033,0.910462498170272,0.333308963168192
5832,1.96325,-0.381618,-0.0117946412325883,0.915346582366721,-0.777752503993719
5831,1.96962,-0.347296,-0.0112554979992562,0.909485669429573,0.111102085145735
5830,1.97538,-0.312869,-0.0107186053088517,0.919253778305019,0.999999999895301
5830,1.98054,-0.278346,-0.0101731032792088,0.909485669430095,-0.11110208535852
5829,1.98509,-0.243739,-0.00963022651143374,0.915346582363408,0.777752503777643
5829,1.98904,-0.209057,-0.00908176933793457,0.910462498171767,-0.333308963386425
5828,1.99239,-0.174311,-0.00853350843651654,0.91241614374965,0.555523964001481
5828,1.99513,-0.139513,-0.00798278939076479,0.912416143752221,-0.555523964238393
5827,1.99726,-0.104672,-0.00742976451786441,0.910462498170182,0.333308963148836
5827,1.99878,-0.069799,-0.00687748990497522,0.915346582367075,-0.777752504016468
5826,1.9997,-0.0349048,-0.00632034477084877,0.909485669429527,0.111102085121839
