origElemNum,globCoord-x,globCoord-y,acouPotentialD1-,locCoord-xi,locCoord-eta
5825,2,-2.20442e-18,-0.00535254885685093,0.919253778304535,0.999999999870795
5825,1.9997,0.0349048,-0.00550125822672642,0.909485669430051,-0.11110208537854
5824,1.99878,0.069799,-0.00564445949384255,0.915346582363134,0.7777525037628
5824,1.99726,0.104672,-0.00579034918363302,0.910462498171695,-0.333308963393583
5823,1.99513,0.139513,-0.00593290726580073,0.912416143749585,0.555523964001403
5823,1.99239,0.174311,-0.00607514863976974,0.912416143752112,-0.555523964232293
5822,1.98904,0.209057,-0.00621713864621133,0.910462498170195,0.33330896316169
5822,1.98509,0.243739,-0.00635495141731361,0.915346582366752,-0.777752503996411
5821,1.98054,0.278346,-0.00649650895843881,0.909485669429537,0.111102085145532
5820,1.97538,0.312869,-0.00662916382084241,0.91925377830504,0.999999999897275
5820,1.96962,0.347296,-0.00677046243948943,0.909485669429959,-0.111102085350008
5819,1.96325,0.381618,-0.0069021766808575,0.915346582363608,0.777752503792493
5819,1.9563,0.415823,-0.00703848904370503,0.910462498171543,-0.333308963366333
5818,1.94874,0.449902,-0.00716945802833234,0.912416143749872,0.555523964026318
5818,1.94059,0.483844,-0.00730009990893959,0.912416143751876,-0.555523964209557
5817,1.93185,0.517638,-0.00743050704107828,0.910462498170338,0.333308963182653
5817,1.92252,0.551275,-0.00755480414665436,0.915346582366455,-0.777752503976955
5816,1.91261,0.584743,-0.00768483280158144,0.909485669429567,0.111102085165898
5815,1.90211,0.618034,-0.00780215013182765,0.919253778305533,0.999999999919169
5815,1.89104,0.651136,-0.0079320007773639,0.909485669429933,-0.111102085328256
5814,1.87939,0.68404,-0.00804853191865077,0.915346582363941,0.777752503814277
5814,1.86716,0.716736,-0.008171608535929,0.910462498171402,-0.333308963343933
5813,1.85437,0.749213,-0.00828755580459642,0.912416143750119,0.555523964050056
5813,1.84101,0.781462,-0.00840325715353615,0.912416143751575,-0.555523964183394
5812,1.82709,0.813473,-0.00851879964935417,0.910462498170486,0.333308963212263
5812,1.81262,0.845237,-0.00862654100611301,0.915346582365915,-0.777752503943209
5811,1.79759,0.876742,-0.00874182076518324,0.909485669429635,0.111102085200681
5810,1.78201,0.907981,-0.00884102467785408,0.919253778306195,0.999999999954235
5810,1.7659,0.938943,-0.0089561237347016,0.909485669429844,-0.111102085292603
5809,1.74924,0.969619,-0.0090545901900187,0.915346582364538,0.777752503850291
5809,1.73205,1,-0.00916113860277763,0.910462498171199,-0.333308963308445
5808,1.71433,1.03008,-0.00925887132776418,0.912416143750526,0.555523964084446
5808,1.6961,1.05984,-0.00935621849857539,0.912416143751246,-0.555523964150953
5807,1.67734,1.08928,-0.00945314548657188,0.910462498170725,0.333308963242434
5807,1.65808,1.11839,-0.00954062977856602,0.915346582365508,-0.777752503915519
5806,1.6383,1.14715,-0.00963659550369647,0.909485669429676,0.11110208522853
5805,1.61803,1.17557,-0.00971354241748501,0.919253778306765,0.999999999982884
5805,1.59727,1.20363,-0.00980831368287349,0.909485669429817,-0.111102085265541
5804,1.57602,1.23132,-0.00988352945493898,0.9153465823649,0.777752503876539
5804,1.55429,1.25864,-0.00996730615326002,0.910462498170939,-0.333308963279996
5803,1.53209,1.28558,-0.0100404769339527,0.912416143750815,0.555523964114853
5803,1.50942,1.31212,-0.0101125240147546,0.91241614375085,-0.555523964118972
5802,1.48629,1.33826,-0.0101833134781455,0.910462498170897,0.333308963276791
5802,1.46271,1.364,-0.0102429351255492,0.915346582364929,-0.77775250387822
5801,1.43868,1.38932,-0.0103110095622626,0.909485669429954,0.111102085257182
5801,1.41421,1.41421,-0.0103575488323757,0.919253778307104,-0.999999999999994
850,1.38932,1.43868,-0.0104225857431703,0.909485669429991,-0.111102085260227
849,1.364,1.46271,-0.0104656469259618,0.915346582364834,0.777752503871359
849,1.33826,1.48629,-0.0105171174303845,0.910462498171096,-0.333308963290402
848,1.31212,1.50942,-0.0105564191978493,0.912416143750729,0.555523964099008
848,1.28558,1.53209,-0.0105937690594629,0.912416143751184,-0.555523964140596
847,1.25864,1.55429,-0.010629081769933,0.910462498170846,0.333308963247574
847,1.23132,1.57602,-0.0106518180726317,0.915346582365554,-0.777752503916259
846,1.20363,1.59727,-0.010682966494818,0.90948566942978,0.111102085221654
845,1.17557,1.61803,-0.0106906692945437,0.919253778306528,0.999999999969813
845,1.14715,1.6383,-0.0107175540522018,0.909485669429915,-0.111102085282135
844,1.11839,1.65808,-0.0107207220208412,0.915346582364625,0.777752503855763
844,1.08928,1.67734,-0.010732487906761,0.910462498171253,-0.333308963307521
843,1.05984,1.6961,-0.0107311521647637,0.912416143750542,0.555523964080906
843,1.03008,1.71433,-0.0107275945774674,0.912416143751377,-0.555523964158847
842,1,1.73205,-0.0107219011698538,0.910462498170698,0.333308963230309
842,0.969619,1.74924,-0.0107029258735513,0.915346582365766,-0.777752503931825
841,0.938943,1.7659,-0.0106931655018023,0.909485669429764,0.111102085205048
840,0.907981,1.78201,-0.0106588076736779,0.919253778306164,0.99999999995148
840,0.876742,1.79759,-0.0106454137737927,0.909485669429979,-0.11110208530158
839,0.845237,1.81262,-0.0106073925469994,0.91534658236432,0.777752503835068
839,0.813473,1.82709,-0.0105793387488091,0.91046249817139,-0.33330896333004
838,0.781462,1.84101,-0.0105382511327189,0.912416143750255,0.555523964056983
838,0.749213,1.85437,-0.0104958232306454,0.912416143751674,-0.555523964183563
837,0.716736,1.86716,-0.0104523506166806,0.910462498170584,0.333308963203304
837,0.68404,1.87939,-0.0103959070069121,0.915346582366261,-0.777752503962098
836,0.651136,1.89104,-0.0103507863890475,0.909485669429719,0.111102085173086
835,0.618034,1.90211,-0.0102807405210954,0.919253778305509,0.999999999918205
835,0.584743,1.91261,-0.0102347137999269,0.909485669430073,-0.111102085335132
834,0.551275,1.92252,-0.0101638686367372,0.915346582363819,0.777752503801204
834,0.517638,1.93185,-0.0101052516468693,0.910462498171637,-0.333308963364254
833,0.483844,1.94059,-0.010034281755914,0.912416143749877,0.55552396402192
833,0.449902,1.94874,-0.00996343840196963,0.91241614375206,-0.555523964220202
832,0.415823,1.9563,-0.0098929541038576,0.910462498170279,0.333308963168166
832,0.381618,1.96325,-0.00981024270577292,0.915346582366717,-0.777752503993703
831,0.347296,1.96962,-0.00974079640413982,0.909485669429573,0.111102085145737
830,0.312869,1.97538,-0.0096465679160032,0.919253778305012,0.99999999989529
830,0.278346,1.98054,-0.00957867163838503,0.909485669430091,-0.111102085358547
829,0.243739,1.98509,-0.0094861147789187,0.915346582363415,0.77775250377766
829,0.209057,1.98904,-0.0094073952561495,0.910462498171767,-0.333308963386422
828,0.174311,1.99239,-0.00931695928359944,0.912416143749651,0.55552396400147
828,0.139513,1.99513,-0.00922771261981773,0.912416143752224,-0.555523964238419
827,0.104672,1.99726,-0.00913980431047038,0.910462498170184,0.33330896314881
827,0.069799,1.99878,-0.00904032763526582,0.915346582367074,-0.777752504016452
826,0.0349048,1.9997,-0.00895533464363521,0.909485669429527,0.111102085121841
825,1.27747e-16,2,-0.00884593234817369,0.919253778304535,0.999999999870799
825,-0.0349048,1.9997,-0.00876424065313918,0.909485669430051,-0.111102085378537
824,-0.069799,1.99878,-0.00865828010737779,0.915346582363134,0.777752503762801
824,-0.104672,1.99726,-0.00856722432502173,0.910462498171695,-0.333308963393583
823,-0.139513,1.99513,-0.00846508450914283,0.912416143749585,0.555523964001401
823,-0.174311,1.99239,-0.00836496802430764,0.912416143752112,-0.555523964232297
822,-0.209057,1.98904,-0.00826698053005672,0.910462498170195,0.333308963161685
822,-0.243739,1.98509,-0.00815808399224832,0.915346582366744,-0.777752503996403
821,-0.278346,1.98054,-0.00806450336092311,0.909485669429538,0.111102085145537
820,-0.312869,1.97538,-0.00794708505666537,0.919253778305041,0.999999999897278
820,-0.347296,1.96962,-0.00785807801005941,0.90948566942996,-0.111102085350006
819,-0.381618,1.96325,-0.00774537071844132,0.915346582363608,0.777752503792493
819,-0.415823,1.9563,-0.00764802984432741,0.910462498171543,-0.333308963366333
818,-0.449902,1.94874,-0.00754012271972642,0.912416143749872,0.555523964026316
818,-0.483844,1.94059,-0.00743464669923156,0.912416143751875,-0.555523964209561
817,-0.517638,1.93185,-0.00733159660425405,0.910462498170336,0.333308963182646
817,-0.551275,1.92252,-0.00721821026856339,0.915346582366457,-0.777752503976948
816,-0.584743,1.91261,-0.00712003951398192,0.909485669429562,0.111102085165907
815,-0.618034,1.90211,-0.00699900665459492,0.919253778305526,0.999999999919175
815,-0.651136,1.89104,-0.00690570700706943,0.909485669429935,-0.111102085328253
814,-0.68404,1.87939,-0.00678979081191176,0.915346582363941,0.777752503814277
814,-0.716736,1.86716,-0.00668884565705918,0.910462498171402,-0.333308963343933
813,-0.749213,1.85437,-0.00657800165729011,0.912416143750117,0.555523964050053
813,-0.781462,1.84101,-0.00646968264541494,0.912416143751584,-0.555523964183396
812,-0.813473,1.82709,-0.00636382876985981,0.910462498170484,0.33330896321226
812,-0.845237,1.81262,-0.00624844803606525,0.91534658236591,-0.7777525039432
811,-0.876742,1.79759,-0.00614748110378877,0.909485669429639,0.111102085200672
810,-0.907981,1.78201,-0.00602539495590751,0.919253778306197,0.999999999954239
810,-0.938943,1.7659,-0.00592920634901974,0.909485669429848,-0.111102085292613
809,-0.969619,1.74924,-0.00581227708895924,0.915346582364533,0.777752503850298
809,-1,1.73205,-0.00570929614908097,0.910462498171205,-0.333308963308436
808,-1.03008,1.71433,-0.00559742668962328,0.912416143750522,0.55552396408444
808,-1.05984,1.6961,-0.00548806432893846,0.912416143751243,-0.555523964150944
807,-1.08928,1.67734,-0.00538114180338813,0.910462498170733,0.33330896324243
807,-1.11839,1.65808,-0.0052658460264111,0.915346582365511,-0.777752503915504
806,-1.14715,1.6383,-0.00516374145228718,0.909485669429678,0.11110208522852
805,-1.17557,1.61803,-0.00504298362561627,0.91925377830677,0.999999999982889
805,-1.20363,1.59727,-0.00494554703900926,0.909485669429819,-0.111102085265551
804,-1.23132,1.57602,-0.00482993172708288,0.915346582364893,0.777752503876544
804,-1.25864,1.55429,-0.00472687062821441,0.910462498170937,-0.333308963279986
803,-1.28558,1.53209,-0.004616219792226,0.912416143750809,0.555523964114847
803,-1.31212,1.50942,-0.00450800246210819,0.912416143750849,-0.555523964118962
802,-1.33826,1.48629,-0.00440210407562916,0.910462498170897,0.333308963276791
802,-1.364,1.46271,-0.00428920599990982,0.915346582364928,-0.77775250387821
801,-1.38932,1.43868,-0.00418780720142918,0.909485669429954,0.111102085257172
801,-1.41421,1.41421,-0.00407070657573345,0.919253778307104,-0.999999999999994
15850,-1.43868,1.38932,-0.00397353210440351,0.909485669429991,-0.111102085260237
15849,-1.46271,1.364,-0.00386118263632821,0.915346582364828,0.777752503871364
15849,-1.48629,1.33826,-0.00375948520327929,0.910462498171103,-0.333308963290387
15848,-1.50942,1.31212,-0.00365160746801886,0.912416143750729,0.555523964099008
15848,-1.53209,1.28558,-0.0035458947646667,0.912416143751185,-0.555523964140586
15847,-1.55429,1.25864,-0.00344221674623843,0.910462498170851,0.333308963247569
15847,-1.57602,1.23132,-0.0033330220274713,0.915346582365555,-0.777752503916249
15846,-1.59727,1.20363,-0.0032332712399391,0.909485669429784,0.111102085221639
15845,-1.61803,1.17557,-0.00312115205146562,0.919253778306531,0.999999999969823
15845,-1.6383,1.14715,-0.00302505071314605,0.909485669429917,-0.111102085282151
15844,-1.65808,1.11839,-0.00291717722337734,0.915346582364627,0.777752503855772
15844,-1.67734,1.08928,-0.00281783225365399,0.910462498171251,-0.333308963307506
15843,-1.6961,1.05984,-0.00271390985484094,0.912416143750542,0.555523964080906
15843,-1.71433,1.03008,-0.00261188177427337,0.912416143751375,-0.555523964158831
15842,-1.73205,1,-0.00251159575996878,0.910462498170697,0.333308963230296
15842,-1.74924,0.969619,-0.00240745019460336,0.915346582365764,-0.777752503931822
15841,-1.7659,0.938943,-0.00231046383015584,0.909485669429762,0.111102085205035
15840,-1.78201,0.907981,-0.00220477462721733,0.919253778306162,0.999999999951483
15840,-1.79759,0.876742,-0.00211073798760989,0.909485669429984,-0.111102085301589
15839,-1.81262,0.845237,-0.00200863295079739,0.915346582364318,0.777752503835071
15839,-1.82709,0.813473,-0.00191264427732877,0.910462498171391,-0.333308963330024
15838,-1.84101,0.781462,-0.00181376988298686,0.912416143750253,0.555523964056986
15838,-1.85437,0.749213,-0.0017164138879446,0.912416143751674,-0.555523964183544
15837,-1.86716,0.716736,-0.00162041194617493,0.910462498170589,0.333308963203294
15837,-1.87939,0.68404,-0.00152228704043214,0.915346582366259,-0.777752503962095
15836,-1.89104,0.651136,-0.00142879870169195,0.909485669429715,0.111102085173074
15835,-1.90211,0.618034,-0.0013305188933933,0.919253778305508,0.999999999918209
15835,-1.91261,0.584743,-0.00123919381758705,0.909485669430068,-0.111102085335144
15834,-1.92252,0.551275,-0.001143757040554,0.915346582363818,0.777752503801208
15834,-1.93185,0.517638,-0.00105188906689523,0.910462498171639,-0.333308963364235
15833,-1.94059,0.483844,-0.000958959653012476,0.912416143749876,0.555523964021923
15833,-1.94874,0.449902,-0.00086719222803155,0.912416143752063,-0.555523964220183
15832,-1.9563,0.415823,-0.000776433458096819,0.910462498170272,0.333308963168156
15832,-1.96325,0.381618,-0.000685417050856702,0.915346582366716,-0.7777525039937
15831,-1.96962,0.347296,-0.000596482583883466,0.909485669429575,0.111102085145728
15830,-1.97538,0.312869,-0.000506864364990831,0.91925377830502,0.999999999895294
15830,-1.98054,0.278346,-0.000419398266328032,0.909485669430092,-0.111102085358556
15829,-1.98509,0.243739,-0.000331946995613213,0.915346582363415,0.777752503777664
15829,-1.98904,0.209057,-0.000245476952403446,0.910462498171765,-0.333308963386404
15828,-1.99239,0.174311,-0.000159848891285881,0.912416143749651,0.555523964001473
15828,-1.99513,0.139513,-7.50411953868712e-05,0.912416143752222,-0.5555239642384
15827,-1.99726,0.104672,9.08660215728963e-06,0.910462498170184,0.3333089631488
15827,-1.99878,0.069799,9.1552121951683e-05,0.915346582367074,-0.777752504016448
15826,-1.9997,0.0349048,0.000174489779122179,0.909485669429527,0.111102085121831
15825,-2,2.46315e-16,0.000253933254248627,0.919253778304535,0.999999999870803
15825,-1.9997,-0.0349048,0.000335990057322895,0.909485669430051,-0.111102085378547
15824,-1.99878,-0.069799,0.000413846999490066,0.915346582363134,0.777752503762804
15824,-1.99726,-0.104672,0.000493232257132006,0.910462498171696,-0.333308963393566
15823,-1.99513,-0.139513,0.000569831632082685,0.912416143749586,0.555523964001405
15823,-1.99239,-0.174311,0.000645897793765049,0.912416143752114,-0.555523964232279
15822,-1.98904,-0.209057,0.000721589841100823,0.910462498170195,0.333308963161688
15822,-1.98509,-0.243739,0.000793711293900425,0.915346582366744,-0.7777525039964
15821,-1.98054,-0.278346,0.000868874568339464,0.909485669429545,0.111102085145526
15820,-1.97538,-0.312869,0.000936462576413563,0.919253778305042,0.999999999897283
15820,-1.96962,-0.347296,0.00101150634482358,0.909485669429957,-0.111102085350017
15819,-1.96325,-0.381618,0.00107833378567931,0.915346582363609,0.777752503792499
15819,-1.9563,-0.415823,0.00114935926320892,0.910462498171549,-0.333308963366345
15818,-1.94874,-0.449902,0.00121587244404713,0.912416143749872,0.555523964026319
15818,-1.94059,-0.483844,0.00128235789344382,0.91241614375188,-0.555523964209544
15817,-1.93185,-0.517638,0.00134901636272814,0.910462498170337,0.33330896318265
15817,-1.92252,-0.551275,0.00141046088983407,0.915346582366458,-0.777752503976945
15816,-1.91261,-0.584743,0.00147773379528174,0.909485669429567,0.111102085165898
15815,-1.90211,-0.618034,0.00153367023853396,0.919253778305528,0.999999999919178
15815,-1.89104,-0.651136,0.00160204392743283,0.90948566942994,-0.111102085328262
15814,-1.87939,-0.68404,0.00165852021237462,0.915346582363942,0.77775250381428
15814,-1.86716,-0.716736,0.00172201320484569,0.910462498171397,-0.333308963343943
15813,-1.85437,-0.749213,0.00177954380978247,0.912416143750119,0.555523964050056
15813,-1.84101,-0.781462,0.00183774850424691,0.912416143751582,-0.555523964183381
15812,-1.82709,-0.813473,0.00189684901084179,0.910462498170486,0.333308963212263
15812,-1.81262,-0.845237,0.00194937852995985,0.915346582365912,-0.777752503943197
15811,-1.79759,-0.876742,0.00201054857724001,0.909485669429641,0.111102085200675
15810,-1.78201,-0.907981,0.00205702959315492,0.919253778306197,0.999999999954239
15810,-1.7659,-0.938943,0.00212074148653472,0.90948566942985,-0.11110208529261
15809,-1.74924,-0.969619,0.00216926468479814,0.915346582364535,0.777752503850301
15809,-1.73205,-1,0.00222749387399164,0.9104624981712,-0.333308963308458
15808,-1.71433,-1.03008,0.00227848063008733,0.912416143750526,0.555523964084446
15808,-1.6961,-1.05984,0.00233080600376608,0.912416143751243,-0.555523964150944
15807,-1.67734,-1.08928,0.00238460834115611,0.910462498170725,0.333308963242434
15807,-1.65808,-1.11839,0.00243059317054601,0.915346582365503,-0.7777525039155
15806,-1.6383,-1.14715,0.00248748080422134,0.90948566942967,0.111102085228524
15805,-1.61803,-1.17557,0.00252665871248631,0.919253778306763,0.999999999982893
15805,-1.59727,-1.20363,0.00258681402188617,0.909485669429812,-0.111102085265547
15804,-1.57602,-1.23132,0.00262874809878267,0.915346582364898,0.777752503876549
15804,-1.55429,-1.25864,0.0026822095925902,0.910462498170935,-0.333308963280012
15803,-1.53209,-1.28558,0.0027269791725818,0.912416143750815,0.555523964114853
15803,-1.50942,-1.31212,0.00277317756012254,0.912416143750855,-0.555523964118957
15802,-1.48629,-1.33826,0.0028208082712859,0.910462498170897,0.333308963276791
15802,-1.46271,-1.364,0.00285917519608821,0.915346582364928,-0.77775250387821
15801,-1.43868,-1.38932,0.00290964585699038,0.909485669429954,0.111102085257172
15801,-1.41421,-1.41421,0.00293961496137432,0.919253778307098,-0.999999999999989
10084,-1.38932,-1.43868,0.00299288379693877,-0.909485669429983,0.111102085260242
10184,-1.364,-1.46271,0.00302517372978279,-0.915346582364814,-0.777752503871363
10184,-1.33826,-1.48629,0.00306990788887122,-0.910462498171062,0.333308963290425
10284,-1.31212,-1.50942,0.00310445378412276,-0.912416143750702,-0.555523964098991
10284,-1.28558,-1.53209,0.00314010959378962,-0.912416143751175,0.55552396414059
10384,-1.25864,-1.55429,0.00317684237465884,-0.910462498170858,-0.333308963247603
10384,-1.23132,-1.57602,0.00320289677733999,-0.915346582365569,0.777752503916277
10484,-1.20363,-1.59727,0.00324174111586726,-0.909485669429755,-0.111102085221656
10584,-1.17557,-1.61803,0.00325771451352294,-0.919253778306467,-0.999999999969833
10584,-1.14715,-1.6383,0.00329862167642095,-0.909485669429891,0.111102085282108
10684,-1.11839,-1.65808,0.00331629187143001,-0.915346582364624,-0.777752503855743
10684,-1.08928,-1.67734,0.00334704797048542,-0.910462498171255,0.333308963307532
10784,-1.05984,-1.6961,0.00336643653360213,-0.912416143750544,-0.555523964080908
10784,-1.03008,-1.71433,0.00338670200464887,-0.912416143751393,0.555523964158839
10884,-1,-1.73205,0.00340789377835948,-0.910462498170715,-0.333308963230315
10884,-0.969619,-1.74924,0.00341740818634867,-0.915346582365772,0.777752503931858
10984,-0.938943,-1.7659,0.00344055872583028,-0.909485669429763,-0.111102085205032
11084,-0.907981,-1.78201,0.00343915406490976,-0.919253778306154,-0.99999999995149
11084,-0.876742,-1.79759,0.00346448226195763,-0.909485669429981,0.111102085301552
11184,-0.845237,-1.81262,0.00346508768038948,-0.915346582364332,-0.777752503835052
11184,-0.813473,-1.82709,0.00347985133365591,-0.910462498171421,0.333308963330044
11284,-0.781462,-1.84101,0.00348278673288075,-0.912416143750289,-0.555523964056998
11284,-0.749213,-1.85437,0.0034869885600853,-0.912416143751684,0.555523964183542
11384,-0.716736,-1.86716,0.00349261367064237,-0.910462498170579,-0.333308963203316
11384,-0.68404,-1.87939,0.00348631713134522,-0.915346582366256,0.777752503962127
11484,-0.651136,-1.89104,0.00349500283890424,-0.9094856694297,-0.111102085173069
11584,-0.618034,-1.90211,0.00347832248081924,-0.919253778305473,-0.9999999999182
11584,-0.584743,-1.91261,0.00349042822371323,-0.909485669430035,0.111102085335111
11684,-0.551275,-1.92252,0.00347716192979854,-0.915346582363772,-0.777752503801188
11684,-0.517638,-1.93185,0.00347937782701235,-0.910462498171642,0.333308963364261
11784,-0.483844,-1.94059,0.00346987727211581,-0.912416143749915,-0.555523964021929
11784,-0.449902,-1.94874,0.00346235819980996,-0.912416143752077,0.555523964220183
11884,-0.415823,-1.9563,0.00345695149666686,-0.910462498170266,-0.33330896316818
11884,-0.381618,-1.96325,0.0034398872384436,-0.915346582366712,0.777752503993725
11984,-0.347296,-1.96962,0.00343884556388693,-0.909485669429565,-0.111102085145729
12084,-0.312869,-1.97538,0.00341243653400199,-0.919253778305011,-0.999999999895287
12084,-0.278346,-1.98054,0.00341595135251045,-0.909485669430107,0.111102085358526
12184,-0.243739,-1.98509,0.0033941891977641,-0.915346582363447,-0.777752503777644
12184,-0.209057,-1.98904,0.00338854201383625,-0.910462498171781,0.333308963386432
12284,-0.174311,-1.99239,0.00337145961743104,-0.912416143749663,-0.555523964001473
12284,-0.139513,-1.99513,0.00335669754921804,-0.912416143752267,0.555523964238395
12384,-0.104672,-1.99726,0.00334417001445174,-0.910462498170238,-0.333308963148834
12384,-0.069799,-1.99878,0.00332030791538517,-0.915346582367131,0.777752504016471
12484,-0.0349048,-1.9997,0.00331206909838938,-0.909485669429557,-0.111102085121833
12584,-4.35203e-16,-2,0.00327909103399993,-0.919253778304537,-0.999999999870803
12584,0.0349048,-1.9997,0.0032747644008571,-0.909485669430058,0.111102085378513
12684,0.069799,-1.99878,0.00324579313984993,-0.915346582363139,-0.777752503762792
12684,0.104672,-1.99726,0.00323178379901871,-0.9104624981717,0.333308963393593
12784,0.139513,-1.99513,0.00320637814933738,-0.912416143749591,-0.555523964001403
12784,0.174311,-1.99239,0.00318262336668022,-0.912416143752134,0.555523964232273
12884,0.209057,-1.98904,0.00316031633036477,-0.91046249817019,-0.333308963161724
12884,0.243739,-1.98509,0.00312679231653623,-0.915346582366752,0.777752503996427
12984,0.278346,-1.98054,0.00310712774449938,-0.909485669429543,-0.111102085145531
13084,0.312869,-1.97538,0.00306387073781654,-0.919253778305079,-0.999999999897294
13084,0.347296,-1.96962,0.00304643530589333,-0.909485669429971,0.111102085349981
13184,0.381618,-1.96325,0.00300563842177029,-0.915346582363621,-0.777752503792476
13184,0.415823,-1.9563,0.00297799972881423,-0.910462498171561,0.33330896336634
13284,0.449902,-1.94874,0.00293937184327356,-0.912416143749886,-0.555523964026324
13284,0.483844,-1.94059,0.00290176519348619,-0.912416143751904,0.555523964209538
13384,0.517638,-1.93185,0.00286510028394711,-0.910462498170363,-0.333308963182687
13384,0.551275,-1.92252,0.00281782864340089,-0.915346582366464,0.777752503976962
13484,0.584743,-1.91261,0.00278295562384883,-0.909485669429569,-0.111102085165906
13584,0.618034,-1.90211,0.00272636538052596,-0.919253778305519,-0.999999999919186
13584,0.651136,-1.89104,0.00269309925567777,-0.909485669429928,0.111102085328226
13684,0.68404,-1.87939,0.00263847870190509,-0.915346582363942,-0.777752503814258
13684,0.716736,-1.86716,0.00259562732088592,-0.910462498171394,0.333308963343945
13784,0.749213,-1.85437,0.00254269592061788,-0.912416143750121,-0.555523964050058
13784,0.781462,-1.84101,0.00249051461959364,-0.91241614375158,0.555523964183364
13884,0.813473,-1.82709,0.00243890933209877,-0.91046249817049,-0.333308963212306
13884,0.845237,-1.81262,0.0023776357710776,-0.915346582365913,0.777752503943214
13984,0.876742,-1.79759,0.00232693407404818,-0.909485669429626,-0.1111020852007
14084,0.907981,-1.78201,0.00225679085625647,-0.919253778306215,-0.999999999954254
14084,0.938943,-1.7659,0.0022065145103365,-0.909485669429858,0.111102085292581
14184,0.969619,-1.74924,0.00213713428616943,-0.915346582364524,-0.777752503850263
14184,1,-1.73205,0.00207731285120829,-0.910462498171194,0.333308963308465
14284,1.03008,-1.71433,0.00200814640718667,-0.91241614375052,-0.55552396408445
14284,1.05984,-1.6961,0.00193892808438295,-0.912416143751235,0.55552396415093
14384,1.08928,-1.67734,0.00186942241815015,-0.910462498170724,-0.333308963242461
14384,1.11839,-1.65808,0.00179099321920295,-0.915346582365498,0.777752503915531
14484,1.14715,-1.6383,0.00172063580248009,-0.909485669429676,-0.111102085228531
14584,1.17557,-1.61803,0.00163321651892062,-0.919253778306762,-0.999999999982903
14584,1.20363,-1.59727,0.00156151957730519,-0.909485669429825,0.1111020852655
14684,1.23132,-1.57602,0.00147314192222294,-0.91534658236492,-0.777752503876537
14684,1.25864,-1.55429,0.00139183984741417,-0.910462498170955,0.333308963280004
14784,1.28558,-1.53209,0.00130204690742078,-0.912416143750819,-0.555523964114867
14784,1.31212,-1.50942,0.00121143173271927,-0.912416143750872,0.555523964118932
14884,1.33826,-1.48629,0.00111982442155486,-0.910462498170903,-0.333308963276861
14884,1.364,-1.46271,0.00102024333578542,-0.915346582364901,0.777752503878194
14984,1.38932,-1.43868,0.000926469934575359,-0.909485669429939,-0.111102085257194
14984,1.41421,-1.41421,0.000818310597987171,-0.919253778307102,0.999999999999985
5850,1.43868,-1.38932,0.000722069093567016,0.909485669429985,-0.111102085260202
5849,1.46271,-1.364,0.000611933228782291,0.915346582364833,0.777752503871339
5849,1.48629,-1.33826,0.000506808189202843,0.910462498171102,-0.333308963290407
5848,1.50942,-1.31212,0.000394471552719481,0.91241614375073,0.555523964099018
5848,1.53209,-1.28558,0.000280992819579853,0.912416143751186,-0.555523964140576
5847,1.55429,-1.25864,0.000166312628323023,0.91046249817085,0.333308963247604
5847,1.57602,-1.23132,4.5083287175002e-05,0.91534658236556,-0.777752503916265
5846,1.59727,-1.20363,-7.19992331203748e-05,0.909485669429786,0.111102085221649
5845,1.61803,-1.17557,-0.000200302328449904,0.919253778306525,0.999999999969829
5845,1.6383,-1.14715,-0.000319784360175036,0.909485669429914,-0.11110208528211
5844,1.65808,-1.11839,-0.000449852444395117,0.915346582364627,0.777752503855747
5844,1.67734,-1.08928,-0.000576282215685803,0.910462498171258,-0.333308963307527
5843,1.6961,-1.05984,-0.000708058519509165,0.912416143750537,0.555523964080912
5843,1.71433,-1.03008,-0.000840655147926048,0.912416143751378,-0.555523964158821
5842,1.73205,-1,-0.000974050330115388,0.910462498170701,0.333308963230334
5842,1.74924,-0.969619,-0.0011120031457658,0.915346582365767,-0.777752503931841
5841,1.7659,-0.938943,-0.00124692545391971,0.909485669429766,0.111102085205045
5840,1.78201,-0.907981,-0.00138940766693612,0.919253778306158,0.99999999995149
5840,1.79759,-0.876742,-0.00152577716244473,0.909485669429983,-0.111102085301555
5839,1.81262,-0.845237,-0.00166899947420444,0.915346582364319,0.777752503835052
5839,1.82709,-0.813473,-0.00180969952562123,0.910462498171384,-0.333308963330046
5838,1.84101,-0.781462,-0.00195359423831503,0.912416143750258,0.555523964056995
5838,1.85437,-0.749213,-0.00209780025428331,0.91241614375167,-0.555523964183538
5837,1.86716,-0.716736,-0.00224233589913793,0.91046249817059,0.333308963203332
5837,1.87939,-0.68404,-0.00238923387707755,0.915346582366259,-0.777752503962114
5836,1.89104,-0.651136,-0.00253442904134447,0.909485669429712,0.11110208517308
5835,1.90211,-0.618034,-0.00268321746293829,0.919253778305505,0.999999999918216
5835,1.91261,-0.584743,-0.00282913038024206,0.909485669430072,-0.111102085335106
5834,1.92252,-0.551275,-0.00297791786441992,0.915346582363824,0.777752503801191
5834,1.93185,-0.517638,-0.003125730278975,0.910462498171638,-0.333308963364257
5833,1.94059,-0.483844,-0.00327460388027083,0.912416143749874,0.555523964021932
5833,1.94874,-0.449902,-0.00342353702471594,0.91241614375206,-0.555523964220175
5832,1.9563,-0.415823,-0.00357259753317827,0.910462498170272,0.333308963168192
5832,1.96325,-0.381618,-0.00372186908385019,0.915346582366721,-0.777752503993719
5831,1.96962,-0.347296,-0.00387124412547467,0.909485669429573,0.111102085145735
5830,1.97538,-0.312869,-0.00402008639331072,0.919253778305019,0.999999999895301
5830,1.98054,-0.278346,-0.00416992998625677,0.909485669430095,-0.11110208535852
5829,1.98509,-0.243739,-0.00431851473475051,0.915346582363408,0.777752503777643
5829,1.98904,-0.209057,-0.00446805296872018,0.910462498171767,-0.333308963386425
5828,1.99239,-0.174311,-0.00461653505846458,0.91241614374965,0.555523964001481
5828,1.99513,-0.139513,-0.00476499714364461,0.912416143752221,-0.555523964238393
5827,1.99726,-0.104672,-0.00491350403411641,0.910462498170182,0.333308963148836
5827,1.99878,-0.069799,-0.00506008640298308,0.915346582367075,-0.777752504016468
5826,1.9997,-0.0349048,-0.00520868751895472,0.909485669429527,0.111102085121839
