origElemNum,globCoord-x,globCoord-y,acouPotentialD1-,locCoord-xi,locCoord-eta
5825,2,-2.20442e-18,-0.000318250678381704,0.919253778304535,0.999999999870795
5825,1.9997,0.0349048,-0.000956117688940282,0.909485669430051,-0.11110208537854
5824,1.99878,0.069799,-0.00159916061461788,0.915346582363134,0.7777525037628
5824,1.99726,0.104672,-0.002238590005763,0.910462498171695,-0.333308963393583
5823,1.99513,0.139513,-0.00288017185947716,0.912416143749585,0.555523964001403
5823,1.99239,0.174311,-0.00352064196383508,0.912416143752112,-0.555523964232293
5822,1.98904,0.209057,-0.00415969166738495,0.910462498170195,0.33330896316169
5822,1.98509,0.243739,-0.00480068340128185,0.915346582366752,-0.777752503996411
5821,1.98054,0.278346,-0.00543616152352569,0.909485669429537,0.111102085145532
5820,1.97538,0.312869,-0.00607716703250449,0.91925377830504,0.999999999897275
5820,1.96962,0.347296,-0.00670809409769604,0.909485669429959,-0.111102085350008
5819,1.96325,0.381618,-0.00734450253851598,0.915346582363608,0.777752503792493
5819,1.9563,0.415823,-0.00797409530852237,0.910462498171543,-0.333308963366333
5818,1.94874,0.449902,-0.00860500007626169,0.912416143749872,0.555523964026318
5818,1.94059,0.483844,-0.00923282884236455,0.912416143751876,-0.555523964209557
5817,1.93185,0.517638,-0.00985736360765425,0.910462498170338,0.333308963182653
5817,1.92252,0.551275,-0.0104830104005029,0.915346582366455,-0.777752503976955
5816,1.91261,0.584743,-0.0111003849058273,0.909485669429567,0.111102085165898
5815,1.90211,0.618034,-0.0117234704651089,0.919253778305533,0.999999999919169
5815,1.89104,0.651136,-0.0123329917031443,0.909485669429933,-0.111102085328256
5814,1.87939,0.68404,-0.0129481963420503,0.915346582363941,0.777752503814277
5814,1.86716,0.716736,-0.0135542090170222,0.910462498171402,-0.333308963343933
5813,1.85437,0.749213,-0.0141609039921148,0.912416143750119,0.555523964050056
5813,1.84101,0.781462,-0.0147631026877559,0.912416143751575,-0.555523964183394
5812,1.82709,0.813473,-0.0153606943587308,0.910462498170486,0.333308963212263
5812,1.81262,0.845237,-0.0159587706291893,0.915346582365915,-0.777752503943209
5811,1.79759,0.876742,-0.0165467026916952,0.909485669429635,0.111102085200681
5810,1.78201,0.907981,-0.0171403421535154,0.919253778306195,0.999999999954235
5810,1.7659,0.938943,-0.0177180967540125,0.909485669429844,-0.111102085292603
5809,1.74924,0.969619,-0.0183015001959371,0.915346582364538,0.777752503850291
5809,1.73205,1,-0.0188740999907168,0.910462498171199,-0.333308963308445
5808,1.71433,1.03008,-0.0194468169762425,0.912416143750526,0.555523964084446
5808,1.6961,1.05984,-0.0200140098092625,0.912416143751246,-0.555523964150953
5807,1.67734,1.08928,-0.0205756354134827,0.910462498170725,0.333308963242434
5807,1.65808,1.11839,-0.0211371539947203,0.915346582365508,-0.777752503915519
5806,1.6383,1.14715,-0.0216872821246085,0.909485669429676,0.11110208522853
5805,1.61803,1.17557,-0.0222428200615667,0.919253778306765,0.999999999982884
5805,1.59727,1.20363,-0.0227810255134784,0.909485669429817,-0.111102085265541
5804,1.57602,1.23132,-0.0233245229449492,0.9153465823649,0.777752503876539
5804,1.55429,1.25864,-0.0238560956390577,0.910462498170939,-0.333308963279996
5803,1.53209,1.28558,-0.024387113440951,0.912416143750815,0.555523964114853
5803,1.50942,1.31212,-0.024911709442717,0.91241614375085,-0.555523964118972
5802,1.48629,1.33826,-0.025429816107998,0.910462498170897,0.333308963276791
5802,1.46271,1.364,-0.0259470793495231,0.915346582364929,-0.77775250387822
5801,1.43868,1.38932,-0.0264518354124565,0.909485669429954,0.111102085257182
5801,1.41421,1.41421,-0.0269613833136732,0.919253778307104,-0.999999999999994
850,1.38932,1.43868,-0.0274522917764755,0.909485669429991,-0.111102085260227
849,1.364,1.46271,-0.0279477937123732,0.915346582364834,0.777752503871359
849,1.33826,1.48629,-0.0284301351255868,0.910462498171096,-0.333308963290402
848,1.31212,1.50942,-0.028910927136422,0.912416143750729,0.555523964099008
848,1.28558,1.53209,-0.0293840980487019,0.912416143751184,-0.555523964140596
847,1.25864,1.55429,-0.0298493958990137,0.910462498170846,0.333308963247574
847,1.23132,1.57602,-0.0303127334181416,0.915346582365554,-0.777752503916259
846,1.20363,1.59727,-0.0307616889465827,0.90948566942978,0.111102085221654
845,1.17557,1.61803,-0.0312145111315627,0.919253778306528,0.999999999969813
845,1.14715,1.6383,-0.0316462634360666,0.909485669429915,-0.111102085282135
844,1.11839,1.65808,-0.0320816010987707,0.915346582364625,0.777752503855763
844,1.08928,1.67734,-0.0325015771203098,0.910462498171253,-0.333308963307521
843,1.05984,1.6961,-0.0329185533573613,0.912416143750542,0.555523964080906
843,1.03008,1.71433,-0.0333260439800633,0.912416143751377,-0.555523964158847
842,1,1.73205,-0.0337237128348518,0.910462498170698,0.333308963230309
842,0.969619,1.74924,-0.0341179571477929,0.915346582365766,-0.777752503931825
841,0.938943,1.7659,-0.0344952855481319,0.909485669429764,0.111102085205048
840,0.907981,1.78201,-0.0348754844571305,0.919253778306164,0.99999999995148
840,0.876742,1.79759,-0.0352313944466806,0.909485669429979,-0.11110208530158
839,0.845237,1.81262,-0.0355898604631676,0.91534658236432,0.777752503835068
839,0.813473,1.82709,-0.035930187288785,0.91046249817139,-0.33330896333004
838,0.781462,1.84101,-0.0362659059327825,0.912416143750255,0.555523964056983
838,0.749213,1.85437,-0.0365899425678565,0.912416143751674,-0.555523964183563
837,0.716736,1.86716,-0.0369020005844444,0.910462498170584,0.333308963203304
837,0.68404,1.87939,-0.0372091139203541,0.915346582366261,-0.777752503962098
836,0.651136,1.89104,-0.0374966935629802,0.909485669429719,0.111102085173086
835,0.618034,1.90211,-0.0377863065367202,0.919253778305509,0.999999999918205
835,0.584743,1.91261,-0.0380486543658386,0.909485669430073,-0.111102085335132
834,0.551275,1.92252,-0.0383128307674972,0.915346582363819,0.777752503801204
834,0.517638,1.93185,-0.0385566309514023,0.910462498171637,-0.333308963364254
833,0.483844,1.94059,-0.0387946768647919,0.912416143749877,0.55552396402192
833,0.449902,1.94874,-0.0390194427955707,0.91241614375206,-0.555523964220202
832,0.415823,1.9563,-0.03923071889863,0.910462498170279,0.333308963168166
832,0.381618,1.96325,-0.0394360022712157,0.915346582366717,-0.777752503993703
831,0.347296,1.96962,-0.0396199456574327,0.909485669429573,0.111102085145737
830,0.312869,1.97538,-0.0398053439067984,0.919253778305012,0.99999999989529
830,0.278346,1.98054,-0.0399614849135501,0.909485669430091,-0.111102085358547
829,0.243739,1.98509,-0.0401189495953464,0.915346582363415,0.77775250377766
829,0.209057,1.98904,-0.0402546261449069,0.910462498171767,-0.333308963386422
828,0.174311,1.99239,-0.040383838409554,0.912416143749651,0.55552396400147
828,0.139513,1.99513,-0.0404988439486508,0.912416143752224,-0.555523964238419
827,0.104672,1.99726,-0.0405996166054208,0.910462498170184,0.33330896314881
827,0.069799,1.99878,-0.0406938102753294,0.915346582367074,-0.777752504016452
826,0.0349048,1.9997,-0.0407660920409285,0.909485669429527,0.111102085121841
825,1.27747e-16,2,-0.0408393945846288,0.919253778304535,0.999999999870799
825,-0.0349048,1.9997,-0.0408832718849009,0.909485669430051,-0.111102085378537
824,-0.069799,1.99878,-0.0409281385094412,0.915346582363134,0.777752503762801
824,-0.104672,1.99726,-0.040951349125383,0.910462498171695,-0.333308963393583
823,-0.139513,1.99513,-0.0409680139043412,0.912416143749585,0.555523964001401
823,-0.174311,1.99239,-0.0409706619179592,0.912416143752112,-0.555523964232297
822,-0.209057,1.98904,-0.0409594365946769,0.910462498170195,0.333308963161685
822,-0.243739,1.98509,-0.0409416328553918,0.915346582366744,-0.777752503996403
821,-0.278346,1.98054,-0.04090286776937,0.909485669429538,0.111102085145537
820,-0.312869,1.97538,-0.0408647155815936,0.919253778305041,0.999999999897278
820,-0.347296,1.96962,-0.0407987721977513,0.90948566942996,-0.111102085350006
819,-0.381618,1.96325,-0.040733392437876,0.915346582363608,0.777752503792493
819,-0.415823,1.9563,-0.0406475848534359,0.910462498171543,-0.333308963366333
818,-0.449902,1.94874,-0.0405553093812353,0.912416143749872,0.555523964026316
818,-0.483844,1.94059,-0.0404496894109595,0.912416143751875,-0.555523964209561
817,-0.517638,1.93185,-0.0403308278992745,0.910462498170336,0.333308963182646
817,-0.551275,1.92252,-0.0402054206836109,0.915346582366457,-0.777752503976948
816,-0.584743,1.91261,-0.0400602701194077,0.909485669429562,0.111102085165907
815,-0.618034,1.90211,-0.0399150832897252,0.919253778305526,0.999999999919175
815,-0.651136,1.89104,-0.0397439385590068,0.909485669429935,-0.111102085328253
814,-0.68404,1.87939,-0.0395726505440781,0.915346582363941,0.777752503814277
814,-0.716736,1.86716,-0.0393821348485705,0.910462498171402,-0.333308963343933
813,-0.749213,1.85437,-0.0391850468561956,0.912416143750117,0.555523964050053
813,-0.781462,1.84101,-0.038975172064871,0.912416143751584,-0.555523964183396
812,-0.813473,1.82709,-0.0387526021988581,0.910462498170484,0.33330896321226
812,-0.845237,1.81262,-0.0385233890892456,0.91534658236591,-0.7777525039432
811,-0.876742,1.79759,-0.0382756843414186,0.909485669429639,0.111102085200672
810,-0.907981,1.78201,-0.0380271715381252,0.919253778306197,0.999999999954239
810,-0.938943,1.7659,-0.0377547170067484,0.909485669429848,-0.111102085292613
809,-0.969619,1.74924,-0.0374813644491549,0.915346582364533,0.777752503850298
809,-1,1.73205,-0.0371901881423243,0.910462498171205,-0.333308963308436
808,-1.03008,1.71433,-0.0368924355798339,0.912416143750522,0.55552396408444
808,-1.05984,1.6961,-0.0365826520502682,0.912416143751243,-0.555523964150944
807,-1.08928,1.67734,-0.0362609845559763,0.910462498170733,0.33330896324243
807,-1.11839,1.65808,-0.03593273876847,0.915346582365511,-0.777752503915504
806,-1.14715,1.6383,-0.035587688848852,0.909485669429678,0.11110208522852
805,-1.17557,1.61803,-0.0352411518857763,0.91925377830677,0.999999999982889
805,-1.20363,1.59727,-0.0348732986621028,0.909485669429819,-0.111102085265551
804,-1.23132,1.57602,-0.0345039181723094,0.915346582364893,0.777752503876544
804,-1.25864,1.55429,-0.034118636977509,0.910462498170937,-0.333308963279986
803,-1.28558,1.53209,-0.0337270466688242,0.912416143750809,0.555523964114847
803,-1.31212,1.50942,-0.0333245842573453,0.912416143750849,-0.555523964118962
802,-1.33826,1.48629,-0.0329114494724635,0.910462498170897,0.333308963276791
802,-1.364,1.46271,-0.0324920717622303,0.915346582364928,-0.77775250387821
801,-1.38932,1.43868,-0.03205809104967,0.909485669429954,0.111102085257172
801,-1.41421,1.41421,-0.0316220834343935,0.919253778307104,-0.999999999999994
15850,-1.43868,1.38932,-0.0311679858555264,0.909485669429991,-0.111102085260237
15849,-1.46271,1.364,-0.030711854887012,0.915346582364828,0.777752503871364
15849,-1.48629,1.33826,-0.0302421937331067,0.910462498171103,-0.333308963290387
15848,-1.50942,1.31212,-0.0297667062777212,0.912416143750729,0.555523964099008
15848,-1.53209,1.28558,-0.0292818203080364,0.912416143751185,-0.555523964140586
15847,-1.55429,1.25864,-0.0287877740239767,0.910462498170851,0.333308963247569
15847,-1.57602,1.23132,-0.0282880211841523,0.915346582365555,-0.777752503916249
15846,-1.59727,1.20363,-0.0277762466725357,0.909485669429784,0.111102085221639
15845,-1.61803,1.17557,-0.0272620035376338,0.919253778306531,0.999999999969823
15845,-1.6383,1.14715,-0.0267333607752419,0.909485669429917,-0.111102085282151
15844,-1.65808,1.11839,-0.0262022734967421,0.915346582364627,0.777752503855772
15844,-1.67734,1.08928,-0.025660395663027,0.910462498171251,-0.333308963307506
15843,-1.6961,1.05984,-0.0251133594944763,0.912416143750542,0.555523964080906
15843,-1.71433,1.03008,-0.0245586726088187,0.912416143751375,-0.555523964158831
15842,-1.73205,1,-0.0239966070800607,0.910462498170697,0.333308963230296
15842,-1.74924,0.969619,-0.0234295482381388,0.915346582365764,-0.777752503931822
15841,-1.7659,0.938943,-0.0228533931162846,0.909485669429762,0.111102085205035
15840,-1.78201,0.907981,-0.0222744105303311,0.919253778306162,0.999999999951483
15840,-1.79759,0.876742,-0.0216851235573813,0.909485669429984,-0.111102085301589
15839,-1.81262,0.845237,-0.0210930537124985,0.915346582364318,0.777752503835071
15839,-1.82709,0.813473,-0.0204932319301656,0.910462498171391,-0.333308963330024
15838,-1.84101,0.781462,-0.0198890571893206,0.912416143750253,0.555523964056986
15838,-1.85437,0.749213,-0.0192791838528964,0.912416143751674,-0.555523964183544
15837,-1.86716,0.716736,-0.0186639088607166,0.910462498170589,0.333308963203294
15837,-1.87939,0.68404,-0.0180444815107683,0.915346582366259,-0.777752503962095
15836,-1.89104,0.651136,-0.0174191310485777,0.909485669429715,0.111102085173074
15835,-1.90211,0.618034,-0.0167906578951519,0.919253778305508,0.999999999918209
15835,-1.91261,0.584743,-0.0161562669454513,0.909485669430068,-0.111102085335144
15834,-1.92252,0.551275,-0.015518815942877,0.915346582363818,0.777752503801208
15834,-1.93185,0.517638,-0.0148768676909733,0.910462498171639,-0.333308963364235
15833,-1.94059,0.483844,-0.014231476497725,0.912416143749876,0.555523964021923
15833,-1.94874,0.449902,-0.0135824848379002,0.912416143752063,-0.555523964220183
15832,-1.9563,0.415823,-0.0129301875309393,0.910462498170272,0.333308963168156
15832,-1.96325,0.381618,-0.0122746649435208,0.915346582366716,-0.7777525039937
15831,-1.96962,0.347296,-0.011616489646149,0.909485669429575,0.111102085145728
15830,-1.97538,0.312869,-0.0109549464295921,0.91925377830502,0.999999999895294
15830,-1.98054,0.278346,-0.0102919167730117,0.909485669430092,-0.111102085358556
15829,-1.98509,0.243739,-0.00962558284573047,0.915346582363415,0.777752503777664
15829,-1.98904,0.209057,-0.00895800523509634,0.910462498171765,-0.333308963386404
15828,-1.99239,0.174311,-0.00828790904141071,0.912416143749651,0.555523964001473
15828,-1.99513,0.139513,-0.00761630293145429,0.912416143752222,-0.5555239642384
15827,-1.99726,0.104672,-0.00694348032758405,0.910462498170184,0.3333089631488
15827,-1.99878,0.069799,-0.0062683734891912,0.915346582367074,-0.777752504016448
15826,-1.9997,0.0349048,-0.00559386836416541,0.909485669429527,0.111102085121831
15825,-2,2.46315e-16,-0.00491579754628639,0.919253778304535,0.999999999870803
15825,-1.9997,-0.0349048,-0.00424065622526105,0.909485669430051,-0.111102085378547
15824,-1.99878,-0.069799,-0.00356202855906849,0.915346582363134,0.777752503762804
15824,-1.99726,-0.104672,-0.00288542738390493,0.910462498171696,-0.333308963393566
15823,-1.99513,-0.139513,-0.00220728473114304,0.912416143749586,0.555523964001405
15823,-1.99239,-0.174311,-0.00152975689432601,0.912416143752114,-0.555523964232279
15822,-1.98904,-0.209057,-0.000853128522286827,0.910462498170195,0.333308963161688
15822,-1.98509,-0.243739,-0.000175202914728118,0.915346582366744,-0.7777525039964
15821,-1.98054,-0.278346,0.000498897997081328,0.909485669429545,0.111102085145526
15820,-1.97538,-0.312869,0.00117669823975169,0.919253778305042,0.999999999897283
15820,-1.96962,-0.347296,0.00184727407244534,0.909485669429957,-0.111102085350017
15819,-1.96325,-0.381618,0.00252147171396301,0.915346582363609,0.777752503792499
15819,-1.9563,-0.415823,0.0031904963032064,0.910462498171549,-0.333308963366345
15818,-1.94874,-0.449902,0.00386010707800323,0.912416143749872,0.555523964026319
15818,-1.94059,-0.483844,0.0045270683366646,0.91241614375188,-0.555523964209544
15817,-1.93185,-0.517638,0.00519111227003516,0.910462498170337,0.33330896318265
15817,-1.92252,-0.551275,0.00585549612823712,0.915346582366458,-0.777752503976945
15816,-1.91261,-0.584743,0.00651299840317065,0.909485669429567,0.111102085165898
15815,-1.90211,-0.618034,0.00717428643770996,0.919253778305528,0.999999999919178
15815,-1.89104,-0.651136,0.0078242730701177,0.90948566942994,-0.111102085328262
15814,-1.87939,-0.68404,0.00847795362392927,0.915346582363942,0.77775250381428
15814,-1.86716,-0.716736,0.00912343781182348,0.910462498171397,-0.333308963343943
15813,-1.85437,-0.749213,0.00976853579959245,0.912416143750119,0.555523964050056
15813,-1.84101,-0.781462,0.0104089924391422,0.912416143751582,-0.555523964183381
15812,-1.82709,-0.813473,0.0110445403243464,0.910462498170486,0.333308963212263
15812,-1.81262,-0.845237,0.0116794441070355,0.915346582365912,-0.777752503943197
15811,-1.79759,-0.876742,0.0123044886941383,0.909485669429641,0.111102085200675
15810,-1.78201,-0.907981,0.0129333155510569,0.919253778306197,0.999999999954239
15810,-1.7659,-0.938943,0.0135469191878154,0.90948566942985,-0.11110208529261
15809,-1.74924,-0.969619,0.0141642014156239,0.915346582364535,0.777752503850301
15809,-1.73205,-1,0.014770384217616,0.9104624981712,-0.333308963308458
15808,-1.71433,-1.03008,0.0153751981679077,0.912416143750526,0.555523964084446
15808,-1.6961,-1.05984,0.0159734493550583,0.912416143751243,-0.555523964150944
15807,-1.67734,-1.08928,0.0165648866811146,0.910462498170725,0.333308963242434
15807,-1.65808,-1.11839,0.0171546943179538,0.915346582365503,-0.7777525039155
15806,-1.6383,-1.14715,0.0177318592415177,0.90948566942967,0.111102085228524
15805,-1.61803,-1.17557,0.0183127049127878,0.919253778306763,0.999999999982893
15805,-1.59727,-1.20363,0.018874715936851,0.909485669429812,-0.111102085265547
15804,-1.57602,-1.23132,0.0194402864814511,0.915346582364898,0.777752503876549
15804,-1.55429,-1.25864,0.0199920726970217,0.910462498170935,-0.333308963280012
15803,-1.53209,-1.28558,0.0205415015698485,0.912416143750815,0.555523964114853
15803,-1.50942,-1.31212,0.0210825528492562,0.912416143750855,-0.555523964118957
15802,-1.48629,-1.33826,0.0216149847431565,0.910462498170897,0.333308963276791
15802,-1.46271,-1.364,0.022144785055301,0.915346582364928,-0.77775250387821
15801,-1.43868,-1.38932,0.0226593799726246,0.909485669429954,0.111102085257172
15801,-1.41421,-1.41421,0.0231774057861797,0.919253778307098,-0.999999999999989
10084,-1.38932,-1.43868,0.0236733363359087,-0.909485669429983,0.111102085260242
10184,-1.364,-1.46271,0.024172543353294,-0.915346582364814,-0.777752503871363
10184,-1.33826,-1.48629,0.0246555049556131,-0.910462498171062,0.333308963290425
10284,-1.31212,-1.50942,0.0251350732931212,-0.912416143750702,-0.555523964098991
10284,-1.28558,-1.53209,0.0256045375243138,-0.912416143751175,0.55552396414059
10384,-1.25864,-1.55429,0.0260636599119032,-0.910462498170858,-0.333308963247603
10384,-1.23132,-1.57602,0.0265190876899358,-0.915346582365569,0.777752503916277
10484,-1.20363,-1.59727,0.0269569739828711,-0.909485669429755,-0.111102085221656
10584,-1.17557,-1.61803,0.0273978160927697,-0.919253778306467,-0.999999999969833
10584,-1.14715,-1.6383,0.0278136954267783,-0.909485669429891,0.111102085282108
10684,-1.11839,-1.65808,0.0282323359558891,-0.915346582364624,-0.777752503855743
10684,-1.08928,-1.67734,0.0286325341842613,-0.910462498171255,0.333308963307532
10784,-1.05984,-1.6961,0.0290282491267163,-0.912416143750544,-0.555523964080908
10784,-1.03008,-1.71433,0.0294122619047624,-0.912416143751393,0.555523964158839
10884,-1,-1.73205,0.0297843842430542,-0.910462498170715,-0.333308963230315
10884,-0.969619,-1.74924,0.030151723860792,-0.915346582365772,0.777752503931858
10984,-0.938943,-1.7659,0.0304996570041437,-0.909485669429763,-0.111102085205032
11084,-0.907981,-1.78201,0.0308498684452851,-0.919253778306154,-0.99999999995149
11084,-0.876742,-1.79759,0.0311731004505593,-0.909485669429981,0.111102085301552
11184,-0.845237,-1.81262,0.0314984456112638,-0.915346582364332,-0.777752503835052
11184,-0.813473,-1.82709,0.0318038780049966,-0.910462498171421,0.333308963330044
11284,-0.781462,-1.84101,0.0321039653356016,-0.912416143750289,-0.555523964056998
11284,-0.749213,-1.85437,0.0323912984032733,-0.912416143751684,0.555523964183542
11384,-0.716736,-1.86716,0.032665836980399,-0.910462498170579,-0.333308963203316
11384,-0.68404,-1.87939,0.0329348238712638,-0.915346582366256,0.777752503962127
11484,-0.651136,-1.89104,0.0331836208385759,-0.9094856694297,-0.111102085173069
11584,-0.618034,-1.90211,0.0334340678038399,-0.919253778305473,-0.9999999999182
11584,-0.584743,-1.91261,0.033657015157216,-0.909485669430035,0.111102085335111
11684,-0.551275,-1.92252,0.033881533857232,-0.915346582363772,-0.777752503801188
11684,-0.517638,-1.93185,0.0340858338765723,-0.910462498171642,0.333308963364261
11784,-0.483844,-1.94059,0.034284403539961,-0.912416143749915,-0.555523964021929
11784,-0.449902,-1.94874,0.0344699811260897,-0.912416143752077,0.555523964220183
11884,-0.415823,-1.9563,0.0346426181916051,-0.910462498170266,-0.33330896316818
11884,-0.381618,-1.96325,0.0348094103566637,-0.915346582366712,0.777752503993725
11984,-0.347296,-1.96962,0.0349561347776722,-0.909485669429565,-0.111102085145729
12084,-0.312869,-1.97538,0.0351040691314244,-0.919253778305011,-0.999999999895287
12084,-0.278346,-1.98054,0.0352248628252471,-0.909485669430107,0.111102085358526
12184,-0.243739,-1.98509,0.0353467814138121,-0.915346582363447,-0.777752503777644
12184,-0.209057,-1.98904,0.0354486162185442,-0.910462498171781,0.333308963386432
12284,-0.174311,-1.99239,0.0355444114889068,-0.912416143749663,-0.555523964001473
12284,-0.139513,-1.99513,0.0356270928504712,-0.912416143752267,0.555523964238395
12384,-0.104672,-1.99726,0.0356965876739995,-0.910462498170238,-0.333308963148834
12384,-0.069799,-1.99878,0.0357598700143016,-0.915346582367131,0.777752504016471
12484,-0.0349048,-1.9997,0.0358028308863594,-0.909485669429557,-0.111102085121833
12584,-4.35203e-16,-2,0.0358464219728435,-0.919253778304537,-0.999999999870803
12584,0.0349048,-1.9997,0.035862593059098,-0.909485669430058,0.111102085378513
12684,0.069799,-1.99878,0.0358792122090796,-0.915346582363139,-0.777752503762792
12684,0.104672,-1.99726,0.0358753114423538,-0.9104624981717,0.333308963393593
12784,0.139513,-1.99513,0.0358647148415696,-0.912416143749591,-0.555523964001403
12784,0.174311,-1.99239,0.035840453197051,-0.912416143752134,0.555523964232273
12884,0.209057,-1.98904,0.0358024476034718,-0.91046249817019,-0.333308963161724
12884,0.243739,-1.98509,0.0357575408400412,-0.915346582366752,0.777752503996427
12984,0.278346,-1.98054,0.0356919969658418,-0.909485669429543,-0.111102085145531
13084,0.312869,-1.97538,0.035626176170129,-0.919253778305079,-0.999999999897294
13084,0.347296,-1.96962,0.0355330482714661,-0.909485669429971,0.111102085349981
13184,0.381618,-1.96325,0.0354394542211777,-0.915346582363621,-0.777752503792476
13184,0.415823,-1.9563,0.035325414572434,-0.910462498171561,0.33330896336634
13284,0.449902,-1.94874,0.035204130449268,-0.912416143749886,-0.555523964026324
13284,0.483844,-1.94059,0.0350690626679162,-0.912416143751904,0.555523964209538
13384,0.517638,-1.93185,0.0349202964755624,-0.910462498170363,-0.333308963182687
13384,0.551275,-1.92252,0.0347641451300572,-0.915346582366464,0.777752503976962
13484,0.584743,-1.91261,0.0345882430513554,-0.909485669429569,-0.111102085165906
13584,0.618034,-1.90211,0.0344110196081488,-0.919253778305519,-0.999999999919186
13584,0.651136,-1.89104,0.0342084584273081,-0.909485669429928,0.111102085328226
13684,0.68404,-1.87939,0.0340044752817391,-0.915346582363942,-0.777752503814258
13684,0.716736,-1.86716,0.0337816084212353,-0.910462498171394,0.333308963343945
13784,0.749213,-1.85437,0.0335514859123284,-0.912416143750121,-0.555523964050058
13784,0.781462,-1.84101,0.0333085175773744,-0.91241614375158,0.555523964183364
13884,0.813473,-1.82709,0.0330529793275837,-0.91046249817049,-0.333308963212306
13884,0.845237,-1.81262,0.0327901790983128,-0.915346582365913,0.777752503943214
13984,0.876742,-1.79759,0.0325100653600911,-0.909485669429626,-0.1111020852007
14084,0.907981,-1.78201,0.0322277818555643,-0.919253778306215,-0.999999999954254
14084,0.938943,-1.7659,0.0319240522954886,-0.909485669429858,0.111102085292581
14184,0.969619,-1.74924,0.0316181826998539,-0.915346582364524,-0.777752503850263
14184,1,-1.73205,0.0312964162065742,-0.910462498171194,0.333308963308465
14284,1.03008,-1.71433,0.0309680218192749,-0.91241614375052,-0.55552396408445
14284,1.05984,-1.6961,0.0306287093395649,-0.912416143751235,0.55552396415093
14384,1.08928,-1.67734,0.0302788401102298,-0.910462498170724,-0.333308963242461
14384,1.11839,-1.65808,0.0299224565884009,-0.915346582365498,0.777752503915531
14484,1.14715,-1.6383,0.0295521057165827,-0.909485669429676,-0.111102085228531
14584,1.17557,-1.61803,0.0291790955494589,-0.919253778306762,-0.999999999982903
14584,1.20363,-1.59727,0.0287892114235103,-0.909485669429825,0.1111020852655
14684,1.23132,-1.57602,0.0283967075642698,-0.91534658236492,-0.777752503876537
14684,1.25864,-1.55429,0.0279915490043525,-0.910462498170955,0.333308963280004
14784,1.28558,-1.53209,0.0275805216433256,-0.912416143750819,-0.555523964114867
14784,1.31212,-1.50942,0.0271605637010791,-0.912416143750872,0.555523964118932
14884,1.33826,-1.48629,0.02673200886716,-0.910462498170903,-0.333308963276861
14884,1.364,-1.46271,0.0262977456202975,-0.915346582364901,0.777752503878194
14984,1.38932,-1.43868,0.0258526541509176,-0.909485669429939,-0.111102085257194
14984,1.41421,-1.41421,0.0254045732797964,-0.919253778307102,0.999999999999985
5850,1.43868,-1.38932,0.0249438876364929,0.909485669429985,-0.111102085260202
5849,1.46271,-1.364,0.0244802602734809,0.915346582364833,0.777752503871339
5849,1.48629,-1.33826,0.0240070330669483,0.910462498171102,-0.333308963290407
5848,1.50942,-1.31212,0.0235286955658376,0.91241614375073,0.555523964099018
5848,1.53209,-1.28558,0.0230432809515108,0.912416143751186,-0.555523964140576
5847,1.55429,-1.25864,0.0225509841766468,0.91046249817085,0.333308963247604
5847,1.57602,-1.23132,0.0220536935326146,0.91534658236556,-0.777752503916265
5846,1.59727,-1.20363,0.0215481359990041,0.909485669429786,0.111102085221649
5845,1.61803,-1.17557,0.0210392647750883,0.919253778306525,0.999999999969829
5845,1.6383,-1.14715,0.0205211493601894,0.909485669429914,-0.11110208528211
5844,1.65808,-1.11839,0.0199997266194728,0.915346582364627,0.777752503855747
5844,1.67734,-1.08928,0.0194710637747504,0.910462498171258,-0.333308963307527
5843,1.6961,-1.05984,0.01893780777557,0.912416143750537,0.555523964080912
5843,1.71433,-1.03008,0.0183988925354522,0.912416143751378,-0.555523964158821
5842,1.73205,-1,0.0178544477022023,0.910462498170701,0.333308963230334
5842,1.74924,-0.969619,0.0173055004553987,0.915346582365767,-0.777752503931841
5841,1.7659,-0.938943,0.0167504291736632,0.909485669429766,0.111102085205045
5840,1.78201,-0.907981,0.016191630231943,0.919253778306158,0.99999999995149
5840,1.79759,-0.876742,0.0156265146280171,0.909485669429983,-0.111102085301555
5839,1.81262,-0.845237,0.0150576356554386,0.915346582364319,0.777752503835052
5839,1.82709,-0.813473,0.0144835792807358,0.910462498171384,-0.333308963330046
5838,1.84101,-0.781462,0.0139052947182701,0.912416143750258,0.555523964056995
5838,1.85437,-0.749213,0.01332256898303,0.91241614375167,-0.555523964183538
5837,1.86716,-0.716736,0.0127355506413918,0.91046249817059,0.333308963203332
5837,1.87939,-0.68404,0.0121443973687431,0.915346582366259,-0.777752503962114
5836,1.89104,-0.651136,0.0115493033769123,0.909485669429712,0.11110208517308
5835,1.90211,-0.618034,0.0109499560450494,0.919253778305505,0.999999999918216
5835,1.91261,-0.584743,0.0103474811959385,0.909485669430072,-0.111102085335106
5834,1.92252,-0.551275,0.00974071814815754,0.915346582363824,0.777752503801191
5834,1.93185,-0.517638,0.00913111184577863,0.910462498171638,-0.333308963364257
5833,1.94059,-0.483844,0.00851772565993441,0.912416143749874,0.555523964021932
5833,1.94874,-0.449902,0.00790133743025424,0.91241614375206,-0.555523964220175
5832,1.9563,-0.415823,0.00728218429230003,0.910462498170272,0.333308963168192
5832,1.96325,-0.381618,0.00665938708602964,0.915346582366721,-0.777752503993719
5831,1.96962,-0.347296,0.00603536972066346,0.909485669429573,0.111102085145735
5830,1.97538,-0.312869,0.00540655786946632,0.919253778305019,0.999999999895301
5830,1.98054,-0.278346,0.00477862466221735,0.909485669430095,-0.11110208535852
5829,1.98509,-0.243739,0.00414591132216815,0.915346582363408,0.777752503777643
5829,1.98904,-0.209057,0.00351336776619348,0.910462498171767,-0.333308963386425
5828,1.99239,-0.174311,0.00287776765160256,0.91241614374965,0.555523964001481
5828,1.99513,-0.139513,0.00224109485384315,0.912416143752221,-0.555523964238393
5827,1.99726,-0.104672,0.00160366201600415,0.910462498170182,0.333308963148836
5827,1.99878,-0.069799,0.00096336002279006,0.915346582367075,-0.777752504016468
5826,1.9997,-0.0349048,0.000325168538082614,0.909485669429527,0.111102085121839
