origElemNum,globCoord-x,globCoord-y,acouIntensity-x,acouIntensity-y,locCoord-xi,locCoord-eta
5825,2,-2.20442e-18,3.17023094163931e-09,-3.91382952019401e-08,0.919253778304535,0.999999999870795
5825,1.9997,0.0349048,6.61109910117423e-09,-4.86070460375378e-08,0.909485669430051,-0.11110208537854
5824,1.99878,0.069799,1.1056724406437e-08,-5.74889734101909e-08,0.915346582363134,0.7777525037628
5824,1.99726,0.104672,1.65288124923393e-08,-6.66406190895576e-08,0.910462498171695,-0.333308963393583
5823,1.99513,0.139513,2.29349808958958e-08,-7.47787465019574e-08,0.912416143749585,0.555523964001403
5823,1.99239,0.174311,3.0363542788243e-08,-8.34704922366676e-08,0.912416143752112,-0.555523964232293
5822,1.98904,0.209057,3.86239060823164e-08,-9.06227448232418e-08,0.910462498170195,0.33330896316169
5822,1.98509,0.243739,4.79155262958578e-08,-9.87195937578037e-08,0.915346582366752,-0.777752503996411
5821,1.98054,0.278346,5.79013279360559e-08,-1.0465727639424e-07,0.909485669429537,0.111102085145532
5820,1.97538,0.312869,6.85650728680309e-08,-1.09633826655314e-07,0.91925377830504,0.999999999897275
5820,1.96962,0.347296,8.05077270784716e-08,-1.16545325322008e-07,0.909485669429959,-0.111102085350008
5819,1.96325,0.381618,9.26218898192834e-08,-1.19965056636012e-07,0.915346582363608,0.777752503792493
5819,1.9563,0.415823,1.06151305711825e-07,-1.25981044702989e-07,0.910462498171543,-0.333308963366333
5818,1.94874,0.449902,1.19536105438082e-07,-1.27662521818269e-07,0.912416143749872,0.555523964026318
5818,1.94059,0.483844,1.34512249279514e-07,-1.32691664275209e-07,0.912416143751876,-0.555523964209557
5817,1.93185,0.517638,1.48972986281065e-07,-1.32472674424295e-07,0.910462498170338,0.333308963182653
5817,1.92252,0.551275,1.65243847309932e-07,-1.36437622881658e-07,0.915346582366455,-0.777752503976955
5816,1.91261,0.584743,1.80569854657297e-07,-1.34175718352608e-07,0.909485669429567,0.111102085165898
5815,1.90211,0.618034,1.95849188847037e-07,-1.30483389265371e-07,0.919253778305533,0.999999999919169
5815,1.89104,0.651136,2.13935256102139e-07,-1.32587897178547e-07,0.909485669429933,-0.111102085328256
5814,1.87939,0.68404,2.29670328995886e-07,-1.26678027217996e-07,0.915346582363941,0.777752503814277
5814,1.86716,0.716736,2.48651865674812e-07,-1.27565774627875e-07,0.910462498171402,-0.333308963343933
5813,1.85437,0.749213,2.64593571202576e-07,-1.19361852689113e-07,0.912416143750119,0.555523964050056
5813,1.84101,0.781462,2.84280393935711e-07,-1.19010149099609e-07,0.912416143751575,-0.555523964183394
5812,1.82709,0.813473,3.00168728578226e-07,-1.08464062818878e-07,0.910462498170486,0.333308963212263
5812,1.81262,0.845237,3.20361950763358e-07,-1.06869673754704e-07,0.915346582365915,-0.777752503943209
5811,1.79759,0.876742,3.35927600015669e-07,-9.3964638237204e-08,0.909485669429635,0.111102085200681
5810,1.78201,0.907981,3.50538118008747e-07,-7.95989610401271e-08,0.919253778306195,0.999999999954235
5810,1.7659,0.938943,3.71388866766913e-07,-7.58977464440555e-08,0.909485669429844,-0.111102085292603
5809,1.74924,0.969619,3.85206031909875e-07,-5.92439329760444e-08,0.915346582364538,0.777752503850291
5809,1.73205,1,4.06067755149476e-07,-5.43537012507478e-08,0.910462498171199,-0.333308963308445
5808,1.71433,1.03008,4.18822973663007e-07,-3.54858651914503e-08,0.912416143750526,0.555523964084446
5808,1.6961,1.05984,4.39489863931337e-07,-2.94778680039575e-08,0.912416143751246,-0.555523964150953
5807,1.67734,1.08928,4.50927972007914e-07,-8.50064857805289e-09,0.910462498170725,0.333308963242434
5807,1.65808,1.11839,4.71204698570279e-07,-1.46602887256958e-09,0.915346582365508,-0.777752503915519
5806,1.6383,1.14715,4.8108905393839e-07,2.14891795324061e-08,0.909485669429676,0.11110208522853
5805,1.61803,1.17557,4.89176408194543e-07,4.54306603972295e-08,0.919253778306765,0.999999999982884
5805,1.59727,1.20363,5.08906492330104e-07,5.42191304539144e-08,0.909485669429817,-0.111102085265541
5804,1.57602,1.23132,5.1507420726711e-07,7.98403213494603e-08,0.9153465823649,0.777752503876539
5804,1.55429,1.25864,5.34012870436679e-07,8.93858721535826e-08,0.910462498170939,-0.333308963279996
5803,1.53209,1.28558,5.38077928149108e-07,1.16492966076222e-07,0.912416143750815,0.555523964114853
5803,1.50942,1.31212,5.56076694277756e-07,1.26650717129932e-07,0.91241614375085,-0.555523964118972
5802,1.48629,1.33826,5.57881639577485e-07,1.5503166294668e-07,0.910462498170897,0.333308963276791
5802,1.46271,1.364,5.74810672626824e-07,1.65646556668132e-07,0.915346582364929,-0.77775250387822
5801,1.43868,1.38932,5.74227682488376e-07,1.95076927491671e-07,0.909485669429954,0.111102085257182
5801,1.41421,1.41421,5.89978081715466e-07,2.05986826766859e-07,0.919253778307104,-0.999999999999994
850,1.38932,1.43868,5.86909154898466e-07,2.36233672224041e-07,0.909485669429991,-0.111102085260227
849,1.364,1.46271,5.81437969794661e-07,2.66437721298987e-07,0.915346582364834,0.777752503871359
849,1.33826,1.48629,5.95766533262288e-07,2.78092962442865e-07,0.910462498171096,-0.333308963290402
848,1.31212,1.50942,5.8769443273951e-07,3.08670100709211e-07,0.912416143750729,0.555523964099008
848,1.28558,1.53209,6.00683534898175e-07,3.20231191256101e-07,0.912416143751184,-0.555523964140596
847,1.25864,1.55429,5.89986689988284e-07,3.50923285136803e-07,0.910462498170846,0.333308963247574
847,1.23132,1.57602,6.01588233767573e-07,3.62212914469266e-07,0.915346582365554,-0.777752503916259
846,1.20363,1.59727,5.88272585264203e-07,3.92759534084987e-07,0.90948566942978,0.111102085221654
845,1.17557,1.61803,5.72535029315428e-07,4.22436517258211e-07,0.919253778306528,0.999999999969813
845,1.14715,1.6383,5.82563254508704e-07,4.33750115791054e-07,0.909485669429915,-0.111102085282135
844,1.11839,1.65808,5.64281824110334e-07,4.62828433642258e-07,0.915346582364625,0.777752503855763
844,1.08928,1.67734,5.72926455343174e-07,4.73489418135259e-07,0.910462498171253,-0.333308963307521
843,1.05984,1.6961,5.52189638692974e-07,5.01744227872976e-07,0.912416143750542,0.555523964080906
843,1.03008,1.71433,5.59482538377651e-07,5.11602665924838e-07,0.912416143751377,-0.555523964158847
842,1,1.73205,5.36403192227236e-07,5.3882813902204e-07,0.910462498170698,0.333308963230309
842,0.969619,1.74924,5.4239331800602e-07,5.47743811364233e-07,0.915346582365766,-0.777752503931825
841,0.938943,1.7659,5.17101616327661e-07,5.73746596977546e-07,0.909485669429764,0.111102085205048
840,0.907981,1.78201,4.89741289523927e-07,5.97946337264358e-07,0.919253778306164,0.99999999995148
840,0.876742,1.79759,4.94489185161629e-07,6.06177571357901e-07,0.909485669429979,-0.11110208530158
839,0.845237,1.81262,4.65172749216503e-07,6.28804149274161e-07,0.91534658236432,0.777752503835068
839,0.813473,1.82709,4.68792781869283e-07,6.35804592064447e-07,0.91046249817139,-0.33330896333004
838,0.781462,1.84101,4.37692252677819e-07,6.5667710576119e-07,0.912416143750255,0.555523964056983
838,0.749213,1.85437,4.40264589421745e-07,6.62320223787243e-07,0.912416143751674,-0.555523964183563
837,0.716736,1.86716,4.07567267229941e-07,6.81266555330245e-07,0.910462498170584,0.333308963203304
837,0.68404,1.87939,4.09184406177069e-07,6.85436014761166e-07,0.915346582366261,-0.777752503962098
836,0.651136,1.89104,3.75092647585571e-07,7.02299559558477e-07,0.909485669429719,0.111102085173086
835,0.618034,1.90211,3.39683564189727e-07,7.1664727954773e-07,0.919253778305509,0.999999999918205
835,0.584743,1.91261,3.40591108108979e-07,7.19537063272483e-07,0.909485669430073,-0.111102085335132
834,0.551275,1.92252,3.04186213694634e-07,7.3156762569381e-07,0.915346582363819,0.777752503801204
834,0.517638,1.93185,3.04412391324047e-07,7.32780420161772e-07,0.910462498171637,-0.333308963364254
833,0.483844,1.94059,2.67254311006018e-07,7.42399922728839e-07,0.912416143749877,0.55552396402192
833,0.449902,1.94874,2.66929621249488e-07,7.41876837180095e-07,0.91241614375206,-0.555523964220202
832,0.415823,1.9563,2.29270627505519e-07,7.49018607455603e-07,0.910462498170279,0.333308963168166
832,0.381618,1.96325,2.28533056616661e-07,7.46721464056578e-07,0.915346582366717,-0.777752503993703
831,0.347296,1.96962,1.90631163203395e-07,7.51346071031571e-07,0.909485669429573,0.111102085145737
830,0.312869,1.97538,1.52428204159207e-07,7.5314884632172e-07,0.919253778305012,0.99999999989529
830,0.278346,1.98054,1.51740633939346e-07,7.49353199413184e-07,0.909485669430091,-0.111102085358547
829,0.243739,1.98509,1.1376499140624e-07,7.48628944762476e-07,0.915346582363415,0.77775250377766
829,0.209057,1.98904,1.13007713220243e-07,7.43061970680021e-07,0.910462498171767,-0.333308963386422
828,0.174311,1.99239,7.55204982859427e-08,7.39850393972913e-07,0.912416143749651,0.55552396400147
828,0.139513,1.99513,7.48385742271945e-08,7.32548496541398e-07,0.912416143752224,-0.555523964238419
827,0.104672,1.99726,3.80942230568387e-08,7.26920511508128e-07,0.910462498170184,0.33330896314881
827,0.069799,1.99878,3.7629775953639e-08,7.17943460866785e-07,0.915346582367074,-0.777752504016452
826,0.0349048,1.9997,1.8727272618706e-09,7.10000838839464e-07,0.909485669429527,0.111102085121841
825,1.27747e-16,2,-3.31376708631768e-08,6.994315190001e-07,0.919253778304535,0.999999999870799
825,-0.0349048,1.9997,-3.27764301636928e-08,6.8930692390891e-07,0.909485669430051,-0.111102085378537
824,-0.069799,1.99878,-6.6389774374772e-08,6.76660808578308e-07,0.915346582363134,0.777752503762801
824,-0.104672,1.99726,-6.5512056082796e-08,6.65106258800566e-07,0.910462498171695,-0.333308963393583
823,-0.139513,1.99513,-9.75307300857225e-08,6.5056333562731e-07,0.912416143749585,0.555523964001401
823,-0.174311,1.99239,-9.60266160053966e-08,6.37712759663186e-07,0.912416143752112,-0.555523964232297
822,-0.209057,1.98904,-1.26277938729325e-07,6.21475681511275e-07,0.910462498170195,0.333308963161685
822,-0.243739,1.98509,-1.24051159720212e-07,6.07478845168885e-07,0.915346582366744,-0.777752503996403
821,-0.278346,1.98054,-1.52388538033274e-07,5.89767876812231e-07,0.909485669429538,0.111102085145537
820,-0.312869,1.97538,-1.79172385692364e-07,5.70065248174996e-07,0.919253778305041,0.999999999897278
820,-0.347296,1.96962,-1.75661958335164e-07,5.55836115373744e-07,0.90948566942996,-0.111102085350006
819,-0.381618,1.96325,-2.00312555582957e-07,5.35064091560381e-07,0.915346582363608,0.777752503792493
819,-0.415823,1.9563,-1.95942638099651e-07,5.20094604895403e-07,0.910462498171543,-0.333308963366333
818,-0.449902,1.94874,-2.1838854740331e-07,4.98499800705924e-07,0.912416143749872,0.555523964026316
818,-0.483844,1.94059,-2.13120343515736e-07,4.82965901157482e-07,0.912416143751875,-0.555523964209561
817,-0.517638,1.93185,-2.33317209573521e-07,4.60794295091283e-07,0.910462498170336,0.333308963182646
817,-0.551275,1.92252,-2.27128050674528e-07,4.44873082919372e-07,0.915346582366457,-0.777752503976948
816,-0.584743,1.91261,-2.45056750101152e-07,4.22366609340601e-07,0.909485669429562,0.111102085165907
815,-0.618034,1.90211,-2.61014398314212e-07,3.98737038606653e-07,0.919253778305526,0.999999999919175
815,-0.651136,1.89104,-2.5360626792668e-07,3.83627811394789e-07,0.909485669429935,-0.111102085328253
814,-0.68404,1.87939,-2.67287874334627e-07,3.60081665509372e-07,0.915346582363941,0.777752503814277
814,-0.716736,1.86716,-2.59004517935348e-07,3.44975250836856e-07,0.910462498171402,-0.333308963343933
813,-0.749213,1.85437,-2.70457312047442e-07,3.21731079182581e-07,0.912416143750117,0.555523964050053
813,-0.781462,1.84101,-2.6132609274329e-07,3.0678699473062e-07,0.912416143751584,-0.555523964183396
812,-0.813473,1.82709,-2.7061593476117e-07,2.8404862422485e-07,0.910462498170484,0.33330896321226
812,-0.845237,1.81262,-2.60676840197352e-07,2.69420065169085e-07,0.91534658236591,-0.7777525039432
811,-0.876742,1.79759,-2.67885920574681e-07,2.47377273644235e-07,0.909485669429639,0.111102085200672
810,-0.907981,1.78201,-2.73111350089581e-07,2.25099469760726e-07,0.919253778306197,0.999999999954239
810,-0.938943,1.7659,-2.62418003491432e-07,2.12039261264906e-07,0.909485669429848,-0.111102085292613
809,-0.969619,1.74924,-2.6572100868971e-07,1.90792609659363e-07,0.915346582364533,0.777752503850298
809,-1,1.73205,-2.54390308683512e-07,1.7833424153483e-07,0.910462498171205,-0.333308963308436
808,-1.03008,1.71433,-2.55896901887097e-07,1.58269691733131e-07,0.912416143750522,0.55552396408444
808,-1.05984,1.6961,-2.44005527799692e-07,1.46537964547168e-07,0.912416143751243,-0.555523964150944
807,-1.08928,1.67734,-2.43853592596606e-07,1.27790566311934e-07,0.910462498170733,0.33330896324243
807,-1.11839,1.65808,-2.31488863950909e-07,1.1690235530774e-07,0.915346582365511,-0.777752503915504
806,-1.14715,1.6383,-2.29827545332506e-07,9.95914860193591e-08,0.909485669429678,0.11110208522852
805,-1.17557,1.61803,-2.26518652263234e-07,8.2802544240331e-08,0.91925377830677,0.999999999982889
805,-1.20363,1.59727,-2.1407605911663e-07,7.38838608196955e-08,0.909485669429819,-0.111102085265551
804,-1.23132,1.57602,-2.09535387500278e-07,5.87491187431137e-08,0.915346582364893,0.777752503876544
804,-1.25864,1.55429,-1.96875611540448e-07,5.08524020983067e-08,0.910462498170937,-0.333308963279986
803,-1.28558,1.53209,-1.91280741777724e-07,3.74454554317722e-08,0.912416143750809,0.555523964114847
803,-1.31212,1.50942,-1.7851902445795e-07,3.06538364609381e-08,0.912416143750849,-0.555523964118962
802,-1.33826,1.48629,-1.72053976424069e-07,1.90308027333565e-08,0.910462498170897,0.333308963276791
802,-1.364,1.46271,-1.5931316941162e-07,1.34163976518114e-08,0.915346582364928,-0.77775250387821
801,-1.38932,1.43868,-1.52167671847443e-07,3.61568241864686e-09,0.909485669429954,0.111102085257172
801,-1.41421,1.41421,-1.39577308975675e-07,-7.61258997474616e-10,0.919253778307104,-0.999999999999994
15850,-1.43868,1.38932,-1.31945656755097e-07,-8.71965552518441e-09,0.909485669429991,-0.111102085260237
15849,-1.46271,1.364,-1.23421062156288e-07,-1.5604516009969e-08,0.915346582364828,0.777752503871364
15849,-1.48629,1.33826,-1.11719988760645e-07,-1.79266515881678e-08,0.910462498171103,-0.333308963290387
15848,-1.50942,1.31212,-1.03061214429368e-07,-2.29337480543375e-08,0.912416143750729,0.555523964099008
15848,-1.53209,1.28558,-9.18277973274282e-08,-2.39894700278842e-08,0.912416143751185,-0.555523964140586
15847,-1.55429,1.25864,-8.32342705780301e-08,-2.71520409890455e-08,0.910462498170851,0.333308963247569
15847,-1.57602,1.23132,-7.26080238554365e-08,-2.69257923573156e-08,0.915346582365555,-0.777752503916249
15846,-1.59727,1.20363,-6.42772656448986e-08,-2.82966159872557e-08,0.909485669429784,0.111102085221639
15845,-1.61803,1.17557,-5.56355683368858e-08,-2.84908728726844e-08,0.919253778306531,0.999999999969823
15845,-1.6383,1.14715,-4.65236566761731e-08,-2.64388095541541e-08,0.909485669429917,-0.111102085282151
15844,-1.65808,1.11839,-3.84928586128569e-08,-2.49413570133019e-08,0.915346582364627,0.777752503855772
15844,-1.67734,1.08928,-3.02995461123234e-08,-2.16837988927174e-08,0.910462498171251,-0.333308963307506
15843,-1.6961,1.05984,-2.30624146891724e-08,-1.86008908201435e-08,0.912416143750542,0.555523964080906
15843,-1.71433,1.03008,-1.59203176740693e-08,-1.41701037177694e-08,0.912416143751375,-0.555523964158831
15842,-1.73205,1,-9.65074615063028e-09,-9.62612629838415e-09,0.910462498170697,0.333308963230296
15842,-1.74924,0.969619,-3.68717544741839e-09,-4.06904588329491e-09,0.915346582365764,-0.777752503931822
15841,-1.7659,0.938943,1.45171741913109e-09,1.79420893322824e-09,0.909485669429762,0.111102085205035
15840,-1.78201,0.907981,6.21230065727979e-09,8.60413645245869e-09,0.919253778306162,0.999999999951483
15840,-1.79759,0.876742,9.97436311754115e-09,1.54408204631712e-08,0.909485669429984,-0.111102085301589
15839,-1.81262,0.845237,1.33346098928727e-08,2.33120626084778e-08,0.915346582364318,0.777752503835071
15839,-1.82709,0.813473,1.56697738535969e-08,3.10658324735207e-08,0.910462498171391,-0.333308963330024
15838,-1.84101,0.781462,1.7505491783338e-08,3.9813421165383e-08,0.912416143750253,0.555523964056986
15838,-1.85437,0.749213,1.83168312026299e-08,4.83949570698559e-08,0.912416143751674,-0.555523964183544
15837,-1.86716,0.716736,1.85207855004985e-08,5.78213991649109e-08,0.910462498170589,0.333308963203294
15837,-1.87939,0.68404,1.77237337587306e-08,6.71300282283684e-08,0.915346582366259,-0.777752503962095
15836,-1.89104,0.651136,1.6206973979308e-08,7.70272112175199e-08,0.909485669429715,0.111102085173074
15835,-1.90211,0.618034,1.38485125546751e-08,8.73150827114422e-08,0.919253778305508,0.999999999918209
15835,-1.91261,0.584743,1.04233719797301e-08,9.71034494099368e-08,0.909485669430068,-0.111102085335144
15834,-1.92252,0.551275,6.2222517034516e-09,1.07495691301673e-07,0.915346582363818,0.777752503801208
15834,-1.93185,0.517638,1.06383491180564e-09,1.17707095077715e-07,0.910462498171639,-0.333308963364235
15833,-1.94059,0.483844,-5.01325882654638e-09,1.27974028352706e-07,0.912416143749876,0.555523964021923
15833,-1.94874,0.449902,-1.19414561009034e-08,1.38482603240069e-07,0.912416143752063,-0.555523964220183
15832,-1.9563,0.415823,-1.99065559963797e-08,1.48390958559588e-07,0.910462498170272,0.333308963168156
15832,-1.96325,0.381618,-2.86244446846661e-08,1.59065682796351e-07,0.915346582366716,-0.7777525039937
15831,-1.96962,0.347296,-3.84679593273589e-08,1.68381000796545e-07,0.909485669429575,0.111102085145728
15830,-1.97538,0.312869,-4.92547118956568e-08,1.77342586895336e-07,0.91925377830502,0.999999999895294
15830,-1.98054,0.278346,-6.06690720636043e-08,1.8757622520735e-07,0.909485669430092,-0.111102085358556
15829,-1.98509,0.243739,-7.32702144372317e-08,1.95548203531383e-07,0.915346582363415,0.777752503777664
15829,-1.98904,0.209057,-8.6442470878732e-08,2.05610130591222e-07,0.910462498171765,-0.333308963386404
15828,-1.99239,0.174311,-1.00787273518844e-07,2.12364953905078e-07,0.912416143749651,0.555523964001473
15828,-1.99513,0.139513,-1.15681675064984e-07,2.22121770308843e-07,0.912416143752222,-0.5555239642384
15827,-1.99726,0.104672,-1.31678383777433e-07,2.27438991555595e-07,0.910462498170184,0.3333089631488
15827,-1.99878,0.069799,-1.48241771786454e-07,2.36759868023435e-07,0.915346582367074,-0.777752504016448
15826,-1.9997,0.0349048,-1.65778422426647e-07,2.40428063022779e-07,0.909485669429527,0.111102085121831
15825,-2,2.46315e-16,-1.83940604006294e-07,2.43007714413419e-07,0.919253778304535,0.999999999870803
15825,-1.9997,-0.0349048,-2.02885956924077e-07,2.51005126430149e-07,0.909485669430051,-0.111102085378547
15824,-1.99878,-0.069799,-2.22340292297856e-07,2.51599484545289e-07,0.915346582363134,0.777752503762804
15824,-1.99726,-0.104672,-2.42764705550044e-07,2.5886183252127e-07,0.910462498171696,-0.333308963393566
15823,-1.99513,-0.139513,-2.63346442229065e-07,2.57292844803642e-07,0.912416143749586,0.555523964001405
15823,-1.99239,-0.174311,-2.8514555444387e-07,2.63712147311047e-07,0.912416143752114,-0.555523964232279
15822,-1.98904,-0.209057,-3.06674013912488e-07,2.59817578417148e-07,0.910462498170195,0.333308963161688
15822,-1.98509,-0.243739,-3.29729210986594e-07,2.65295704013192e-07,0.915346582366744,-0.7777525039964
15821,-1.98054,-0.278346,-3.52009393844362e-07,2.5893055163289e-07,0.909485669429545,0.111102085145526
15820,-1.97538,-0.312869,-3.74219205557649e-07,2.50943786611568e-07,0.919253778305042,0.999999999897283
15820,-1.96962,-0.347296,-3.99013315390496e-07,2.54418617658065e-07,0.909485669429957,-0.111102085350017
15819,-1.96325,-0.381618,-4.21586943670954e-07,2.43762234173344e-07,0.915346582363609,0.777752503792499
15819,-1.9563,-0.415823,-4.47323987286724e-07,2.46101322493899e-07,0.910462498171549,-0.333308963366345
15818,-1.94874,-0.449902,-4.70033964087942e-07,2.32685494148684e-07,0.912416143749872,0.555523964026319
15818,-1.94059,-0.483844,-4.96560394802725e-07,2.33833237384308e-07,0.91241614375188,-0.555523964209544
15817,-1.93185,-0.517638,-5.19171897629757e-07,2.17590160770797e-07,0.910462498170337,0.33330896318265
15817,-1.92252,-0.551275,-5.46326090830487e-07,2.17505828411844e-07,0.915346582366458,-0.777752503976945
15816,-1.91261,-0.584743,-5.68598912642458e-07,1.98390176942468e-07,0.909485669429567,0.111102085165898
15815,-1.90211,-0.618034,-5.89856728963123e-07,1.77487037310697e-07,0.919253778305528,0.999999999919178
15815,-1.89104,-0.651136,-6.17903160104773e-07,1.75037796546216e-07,0.90948566942994,-0.111102085328262
15814,-1.87939,-0.68404,-6.38369706520547e-07,1.51254425652996e-07,0.915346582363942,0.77775250381428
15814,-1.86716,-0.716736,-6.66666857323246e-07,1.47524516458962e-07,0.910462498171397,-0.333308963343943
15813,-1.85437,-0.749213,-6.86096042846915e-07,1.20879652884092e-07,0.912416143750119,0.555523964050056
15813,-1.84101,-0.781462,-7.14469708938968e-07,1.15881105531434e-07,0.912416143751582,-0.555523964183381
15812,-1.82709,-0.813473,-7.32617478367393e-07,8.64161501683707e-08,0.910462498170486,0.333308963212263
15812,-1.81262,-0.845237,-7.60893085382937e-07,8.0177647384888e-08,0.915346582365912,-0.777752503943197
15811,-1.79759,-0.876742,-7.77519937291771e-07,4.79565815898423e-08,0.909485669429641,0.111102085200675
15810,-1.78201,-0.907981,-7.92128397380116e-07,1.42320253902679e-08,0.919253778306197,0.999999999954239
15810,-1.7659,-0.938943,-8.20397376345784e-07,5.63216368993457e-09,0.90948566942985,-0.11110208529261
15809,-1.74924,-0.969619,-8.33055110013183e-07,-3.0657063703394e-08,0.915346582364535,0.777752503850301
15809,-1.73205,-1,-8.60855898235877e-07,-4.03881599255942e-08,0.9104624981712,-0.333308963308458
15808,-1.71433,-1.03008,-8.71345918033507e-07,-7.91174692995733e-08,0.912416143750526,0.555523964084446
15808,-1.6961,-1.05984,-8.98517823132148e-07,-8.98988523542195e-08,0.912416143751243,-0.555523964150944
15807,-1.67734,-1.08928,-9.06635511759861e-07,-1.30923421534465e-07,0.910462498170725,0.333308963242434
15807,-1.65808,-1.11839,-9.33025671540765e-07,-1.42659501259674e-07,0.915346582365503,-0.7777525039155
15806,-1.6383,-1.14715,-9.38580650207856e-07,-1.85815695170335e-07,0.90948566942967,0.111102085228524
15805,-1.61803,-1.17557,-9.41263894447536e-07,-2.29753606564459e-07,0.919253778306763,0.999999999982893
15805,-1.59727,-1.20363,-9.66863265076091e-07,-2.43503772547901e-07,0.909485669429812,-0.111102085265547
15804,-1.57602,-1.23132,-9.66665839897612e-07,-2.89208361121575e-07,0.915346582364898,0.777752503876549
15804,-1.55429,-1.25864,-9.91192791895061e-07,-3.03668768888303e-07,0.910462498170935,-0.333308963280012
15803,-1.53209,-1.28558,-9.87970945455287e-07,-3.50930647968413e-07,0.912416143750815,0.555523964114853
15803,-1.50942,-1.31212,-1.01130885029432e-06,-3.65965934059049e-07,0.912416143750855,-0.555523964118957
15802,-1.48629,-1.33826,-1.00493818380331e-06,-4.14562124050719e-07,0.910462498170897,0.333308963276791
15802,-1.46271,-1.364,-1.02698389569394e-06,-4.30027415722856e-07,0.915346582364928,-0.77775250387821
15801,-1.43868,-1.38932,-1.01736003949407e-06,-4.79723336880183e-07,0.909485669429954,0.111102085257172
15801,-1.41421,-1.41421,-1.03802481267461e-06,-4.95465697547258e-07,0.919253778307098,-0.999999999999989
10084,-1.38932,-1.43868,-1.02506400990351e-06,-5.46016958701345e-07,-0.909485669429983,0.111102085260242
10184,-1.364,-1.46271,-1.00865856963252e-06,-5.96055850596768e-07,-0.915346582364814,-0.777752503871363
10184,-1.33826,-1.48629,-1.02791417191988e-06,-6.13030970521287e-07,-0.910462498171062,0.333308963290425
10284,-1.31212,-1.50942,-1.00806754383381e-06,-6.63435355768433e-07,-0.912416143750702,-0.555523964098991
10284,-1.28558,-1.53209,-1.02581180764573e-06,-6.80341971087308e-07,-0.912416143751175,0.55552396414059
10384,-1.25864,-1.55429,-1.002501378333e-06,-7.30849047080907e-07,-0.910462498170858,-0.333308963247603
10384,-1.23132,-1.57602,-1.01869599471457e-06,-7.47518122305634e-07,-0.915346582365569,0.777752503916277
10484,-1.20363,-1.59727,-9.91920729925662e-07,-7.97861617498842e-07,-0.909485669429755,-0.111102085221656
10584,-1.17557,-1.61803,-9.61706515920741e-07,-8.4669812336007e-07,-0.919253778306467,-0.999999999969833
10584,-1.14715,-1.6383,-9.76323063384508e-07,-8.64033627129632e-07,-0.909485669429891,0.111102085282108
10684,-1.11839,-1.65808,-9.42698423612952e-07,-9.12196046177786e-07,-0.915346582364624,-0.777752503855743
10684,-1.08928,-1.67734,-9.55742655620087e-07,-9.28922994868802e-07,-0.910462498171255,0.333308963307532
10784,-1.05984,-1.6961,-9.18767157790175e-07,-9.76142391233409e-07,-0.912416143750544,-0.555523964080908
10784,-1.03008,-1.71433,-9.30250707659895e-07,-9.92087146414294e-07,-0.912416143751393,0.555523964158839
10884,-1,-1.73205,-8.90004665585305e-07,-1.0380954646332e-06,-0.910462498170715,-0.333308963230315
10884,-0.969619,-1.74924,-8.99954538002861e-07,-1.05308589719515e-06,-0.915346582365772,0.777752503931858
10984,-0.938943,-1.7659,-8.56539011302012e-07,-1.09761710113854e-06,-0.909485669429763,-0.111102085205032
11084,-0.907981,-1.78201,-8.10114616461334e-07,-1.13944776860811e-06,-0.919253778306154,-0.99999999995149
11084,-0.876742,-1.79759,-8.18532845774166e-07,-1.15427432567412e-06,-0.909485669429981,0.111102085301552
11184,-0.845237,-1.81262,-7.69184804930091e-07,-1.1941470710415e-06,-0.915346582364332,-0.777752503835052
11184,-0.813473,-1.82709,-7.76183172884377e-07,-1.20764017740261e-06,-0.910462498171421,0.333308963330044
11284,-0.781462,-1.84101,-7.24069683117776e-07,-1.24530181770239e-06,-0.912416143750289,-0.555523964056998
11284,-0.749213,-1.85437,-7.29722177634145e-07,-1.25729596750674e-06,-0.912416143751684,0.555523964183542
11384,-0.716736,-1.86716,-6.75021952230997e-07,-1.29249908774988e-06,-0.910462498170579,-0.333308963203316
11384,-0.68404,-1.87939,-6.7941670189056e-07,-1.30283437769975e-06,-0.915346582366256,0.777752503962127
11484,-0.651136,-1.89104,-6.2232847449494e-07,-1.33533959032119e-06,-0.9094856694297,-0.111102085173069
11584,-0.618034,-1.90211,-5.63099108633049e-07,-1.36416029813232e-06,-0.919253778305473,-0.9999999999182
11584,-0.584743,-1.91261,-5.66311029374098e-07,-1.37344022621784e-06,-0.909485669430035,0.111102085335111
11684,-0.551275,-1.92252,-5.05119802200563e-07,-1.39917044908669e-06,-0.915346582363772,-0.777752503801188
11684,-0.517638,-1.93185,-5.07327605198145e-07,-1.40643889285663e-06,-0.910462498171642,0.333308963364261
11784,-0.483844,-1.94059,-4.44433401300687e-07,-1.42887682107179e-06,-0.912416143749915,-0.555523964021929
11784,-0.449902,-1.94874,-4.4577285348823e-07,-1.43400362471095e-06,-0.912416143752077,0.555523964220183
11884,-0.415823,-1.9563,-3.81456746929373e-07,-1.45296896284419e-06,-0.910462498170266,-0.33330896316818
11884,-0.381618,-1.96325,-3.82076636798056e-07,-1.45584077720884e-06,-0.915346582366712,0.777752503993725
11984,-0.347296,-1.96962,-3.1664015169329e-07,-1.47117977132605e-06,-0.909485669429565,-0.111102085145729
12084,-0.312869,-1.97538,-2.50299061864086e-07,-1.48222051135899e-06,-0.919253778305011,-0.999999999895287
12084,-0.278346,-1.98054,-2.50464196407553e-07,-1.48329399593716e-06,-0.909485669430107,0.111102085358526
12184,-0.243739,-1.98509,-1.83593109947938e-07,-1.49052282902006e-06,-0.915346582363447,-0.777752503777644
12184,-0.209057,-1.98904,-1.83434754314533e-07,-1.48915633268427e-06,-0.910462498171781,0.333308963386432
12284,-0.174311,-1.99239,-1.16376612092972e-07,-1.49251464021785e-06,-0.912416143749663,-0.555523964001473
12284,-0.139513,-1.99513,-1.16076234474006e-07,-1.48867830634931e-06,-0.912416143752267,0.555523964238395
12384,-0.104672,-1.99726,-4.91812637686346e-08,-1.48814873280751e-06,-0.910462498170238,-0.333308963148834
12384,-0.069799,-1.99878,-4.89233676033351e-08,-1.48184129102155e-06,-0.915346582367131,0.777752504016471
12484,-0.0349048,-1.9997,1.74557109139576e-08,-1.47744827010737e-06,-0.909485669429557,-0.111102085121833
12584,-4.35203e-16,-2,8.32950851768919e-08,-1.46869778646597e-06,-0.919253778304537,-0.999999999870803
12584,0.0349048,-1.9997,8.29999701840936e-08,-1.46050800987922e-06,-0.909485669430058,0.111102085378513
12684,0.069799,-1.99878,1.4769513026821e-07,-1.44803071712246e-06,-0.915346582363139,-0.777752503762792
12684,0.104672,-1.99726,1.46929105272986e-07,-1.43749273534131e-06,-0.9104624981717,0.333308963393593
12784,0.139513,-1.99513,2.10147319423588e-07,-1.42142274506471e-06,-0.912416143749591,-0.555523964001403
12784,0.174311,-1.99239,2.08741226179356e-07,-1.4086330686156e-06,-0.912416143752134,0.555523964232273
12884,0.209057,-1.98904,2.7016691512e-07,-1.38913983557175e-06,-0.91046249817019,-0.333308963161724
12884,0.243739,-1.98509,2.67962298256898e-07,-1.37421907350363e-06,-0.915346582366752,0.777752503996427
12984,0.278346,-1.98054,3.27300109026447e-07,-1.35150215032299e-06,-0.909485669429543,-0.111102085145531
13084,0.312869,-1.97538,3.84753529882714e-07,-1.32499375590659e-06,-0.919253778305079,-0.999999999897294
13084,0.347296,-1.96962,3.81128756174857e-07,-1.30887661046599e-06,-0.909485669429971,0.111102085349981
13184,0.381618,-1.96325,4.36007137470959e-07,-1.27955412128566e-06,-0.915346582363621,-0.777752503792476
13184,0.415823,-1.9563,4.31275004251195e-07,-1.26166834330922e-06,-0.910462498171561,0.33330896336634
13284,0.449902,-1.94874,4.83351064756911e-07,-1.22979133501777e-06,-0.912416143749886,-0.555523964026324
13284,0.483844,-1.94059,4.77403580026625e-07,-1.21030999571491e-06,-0.912416143751904,0.555523964209538
13384,0.517638,-1.93185,5.26476814754735e-07,-1.17614815906833e-06,-0.910462498170363,-0.333308963182687
13384,0.551275,-1.92252,5.19221991367719e-07,-1.15525328461754e-06,-0.915346582366464,0.777752503976962
13484,0.584743,-1.91261,5.65118048696944e-07,-1.1190835169621e-06,-0.909485669429569,-0.111102085165906
13584,0.618034,-1.90211,6.08187311123051e-07,-1.0801638429401e-06,-0.919253778305519,-0.999999999919186
13584,0.651136,-1.89104,5.99051882919822e-07,-1.05907009695118e-06,-0.909485669429928,0.111102085328226
13684,0.68404,-1.87939,6.38685700757335e-07,-1.01866992359913e-06,-0.915346582363942,-0.777752503814258
13684,0.716736,-1.86716,6.28100580349704e-07,-9.96593515823864e-07,-0.910462498171394,0.333308963343945
13784,0.749213,-1.85437,6.64200885574743e-07,-9.55008743178151e-07,-0.912416143750121,-0.555523964050058
13784,0.781462,-1.84101,6.52132386919267e-07,-9.32150565661765e-07,-0.91241614375158,0.555523964183364
13884,0.813473,-1.82709,6.84628014554255e-07,-8.89682055203419e-07,-0.91046249817049,-0.333308963212306
13884,0.845237,-1.81262,6.71061949556114e-07,-8.66247870838933e-07,-0.915346582365913,0.777752503943214
13984,0.876742,-1.79759,6.99908716068688e-07,-8.23199776283353e-07,-0.909485669429626,-0.1111020852007
14084,0.907981,-1.78201,7.25515108925169e-07,-7.78677410525966e-07,-0.919253778306215,-0.999999999954254
14084,0.938943,-1.7659,7.10030780268518e-07,-7.56071537154402e-07,-0.909485669429858,0.111102085292581
14184,0.969619,-1.74924,7.31968201047995e-07,-7.11531733604968e-07,-0.915346582364524,-0.777752503850263
14184,1,-1.73205,7.15025324761153e-07,-6.88796608078737e-07,-0.910462498171194,0.333308963308465
14284,1.03008,-1.71433,7.33323451681903e-07,-6.4452693101721e-07,-0.91241614375052,-0.55552396408445
14284,1.05984,-1.6961,7.14962439432069e-07,-6.21857409429125e-07,-0.912416143751235,0.55552396415093
14384,1.08928,-1.67734,7.29673348155564e-07,-5.78134442262919e-07,-0.910462498170724,-0.333308963242461
14384,1.11839,-1.65808,7.09950588540977e-07,-5.55720857120077e-07,-0.915346582365498,0.777752503915531
14484,1.14715,-1.6383,7.21151172679783e-07,-5.12814844160786e-07,-0.909485669429676,-0.111102085228531
14584,1.17557,-1.61803,7.2924426108904e-07,-4.69700868277092e-07,-0.919253778306762,-0.999999999982903
14584,1.20363,-1.59727,7.0793829898715e-07,-4.49024632997308e-07,-0.909485669429825,0.1111020852655
14684,1.23132,-1.57602,7.12723876452709e-07,-4.07232806353793e-07,-0.91534658236492,-0.777752503876537
14684,1.25864,-1.55429,6.90271816025759e-07,-3.87217818569361e-07,-0.910462498170955,0.333308963280004
14784,1.28558,-1.53209,6.9190943748768e-07,-3.47010425960542e-07,-0.912416143750819,-0.555523964114867
14784,1.31212,-1.50942,6.68446268636375e-07,-3.27839131542106e-07,-0.912416143750872,0.555523964118932
14884,1.33826,-1.48629,6.67127649790916e-07,-2.89467108320412e-07,-0.910462498170903,-0.333308963276861
14884,1.364,-1.46271,6.42807204827213e-07,-2.71310218447127e-07,-0.915346582364901,0.777752503878194
14984,1.38932,-1.43868,6.3875041143574e-07,-2.35002513090853e-07,-0.909485669429939,-0.111102085257194
14984,1.41421,-1.41421,6.13739407124162e-07,-2.18014163684252e-07,-0.919253778307102,0.999999999999985
5850,1.43868,-1.38932,6.07181421412917e-07,-1.83969894706998e-07,0.909485669429985,-0.111102085260202
5849,1.46271,-1.364,5.98293821516576e-07,-1.50969048262814e-07,0.915346582364833,0.777752503871339
5849,1.48629,-1.33826,5.72845540050947e-07,-1.36671076405936e-07,0.910462498171102,-0.333308963290407
5848,1.50942,-1.31212,5.61902920927601e-07,-1.06242343579734e-07,0.91241614375073,0.555523964099018
5848,1.53209,-1.28558,5.36184118437166e-07,-9.3357663038478e-08,0.912416143751186,-0.555523964140576
5847,1.55429,-1.25864,5.2345718868077e-07,-6.5616941647894e-08,0.91046249817085,0.333308963247604
5847,1.57602,-1.23132,4.97654003965227e-07,-5.42342377824479e-08,0.91534658236556,-0.777752503916265
5846,1.59727,-1.20363,4.83422644960044e-07,-2.92702607606315e-08,0.909485669429786,0.111102085221649
5845,1.61803,-1.17557,4.67630851004118e-07,-5.8284544341105e-09,0.919253778306525,0.999999999969829
5845,1.6383,-1.14715,4.42279277954844e-07,2.66543195858963e-09,0.909485669429914,-0.11110208528211
5844,1.65808,-1.11839,4.2549339924893e-07,2.32056020424323e-08,0.915346582364627,0.777752503855747
5844,1.67734,-1.08928,4.00517749897594e-07,3.0104024790772e-08,0.910462498171258,-0.333308963307527
5843,1.6961,-1.05984,3.83033619227905e-07,4.77281997591896e-08,0.912416143750537,0.555523964080912
5843,1.71433,-1.03008,3.58635189791111e-07,5.30071829727566e-08,0.912416143751378,-0.555523964158821
5842,1.73205,-1,3.40750661833605e-07,6.77300181800444e-08,0.910462498170701,0.333308963230334
5842,1.74924,-0.969619,3.17130095611171e-07,7.13865705634064e-08,0.915346582365767,-0.777752503931841
5841,1.7659,-0.938943,2.99141670096249e-07,8.32530042183521e-08,0.909485669429766,0.111102085205045
5840,1.78201,-0.907981,2.80641232257731e-07,9.34411810211908e-08,0.919253778306158,0.99999999995149
5840,1.79759,-0.876742,2.58695093106715e-07,9.43914341614868e-08,0.909485669429983,-0.111102085301555
5839,1.81262,-0.845237,2.40594697599037e-07,1.01839406977626e-07,0.915346582364319,0.777752503835052
5839,1.82709,-0.813473,2.19883959248039e-07,1.01292021196436e-07,0.910462498171384,-0.333308963330046
5838,1.84101,-0.781462,2.02456956113359e-07,1.06128253389072e-07,0.912416143750258,0.555523964056995
5838,1.85437,-0.749213,1.8315687590171e-07,1.04152791853417e-07,0.91241614375167,-0.555523964183538
5837,1.86716,-0.716736,1.66658170956846e-07,1.06535057506144e-07,0.91046249817059,0.333308963203332
5837,1.87939,-0.68404,1.48926681873572e-07,1.03219221857375e-07,0.915346582366259,-0.777752503962114
5836,1.89104,-0.651136,1.33586870249653e-07,1.03330780052168e-07,0.909485669429712,0.11110208517308
5835,1.90211,-0.618034,1.18644922466168e-07,1.02110171830591e-07,0.919253778305505,0.999999999918216
5835,1.91261,-0.584743,1.0358559246273e-07,9.68220567520069e-08,0.909485669430072,-0.111102085335106
5834,1.92252,-0.551275,9.01559218562135e-08,9.3668218677633e-08,0.915346582363824,0.777752503801191
5834,1.93185,-0.517638,7.69523385099043e-08,8.73449584214774e-08,0.910462498171638,-0.333308963364257
5833,1.94059,-0.483844,6.51964869462798e-08,8.24901766527087e-08,0.912416143749874,0.555523964021932
5833,1.94874,-0.449902,5.39419030054208e-08,7.52602591555132e-08,0.91241614375206,-0.555523964220175
5832,1.9563,-0.415823,4.39962493454792e-08,6.89481842279564e-08,0.910462498170272,0.333308963168192
5832,1.96325,-0.381618,3.47652200880873e-08,6.09480749997708e-08,0.915346582366721,-0.777752503993719
5831,1.96962,-0.347296,2.67411914006169e-08,5.34307475357573e-08,0.909485669429573,0.111102085145735
5830,1.97538,-0.312869,1.96672377196425e-08,4.52917839133432e-08,0.919253778305019,0.999999999895301
5830,1.98054,-0.278346,1.35750808778583e-08,3.63398790697207e-08,0.909485669430095,-0.11110208535852
5829,1.98509,-0.243739,8.5688766917254e-09,2.74302245312882e-08,0.915346582363408,0.777752503777643
5829,1.98904,-0.209057,4.60012549861342e-09,1.8090316445053e-08,0.910462498171767,-0.333308963386425
5828,1.99239,-0.174311,1.70588458365801e-09,8.68013890346427e-09,0.91241614374965,0.555523964001481
5828,1.99513,-0.139513,-1.25074268790141e-10,-8.9211691780455e-10,0.912416143752221,-0.555523964238393
5827,1.99726,-0.104672,-8.89155822221336e-10,-1.05287905238712e-08,0.910462498170182,0.333308963148836
5827,1.99878,-0.069799,-5.8911094444999e-10,-2.01759861758937e-08,0.915346582367075,-0.777752504016468
5826,1.9997,-0.0349048,7.67637108444792e-10,-2.97658462736374e-08,0.909485669429527,0.111102085121839
