origElemNum,globCoord-x,globCoord-y,acouPotentialD1-,locCoord-xi,locCoord-eta
5825,2,-2.20442e-18,-0.00393174869298239,0.919253778304535,0.999999999870795
5825,1.9997,0.0349048,-0.0035715177964812,0.909485669430051,-0.11110208537854
5824,1.99878,0.069799,-0.00321232386068785,0.915346582363134,0.7777525037628
5824,1.99726,0.104672,-0.00285022225828875,0.910462498171695,-0.333308963393583
5823,1.99513,0.139513,-0.00248834831061056,0.912416143749585,0.555523964001403
5823,1.99239,0.174311,-0.00212532273359201,0.912416143752112,-0.555523964232293
5822,1.98904,0.209057,-0.00176128551772834,0.910462498170195,0.33330896316169
5822,1.98509,0.243739,-0.00139825594369656,0.915346582366752,-0.777752503996411
5821,1.98054,0.278346,-0.00103252117470129,0.909485669429537,0.111102085145532
5820,1.97538,0.312869,-0.000670365666108228,0.91925377830504,0.999999999897275
5820,1.96962,0.347296,-0.000303321686601901,0.909485669429959,-0.111102085350008
5819,1.96325,0.381618,5.95676121234848e-05,0.915346582363608,0.777752503792493
5819,1.9563,0.415823,0.000425192624438146,0.910462498171543,-0.333308963366333
5818,1.94874,0.449902,0.000788552364518167,0.912416143749872,0.555523964026318
5818,1.94059,0.483844,0.00115205171689698,0.912416143751876,-0.555523964209557
5817,1.93185,0.517638,0.00151569590016232,0.910462498170338,0.333308963182653
5817,1.92252,0.551275,0.00187639895764186,0.915346582366455,-0.777752503976955
5816,1.91261,0.584743,0.00224016253202576,0.909485669429567,0.111102085165898
5815,1.90211,0.618034,0.00259739265057039,0.919253778305533,0.999999999919169
5815,1.89104,0.651136,0.00296107454519632,0.909485669429933,-0.111102085328256
5814,1.87939,0.68404,0.00331767886200142,0.915346582363941,0.777752503814277
5814,1.86716,0.716736,0.00367747258548976,0.910462498171402,-0.333308963343933
5813,1.85437,0.749213,0.00403318143575527,0.912416143750119,0.555523964050056
5813,1.84101,0.781462,0.00438832207603528,0.912416143751575,-0.555523964183394
5812,1.82709,0.813473,0.00474281743725958,0.910462498170486,0.333308963212263
5812,1.81262,0.845237,0.00509250703370844,0.915346582365915,-0.777752503943209
5811,1.79759,0.876742,0.00544541450099412,0.909485669429635,0.111102085200681
5810,1.78201,0.907981,0.00578882463411415,0.919253778306195,0.999999999954235
5810,1.7659,0.938943,0.00613973212800855,0.909485669429844,-0.111102085292603
5809,1.74924,0.969619,0.00648055733902532,0.915346582364538,0.777752503850291
5809,1.73205,1,0.00682451885888444,0.910462498171199,-0.333308963308445
5808,1.71433,1.03008,0.00716236697215401,0.912416143750526,0.555523964084446
5808,1.6961,1.05984,0.00749859179472,0.912416143751246,-0.555523964150953
5807,1.67734,1.08928,0.00783315745108012,0.910462498170725,0.333308963242434
5807,1.65808,1.11839,0.00816094322704309,0.915346582365508,-0.777752503915519
5806,1.6383,1.14715,0.00849205789944106,0.909485669429676,0.11110208522853
5805,1.61803,1.17557,0.00881080261846863,0.919253778306765,0.999999999982884
5805,1.59727,1.20363,0.00913843408645873,0.909485669429817,-0.111102085265541
5804,1.57602,1.23132,0.00945326590718125,0.9153465823649,0.777752503876539
5804,1.55429,1.25864,0.00977185100314698,0.910462498170939,-0.333308963279996
5803,1.53209,1.28558,0.0100828891020381,0.912416143750815,0.555523964114853
5803,1.50942,1.31212,0.0103920524292958,0.91241614375085,-0.555523964118972
5802,1.48629,1.33826,0.0106995192961213,0.910462498170897,0.333308963276791
5802,1.46271,1.364,0.0109989573335989,0.915346582364929,-0.77775250387822
5801,1.43868,1.38932,0.0113031640207109,0.909485669429954,0.111102085257182
5801,1.41421,1.41421,0.0115926341207172,0.919253778307104,-0.999999999999994
850,1.38932,1.43868,0.0118939508957733,0.909485669429991,-0.111102085260227
849,1.364,1.46271,0.0121802270114702,0.915346582364834,0.777752503871359
849,1.33826,1.48629,0.0124720489528928,0.910462498171096,-0.333308963290402
848,1.31212,1.50942,0.0127554920433068,0.912416143750729,0.555523964099008
848,1.28558,1.53209,0.0130375841848412,0.912416143751184,-0.555523964140596
847,1.25864,1.55429,0.0133185057421391,0.910462498170846,0.333308963247574
847,1.23132,1.57602,0.0135906226365172,0.915346582365554,-0.777752503916259
846,1.20363,1.59727,0.0138692672849891,0.90948566942978,0.111102085221654
845,1.17557,1.61803,0.0141311307025797,0.919253778306528,0.999999999969813
845,1.14715,1.6383,0.0144076068585144,0.909485669429915,-0.111102085282135
844,1.11839,1.65808,0.0146669410958274,0.915346582364625,0.777752503855763
844,1.08928,1.67734,0.0149330750943096,0.910462498171253,-0.333308963307521
843,1.05984,1.6961,0.0151897311540052,0.912416143750542,0.555523964080906
843,1.03008,1.71433,0.0154449507019553,0.912416143751377,-0.555523964158847
842,1,1.73205,0.0156986226497496,0.910462498170698,0.333308963230309
842,0.969619,1.74924,0.0159422996431453,0.915346582365766,-0.777752503931825
841,0.938943,1.7659,0.0161925454674632,0.909485669429764,0.111102085205048
840,0.907981,1.78201,0.0164240146213692,0.919253778306164,0.99999999995148
840,0.876742,1.79759,0.0166702591044236,0.909485669429979,-0.11110208530158
839,0.845237,1.81262,0.016897286483067,0.91534658236432,0.777752503835068
839,0.813473,1.82709,0.0171303231886708,0.91046249817139,-0.33330896333004
838,0.781462,1.84101,0.0173521542016372,0.912416143750255,0.555523964056983
838,0.749213,1.85437,0.0175711305247375,0.912416143751674,-0.555523964183563
837,0.716736,1.86716,0.017786930492968,0.910462498170584,0.333308963203304
837,0.68404,1.87939,0.0179910065771325,0.915346582366261,-0.777752503962098
836,0.651136,1.89104,0.0181999257499658,0.909485669429719,0.111102085173086
835,0.618034,1.90211,0.018388311297129,0.919253778305509,0.999999999918205
835,0.584743,1.91261,0.0185895400010976,0.909485669430073,-0.111102085335132
834,0.551275,1.92252,0.018769877891611,0.915346582363819,0.777752503801204
834,0.517638,1.93185,0.018954278241244,0.910462498171637,-0.333308963364254
833,0.483844,1.94059,0.0191258209542744,0.912416143749877,0.55552396402192
833,0.449902,1.94874,0.0192927423415874,0.91241614375206,-0.555523964220202
832,0.415823,1.9563,0.0194547932584403,0.910462498170279,0.333308963168166
832,0.381618,1.96325,0.0196036710017616,0.915346582366717,-0.777752503993703
831,0.347296,1.96962,0.0197556155683102,0.909485669429573,0.111102085145737
830,0.312869,1.97538,0.0198859953647692,0.919253778305012,0.99999999989529
830,0.278346,1.98054,0.0200273573207604,0.909485669430091,-0.111102085358547
829,0.243739,1.98509,0.0201470438175206,0.915346582363415,0.77775250377766
829,0.209057,1.98904,0.0202693821313216,0.910462498171767,-0.333308963386422
828,0.174311,1.99239,0.0203781402595519,0.912416143749651,0.55552396400147
828,0.139513,1.99513,0.0204813941017744,0.912416143752224,-0.555523964238419
827,0.104672,1.99726,0.0205791994427959,0.910462498170184,0.33330896314881
827,0.069799,1.99878,0.0206634679934079,0.915346582367074,-0.777752504016452
826,0.0349048,1.9997,0.0207504957964006,0.909485669429527,0.111102085121841
825,1.27747e-16,2,0.020816030444157,0.919253778304535,0.999999999870799
825,-0.0349048,1.9997,0.0208926521543682,0.909485669430051,-0.111102085378537
824,-0.069799,1.99878,0.0209479958286127,0.915346582363134,0.777752503762801
824,-0.104672,1.99726,0.0210065718743001,0.910462498171695,-0.333308963393583
823,-0.139513,1.99513,0.021052282167632,0.912416143749585,0.555523964001401
823,-0.174311,1.99239,0.0210933465057045,0.912416143752112,-0.555523964232297
822,-0.209057,1.98904,0.0211300444412299,0.910462498170195,0.333308963161685
822,-0.243739,1.98509,0.0211541515309138,0.915346582366744,-0.777752503996403
821,-0.278346,1.98054,0.0211824332884962,0.909485669429538,0.111102085145537
820,-0.312869,1.97538,0.021190110286555,0.919253778305041,0.999999999897278
820,-0.347296,1.96962,0.0212104895713351,0.90948566942996,-0.111102085350006
819,-0.381618,1.96325,0.0212104949357041,0.915346582363608,0.777752503792493
819,-0.415823,1.9563,0.021215040039349,0.910462498171543,-0.333308963366333
818,-0.449902,1.94874,0.021207657773158,0.912416143749872,0.555523964026316
818,-0.483844,1.94059,0.0211966321902922,0.912416143751875,-0.555523964209561
817,-0.517638,1.93185,0.0211819665795182,0.910462498170336,0.333308963182646
817,-0.551275,1.92252,0.0211555361528491,0.915346582366457,-0.777752503976948
816,-0.584743,1.91261,0.0211335103318452,0.909485669429562,0.111102085165907
815,-0.618034,1.90211,0.0210917621031534,0.919253778305526,0.999999999919175
815,-0.651136,1.89104,0.0210621499644153,0.909485669429935,-0.111102085328253
814,-0.68404,1.87939,0.0210129112171689,0.915346582363941,0.777752503814277
814,-0.716736,1.86716,0.0209675687164016,0.910462498171402,-0.333308963343933
813,-0.749213,1.85437,0.0209104777436408,0.912416143750117,0.555523964050053
813,-0.781462,1.84101,0.0208493539685529,0.912416143751584,-0.555523964183396
812,-0.813473,1.82709,0.0207840084486927,0.910462498170484,0.33330896321226
812,-0.845237,1.81262,0.0207070720414586,0.91534658236591,-0.7777525039432
811,-0.876742,1.79759,0.0206330530965728,0.909485669429639,0.111102085200672
810,-0.907981,1.78201,0.0205403117969457,0.919253778306197,0.999999999954239
810,-0.938943,1.7659,0.0204572180224451,0.909485669429848,-0.111102085292613
809,-0.969619,1.74924,0.0203555881399565,0.915346582364533,0.777752503850298
809,-1,1.73205,0.0202562006763013,0.910462498171205,-0.333308963308436
808,-1.03008,1.71433,0.020145351265692,0.912416143750522,0.55552396408444
808,-1.05984,1.6961,0.0200298189975959,0.912416143751243,-0.555523964150944
807,-1.08928,1.67734,0.0199094856329521,0.910462498170733,0.33330896324243
807,-1.11839,1.65808,0.0197780424333725,0.915346582365511,-0.777752503915504
806,-1.14715,1.6383,0.0196480253538551,0.909485669429678,0.11110208522852
805,-1.17557,1.61803,0.0195009784105191,0.91925377830677,0.999999999982889
805,-1.20363,1.59727,0.0193611548017205,0.909485669429819,-0.111102085265551
804,-1.23132,1.57602,0.0192046810806948,0.915346582364893,0.777752503876544
804,-1.25864,1.55429,0.0190492168891496,0.910462498170937,-0.333308963279986
803,-1.28558,1.53209,0.0188833045103235,0.912416143750809,0.555523964114847
803,-1.31212,1.50942,0.0187126984365541,0.912416143750849,-0.555523964118962
802,-1.33826,1.48629,0.0185374073870993,0.910462498170897,0.333308963276791
802,-1.364,1.46271,0.0183522267889405,0.915346582364928,-0.77775250387821
801,-1.38932,1.43868,0.018167684578687,0.909485669429954,0.111102085257172
801,-1.41421,1.41421,0.0179685630943399,0.919253778307104,-0.999999999999994
15850,-1.43868,1.38932,0.0177749514535424,0.909485669429991,-0.111102085260237
15849,-1.46271,1.364,0.0175672890803776,0.915346582364828,0.777752503871364
15849,-1.48629,1.33826,0.0173601055442117,0.910462498171103,-0.333308963290387
15848,-1.50942,1.31212,0.0171441361886456,0.912416143750729,0.555523964099008
15848,-1.53209,1.28558,0.0169241050628342,0.912416143751185,-0.555523964140586
15847,-1.55429,1.25864,0.016700083103974,0.910462498170851,0.333308963247569
15847,-1.57602,1.23132,0.0164679530782586,0.915346582365555,-0.777752503916249
15846,-1.59727,1.20363,0.0162361479353128,0.909485669429784,0.111102085221639
15845,-1.61803,1.17557,0.0159926900926761,0.919253778306531,0.999999999969823
15845,-1.6383,1.14715,0.0157533849897349,0.909485669429917,-0.111102085282151
15844,-1.65808,1.11839,0.0155030185271219,0.915346582364627,0.777752503855772
15844,-1.67734,1.08928,0.0152528820112902,0.910462498171251,-0.333308963307506
15843,-1.6961,1.05984,0.0149959133116317,0.912416143750542,0.555523964080906
15843,-1.71433,1.03008,0.0147357580355174,0.912416143751375,-0.555523964158831
15842,-1.73205,1,0.0144724968088955,0.910462498170697,0.333308963230296
15842,-1.74924,0.969619,0.014203138074012,0.915346582365764,-0.777752503931822
15841,-1.7659,0.938943,0.0139338800394514,0.909485669429762,0.111102085205035
15840,-1.78201,0.907981,0.013656131063644,0.919253778306162,0.999999999951483
15840,-1.79759,0.876742,0.0133811436677693,0.909485669429984,-0.111102085301589
15839,-1.81262,0.845237,0.0130982624234966,0.915346582364318,0.777752503835071
15839,-1.82709,0.813473,0.0128152917953486,0.910462498171391,-0.333308963330024
15838,-1.84101,0.781462,0.012527453043378,0.912416143750253,0.555523964056986
15838,-1.85437,0.749213,0.0122371959784515,0.912416143751674,-0.555523964183544
15837,-1.86716,0.716736,0.0119444765849697,0.910462498170589,0.333308963203294
15837,-1.87939,0.68404,0.0116475753131563,0.915346582366259,-0.777752503962095
15836,-1.89104,0.651136,0.011349956181415,0.909485669429715,0.111102085173074
15835,-1.90211,0.618034,0.0110469990137833,0.919253778305508,0.999999999918209
15835,-1.91261,0.584743,0.0107443742032296,0.909485669430068,-0.111102085335144
15834,-1.92252,0.551275,0.0104369155745524,0.915346582363818,0.777752503801208
15834,-1.93185,0.517638,0.0101281037031151,0.910462498171639,-0.333308963364235
15833,-1.94059,0.483844,0.0098159649070572,0.912416143749876,0.555523964021923
15833,-1.94874,0.449902,0.00950146203014162,0.912416143752063,-0.555523964220183
15832,-1.9563,0.415823,0.00918445347111412,0.910462498170272,0.333308963168156
15832,-1.96325,0.381618,0.00886476169997686,0.915346582366716,-0.7777525039937
15831,-1.96962,0.347296,0.00854271406327114,0.909485669429575,0.111102085145728
15830,-1.97538,0.312869,0.00821836047354961,0.91925377830502,0.999999999895294
15830,-1.98054,0.278346,0.00789116459132625,0.909485669430092,-0.111102085358556
15829,-1.98509,0.243739,0.0075622035446512,0.915346582363415,0.777752503777664
15829,-1.98904,0.209057,0.00723036315955522,0.910462498171765,-0.333308963386404
15828,-1.99239,0.174311,0.00689681374935145,0.912416143749651,0.555523964001473
15828,-1.99513,0.139513,0.0065610256755645,0.912416143752222,-0.5555239642384
15827,-1.99726,0.104672,0.00622299784964766,0.910462498170184,0.3333089631488
15827,-1.99878,0.069799,0.00588401064110645,0.915346582367074,-0.777752504016448
15826,-1.9997,0.0349048,0.00554168889684681,0.909485669429527,0.111102085121831
15825,-2,2.46315e-16,0.00520029094318019,0.919253778304535,0.999999999870803
15825,-1.9997,-0.0349048,0.00485391072664298,0.909485669430051,-0.111102085378547
15824,-1.99878,-0.069799,0.00450907871015044,0.915346582363134,0.777752503762804
15824,-1.99726,-0.104672,0.00416073792721357,0.910462498171696,-0.333308963393566
15823,-1.99513,-0.139513,0.00381273161578842,0.912416143749586,0.555523964001405
15823,-1.99239,-0.174311,0.00346324409799232,0.912416143752114,-0.555523964232279
15822,-1.98904,-0.209057,0.00311231001476572,0.910462498170195,0.333308963161688
15822,-1.98509,-0.243739,0.00276247907675219,0.915346582366744,-0.7777525039964
15821,-1.98054,-0.278346,0.00240885055043559,0.909485669429545,0.111102085145526
15820,-1.97538,-0.312869,0.00205946205567052,0.919253778305042,0.999999999897283
15820,-1.96962,-0.347296,0.00170333237171026,0.909485669429957,-0.111102085350017
15819,-1.96325,-0.381618,0.00135202564861147,0.915346582363609,0.777752503792499
15819,-1.9563,-0.415823,0.000996660354810731,0.910462498171549,-0.333308963366345
15818,-1.94874,-0.449902,0.000643574559864608,0.912416143749872,0.555523964026319
15818,-1.94059,-0.483844,0.000289664754790285,0.91241614375188,-0.555523964209544
15817,-1.93185,-0.517638,-6.50978574245944e-05,0.910462498170337,0.33330896318265
15817,-1.92252,-0.551275,-0.000416875931924356,0.915346582366458,-0.777752503976945
15816,-1.91261,-0.584743,-0.000773210619106078,0.909485669429567,0.111102085165898
15815,-1.90211,-0.618034,-0.00112218073578278,0.919253778305528,0.999999999919178
15815,-1.89104,-0.651136,-0.00147995394712416,0.90948566942994,-0.111102085328262
15814,-1.87939,-0.68404,-0.00182980181414763,0.915346582363942,0.77775250381428
15814,-1.86716,-0.716736,-0.00218443210485122,0.910462498171397,-0.333308963343943
15813,-1.85437,-0.749213,-0.0025349268551092,0.912416143750119,0.555523964050056
15813,-1.84101,-0.781462,-0.00288563042569915,0.912416143751582,-0.555523964183381
15812,-1.82709,-0.813473,-0.00323646406659495,0.910462498170486,0.333308963212263
15812,-1.81262,-0.845237,-0.00358242008122888,0.915346582365912,-0.777752503943197
15811,-1.79759,-0.876742,-0.00393321143479885,0.909485669429641,0.111102085200675
15810,-1.78201,-0.907981,-0.00427357118725355,0.919253778306197,0.999999999954239
15810,-1.7659,-0.938943,-0.00462388663156718,0.90948566942985,-0.11110208529261
15809,-1.74924,-0.969619,-0.00496317074001408,0.915346582364535,0.777752503850301
15809,-1.73205,-1,-0.00530717946413352,0.9104624981712,-0.333308963308458
15808,-1.71433,-1.03008,-0.00564495665380463,0.912416143750526,0.555523964084446
15808,-1.6961,-1.05984,-0.00598183150181066,0.912416143751243,-0.555523964150944
15807,-1.67734,-1.08928,-0.00631772554506603,0.910462498170725,0.333308963242434
15807,-1.65808,-1.11839,-0.00664670050567913,0.915346582365503,-0.7777525039155
15806,-1.6383,-1.14715,-0.00698039739168596,0.90948566942967,0.111102085228524
15805,-1.61803,-1.17557,-0.00730075922838092,0.919253778306763,0.999999999982893
15805,-1.59727,-1.20363,-0.0076320276196622,0.909485669429812,-0.111102085265547
15804,-1.57602,-1.23132,-0.00794948795037571,0.915346582364898,0.777752503876549
15804,-1.55429,-1.25864,-0.00827182254303644,0.910462498170935,-0.333308963280012
15803,-1.53209,-1.28558,-0.00858624980965079,0.912416143750815,0.555523964114853
15803,-1.50942,-1.31212,-0.0088991010059589,0.912416143750855,-0.555523964118957
15802,-1.48629,-1.33826,-0.00921041751941487,0.910462498170897,0.333308963276791
15802,-1.46271,-1.364,-0.0095132902454204,0.915346582364928,-0.77775250387821
15801,-1.43868,-1.38932,-0.00982146337728141,0.909485669429954,0.111102085257172
15801,-1.41421,-1.41421,-0.0101139083601727,0.919253778307098,-0.999999999999989
10084,-1.38932,-1.43868,-0.0104189444021153,-0.909485669429983,0.111102085260242
10184,-1.364,-1.46271,-0.0107078974086717,-0.915346582364814,-0.777752503871363
10184,-1.33826,-1.48629,-0.0110024784245199,-0.910462498171062,0.333308963290425
10284,-1.31212,-1.50942,-0.0112879712074483,-0.912416143750702,-0.555523964098991
10284,-1.28558,-1.53209,-0.0115717149393986,-0.912416143751175,0.55552396414059
10384,-1.25864,-1.55429,-0.011853776215223,-0.910462498170858,-0.333308963247603
10384,-1.23132,-1.57602,-0.0121263160711093,-0.915346582365569,0.777752503916277
10484,-1.20363,-1.59727,-0.0124049454240793,-0.909485669429755,-0.111102085221656
10584,-1.17557,-1.61803,-0.0126659172452169,-0.919253778306467,-0.999999999969833
10584,-1.14715,-1.6383,-0.012941062005523,-0.909485669429891,0.111102085282108
10684,-1.11839,-1.65808,-0.0131982361054689,-0.915346582364624,-0.777752503855743
10684,-1.08928,-1.67734,-0.0134616253948018,-0.910462498171255,0.333308963307532
10784,-1.05984,-1.6961,-0.013714864739044,-0.912416143750544,-0.555523964080908
10784,-1.03008,-1.71433,-0.0139660631864863,-0.912416143751393,0.555523964158839
10884,-1,-1.73205,-0.0142151582606082,-0.910462498170715,-0.333308963230315
10884,-0.969619,-1.74924,-0.0144536915962322,-0.915346582365772,0.777752503931858
10984,-0.938943,-1.7659,-0.0146983313108327,-0.909485669429763,-0.111102085205032
11084,-0.907981,-1.78201,-0.0149237045533979,-0.919253778306154,-0.99999999995149
11084,-0.876742,-1.79759,-0.0151634867344544,-0.909485669429981,0.111102085301552
11184,-0.845237,-1.81262,-0.0153836765842181,-0.915346582364332,-0.777752503835052
11184,-0.813473,-1.82709,-0.0156095966722743,-0.910462498171421,0.333308963330044
11284,-0.781462,-1.84101,-0.0158240780631829,-0.912416143750289,-0.555523964056998
11284,-0.749213,-1.85437,-0.0160355198694617,-0.912416143751684,0.555523964183542
11384,-0.716736,-1.86716,-0.0162437021340197,-0.910462498170579,-0.333308963203316
11384,-0.68404,-1.87939,-0.0164400495626606,-0.915346582366256,0.777752503962127
11484,-0.651136,-1.89104,-0.0166413101707751,-0.9094856694297,-0.111102085173069
11584,-0.618034,-1.90211,-0.0168219730568251,-0.919253778305473,-0.9999999999182
11584,-0.584743,-1.91261,-0.0170157115454717,-0.909485669430035,0.111102085335111
11684,-0.551275,-1.92252,-0.017188586704361,-0.915346582363772,-0.777752503801188
11684,-0.517638,-1.93185,-0.017365797398775,-0.910462498171642,0.333308963364261
11784,-0.483844,-1.94059,-0.0175303439554555,-0.912416143749915,-0.555523964021929
11784,-0.449902,-1.94874,-0.0176905674359177,-0.912416143752077,0.555523964220183
11884,-0.415823,-1.9563,-0.0178463223507765,-0.910462498170266,-0.33330896316818
11884,-0.381618,-1.96325,-0.0179891820466543,-0.915346582366712,0.777752503993725
11984,-0.347296,-1.96962,-0.0181357718825477,-0.909485669429565,-0.111102085145729
12084,-0.312869,-1.97538,-0.0182609775847055,-0.919253778305011,-0.999999999895287
12084,-0.278346,-1.98054,-0.0183981532071774,-0.909485669430107,0.111102085358526
12184,-0.243739,-1.98509,-0.0185138737289477,-0.915346582363447,-0.777752503777644
12184,-0.209057,-1.98904,-0.0186331425555689,-0.910462498171781,0.333308963386432
12284,-0.174311,-1.99239,-0.0187392921193128,-0.912416143749663,-0.555523964001473
12284,-0.139513,-1.99513,-0.018840649669121,-0.912416143752267,0.555523964238395
12384,-0.104672,-1.99726,-0.0189372872048287,-0.910462498170238,-0.333308963148834
12384,-0.069799,-1.99878,-0.0190208249570505,-0.915346582367131,0.777752504016471
12484,-0.0349048,-1.9997,-0.019108112761609,-0.909485669429557,-0.111102085121833
12584,-4.35203e-16,-2,-0.0191740068776383,-0.919253778304537,-0.999999999870803
12584,0.0349048,-1.9997,-0.0192522031179211,-0.909485669430058,0.111102085378513
12684,0.069799,-1.99878,-0.0193091401900619,-0.915346582363139,-0.777752503762792
12684,0.104672,-1.99726,-0.0193701228116595,-0.9104624981717,0.333308963393593
12784,0.139513,-1.99513,-0.0194184325122133,-0.912416143749591,-0.555523964001403
12784,0.174311,-1.99239,-0.0194625259171169,-0.912416143752134,0.555523964232273
12884,0.209057,-1.98904,-0.0195025698215457,-0.91046249817019,-0.333308963161724
12884,0.243739,-1.98509,-0.0195301304716613,-0.915346582366752,0.777752503996427
12984,0.278346,-1.98054,-0.0195622620033715,-0.909485669429543,-0.111102085145531
13084,0.312869,-1.97538,-0.0195736679222375,-0.919253778305079,-0.999999999897294
13084,0.347296,-1.96962,-0.0195982219583567,-0.909485669429971,0.111102085349981
13184,0.381618,-1.96325,-0.019602269074819,-0.915346582363621,-0.777752503792476
13184,0.415823,-1.9563,-0.0196110878811861,-0.910462498171561,0.33330896336634
13284,0.449902,-1.94874,-0.0196079873756646,-0.912416143749886,-0.555523964026324
13284,0.483844,-1.94059,-0.0196013548995575,-0.912416143751904,0.555523964209538
13384,0.517638,-1.93185,-0.0195912031754429,-0.910462498170363,-0.333308963182687
13384,0.551275,-1.92252,-0.0195693586945534,-0.915346582366464,0.777752503976962
13484,0.584743,-1.91261,-0.019552110841894,-0.909485669429569,-0.111102085165906
13584,0.618034,-1.90211,-0.0195152487443873,-0.919253778305519,-0.999999999919186
13584,0.651136,-1.89104,-0.0194907224406678,-0.909485669429928,0.111102085328226
13684,0.68404,-1.87939,-0.0194467624435667,-0.915346582363942,-0.777752503814258
13684,0.716736,-1.86716,-0.0194068704772895,-0.910462498171394,0.333308963343945
13784,0.749213,-1.85437,-0.0193554826674475,-0.912416143750121,-0.555523964050058
13784,0.781462,-1.84101,-0.0193002821566343,-0.91241614375158,0.555523964183364
13884,0.813473,-1.82709,-0.0192411021499656,-0.91046249817049,-0.333308963212306
13884,0.845237,-1.81262,-0.0191706774580896,-0.915346582365913,0.777752503943214
13984,0.876742,-1.79759,-0.0191033344075831,-0.909485669429626,-0.1111020852007
14084,0.907981,-1.78201,-0.0190178038439811,-0.919253778306215,-0.999999999954254
14084,0.938943,-1.7659,-0.0189419423755635,-0.909485669429858,0.111102085292581
14184,0.969619,-1.74924,-0.0188481544246468,-0.915346582364524,-0.777752503850263
14184,1,-1.73205,-0.0187567712791408,-0.910462498171194,0.333308963308465
14284,1.03008,-1.71433,-0.0186544582098916,-0.91241614375052,-0.55552396408445
14284,1.05984,-1.6961,-0.0185478375474744,-0.912416143751235,0.55552396415093
14384,1.08928,-1.67734,-0.0184368708124891,-0.910462498170724,-0.333308963242461
14384,1.11839,-1.65808,-0.018315426405081,-0.915346582365498,0.777752503915531
14484,1.14715,-1.6383,-0.0181958017502738,-0.909485669429676,-0.111102085228531
14584,1.17557,-1.61803,-0.0180600329710355,-0.919253778306762,-0.999999999982903
14584,1.20363,-1.59727,-0.0179318113515489,-0.909485669429825,0.1111020852655
14684,1.23132,-1.57602,-0.0177878992079803,-0.91534658236492,-0.777752503876537
14684,1.25864,-1.55429,-0.0176455030164351,-0.910462498170955,0.333308963280004
14784,1.28558,-1.53209,-0.0174934837996788,-0.912416143750819,-0.555523964114867
14784,1.31212,-1.50942,-0.0173374247167027,-0.912416143750872,0.555523964118932
14884,1.33826,-1.48629,-0.017177268198606,-0.910462498170903,-0.333308963276861
14884,1.364,-1.46271,-0.0170080294527223,-0.915346582364901,0.777752503878194
14984,1.38932,-1.43868,-0.0168396154552487,-0.909485669429939,-0.111102085257194
14984,1.41421,-1.41421,-0.0166576327727562,-0.919253778307102,0.999999999999985
5850,1.43868,-1.38932,-0.0164807342273933,0.909485669429985,-0.111102085260202
5849,1.46271,-1.364,-0.0162906682466161,0.915346582364833,0.777752503871339
5849,1.48629,-1.33826,-0.0161006788993067,0.910462498171102,-0.333308963290407
5848,1.50942,-1.31212,-0.0159021948493225,0.91241614375073,0.555523964099018
5848,1.53209,-1.28558,-0.0156994208021633,0.912416143751186,-0.555523964140576
5847,1.55429,-1.25864,-0.0154921696523762,0.91046249817085,0.333308963247604
5847,1.57602,-1.23132,-0.0152769142759205,0.91534658236556,-0.777752503916265
5846,1.59727,-1.20363,-0.01506057656697,0.909485669429786,0.111102085221649
5845,1.61803,-1.17557,-0.0148331734456903,0.919253778306525,0.999999999969829
5845,1.6383,-1.14715,-0.0146075212291406,0.909485669429914,-0.11110208528211
5844,1.65808,-1.11839,-0.0143712324935347,0.915346582364627,0.777752503855747
5844,1.67734,-1.08928,-0.014133283147021,0.910462498171258,-0.333308963307527
5843,1.6961,-1.05984,-0.0138880356105152,0.912416143750537,0.555523964080912
5843,1.71433,-1.03008,-0.0136383356280073,0.912416143751378,-0.555523964158821
5842,1.73205,-1,-0.0133841917833632,0.910462498170701,0.333308963230334
5842,1.74924,-0.969619,-0.0131233712218675,0.915346582365767,-0.777752503931841
5841,1.7659,-0.938943,-0.0128605284274807,0.909485669429766,0.111102085205045
5840,1.78201,-0.907981,-0.0125892970707774,0.919253778306158,0.99999999995149
5840,1.79759,-0.876742,-0.0123180368500815,0.909485669429983,-0.111102085301555
5839,1.81262,-0.845237,-0.0120389348424742,0.915346582364319,0.777752503835052
5839,1.82709,-0.813473,-0.0117577463407388,0.910462498171384,-0.333308963330046
5838,1.84101,-0.781462,-0.0114710379211643,0.912416143750258,0.555523964056995
5838,1.85437,-0.749213,-0.0111806187874978,0.91241614375167,-0.555523964183538
5837,1.86716,-0.716736,-0.0108865048619941,0.91046249817059,0.333308963203332
5837,1.87939,-0.68404,-0.0105875191556506,0.915346582366259,-0.777752503962114
5836,1.89104,-0.651136,-0.0102861479630194,0.909485669429712,0.11110208517308
5835,1.90211,-0.618034,-0.0099792365479418,0.919253778305505,0.999999999918216
5835,1.91261,-0.584743,-0.00967071665042513,0.909485669430072,-0.111102085335106
5834,1.92252,-0.551275,-0.00935715620283229,0.915346582363824,0.777752503801191
5834,1.93185,-0.517638,-0.00904090467666155,0.910462498171638,-0.333308963364257
5833,1.94059,-0.483844,-0.00872075637154196,0.912416143749874,0.555523964021932
5833,1.94874,-0.449902,-0.00839735913007826,0.91241614375206,-0.555523964220175
5832,1.9563,-0.415823,-0.00807066967642115,0.910462498170272,0.333308963168192
5832,1.96325,-0.381618,-0.00774072027939366,0.915346582366721,-0.777752503993719
5831,1.96962,-0.347296,-0.00740756838158442,0.909485669429573,0.111102085145735
5830,1.97538,-0.312869,-0.00707170110795955,0.919253778305019,0.999999999895301
5830,1.98054,-0.278346,-0.00673225887831353,0.909485669430095,-0.11110208535852
5829,1.98509,-0.243739,-0.00639066068019725,0.915346582363408,0.777752503777643
5829,1.98904,-0.209057,-0.00604574207350369,0.910462498171767,-0.333308963386425
5828,1.99239,-0.174311,-0.00569875283239221,0.91241614374965,0.555523964001481
5828,1.99513,-0.139513,-0.00534922255664189,0.912416143752221,-0.555523964238393
5827,1.99726,-0.104672,-0.00499729234399075,0.910462498170182,0.333308963148836
5827,1.99878,-0.069799,-0.00464406982518195,0.915346582367075,-0.777752504016468
5826,1.9997,-0.0349048,-0.00428771451414387,0.909485669429527,0.111102085121839
