origElemNum,globCoord-x,globCoord-y,acouIntensity-x,acouIntensity-y,locCoord-xi,locCoord-eta
5825,2,-2.20442e-18,1.69193919535787e-07,1.72669904613387e-07,0.919253778304535,0.999999999870795
5825,1.9997,0.0349048,1.88447187301098e-07,1.85530065930044e-07,0.909485669430051,-0.11110208537854
5824,1.99878,0.069799,2.085025196077e-07,2.04562223988121e-07,0.915346582363134,0.7777525037628
5824,1.99726,0.104672,2.29477537562017e-07,2.18007242553232e-07,0.910462498171695,-0.333308963393583
5823,1.99513,0.139513,2.50890124742178e-07,2.38925580283066e-07,0.912416143749585,0.555523964001403
5823,1.99239,0.174311,2.73526184460941e-07,2.53058740944378e-07,0.912416143752112,-0.555523964232293
5822,1.98904,0.209057,2.96100387096471e-07,2.76043113944096e-07,0.910462498170195,0.33330896316169
5822,1.98509,0.243739,3.20329072180171e-07,2.90962468532897e-07,0.915346582366752,-0.777752503996411
5821,1.98054,0.278346,3.43847248588185e-07,3.16169714157914e-07,0.909485669429537,0.111102085145532
5820,1.97538,0.312869,3.67841465527539e-07,3.43027360678275e-07,0.91925377830504,0.999999999897275
5820,1.96962,0.347296,3.93819710513881e-07,3.59529601535281e-07,0.909485669429959,-0.111102085350008
5819,1.96325,0.381618,4.18404947947447e-07,3.88830743272643e-07,0.915346582363608,0.777752503792493
5819,1.9563,0.415823,4.45688240867733e-07,4.06318986579004e-07,0.910462498171543,-0.333308963366333
5818,1.94874,0.449902,4.70609962844447e-07,4.38163975573361e-07,0.912416143749872,0.555523964026318
5818,1.94059,0.483844,4.991106923859e-07,4.56711133021888e-07,0.912416143751876,-0.555523964209557
5817,1.93185,0.517638,5.24105329534838e-07,4.91185580230434e-07,0.910462498170338,0.333308963182653
5817,1.92252,0.551275,5.5373559303298e-07,5.10861036799333e-07,0.915346582366455,-0.777752503976955
5816,1.91261,0.584743,5.78529791176845e-07,5.48036441085272e-07,0.909485669429567,0.111102085165898
5815,1.90211,0.618034,6.0323728462999e-07,5.87254699327524e-07,0.919253778305533,0.999999999919169
5815,1.89104,0.651136,6.33505625602884e-07,6.08831810548038e-07,0.909485669429933,-0.111102085328256
5814,1.87939,0.68404,6.57579122226454e-07,6.50850066049478e-07,0.915346582363941,0.777752503814277
5814,1.86716,0.716736,6.88631191288727e-07,6.73647345147572e-07,0.910462498171402,-0.333308963343933
5813,1.85437,0.749213,7.11760353374402e-07,7.18462585485018e-07,0.912416143750119,0.555523964050056
5813,1.84101,0.781462,7.43480529225503e-07,7.42510283909175e-07,0.912416143751575,-0.555523964183394
5812,1.82709,0.813473,7.65342457161498e-07,7.90081515481808e-07,0.910462498170486,0.333308963212263
5812,1.81262,0.845237,7.97607822506894e-07,8.15397959156036e-07,0.915346582365915,-0.777752503943209
5811,1.79759,0.876742,8.17869816221696e-07,8.65645222345868e-07,0.909485669429635,0.111102085200681
5810,1.78201,0.907981,8.37383814034763e-07,9.18075067792507e-07,0.919253778306195,0.999999999954235
5810,1.7659,0.938943,8.68871266981037e-07,9.45034655050078e-07,0.909485669429844,-0.111102085292603
5809,1.74924,0.969619,8.86293041129484e-07,9.99967428889613e-07,0.915346582364538,0.777752503850291
5809,1.73205,1,9.17862534815212e-07,1.0280648165509e-06,0.910462498171199,-0.333308963308445
5808,1.71433,1.03008,9.32853009118937e-07,1.08529662523801e-06,0.912416143750526,0.555523964084446
5808,1.6961,1.05984,9.64352341466002e-07,1.11448060294185e-06,0.912416143751246,-0.555523964150953
5807,1.67734,1.08928,9.76578555974333e-07,1.1737584418079e-06,0.910462498170725,0.333308963242434
5807,1.65808,1.11839,1.00785384874965e-06,1.20396183149643e-06,0.915346582365508,-0.777752503915519
5806,1.6383,1.14715,1.01699819105338e-06,1.26499374753009e-06,0.909485669429676,0.11110208522853
5805,1.61803,1.17557,1.02480827867759e-06,1.3279203086814e-06,0.919253778306765,0.999999999982884
5805,1.59727,1.20363,1.05366741154009e-06,1.3586045740707e-06,0.909485669429817,-0.111102085265541
5804,1.57602,1.23132,1.05799263206425e-06,1.4228344115742e-06,0.9153465823649,0.777752503876539
5804,1.55429,1.25864,1.08617584327882e-06,1.45416234816335e-06,0.910462498170939,-0.333308963279996
5803,1.53209,1.28558,1.08676212458988e-06,1.51934240372368e-06,0.912416143750815,0.555523964114853
5803,1.50942,1.31212,1.11414754259016e-06,1.55120562775257e-06,0.91241614375085,-0.555523964118972
5802,1.48629,1.33826,1.11076836292703e-06,1.61695466938278e-06,0.910462498170897,0.333308963276791
5802,1.46271,1.364,1.13724001450998e-06,1.64923332528065e-06,0.915346582364929,-0.77775250387822
5801,1.43868,1.38932,1.12970024283416e-06,1.71514121466077e-06,0.909485669429954,0.111102085257182
5801,1.41421,1.41421,1.15515019272736e-06,1.74770565172199e-06,0.919253778307104,-0.999999999999994
850,1.38932,1.43868,1.14329309393926e-06,1.81334219048141e-06,0.909485669429991,-0.111102085260227
849,1.364,1.46271,1.12969789440539e-06,1.88015070130428e-06,0.915346582364834,0.777752503871359
849,1.33826,1.48629,1.15133718167633e-06,1.91098453979262e-06,0.910462498171096,-0.333308963290402
848,1.31212,1.50942,1.13330167995414e-06,1.97689989157918e-06,0.912416143750729,0.555523964099008
848,1.28558,1.53209,1.1536802970951e-06,2.00749078141814e-06,0.912416143751184,-0.555523964140596
847,1.25864,1.55429,1.13115678710885e-06,2.07206676739016e-06,0.910462498170846,0.333308963247574
847,1.23132,1.57602,1.1502254008291e-06,2.10227471580592e-06,0.915346582365554,-0.777752503916259
846,1.20363,1.59727,1.12321141172551e-06,2.16505401343881e-06,0.90948566942978,0.111102085221654
845,1.17557,1.61803,1.0944779709953e-06,2.2284831295621e-06,0.919253778306528,0.999999999969813
845,1.14715,1.6383,1.10947253571364e-06,2.25525074981707e-06,0.909485669429915,-0.111102085282135
844,1.11839,1.65808,1.07637543555777e-06,2.31621598425028e-06,0.915346582364625,0.777752503855763
844,1.08928,1.67734,1.09000975545549e-06,2.34205291274174e-06,0.910462498171253,-0.333308963307521
843,1.05984,1.6961,1.05266930300634e-06,2.40011300342275e-06,0.912416143750542,0.555523964080906
843,1.03008,1.71433,1.06495707813268e-06,2.42489499303922e-06,0.912416143751377,-0.555523964158847
842,1,1.73205,1.02353696096438e-06,2.47965392035898e-06,0.910462498170698,0.333308963230309
842,0.969619,1.74924,1.03451148980029e-06,2.50327904781077e-06,0.915346582365766,-0.777752503931825
841,0.938943,1.7659,9.89212589462826e-07,2.55439775871902e-06,0.909485669429764,0.111102085205048
840,0.907981,1.78201,9.42551574983972e-07,2.6055103333507e-06,0.919253778306164,0.99999999995148
840,0.876742,1.79759,9.49976154471055e-07,2.62398052820707e-06,0.909485669429979,-0.11110208530158
839,0.845237,1.81262,8.99790379068669e-07,2.67105135884171e-06,0.91534658236432,0.777752503835068
839,0.813473,1.82709,9.06139517441837e-07,2.68809679285698e-06,0.91046249817139,-0.33330896333004
838,0.781462,1.84101,8.52685607960514e-07,2.73089205212676e-06,0.912416143750255,0.555523964056983
838,0.749213,1.85437,8.58034830221198e-07,2.74647308165034e-06,0.912416143751674,-0.555523964183563
837,0.716736,1.86716,8.01587723802956e-07,2.78477406043546e-06,0.910462498170584,0.333308963203304
837,0.68404,1.87939,8.06012110470102e-07,2.79884731475764e-06,0.915346582366261,-0.777752503962098
836,0.651136,1.89104,7.46867623909937e-07,2.83244576468413e-06,0.909485669429719,0.111102085173086
835,0.618034,1.90211,6.868471074813e-07,2.86562815915944e-06,0.919253778305509,0.999999999918205
835,0.584743,1.91261,6.88915574344765e-07,2.87366864063928e-06,0.909485669430073,-0.111102085335132
834,0.551275,1.92252,6.266846925049e-07,2.90187016920468e-06,0.915346582363819,0.777752503801204
834,0.517638,1.93185,6.2813728908166e-07,2.90822612795862e-06,0.910462498171637,-0.333308963364254
833,0.483844,1.94059,5.64030310672358e-07,2.93129013156201e-06,0.912416143749877,0.55552396402192
833,0.449902,1.94874,5.64951804122919e-07,2.93592871397246e-06,0.91241614375206,-0.555523964220202
832,0.415823,1.9563,4.99315108439758e-07,2.95372523888664e-06,0.910462498170279,0.333308963168166
832,0.381618,1.96325,4.99792011177648e-07,2.95661720213697e-06,0.915346582366717,-0.777752503993703
831,0.347296,1.96962,4.32984221528552e-07,2.96904458363316e-06,0.909485669429573,0.111102085145737
830,0.312869,1.97538,3.65966873194206e-07,2.98079857074442e-06,0.919253778305012,0.99999999989529
830,0.278346,1.98054,3.65492622796164e-07,2.97715026852012e-06,0.909485669430091,-0.111102085358547
829,0.243739,1.98509,2.97867339007905e-07,2.98343150767823e-06,0.915346582363415,0.77775250377766
829,0.209057,1.98904,2.97301084582559e-07,2.97797431876494e-06,0.910462498171767,-0.333308963386422
828,0.174311,1.99239,2.29442106109973e-07,2.9787498993021e-06,0.912416143749651,0.55552396400147
828,0.139513,1.99513,2.28875120152028e-07,2.97147549325967e-06,0.912416143752224,-0.555523964238419
827,0.104672,1.99726,1.61160569335163e-07,2.96673845705904e-06,0.910462498170184,0.33330896314881
827,0.069799,1.99878,1.6068442273591e-07,2.95764181569388e-06,0.915346582367074,-0.777752504016452
826,0.0349048,1.9997,9.34926331463222e-08,2.9474141769534e-06,0.909485669429527,0.111102085121841
825,1.27747e-16,2,2.68321585449688e-08,2.93649499875412e-06,0.919253778304535,0.999999999870799
825,-0.0349048,1.9997,2.69048683392388e-08,2.92082932024531e-06,0.909485669430051,-0.111102085378537
824,-0.069799,1.99878,-3.86603005178588e-08,2.90450558782772e-06,0.915346582363134,0.777752503762801
824,-0.104672,1.99726,-3.81410551620721e-08,2.88707532988687e-06,0.910462498171695,-0.333308963393583
823,-0.139513,1.99513,-1.02242312385733e-07,2.86545210855853e-06,0.912416143749585,0.555523964001401
823,-0.174311,1.99239,-1.01189518494097e-07,2.84629017092347e-06,0.912416143752112,-0.555523964232297
822,-0.209057,1.98904,-1.6346649426989e-07,2.81951326287642e-06,0.910462498170195,0.333308963161685
822,-0.243739,1.98509,-1.61796507184323e-07,2.79866639011728e-06,0.915346582366744,-0.777752503996403
821,-0.278346,1.98054,-2.21904188678587e-07,2.76692542319914e-06,0.909485669429538,0.111102085145537
820,-0.312869,1.97538,-2.80774124312349e-07,2.73475623904293e-06,0.919253778305041,0.999999999897278
820,-0.347296,1.96962,-2.77152557559065e-07,2.70798260922307e-06,0.90948566942996,-0.111102085350006
819,-0.381618,1.96325,-3.33362567996908e-07,2.67119465978936e-06,0.915346582363608,0.777752503792493
819,-0.415823,1.9563,-3.28838891742699e-07,2.64303494392334e-06,0.910462498171543,-0.333308963366333
818,-0.449902,1.94874,-3.82104275020306e-07,2.60192154934555e-06,0.912416143749872,0.555523964026316
818,-0.483844,1.94059,-3.76626893613282e-07,2.57248694275148e-06,0.912416143751875,-0.555523964209561
817,-0.517638,1.93185,-4.2669717016605e-07,2.52737785175568e-06,0.910462498170336,0.333308963182646
817,-0.551275,1.92252,-4.20224557106399e-07,2.49678990144264e-06,0.915346582366457,-0.777752503976948
816,-0.584743,1.91261,-4.66887578521867e-07,2.44804288822091e-06,0.909485669429562,0.111102085165907
815,-0.618034,1.90211,-5.11828245694631e-07,2.3993908282038e-06,0.919253778305526,0.999999999919175
815,-0.651136,1.89104,-5.02467791238468e-07,2.36442361972597e-06,0.909485669429935,-0.111102085328253
814,-0.68404,1.87939,-5.43736364791392e-07,2.31267316121757e-06,0.915346582363941,0.777752503814277
814,-0.716736,1.86716,-5.33273385083749e-07,2.27704850098949e-06,0.910462498171402,-0.333308963343933
813,-0.749213,1.85437,-5.7074366929642e-07,2.22260333358392e-06,0.912416143750117,0.555523964050053
813,-0.781462,1.84101,-5.59185022051571e-07,2.18646356333475e-06,0.912416143751584,-0.555523964183396
812,-0.813473,1.82709,-5.9276983153898e-07,2.12973766628787e-06,0.910462498170484,0.33330896321226
812,-0.845237,1.81262,-5.80132965934576e-07,2.09322384937996e-06,0.91534658236591,-0.7777525039432
811,-0.876742,1.79759,-6.09785142330133e-07,2.03463251347972e-06,0.909485669429639,0.111102085200672
810,-0.907981,1.78201,-6.37546690555567e-07,1.97676131753599e-06,0.919253778306197,0.999999999954239
810,-0.938943,1.7659,-6.21803732877613e-07,1.93783621149065e-06,0.909485669429848,-0.111102085292613
809,-0.969619,1.74924,-6.45609962469143e-07,1.87867504826046e-06,0.915346582364533,0.777752503850298
809,-1,1.73205,-6.2887951586354e-07,1.83988722243151e-06,0.910462498171205,-0.333308963308436
808,-1.03008,1.71433,-6.48766245411398e-07,1.77984037267663e-06,0.912416143750522,0.55552396408444
808,-1.05984,1.6961,-6.31107594584378e-07,1.74131167912226e-06,0.912416143751243,-0.555523964150944
807,-1.08928,1.67734,-6.47144507296004e-07,1.68077272786718e-06,0.910462498170733,0.33330896324243
807,-1.11839,1.65808,-6.28624511766257e-07,1.64261757333736e-06,0.915346582365511,-0.777752503915504
806,-1.14715,1.6383,-6.40912992357898e-07,1.58196561100291e-06,0.909485669429678,0.11110208522852
805,-1.17557,1.61803,-6.51444612078556e-07,1.52261167975388e-06,0.91925377830677,0.999999999982889
805,-1.20363,1.59727,-6.30275672893652e-07,1.48388893692234e-06,0.909485669429819,-0.111102085265551
804,-1.23132,1.57602,-6.3724835017058e-07,1.42492085078218e-06,0.915346582364893,0.777752503876544
804,-1.25864,1.55429,-6.15469841767712e-07,1.38698878649046e-06,0.910462498170937,-0.333308963279986
803,-1.28558,1.53209,-6.19055557199952e-07,1.3287437842605e-06,0.912416143750809,0.555523964114847
803,-1.31212,1.50942,-5.96767238838673e-07,1.29168585876111e-06,0.912416143750849,-0.555523964118962
802,-1.33826,1.48629,-5.97165637798095e-07,1.23447937298479e-06,0.910462498170897,0.333308963276791
802,-1.364,1.46271,-5.74473202875501e-07,1.19837097045179e-06,0.915346582364928,-0.77775250387821
801,-1.38932,1.43868,-5.71908371343358e-07,1.14249394497725e-06,0.909485669429954,0.111102085257172
801,-1.41421,1.41421,-5.4892296731796e-07,1.10740218015002e-06,0.919253778307104,-0.999999999999994
15850,-1.43868,1.38932,-5.43640464718285e-07,1.0531202172474e-06,0.909485669429991,-0.111102085260237
15849,-1.46271,1.364,-5.37120504121257e-07,1.00064271863188e-06,0.915346582364828,0.777752503871364
15849,-1.48629,1.33826,-5.12743532765119e-07,9.66656172093529e-07,0.910462498171103,-0.333308963290387
15848,-1.50942,1.31212,-5.0390129362082e-07,9.16080387879614e-07,0.912416143750729,0.555523964099008
15848,-1.53209,1.28558,-4.79621674519623e-07,8.83363251820394e-07,0.912416143751185,-0.555523964140586
15847,-1.55429,1.25864,-4.68748953891562e-07,8.348833706639e-07,0.910462498170851,0.333308963247569
15847,-1.57602,1.23132,-4.44698217348914e-07,8.03464657430346e-07,0.915346582365555,-0.777752503916249
15846,-1.59727,1.20363,-4.32099156121236e-07,7.57244791872963e-07,0.909485669429784,0.111102085221639
15845,-1.61803,1.17557,-4.18748842299852e-07,7.12917207271659e-07,0.919253778306531,0.999999999969823
15845,-1.6383,1.14715,-3.94400647243097e-07,6.83318213458309e-07,0.909485669429917,-0.111102085282151
15844,-1.65808,1.11839,-3.79791735807164e-07,6.41397672095981e-07,0.915346582364627,0.777752503855772
15844,-1.67734,1.08928,-3.56112781345188e-07,6.13215739840408e-07,0.910462498171251,-0.333308963307506
15843,-1.6961,1.05984,-3.40571339923698e-07,5.7378408167064e-07,0.912416143750542,0.555523964080906
15843,-1.71433,1.03008,-3.17700784180038e-07,5.47006019059066e-07,0.912416143751375,-0.555523964158831
15842,-1.73205,1,-3.01553891861897e-07,5.10111497232953e-07,0.910462498170697,0.333308963230296
15842,-1.74924,0.969619,-2.79630228186386e-07,4.84714505914361e-07,0.915346582365764,-0.777752503931822
15841,-1.7659,0.938943,-2.63202180925875e-07,4.5037264638625e-07,0.909485669429762,0.111102085205035
15840,-1.78201,0.907981,-2.46716238721097e-07,4.17779695581987e-07,0.919253778306162,0.999999999951483
15840,-1.79759,0.876742,-2.25971669554021e-07,3.94518222314635e-07,0.909485669429984,-0.111102085301589
15839,-1.81262,0.845237,-2.09677516629043e-07,3.64397110174787e-07,0.915346582364318,0.777752503835071
15839,-1.82709,0.813473,-1.90306309647936e-07,3.42456750497538e-07,0.910462498171391,-0.333308963330024
15838,-1.84101,0.781462,-1.74507982957729e-07,3.14740275158595e-07,0.912416143750253,0.555523964056986
15838,-1.85437,0.749213,-1.56633283347096e-07,2.94055146490643e-07,0.912416143751674,-0.555523964183544
15837,-1.86716,0.716736,-1.41619013299377e-07,2.68645512784184e-07,0.910462498170589,0.333308963203294
15837,-1.87939,0.68404,-1.25357721542721e-07,2.49140686818317e-07,0.915346582366259,-0.777752503962095
15836,-1.89104,0.651136,-1.11396538973234e-07,2.25911544687516e-07,0.909485669429715,0.111102085173074
15835,-1.90211,0.618034,-9.800620170307e-08,2.03971407506581e-07,0.919253778305508,0.999999999918209
15835,-1.91261,0.584743,-8.41974666241643e-08,1.86301221437197e-07,0.909485669430068,-0.111102085335144
15834,-1.92252,0.551275,-7.22253552030302e-08,1.66256632428669e-07,0.915346582363818,0.777752503801208
15834,-1.93185,0.517638,-6.03453735530971e-08,1.49543431416486e-07,0.910462498171639,-0.333308963364235
15833,-1.94059,0.483844,-5.00000472168634e-08,1.31202497230758e-07,0.912416143749876,0.555523964021923
15833,-1.94874,0.449902,-4.01262375559384e-08,1.15336426030127e-07,0.912416143752063,-0.555523964220183
15832,-1.9563,0.415823,-3.15864331696727e-08,9.84866737524617e-08,0.910462498170272,0.333308963168156
15832,-1.96325,0.381618,-2.37851920901266e-08,8.33520292650779e-08,0.915346582366716,-0.7777525039937
15831,-1.96962,0.347296,-1.71978660488705e-08,6.77636937006831e-08,0.909485669429575,0.111102085145728
15830,-1.97538,0.312869,-1.16007843825854e-08,5.27553887435319e-08,0.91925377830502,0.999999999895294
15830,-1.98054,0.278346,-7.00272249031532e-09,3.86691773984126e-08,0.909485669430092,-0.111102085358556
15829,-1.98509,0.243739,-3.52451195883887e-09,2.45065724667532e-08,0.915346582363415,0.777752503777664
15829,-1.98904,0.209057,-1.12240960202466e-09,1.08246639363869e-08,0.910462498171765,-0.333308963386404
15828,-1.99239,0.174311,1.75832298663538e-10,-2.74967737427804e-09,0.912416143749651,0.555523964001473
15828,-1.99513,0.139513,3.70092252988683e-10,-1.61572035917062e-08,0.912416143752222,-0.5555239642384
15827,-1.99726,0.104672,-5.36523023189674e-10,-2.94043605875678e-08,0.910462498170184,0.3333089631488
15827,-1.99878,0.069799,-2.54890724378986e-09,-4.2667671690016e-08,0.915346582367074,-0.777752504016448
15826,-1.9997,0.0349048,-5.64882858731123e-09,-5.58485043469402e-08,0.909485669429527,0.111102085121831
15825,-2,2.46315e-16,-9.85348879726412e-09,-6.92683752135303e-08,0.919253778304535,0.999999999870803
15825,-1.9997,-0.0349048,-1.50989791430865e-08,-8.24683124384623e-08,0.909485669430051,-0.111102085378547
15824,-1.99878,-0.069799,-2.14255512944042e-08,-9.62506596996259e-08,0.915346582363134,0.777752503762804
15824,-1.99726,-0.104672,-2.87763824695317e-08,-1.09640577645802e-07,0.910462498171696,-0.333308963393566
15823,-1.99513,-0.139513,-3.71248042208624e-08,-1.24028972789293e-07,0.912416143749586,0.555523964001405
15823,-1.99239,-0.174311,-4.65235168527895e-08,-1.37728391358461e-07,0.912416143752114,-0.555523964232279
15822,-1.98904,-0.209057,-5.6760526164199e-08,-1.5295357471342e-07,0.910462498170195,0.333308963161688
15822,-1.98509,-0.243739,-6.81380255011095e-08,-1.67076987126083e-07,0.915346582366744,-0.7777525039964
15821,-1.98054,-0.278346,-8.00991263148909e-08,-1.83353583231345e-07,0.909485669429545,0.111102085145526
15820,-1.97538,-0.312869,-9.29603626222345e-08,-2.00629661148888e-07,0.919253778305042,0.999999999897283
15820,-1.96962,-0.347296,-1.06867091010973e-07,-2.15532777495268e-07,0.909485669429957,-0.111102085350017
15819,-1.96325,-0.381618,-1.21168981965844e-07,-2.34190322631776e-07,0.915346582363609,0.777752503792499
15819,-1.9563,-0.415823,-1.36754317428823e-07,-2.49765462084601e-07,0.910462498171549,-0.333308963366345
15818,-1.94874,-0.449902,-1.52265542778957e-07,-2.69963173791748e-07,0.912416143749872,0.555523964026319
15818,-1.94059,-0.483844,-1.69417983217823e-07,-2.86292823096372e-07,0.91241614375188,-0.555523964209544
15817,-1.93185,-0.517638,-1.85885740583476e-07,-3.08162529010634e-07,0.910462498170337,0.33330896318265
15817,-1.92252,-0.551275,-2.04486503713867e-07,-3.25319719384368e-07,0.915346582366458,-0.777752503976945
15816,-1.91261,-0.584743,-2.21639645008815e-07,-3.48964345045983e-07,0.909485669429567,0.111102085165898
15815,-1.90211,-0.618034,-2.39240636412018e-07,-3.74161314184096e-07,0.919253778305528,0.999999999919178
15815,-1.89104,-0.651136,-2.59116030935527e-07,-3.92503850422842e-07,0.90948566942994,-0.111102085328262
15814,-1.87939,-0.68404,-2.7698784273893e-07,-4.19615763778102e-07,0.915346582363942,0.77775250381428
15814,-1.86716,-0.716736,-2.97886970679095e-07,-4.38873782016665e-07,0.910462498171397,-0.333308963343943
15813,-1.85437,-0.749213,-3.15729052349412e-07,-4.67922720870377e-07,0.912416143750119,0.555523964050056
15813,-1.84101,-0.781462,-3.3751311695919e-07,-4.88123515644402e-07,0.912416143751582,-0.555523964183381
15812,-1.82709,-0.813473,-3.5502002515688e-07,-5.19099016529089e-07,0.910462498170486,0.333308963212263
15812,-1.81262,-0.845237,-3.77548814229072e-07,-5.40259060922613e-07,0.915346582365912,-0.777752503943197
15811,-1.79759,-0.876742,-3.94413551226586e-07,-5.73118450725547e-07,0.909485669429641,0.111102085200675
15810,-1.78201,-0.907981,-4.11158330262177e-07,-6.07780367768406e-07,0.919253778306197,0.999999999954239
15810,-1.7659,-0.938943,-4.33464110822604e-07,-6.29911687151855e-07,0.90948566942985,-0.11110208529261
15809,-1.74924,-0.969619,-4.49131715230944e-07,-6.66373690929202e-07,0.915346582364535,0.777752503850301
15809,-1.73205,-1,-4.71733214477443e-07,-6.89366769041369e-07,0.9104624981712,-0.333308963308458
15808,-1.71433,-1.03008,-4.86031163764798e-07,-7.27504538374635e-07,0.912416143750526,0.555523964084446
15808,-1.6961,-1.05984,-5.08794110234627e-07,-7.51330887294138e-07,0.912416143751243,-0.555523964150944
15807,-1.67734,-1.08928,-5.21441416235248e-07,-7.90990688978738e-07,0.910462498170725,0.333308963242434
15807,-1.65808,-1.11839,-5.44235246684013e-07,-8.15612128685917e-07,0.915346582365503,-0.7777525039155
15806,-1.6383,-1.14715,-5.54965381374437e-07,-8.5661187857195e-07,0.90948566942967,0.111102085228524
15805,-1.61803,-1.17557,-5.65045311225589e-07,-8.99349129140459e-07,0.919253778306763,0.999999999982893
15805,-1.59727,-1.20363,-5.8622773210483e-07,-9.24111705884717e-07,0.909485669429812,-0.111102085265547
15804,-1.57602,-1.23132,-5.94044137048939e-07,-9.67902501802654e-07,0.915346582364898,0.777752503876549
15804,-1.55429,-1.25864,-6.14878935681631e-07,-9.93198831900913e-07,0.910462498170935,-0.333308963280012
15803,-1.53209,-1.28558,-6.20216286215216e-07,-1.03779494069552e-06,0.912416143750815,0.555523964114853
15803,-1.50942,-1.31212,-6.40598518666799e-07,-1.06355027253783e-06,0.912416143750855,-0.555523964118957
15802,-1.48629,-1.33826,-6.43264708216254e-07,-1.10868260505578e-06,0.910462498170897,0.333308963276791
15802,-1.46271,-1.364,-6.6309622654002e-07,-1.13481455122206e-06,0.915346582364928,-0.77775250387821
15801,-1.43868,-1.38932,-6.62924267992287e-07,-1.18019490258339e-06,0.909485669429954,0.111102085257172
15801,-1.41421,-1.41421,-6.82114023509917e-07,-1.20661382961925e-06,0.919253778307098,-0.999999999999989
10084,-1.38932,-1.43868,-6.78964225258506e-07,-1.2519370958479e-06,-0.909485669429983,0.111102085260242
10184,-1.364,-1.46271,-6.74764161895919e-07,-1.29854608922836e-06,-0.915346582364814,-0.777752503871363
10184,-1.33826,-1.48629,-6.91189756620592e-07,-1.32349339734922e-06,-0.910462498171062,0.333308963290425
10284,-1.31212,-1.50942,-6.83876301548532e-07,-1.36959451180318e-06,-0.912416143750702,-0.555523964098991
10284,-1.28558,-1.53209,-6.99443544261779e-07,-1.39443022398623e-06,-0.912416143751175,0.55552396414059
10384,-1.25864,-1.55429,-6.88951626962767e-07,-1.43968788514644e-06,-0.910462498170858,-0.333308963247603
10384,-1.23132,-1.57602,-7.0360681920082e-07,-1.46429975891509e-06,-0.915346582365569,0.777752503916277
10484,-1.20363,-1.59727,-6.89902884169876e-07,-1.50837142115795e-06,-0.909485669429755,-0.111102085221656
10584,-1.17557,-1.61803,-6.75077541151731e-07,-1.55336620157456e-06,-0.919253778306467,-0.999999999969833
10584,-1.14715,-1.6383,-6.86684799042982e-07,-1.57518244093549e-06,-0.909485669429891,0.111102085282108
10684,-1.11839,-1.65808,-6.68675826296218e-07,-1.61850121150605e-06,-0.915346582364624,-0.777752503855743
10684,-1.08928,-1.67734,-6.79293940496196e-07,-1.63965655182034e-06,-0.910462498171255,0.333308963307532
10784,-1.05984,-1.6961,-6.58149239304673e-07,-1.68095651037462e-06,-0.912416143750544,-0.555523964080908
10784,-1.03008,-1.71433,-6.6776729884068e-07,-1.70133168573077e-06,-0.912416143751393,0.555523964158839
10884,-1,-1.73205,-6.43567045597468e-07,-1.74027600936728e-06,-0.910462498170715,-0.333308963230315
10884,-0.969619,-1.74924,-6.5218362244751e-07,-1.75975155105642e-06,-0.915346582365772,0.777752503931858
10984,-0.938943,-1.7659,-6.25040350133058e-07,-1.79601312074219e-06,-0.909485669429763,-0.111102085205032
11084,-0.907981,-1.78201,-5.96936829072332e-07,-1.83267363006668e-06,-0.919253778306154,-0.99999999995149
11084,-0.876742,-1.79759,-6.02722482113946e-07,-1.84773596500593e-06,-0.909485669429981,0.111102085301552
11184,-0.845237,-1.81262,-5.71916417588506e-07,-1.88127114388227e-06,-0.915346582364332,-0.777752503835052
11184,-0.813473,-1.82709,-5.76807223612369e-07,-1.89503519355616e-06,-0.910462498171421,0.333308963330044
11284,-0.781462,-1.84101,-5.43487144240234e-07,-1.92516249069974e-06,-0.912416143750289,-0.555523964056998
11284,-0.749213,-1.85437,-5.47525191324622e-07,-1.93752930972601e-06,-0.912416143751684,0.555523964183542
11384,-0.716736,-1.86716,-5.11907559258899e-07,-1.96399090663873e-06,-0.910462498170579,-0.333308963203316
11384,-0.68404,-1.87939,-5.15143663927285e-07,-1.97486858586308e-06,-0.915346582366256,0.777752503962127
11484,-0.651136,-1.89104,-4.77474589500914e-07,-1.99743542580647e-06,-0.9094856694297,-0.111102085173069
11584,-0.618034,-1.90211,-4.39255053515763e-07,-2.01997080356315e-06,-0.919253778305473,-0.9999999999182
11584,-0.584743,-1.91261,-4.40520735828758e-07,-2.02522137098776e-06,-0.909485669430035,0.111102085335111
11684,-0.551275,-1.92252,-4.00674232178103e-07,-2.04358938192215e-06,-0.915346582363772,-0.777752503801188
11684,-0.517638,-1.93185,-4.01408218043298e-07,-2.04712778509902e-06,-0.910462498171642,0.333308963364261
11784,-0.483844,-1.94059,-3.6023810051769e-07,-2.06119499694041e-06,-0.912416143749915,-0.555523964021929
11784,-0.449902,-1.94874,-3.60523896371654e-07,-2.06299045276816e-06,-0.912416143752077,0.555523964220183
11884,-0.415823,-1.9563,-3.18349488176057e-07,-2.07266725982869e-06,-0.910462498170266,-0.33330896316818
11884,-0.381618,-1.96325,-3.1827466177495e-07,-2.07270522252513e-06,-0.915346582366712,0.777752503993725
11984,-0.347296,-1.96962,-2.75427382096517e-07,-2.07794770911955e-06,-0.909485669429565,-0.111102085145729
12084,-0.312869,-1.97538,-2.32638084284068e-07,-2.08295298376843e-06,-0.919253778305011,-0.999999999895287
12084,-0.278346,-1.98054,-2.31898576380285e-07,-2.07704113934164e-06,-0.909485669430107,0.111102085358526
12184,-0.243739,-1.98509,-1.88949456181471e-07,-2.07761492847219e-06,-0.915346582363447,-0.777752503777644
12184,-0.209057,-1.98904,-1.88189367502613e-07,-2.07001291226022e-06,-0.910462498171781,0.333308963386432
12284,-0.174311,-1.99239,-1.45411977794819e-07,-2.06622178312853e-06,-0.912416143749663,-0.555523964001473
12284,-0.139513,-1.99513,-1.44718254398143e-07,-2.05698321715174e-06,-0.912416143752267,0.555523964238395
12384,-0.104672,-1.99726,-1.02433854460014e-07,-2.04893222385947e-06,-0.910462498170238,-0.333308963148834
12384,-0.069799,-1.99878,-1.0188934102056e-07,-2.03812170506592e-06,-0.915346582367131,0.777752504016471
12484,-0.0349048,-1.9997,-6.04028059170904e-08,-2.02594971565527e-06,-0.909485669429557,-0.111102085121833
12584,-4.35203e-16,-2,-1.95869491704862e-08,-2.0136397702047e-06,-0.919253778304537,-0.999999999870803
12584,0.0349048,-1.9997,-1.96809871785705e-08,-1.99751222374531e-06,-0.909485669430058,0.111102085378513
12684,0.069799,-1.99878,1.99157856035102e-08,-1.98131416389612e-06,-0.915346582363139,-0.777752503762792
12684,0.104672,-1.99726,1.93967440865317e-08,-1.96388263873818e-06,-0.9104624981717,0.333308963393593
12784,0.139513,-1.99513,5.75232476922852e-08,-1.94399168885903e-06,-0.912416143749591,-0.555523964001403
12784,0.174311,-1.99239,5.65224377922863e-08,-1.92534161515988e-06,-0.912416143752134,0.555523964232273
12884,0.209057,-1.98904,9.29483259169994e-08,-1.90196689972558e-06,-0.91046249817019,-0.333308963161724
12884,0.243739,-1.98509,9.14153293683219e-08,-1.88218271293129e-06,-0.915346582366752,0.777752503996427
12984,0.278346,-1.98054,1.2593262700377e-07,-1.85554450053198e-06,-0.909485669429543,-0.111102085145531
13084,0.312869,-1.97538,1.59370480455152e-07,-1.82907829375801e-06,-0.919253778305079,-0.999999999897294
13084,0.347296,-1.96962,1.56247009635131e-07,-1.80503462136494e-06,-0.909485669429971,0.111102085349981
13184,0.381618,-1.96325,1.87508196121706e-07,-1.77562692540784e-06,-0.915346582363621,-0.777752503792476
13184,0.415823,-1.9563,1.83689986887198e-07,-1.75075083287038e-06,-0.910462498171561,0.33330896336634
13284,0.449902,-1.94874,2.12623820577083e-07,-1.7186406388406e-06,-0.912416143749886,-0.555523964026324
13284,0.483844,-1.94059,2.08087445430486e-07,-1.69301360341723e-06,-0.912416143751904,0.555523964209538
13384,0.517638,-1.93185,2.34566048269978e-07,-1.65844990648733e-06,-0.910462498170363,-0.333308963182687
13384,0.551275,-1.92252,2.29294429964006e-07,-1.63215455319845e-06,-0.915346582366464,0.777752503976962
13484,0.584743,-1.91261,2.53214273636264e-07,-1.59539800659971e-06,-0.909485669429569,-0.111102085165906
13584,0.618034,-1.90211,2.75870094594519e-07,-1.55920327033976e-06,-0.919253778305519,-0.999999999919186
13584,0.651136,-1.89104,2.68478558106108e-07,-1.52984410960393e-06,-0.909485669429928,0.111102085328226
13684,0.68404,-1.87939,2.88462904507611e-07,-1.49184037746838e-06,-0.915346582363942,-0.777752503814258
13684,0.716736,-1.86716,2.80300687437097e-07,-1.4621646271513e-06,-0.910462498171394,0.333308963343945
13784,0.749213,-1.85437,2.97570278727914e-07,-1.42264335133971e-06,-0.912416143750121,-0.555523964050058
13784,0.781462,-1.84101,2.88656843742542e-07,-1.39275079212774e-06,-0.91241614375158,0.555523964183364
13884,0.813473,-1.82709,3.03197583369188e-07,-1.35200992159615e-06,-0.91046249817049,-0.333308963212306
13884,0.845237,-1.81262,2.93560884391334e-07,-1.32199988192402e-06,-0.915346582365913,0.777752503943214
13984,0.876742,-1.79759,3.05389429794825e-07,-1.28033578100441e-06,-0.909485669429626,-0.1111020852007
14084,0.907981,-1.78201,3.15981815420769e-07,-1.23964726417303e-06,-0.919253778306215,-0.999999999954254
14084,0.938943,-1.7659,3.04226865016803e-07,-1.20800888032128e-06,-0.909485669429858,0.111102085292581
14184,0.969619,-1.74924,3.12182597656272e-07,-1.16679117889543e-06,-0.915346582364524,-0.777752503850263
14184,1,-1.73205,2.99825946425712e-07,-1.13541215085528e-06,-0.910462498171194,0.333308963308465
14284,1.03008,-1.71433,3.05230430428308e-07,-1.09395340555391e-06,-0.91241614375052,-0.55552396408445
14284,1.05984,-1.6961,2.92339656734394e-07,-1.06293121674548e-06,-0.912416143751235,0.55552396415093
14384,1.08928,-1.67734,2.95305249944833e-07,-1.02152413481215e-06,-0.910462498170724,-0.333308963242461
14384,1.11839,-1.65808,2.81960059650722e-07,-9.90960427328462e-07,-0.915346582365498,0.777752503915531
14484,1.14715,-1.6383,2.82626356521776e-07,-9.49902763400078e-07,-0.909485669429676,-0.111102085228531
14584,1.17557,-1.61803,2.82302319696848e-07,-9.10179166688913e-07,-0.919253778306762,-0.999999999982903
14584,1.20363,-1.59727,2.6745332486822e-07,-8.79490103297712e-07,-0.909485669429825,0.1111020852655
14684,1.23132,-1.57602,2.65073287117497e-07,-8.40506548563309e-07,-0.91534658236492,-0.777752503876537
14684,1.25864,-1.55429,2.50083182574361e-07,-8.10670745078977e-07,-0.910462498170955,0.333308963280004
14784,1.28558,-1.53209,2.4585613899666e-07,-7.72693009879468e-07,-0.912416143750819,-0.555523964114867
14784,1.31212,-1.50942,2.30845679851748e-07,-7.4379231849853e-07,-0.912416143750872,0.555523964118932
14884,1.33826,-1.48629,2.25004103680399e-07,-7.07049747069306e-07,-0.910462498170903,-0.333308963276861
14884,1.364,-1.46271,2.10096552749553e-07,-6.79150471755256e-07,-0.915346582364901,0.777752503878194
14984,1.38932,-1.43868,2.02890420767237e-07,-6.43832222013968e-07,-0.909485669429939,-0.111102085257194
14984,1.41421,-1.41421,1.88210733977699e-07,-6.16985913337937e-07,-0.919253778307102,0.999999999999985
5850,1.43868,-1.38932,1.79902823760953e-07,-5.83244426118218e-07,0.909485669429985,-0.111102085260202
5849,1.46271,-1.364,1.71192489901499e-07,-5.51048602883705e-07,0.915346582364833,0.777752503871339
5849,1.48629,-1.33826,1.56440733276715e-07,-5.25446426108617e-07,0.910462498171102,-0.333308963290407
5848,1.50942,-1.31212,1.47035520559901e-07,-4.94947307910941e-07,0.91241614375073,0.555523964099018
5848,1.53209,-1.28558,1.32912725862388e-07,-4.70559626486211e-07,0.912416143751186,-0.555523964140576
5847,1.55429,-1.25864,1.23093643215444e-07,-4.41834656374933e-07,0.91046249817085,0.333308963247604
5847,1.57602,-1.23132,1.09733075164419e-07,-4.18668368780351e-07,0.91534658236556,-0.777752503916265
5846,1.59727,-1.20363,9.9781944278449e-08,-3.91767368247374e-07,0.909485669429786,0.111102085221649
5845,1.61803,-1.17557,8.98880917863521e-08,-3.66281485472654e-07,0.919253778306525,0.999999999969829
5845,1.6383,-1.14715,7.7513130692509e-08,-3.44765527828004e-07,0.909485669429914,-0.11110208528211
5844,1.65808,-1.11839,6.78980282729685e-08,-3.21080174011497e-07,0.915346582364627,0.777752503855747
5844,1.67734,-1.08928,5.66933154001198e-08,-3.00811996765389e-07,0.910462498171258,-0.333308963307527
5843,1.6961,-1.05984,4.76267252425433e-08,-2.78907240005622e-07,0.912416143750537,0.555523964080912
5843,1.71433,-1.03008,3.77167208670425e-08,-2.59851157067246e-07,0.912416143751378,-0.555523964158821
5842,1.73205,-1,2.94566522879304e-08,-2.39677992300928e-07,0.910462498170701,0.333308963230334
5842,1.74924,-0.969619,2.09596570131229e-08,-2.21788088823302e-07,0.915346582365767,-0.777752503931841
5841,1.7659,-0.938943,1.37482097260113e-08,-2.03267838342693e-07,0.909485669429766,0.111102085205045
5840,1.78201,-0.907981,7.12813888898879e-09,-1.85793382525764e-07,0.919253778306158,0.99999999995149
5840,1.79759,-0.876742,8.33557190503263e-10,-1.69510657068836e-07,0.909485669429983,-0.111102085301555
5839,1.81262,-0.845237,-4.41284795265322e-09,-1.53467181745454e-07,0.915346582364319,0.777752503835052
5839,1.82709,-0.813473,-8.98927582304906e-09,-1.38196070073283e-07,0.910462498171384,-0.333308963330046
5838,1.84101,-0.781462,-1.26754371529142e-08,-1.23423250027362e-07,0.912416143750258,0.555523964056995
5838,1.85437,-0.749213,-1.54609560787793e-08,-1.0906922756434e-07,0.91241614375167,-0.555523964183538
5837,1.86716,-0.716736,-1.74289738894015e-08,-9.53776304167768e-08,0.91046249817059,0.333308963203332
5837,1.87939,-0.68404,-1.83627531290477e-08,-8.18370325041837e-08,0.915346582366259,-0.777752503962114
5836,1.89104,-0.651136,-1.84842498338287e-08,-6.90156311854879e-08,0.909485669429712,0.11110208517308
5835,1.90211,-0.618034,-1.76509601271279e-08,-5.65930736449675e-08,0.919253778305505,0.999999999918216
5835,1.91261,-0.584743,-1.56922111474091e-08,-4.4000803013225e-08,0.909485669430072,-0.111102085335106
5834,1.92252,-0.551275,-1.28687655325699e-08,-3.20622622012759e-08,0.915346582363824,0.777752503801191
5834,1.93185,-0.517638,-8.94263532683472e-09,-1.9980312238985e-08,0.910462498171638,-0.333308963364257
5833,1.94059,-0.483844,-4.07368205541855e-09,-8.2847535650252e-09,0.912416143749874,0.555523964021932
5833,1.94874,-0.449902,1.83765584345888e-09,3.41011927140165e-09,0.91241614375206,-0.555523964220175
5832,1.9563,-0.415823,8.77964103431536e-09,1.51079607900136e-08,0.910462498170272,0.333308963168192
5832,1.96325,-0.381618,1.66863275277999e-08,2.65393896091526e-08,0.915346582366721,-0.777752503993719
5831,1.96962,-0.347296,2.57013116944751e-08,3.84844603952195e-08,0.909485669429573,0.111102085145735
5830,1.97538,-0.312869,3.57646917205539e-08,5.07795349525899e-08,0.919253778305019,0.999999999895301
5830,1.98054,-0.278346,4.66655581597689e-08,6.22095460425614e-08,0.909485669430095,-0.11110208535852
5829,1.98509,-0.243739,5.87554388777111e-08,7.51530547713512e-08,0.915346582363408,0.777752503777643
5829,1.98904,-0.209057,7.16100807173479e-08,8.66430599652701e-08,0.910462498171767,-0.333308963386425
5828,1.99239,-0.174311,8.56565805108458e-08,1.00471445153288e-07,0.91241614374965,0.555523964001481
5828,1.99513,-0.139513,1.00437375408226e-07,1.12139466075124e-07,0.912416143752221,-0.555523964238393
5827,1.99726,-0.104672,1.1634502438134e-07,1.27083257177324e-07,0.910462498170182,0.333308963148836
5827,1.99878,-0.069799,1.33017929340077e-07,1.39045826209349e-07,0.915346582367075,-0.777752504016468
5826,1.9997,-0.0349048,1.50668177259957e-07,1.55327105713012e-07,0.909485669429527,0.111102085121839
