origElemNum,globCoord-x,globCoord-y,acouPotentialD1-,locCoord-xi,locCoord-eta
5825,2,-2.20442e-18,0.00265263042225008,0.919253778304535,0.999999999870795
5825,1.9997,0.0349048,0.00315990519309463,0.909485669430051,-0.11110208537854
5824,1.99878,0.069799,0.00366681641691131,0.915346582363134,0.7777525037628
5824,1.99726,0.104672,0.00417075768441554,0.910462498171695,-0.333308963393583
5823,1.99513,0.139513,0.0046735992330041,0.912416143749585,0.555523964001403
5823,1.99239,0.174311,0.00517406903572348,0.912416143752112,-0.555523964232293
5822,1.98904,0.209057,0.00567187395756295,0.910462498170195,0.33330896316169
5822,1.98509,0.243739,0.00616873848013003,0.915346582366752,-0.777752503996411
5821,1.98054,0.278346,0.00666056333820198,0.909485669429537,0.111102085145532
5820,1.97538,0.312869,0.00715370572218742,0.91925377830504,0.999999999897275
5820,1.96962,0.347296,0.00763863911959525,0.909485669429959,-0.111102085350008
5819,1.96325,0.381618,0.00812513977189057,0.915346582363608,0.777752503792493
5819,1.9563,0.415823,0.00860508637497814,0.910462498171543,-0.333308963366333
5818,1.94874,0.449902,0.00908402427918465,0.912416143749872,0.555523964026318
5818,1.94059,0.483844,0.00955885737430056,0.912416143751876,-0.555523964209557
5817,1.93185,0.517638,0.0100293033407097,0.910462498170338,0.333308963182653
5817,1.92252,0.551275,0.0104988974107229,0.915346582366455,-0.777752503976955
5816,1.91261,0.584743,0.0109599580698078,0.909485669429567,0.111102085165898
5815,1.90211,0.618034,0.0114242131176993,0.919253778305533,0.999999999919169
5815,1.89104,0.651136,0.0118750476904476,0.909485669429933,-0.111102085328256
5814,1.87939,0.68404,0.0123293255887361,0.915346582363941,0.777752503814277
5814,1.86716,0.716736,0.0127736846087793,0.910462498171402,-0.333308963343933
5813,1.85437,0.749213,0.0132171765368345,0.912416143750119,0.555523964050056
5813,1.84101,0.781462,0.0136549933095158,0.912416143751575,-0.555523964183394
5812,1.82709,0.813473,0.0140868790165229,0.910462498170486,0.333308963212263
5812,1.81262,0.845237,0.0145180463660378,0.915346582365915,-0.777752503943209
5811,1.79759,0.876742,0.0149374630572017,0.909485669429635,0.111102085200681
5810,1.78201,0.907981,0.0153618269414153,0.919253778306195,0.999999999954235
5810,1.7659,0.938943,0.0157679052252765,0.909485669429844,-0.111102085292603
5809,1.74924,0.969619,0.0161791283221136,0.915346582364538,0.777752503850291
5809,1.73205,1,0.0165772526565805,0.910462498171199,-0.333308963308445
5808,1.71433,1.03008,0.0169745820229211,0.912416143750526,0.555523964084446
5808,1.6961,1.05984,0.0173647282613816,0.912416143751246,-0.555523964150953
5807,1.67734,1.08928,0.0177475434711211,0.910462498170725,0.333308963242434
5807,1.65808,1.11839,0.0181297350497271,0.915346582365508,-0.777752503915519
5806,1.6383,1.14715,0.0184975049278953,0.909485669429676,0.11110208522853
5805,1.61803,1.17557,0.0188717720885691,0.919253778306765,0.999999999982884
5805,1.59727,1.20363,0.019223994283719,0.909485669429817,-0.111102085265541
5804,1.57602,1.23132,0.0195829204618123,0.9153465823649,0.777752503876539
5804,1.55429,1.25864,0.0199265095679755,0.910462498170939,-0.333308963279996
5803,1.53209,1.28558,0.020269575208924,0.912416143750815,0.555523964114853
5803,1.50942,1.31212,0.0206045264317709,0.91241614375085,-0.555523964118972
5802,1.48629,1.33826,0.0209312517690161,0.910462498170897,0.333308963276791
5802,1.46271,1.364,0.021257568963033,0.915346582364929,-0.77775250387822
5801,1.43868,1.38932,0.0215675569179492,0.909485669429954,0.111102085257182
5801,1.41421,1.41421,0.0218852639281422,0.919253778307104,-0.999999999999994
850,1.38932,1.43868,0.022178194763869,0.909485669429991,-0.111102085260227
849,1.364,1.46271,0.0224790055495373,0.915346582364834,0.777752503871359
849,1.33826,1.48629,0.0227629091990961,0.910462498171096,-0.333308963290402
848,1.31212,1.50942,0.0230465296290043,0.912416143750729,0.555523964099008
848,1.28558,1.53209,0.0233214427447828,0.912416143751184,-0.555523964140596
847,1.25864,1.55429,0.0235876159040117,0.910462498170846,0.333308963247574
847,1.23132,1.57602,0.0238535735742099,0.915346582365554,-0.777752503916259
846,1.20363,1.59727,0.0241021349036683,0.90948566942978,0.111102085221654
845,1.17557,1.61803,0.0243592053309616,0.919253778306528,0.999999999969813
845,1.14715,1.6383,0.024590120470013,0.909485669429915,-0.111102085282135
844,1.11839,1.65808,0.0248296805979554,0.915346582364625,0.777752503855763
844,1.08928,1.67734,0.0250517506618035,0.910462498171253,-0.333308963307521
843,1.05984,1.6961,0.025273860638492,0.912416143750542,0.555523964080906
843,1.03008,1.71433,0.0254872407036918,0.912416143751377,-0.555523964158847
842,1,1.73205,0.0256919396551655,0.910462498170698,0.333308963230309
842,0.969619,1.74924,0.0258966998197753,0.915346582365766,-0.777752503931825
841,0.938943,1.7659,0.0260839341908801,0.909485669429764,0.111102085205048
840,0.907981,1.78201,0.0262800451399396,0.919253778306164,0.99999999995148
840,0.876742,1.79759,0.0264496601104204,0.909485669429979,-0.11110208530158
839,0.845237,1.81262,0.0266281221942142,0.91534658236432,0.777752503835068
839,0.813473,1.82709,0.0267887780180641,0.91046249817139,-0.33330896333004
838,0.781462,1.84101,0.0269493392749091,0.912416143750255,0.555523964056983
838,0.749213,1.85437,0.027100856005678,0.912416143751674,-0.555523964183563
837,0.716736,1.86716,0.027243233454541,0.910462498170584,0.333308963203304
837,0.68404,1.87939,0.0273853939562247,0.915346582366261,-0.777752503962098
836,0.651136,1.89104,0.0275092542431924,0.909485669429719,0.111102085173086
835,0.618034,1.90211,0.0276417879687417,0.919253778305509,0.999999999918205
835,0.584743,1.91261,0.0277467186142853,0.909485669430073,-0.111102085335132
834,0.551275,1.92252,0.027860178059429,0.915346582363819,0.777752503801204
834,0.517638,1.93185,0.0279547956849455,0.910462498171637,-0.333308963364254
833,0.483844,1.94059,0.0280486484272433,0.912416143749877,0.55552396402192
833,0.449902,1.94874,0.0281325238413585,0.91241614375206,-0.555523964220202
832,0.415823,1.9563,0.0282061810105166,0.910462498170279,0.333308963168166
832,0.381618,1.96325,0.0282788655064499,0.915346582366717,-0.777752503993703
831,0.347296,1.96962,0.0283317184344259,0.909485669429573,0.111102085145737
830,0.312869,1.97538,0.0283927617968798,0.919253778305012,0.99999999989529
830,0.278346,1.98054,0.028424210257756,0.909485669430091,-0.111102085358547
829,0.243739,1.98509,0.028463674758985,0.915346582363415,0.77775250377766
829,0.209057,1.98904,0.0284826415459863,0.910462498171767,-0.333308963386422
828,0.174311,1.99239,0.0284999569097025,0.912416143749651,0.55552396400147
828,0.139513,1.99513,0.0285060385610725,0.912416143752224,-0.555523964238419
827,0.104672,1.99726,0.0285006581543685,0.910462498170184,0.33330896314881
827,0.069799,1.99878,0.0284934664392631,0.915346582367074,-0.777752504016452
826,0.0349048,1.9997,0.0284648678573516,0.909485669429527,0.111102085121841
825,1.27747e-16,2,0.0284440307010596,0.919253778304535,0.999999999870799
825,-0.0349048,1.9997,0.0283917247465267,0.909485669430051,-0.111102085378537
824,-0.069799,1.99878,0.0283470425963432,0.915346582363134,0.777752503762801
824,-0.104672,1.99726,0.0282804438731634,0.910462498171695,-0.333308963393583
823,-0.139513,1.99513,0.0282115068854671,0.912416143749585,0.555523964001401
823,-0.174311,1.99239,0.0281303480785089,0.912416143752112,-0.555523964232297
822,-0.209057,1.98904,0.028036829962152,0.910462498170195,0.333308963161685
822,-0.243739,1.98509,0.0279408947812486,0.915346582366744,-0.777752503996403
821,-0.278346,1.98054,0.0278225719199316,0.909485669429538,0.111102085145537
820,-0.312869,1.97538,0.027711699062141,0.919253778305041,0.999999999897278
820,-0.347296,1.96962,0.0275684623438321,0.90948566942996,-0.111102085350006
819,-0.381618,1.96325,0.0274326237773023,0.915346582363608,0.777752503792493
819,-0.415823,1.9563,0.0272743995464799,0.910462498171543,-0.333308963366333
818,-0.449902,1.94874,0.0271136277753207,0.912416143749872,0.555523964026316
818,-0.483844,1.94059,0.026940437379254,0.912416143751875,-0.555523964209561
817,-0.517638,1.93185,0.0267548673777269,0.910462498170336,0.333308963182646
817,-0.551275,1.92252,0.0265667690036964,0.915346582366457,-0.777752503976948
816,-0.584743,1.91261,0.0263566327773035,0.909485669429562,0.111102085165907
815,-0.618034,1.90211,0.0261537189564949,0.919253778305526,0.999999999919175
815,-0.651136,1.89104,0.025919338900201,0.909485669429935,-0.111102085328253
814,-0.68404,1.87939,0.0256921742476013,0.915346582363941,0.777752503814277
814,-0.716736,1.86716,0.0254435088902389,0.910462498171402,-0.333308963343933
813,-0.749213,1.85437,0.0251925124279947,0.912416143750117,0.555523964050053
813,-0.781462,1.84101,0.0249297636636694,0.912416143751584,-0.555523964183396
812,-0.813473,1.82709,0.0246554266796005,0.910462498170484,0.33330896321226
812,-0.845237,1.81262,0.0243788053754254,0.91534658236591,-0.7777525039432
811,-0.876742,1.79759,0.0240816873782228,0.909485669429639,0.111102085200672
810,-0.907981,1.78201,0.0237914152170887,0.919253778306197,0.999999999954239
810,-0.938943,1.7659,0.0234721412614832,0.909485669429848,-0.111102085292613
809,-0.969619,1.74924,0.0231596929278505,0.915346582364533,0.777752503850298
809,-1,1.73205,0.0228276917070595,0.910462498171205,-0.333308963308436
808,-1.03008,1.71433,0.0224937412197753,0.912416143750522,0.55552396408444
808,-1.05984,1.6961,0.0221492795001589,0.912416143751243,-0.555523964150944
807,-1.08928,1.67734,0.0217945391667239,0.910462498170733,0.33330896324243
807,-1.11839,1.65808,0.0214378733970447,0.915346582365511,-0.777752503915504
806,-1.14715,1.6383,0.0210630880909459,0.909485669429678,0.11110208522852
805,-1.17557,1.61803,0.0206944627222792,0.91925377830677,0.999999999982889
805,-1.20363,1.59727,0.0203004079139157,0.909485669429819,-0.111102085265551
804,-1.23132,1.57602,0.0199124401741012,0.915346582364893,0.777752503876544
804,-1.25864,1.55429,0.0195075289170075,0.910462498170937,-0.333308963279986
803,-1.28558,1.53209,0.0191010057828259,0.912416143750809,0.555523964114847
803,-1.31212,1.50942,0.0186854814956405,0.912416143750849,-0.555523964118962
802,-1.33826,1.48629,0.018261208780263,0.910462498170897,0.333308963276791
802,-1.364,1.46271,0.0178353019554944,0.915346582364928,-0.77775250387821
801,-1.38932,1.43868,0.0173941061716658,0.909485669429954,0.111102085257172
801,-1.41421,1.41421,0.0169580359657425,0.919253778307104,-0.999999999999994
15850,-1.43868,1.38932,0.0165007639638274,0.909485669429991,-0.111102085260237
15849,-1.46271,1.364,0.0160484934465861,0.915346582364828,0.777752503871364
15849,-1.48629,1.33826,0.0155822595357513,0.910462498171103,-0.333308963290387
15848,-1.50942,1.31212,0.0151146525907129,0.912416143750729,0.555523964099008
15848,-1.53209,1.28558,0.014639683592651,0.912416143751185,-0.555523964140586
15847,-1.55429,1.25864,0.0141576264249317,0.910462498170851,0.333308963247569
15847,-1.57602,1.23132,0.013674145921984,0.915346582365555,-0.777752503916249
15846,-1.59727,1.20363,0.0131785501905088,0.909485669429784,0.111102085221639
15845,-1.61803,1.17557,0.0126867813379831,0.919253778306531,0.999999999969823
15845,-1.6383,1.14715,0.0121785843745977,0.909485669429917,-0.111102085282151
15844,-1.65808,1.11839,0.0116740666641638,0.915346582364627,0.777752503855772
15844,-1.67734,1.08928,0.0111589176254181,0.910462498171251,-0.333308963307506
15843,-1.6961,1.05984,0.010642618853137,0.912416143750542,0.555523964080906
15843,-1.71433,1.03008,0.0101207726647455,0.912416143751375,-0.555523964158831
15842,-1.73205,1,0.00959369053148446,0.910462498170697,0.333308963230296
15842,-1.74924,0.969619,0.009065407977484,0.915346582365764,-0.777752503931822
15841,-1.7659,0.938943,0.00852856755865936,0.909485669429762,0.111102085205035
15840,-1.78201,0.907981,0.0079941153072008,0.919253778306162,0.999999999951483
15840,-1.79759,0.876742,0.00744856136061157,0.909485669429984,-0.111102085301589
15839,-1.81262,0.845237,0.006905243608291,0.915346582364318,0.777752503835071
15839,-1.82709,0.813473,0.00635499610075817,0.910462498171391,-0.333308963330024
15838,-1.84101,0.781462,0.00580386863897244,0.912416143750253,0.555523964056986
15838,-1.85437,0.749213,0.00524920478750685,0.912416143751674,-0.555523964183544
15837,-1.86716,0.716736,0.00469133235637984,0.910462498170589,0.333308963203294
15837,-1.87939,0.68404,0.00413252614240172,0.915346582366259,-0.777752503962095
15836,-1.89104,0.651136,0.00356897752385125,0.909485669429715,0.111102085173074
15835,-1.90211,0.618034,0.00300629759996333,0.919253778305508,0.999999999918209
15835,-1.91261,0.584743,0.00243814404006653,0.909485669430068,-0.111102085335144
15834,-1.92252,0.551275,0.00187069406382408,0.915346582363818,0.777752503801208
15834,-1.93185,0.517638,0.00130017510806006,0.910462498171639,-0.333308963364235
15833,-1.94059,0.483844,0.000729035796348931,0.912416143749876,0.555523964021923
15833,-1.94874,0.449902,0.000156430819485961,0.912416143752063,-0.555523964220183
15832,-1.9563,0.415823,-0.00041729852053838,0.910462498170272,0.333308963168156
15832,-1.96325,0.381618,-0.000991701512448782,0.915346582366716,-0.7777525039937
15831,-1.96962,0.347296,-0.00156690410883722,0.909485669429575,0.111102085145728
15830,-1.97538,0.312869,-0.00214281054058227,0.91925377830502,0.999999999895294
15830,-1.98054,0.278346,-0.00271835686407544,0.909485669430092,-0.111102085358556
15829,-1.98509,0.243739,-0.00329476407030352,0.915346582363415,0.777752503777664
15829,-1.98904,0.209057,-0.00387021801037296,0.910462498171765,-0.333308963386404
15828,-1.99239,0.174311,-0.00444598651364217,0.912416143749651,0.555523964001473
15828,-1.99513,0.139513,-0.00502104257663268,0.912416143752222,-0.5555239642384
15827,-1.99726,0.104672,-0.00559503449988532,0.910462498170184,0.3333089631488
15827,-1.99878,0.069799,-0.00616939111357632,0.915346582367074,-0.777752504016448
15826,-1.9997,0.0349048,-0.00674047547732934,0.909485669429527,0.111102085121831
15825,-2,2.46315e-16,-0.00731383537014632,0.919253778304535,0.999999999870803
15825,-1.9997,-0.0349048,-0.00788088896386346,0.909485669430051,-0.111102085378547
15824,-1.99878,-0.069799,-0.00845037949451384,0.915346582363134,0.777752503762804
15824,-1.99726,-0.104672,-0.00901486583116412,0.910462498171696,-0.333308963393566
15823,-1.99513,-0.139513,-0.00957937330111845,0.912416143749586,0.555523964001405
15823,-1.99239,-0.174311,-0.010141006312032,0.912416143752114,-0.555523964232279
15822,-1.98904,-0.209057,-0.0106994245303656,0.910462498170195,0.333308963161688
15822,-1.98509,-0.243739,-0.0112579211222733,0.915346582366744,-0.7777525039964
15821,-1.98054,-0.278346,-0.0118091553322515,0.909485669429545,0.111102085145526
15820,-1.97538,-0.312869,-0.0123642364802601,0.919253778305042,0.999999999897283
15820,-1.96962,-0.347296,-0.0129072084596801,0.909485669429957,-0.111102085350017
15819,-1.96325,-0.381618,-0.0134541930831721,0.915346582363609,0.777752503792499
15819,-1.9563,-0.415823,-0.013992253639869,0.910462498171549,-0.333308963366345
15818,-1.94874,-0.449902,-0.014530090375674,0.912416143749872,0.555523964026319
15818,-1.94059,-0.483844,-0.015062995295623,0.91241614375188,-0.555523964209544
15817,-1.93185,-0.517638,-0.0155906605442116,0.910462498170337,0.33330896318265
15817,-1.92252,-0.551275,-0.0161181757362402,0.915346582366458,-0.777752503976945
15816,-1.91261,-0.584743,-0.0166346757994961,0.909485669429567,0.111102085165898
15815,-1.90211,-0.618034,-0.0171565798603741,0.919253778305528,0.999999999919178
15815,-1.89104,-0.651136,-0.0176609462372755,0.90948566942994,-0.111102085328262
15814,-1.87939,-0.68404,-0.0181708917333204,0.915346582363942,0.77775250381428
15814,-1.86716,-0.716736,-0.0186683037469342,0.910462498171397,-0.333308963343943
15813,-1.85437,-0.749213,-0.0191653404083784,0.912416143750119,0.555523964050056
15813,-1.84101,-0.781462,-0.0196555962321425,0.912416143751582,-0.555523964183381
15812,-1.82709,-0.813473,-0.0201387857451325,0.910462498170486,0.333308963212263
15812,-1.81262,-0.845237,-0.0206216769942832,0.915346582365912,-0.777752503943197
15811,-1.79759,-0.876742,-0.0210900911307474,0.909485669429641,0.111102085200675
15810,-1.78201,-0.907981,-0.0215654055437296,0.919253778306197,0.999999999954239
15810,-1.7659,-0.938943,-0.022018129525379,0.90948566942985,-0.11110208529261
15809,-1.74924,-0.969619,-0.0224779091171082,0.915346582364535,0.777752503850301
15809,-1.73205,-1,-0.0229217804987729,0.9104624981712,-0.333308963308458
15808,-1.71433,-1.03008,-0.0233651191861723,0.912416143750526,0.555523964084446
15808,-1.6961,-1.05984,-0.0237999300080228,0.912416143751243,-0.555523964150944
15807,-1.67734,-1.08928,-0.024225940507744,0.910462498170725,0.333308963242434
15807,-1.65808,-1.11839,-0.0246514825615376,0.915346582365503,-0.7777525039155
15806,-1.6383,-1.14715,-0.025059300489964,0.90948566942967,0.111102085228524
15805,-1.61803,-1.17557,-0.0254753597043319,0.919253778306763,0.999999999982893
15805,-1.59727,-1.20363,-0.0258641501986749,0.909485669429812,-0.111102085265547
15804,-1.57602,-1.23132,-0.0262613129844818,0.915346582364898,0.777752503876549
15804,-1.55429,-1.25864,-0.0266394722667172,0.910462498170935,-0.333308963280012
15803,-1.53209,-1.28558,-0.0270169316741278,0.912416143750815,0.555523964114853
15803,-1.50942,-1.31212,-0.0273842700111875,0.912416143750855,-0.555523964118957
15802,-1.48629,-1.33826,-0.0277412453119067,0.910462498170897,0.333308963276791
15802,-1.46271,-1.364,-0.0280975672191295,0.915346582364928,-0.77775250387821
15801,-1.43868,-1.38932,-0.0284333077788433,0.909485669429954,0.111102085257172
15801,-1.41421,-1.41421,-0.0287784112953461,0.919253778307098,-0.999999999999989
10084,-1.38932,-1.43868,-0.0290921956624906,-0.909485669429983,0.111102085260242
10184,-1.364,-1.46271,-0.0294154343502249,-0.915346582364814,-0.777752503871363
10184,-1.33826,-1.48629,-0.0297170067349627,-0.910462498171062,0.333308963290425
10284,-1.31212,-1.50942,-0.0300176878724893,-0.912416143750702,-0.555523964098991
10284,-1.28558,-1.53209,-0.0303068645687643,-0.912416143751175,0.55552396414059
10384,-1.25864,-1.55429,-0.0305843318696116,-0.910462498170858,-0.333308963247603
10384,-1.23132,-1.57602,-0.0308609236676117,-0.915346582365569,0.777752503916277
10484,-1.20363,-1.59727,-0.0311145608547946,-0.909485669429755,-0.111102085221656
10584,-1.17557,-1.61803,-0.0313783728341755,-0.919253778306467,-0.999999999969833
10584,-1.14715,-1.6383,-0.0316076032318274,-0.909485669429891,0.111102085282108
10684,-1.11839,-1.65808,-0.0318470557070996,-0.915346582364624,-0.777752503855743
10684,-1.08928,-1.67734,-0.0320627237247949,-0.910462498171255,0.333308963307532
10784,-1.05984,-1.6961,-0.0322772879984124,-0.912416143750544,-0.555523964080908
10784,-1.03008,-1.71433,-0.0324792449289607,-0.912416143751393,0.555523964158839
10884,-1,-1.73205,-0.0326684519819245,-0.910462498170715,-0.333308963230315
10884,-0.969619,-1.74924,-0.0328565505156022,-0.915346582365772,0.777752503931858
10984,-0.938943,-1.7659,-0.033019992060443,-0.909485669429763,-0.111102085205032
11084,-0.907981,-1.78201,-0.0331940970354196,-0.919253778306154,-0.99999999995149
11084,-0.876742,-1.79759,-0.0333314330444943,-0.909485669429981,0.111102085301552
11184,-0.845237,-1.81262,-0.0334794636984703,-0.915346582364332,-0.777752503835052
11184,-0.813473,-1.82709,-0.0336023833252072,-0.910462498171421,0.333308963330044
11284,-0.781462,-1.84101,-0.0337240840244039,-0.912416143750289,-0.555523964056998
11284,-0.749213,-1.85437,-0.0338325488885765,-0.912416143751684,0.555523964183542
11384,-0.716736,-1.86716,-0.033927746742882,-0.910462498170579,-0.333308963203316
11384,-0.68404,-1.87939,-0.0340217429272282,-0.915346582366256,0.777752503962127
11484,-0.651136,-1.89104,-0.0340903361874084,-0.9094856694297,-0.111102085173069
11584,-0.618034,-1.90211,-0.0341698613144678,-0.919253778305473,-0.9999999999182
11584,-0.584743,-1.91261,-0.034211806046606,-0.909485669430035,0.111102085335111
11684,-0.551275,-1.92252,-0.0342647177789802,-0.915346582363772,-0.777752503801188
11684,-0.517638,-1.93185,-0.0342921675529034,-0.910462498171642,0.333308963364261
11784,-0.483844,-1.94059,-0.0343184663191217,-0.912416143749915,-0.555523964021929
11784,-0.449902,-1.94874,-0.0343314615808431,-0.912416143752077,0.555523964220183
11884,-0.415823,-1.9563,-0.0343311722699939,-0.910462498170266,-0.33330896316818
11884,-0.381618,-1.96325,-0.0343297448311809,-0.915346582366712,0.777752503993725
11984,-0.347296,-1.96962,-0.0343029097282016,-0.909485669429565,-0.111102085145729
12084,-0.312869,-1.97538,-0.0342870729223169,-0.919253778305011,-0.999999999895287
12084,-0.278346,-1.98054,-0.0342337490277257,-0.909485669430107,0.111102085358526
12184,-0.243739,-1.98509,-0.0341914100531771,-0.915346582363447,-0.777752503777644
12184,-0.209057,-1.98904,-0.0341237637966415,-0.910462498171781,0.333308963386432
12284,-0.174311,-1.99239,-0.0340549947898363,-0.912416143749663,-0.555523964001473
12284,-0.139513,-1.99513,-0.0339730477666183,-0.912416143752267,0.555523964238395
12384,-0.104672,-1.99726,-0.0338779628177311,-0.910462498170238,-0.333308963148834
12384,-0.069799,-1.99878,-0.0337817391878849,-0.915346582367131,0.777752504016471
12484,-0.0349048,-1.9997,-0.0336605068191744,-0.909485669429557,-0.111102085121833
12584,-4.35203e-16,-2,-0.0335500400270602,-0.919253778304537,-0.999999999870803
12584,0.0349048,-1.9997,-0.033402893119878,-0.909485669430058,0.111102085378513
12684,0.069799,-1.99878,-0.0332664798848353,-0.915346582363139,-0.777752503762792
12684,0.104672,-1.99726,-0.0331054805419244,-0.9104624981717,0.333308963393593
12784,0.139513,-1.99513,-0.0329434486473465,-0.912416143749591,-0.555523964001403
12784,0.174311,-1.99239,-0.032768736553314,-0.912416143752134,0.555523964232273
12884,0.209057,-1.98904,-0.0325815039816426,-0.91046249817019,-0.333308963161724
12884,0.243739,-1.98509,-0.0323932573322693,-0.915346582366752,0.777752503996427
12984,0.278346,-1.98054,-0.0321813532832263,-0.909485669429543,-0.111102085145531
13084,0.312869,-1.97538,-0.0319798064169286,-0.919253778305079,-0.999999999897294
13084,0.347296,-1.96962,-0.0317438985192605,-0.909485669429971,0.111102085349981
13184,0.381618,-1.96325,-0.0315183941546024,-0.915346582363621,-0.777752503792476
13184,0.415823,-1.9563,-0.0312702786919233,-0.910462498171561,0.33330896336634
13284,0.449902,-1.94874,-0.0310217002708688,-0.912416143749886,-0.555523964026324
13284,0.483844,-1.94059,-0.0307618987444411,-0.912416143751904,0.555523964209538
13384,0.517638,-1.93185,-0.0304912973042717,-0.910462498170363,-0.333308963182687
13384,0.551275,-1.92252,-0.0302204243143465,-0.915346582366464,0.777752503976962
13484,0.584743,-1.91261,-0.0299289874810034,-0.909485669429569,-0.111102085165906
13584,0.618034,-1.90211,-0.0296477347435713,-0.919253778305519,-0.999999999919186
13584,0.651136,-1.89104,-0.0293367237498942,-0.909485669429928,0.111102085328226
13684,0.68404,-1.87939,-0.0290360815496131,-0.915346582363942,-0.777752503814258
13684,0.716736,-1.86716,-0.0287164975354807,-0.910462498171394,0.333308963343945
13784,0.749213,-1.85437,-0.0283977149255902,-0.912416143750121,-0.555523964050058
13784,0.781462,-1.84101,-0.0280702454675877,-0.91241614375158,0.555523964183364
13884,0.813473,-1.82709,-0.027734498364198,-0.91046249817049,-0.333308963212306
13884,0.845237,-1.81262,-0.0273997820262333,-0.915346582365913,0.777752503943214
13984,0.876742,-1.79759,-0.0270481573978904,-0.909485669429626,-0.1111020852007
14084,0.907981,-1.78201,-0.0267067850392163,-0.919253778306215,-0.999999999954254
14084,0.938943,-1.7659,-0.0263402765841987,-0.909485669429858,0.111102085292581
14184,0.969619,-1.74924,-0.025984120092043,-0.915346582364524,-0.777752503850263
14184,1,-1.73205,-0.0256122583954184,-0.910462498171194,0.333308963308465
14284,1.03008,-1.71433,-0.0252421287676446,-0.91241614375052,-0.55552396408445
14284,1.05984,-1.6961,-0.0248652574225644,-0.912416143751235,0.55552396415093
14384,1.08928,-1.67734,-0.0244817911963712,-0.910462498170724,-0.333308963242461
14384,1.11839,-1.65808,-0.024100127631737,-0.915346582365498,0.777752503915531
14484,1.14715,-1.6383,-0.023703782666595,-0.909485669429676,-0.111102085228531
14584,1.17557,-1.61803,-0.0233174186592838,-0.919253778306762,-0.999999999982903
14584,1.20363,-1.59727,-0.0229085317637282,-0.909485669429825,0.1111020852655
14684,1.23132,-1.57602,-0.0225095097183053,-0.91534658236492,-0.777752503876537
14684,1.25864,-1.55429,-0.0220963483238425,-0.910462498170955,0.333308963280004
14784,1.28558,-1.53209,-0.0216849631121148,-0.912416143750819,-0.555523964114867
14784,1.31212,-1.50942,-0.0212675363430886,-0.912416143750872,0.555523964118932
14884,1.33826,-1.48629,-0.0208441345874482,-0.910462498170903,-0.333308963276861
14884,1.364,-1.46271,-0.0204224601704828,-0.915346582364901,0.777752503878194
14984,1.38932,-1.43868,-0.0199874467430438,-0.909485669429939,-0.111102085257194
14984,1.41421,-1.41421,-0.0195615395967145,-0.919253778307102,0.999999999999985
5850,1.43868,-1.38932,-0.0191153564341985,0.909485669429985,-0.111102085260202
5849,1.46271,-1.364,-0.0186781133367756,0.915346582364833,0.777752503871339
5849,1.48629,-1.33826,-0.0182283308574803,0.910462498171102,-0.333308963290407
5848,1.50942,-1.31212,-0.0177802125905954,0.91241614375073,0.555523964099018
5848,1.53209,-1.28558,-0.017326846101116,0.912416143751186,-0.555523964140576
5847,1.55429,-1.25864,-0.0168683430851432,0.91046249817085,0.333308963247604
5847,1.57602,-1.23132,-0.0164113955320476,0.91534658236556,-0.777752503916265
5846,1.59727,-1.20363,-0.0159430350605034,0.909485669429786,0.111102085221649
5845,1.61803,-1.17557,-0.015482503084245,0.919253778306525,0.999999999969829
5845,1.6383,-1.14715,-0.0150048611566945,0.909485669429914,-0.11110208528211
5844,1.65808,-1.11839,-0.0145348352612187,0.915346582364627,0.777752503855747
5844,1.67734,-1.08928,-0.0140544565639803,0.910462498171258,-0.333308963307527
5843,1.6961,-1.05984,-0.0135755709560405,0.912416143750537,0.555523964080912
5843,1.71433,-1.03008,-0.0130924983726222,0.912416143751378,-0.555523964158821
5842,1.73205,-1,-0.0126053983046656,0.910462498170701,0.333308963230334
5842,1.74924,-0.969619,-0.0121196390926127,0.915346582365767,-0.777752503931841
5841,1.7659,-0.938943,-0.0116249728596628,0.909485669429766,0.111102085205045
5840,1.78201,-0.907981,-0.0111365255246926,0.919253778306158,0.99999999995149
5840,1.79759,-0.876742,-0.0106350224928459,0.909485669429983,-0.111102085301555
5839,1.81262,-0.845237,-0.0101395186187912,0.915346582364319,0.777752503835052
5839,1.82709,-0.813473,-0.00963647241248669,0.910462498171384,-0.333308963330046
5838,1.84101,-0.781462,-0.00913481293442349,0.912416143750258,0.555523964056995
5838,1.85437,-0.749213,-0.00863040436842111,0.91241614375167,-0.555523964183538
5837,1.86716,-0.716736,-0.00812350770392,0.91046249817059,0.333308963203332
5837,1.87939,-0.68404,-0.0076178625727031,0.915346582366259,-0.777752503962114
5836,1.89104,-0.651136,-0.00710656949575846,0.909485669429712,0.11110208517308
5835,1.90211,-0.618034,-0.006599742437549,0.919253778305505,0.999999999918216
5835,1.91261,-0.584743,-0.0060848513890697,0.909485669430072,-0.111102085335106
5834,1.92252,-0.551275,-0.00557416331714517,0.915346582363824,0.777752503801191
5834,1.93185,-0.517638,-0.00505922515027509,0.910462498171638,-0.333308963364257
5833,1.94059,-0.483844,-0.00454553219828571,0.912416143749874,0.555523964021932
5833,1.94874,-0.449902,-0.00403065464965944,0.91241614375206,-0.555523964220175
5832,1.9563,-0.415823,-0.00351487093719603,0.910462498170272,0.333308963168192
5832,1.96325,-0.381618,-0.00300017812980951,0.915346582366721,-0.777752503993719
5831,1.96962,-0.347296,-0.00248323719715455,0.909485669429573,0.111102085145735
5830,1.97538,-0.312869,-0.00196884677302029,0.919253778305019,0.999999999895301
5830,1.98054,-0.278346,-0.00145167934730293,0.909485669430095,-0.11110208535852
5829,1.98509,-0.243739,-0.000936811307162537,0.915346582363408,0.777752503777643
5829,1.98904,-0.209057,-0.000421243332454074,0.910462498171767,-0.333308963386425
5828,1.99239,-0.174311,9.31645538960728e-05,0.91241614374965,0.555523964001481
5828,1.99513,-0.139513,0.000607011191103888,0.912416143752221,-0.555523964238393
5827,1.99726,-0.104672,0.00112000655416694,0.910462498170182,0.333308963148836
5827,1.99878,-0.069799,0.00163200181626424,0.915346582367075,-0.777752504016468
5826,1.9997,-0.0349048,0.00214262029989591,0.909485669429527,0.111102085121839
