origElemNum,globCoord-x,globCoord-y,acouIntensity-x,acouIntensity-y,locCoord-xi,locCoord-eta
5825,2,-2.20442e-18,1.2682926494616e-07,3.62603154425856e-08,0.919253778304535,0.999999999870795
5825,1.9997,0.0349048,1.52784633724638e-07,4.07182859328096e-08,0.909485669430051,-0.11110208537854
5824,1.99878,0.069799,1.80756737688268e-07,5.09449134507266e-08,0.915346582363134,0.7777525037628
5824,1.99726,0.104672,2.1114706965515e-07,5.63922224837134e-08,0.910462498171695,-0.333308963393583
5823,1.99513,0.139513,2.43225108043469e-07,6.97165731836308e-08,0.912416143749585,0.555523964001403
5823,1.99239,0.174311,2.7790195218561e-07,7.64018326322106e-08,0.912416143752112,-0.555523964232293
5822,1.98904,0.209057,3.13761999555971e-07,9.33398197247908e-08,0.910462498170195,0.33330896316169
5822,1.98509,0.243739,3.52556165068365e-07,1.01499659930458e-07,0.915346582366752,-0.777752503996411
5821,1.98054,0.278346,3.9182252312969e-07,1.22533924301124e-07,0.909485669429537,0.111102085145532
5820,1.97538,0.312869,4.32366406141886e-07,1.46153093617578e-07,0.91925377830504,0.999999999897275
5820,1.96962,0.347296,4.76794181223747e-07,1.57966899970158e-07,0.909485669429959,-0.111102085350008
5819,1.96325,0.381618,5.20052212338505e-07,1.8635827130162e-07,0.915346582363608,0.777752503792493
5819,1.9563,0.415823,5.67998111009881e-07,2.00248438690024e-07,0.910462498171543,-0.333308963366333
5818,1.94874,0.449902,6.13473945927535e-07,2.33784650537214e-07,0.912416143749872,0.555523964026318
5818,1.94059,0.483844,6.64690537125005e-07,2.49921939710339e-07,0.912416143751876,-0.555523964209557
5817,1.93185,0.517638,7.11845379714824e-07,2.88923629604449e-07,0.910462498170338,0.333308963182653
5817,1.92252,0.551275,7.66068872219256e-07,3.07458176509633e-07,0.915346582366455,-0.777752503976955
5816,1.91261,0.584743,8.14329768956284e-07,3.52192698906287e-07,0.909485669429567,0.111102085165898
5815,1.90211,0.618034,8.62492047932093e-07,4.00316819758954e-07,0.919253778305533,0.999999999919169
5815,1.89104,0.651136,9.20056597112898e-07,4.23939717649651e-07,0.909485669429933,-0.111102085328256
5814,1.87939,0.68404,9.68382165945878e-07,4.78115208615331e-07,0.915346582363941,0.777752503814277
5814,1.86716,0.716736,1.02813677290815e-06,5.04448925795088e-07,0.910462498171402,-0.333308963343933
5813,1.85437,0.749213,1.0760069612612e-06,5.64823416410557e-07,0.912416143750119,0.555523964050056
5813,1.84101,0.781462,1.13766761263493e-06,5.93940856817616e-07,0.912416143751575,-0.555523964183394
5812,1.82709,0.813473,1.18445166124542e-06,6.60612509637301e-07,0.910462498170486,0.333308963212263
5812,1.81262,0.845237,1.24773152965476e-06,6.92566768111005e-07,0.915346582365915,-0.777752503943209
5811,1.79759,0.876742,1.29278805877188e-06,7.65580206930179e-07,0.909485669429635,0.111102085200681
5810,1.78201,0.907981,1.33609067735749e-06,8.42222090492854e-07,0.919253778306195,0.999999999954235
5810,1.7659,0.938943,1.4000793010439e-06,8.79748987719534e-07,0.909485669429844,-0.111102085292603
5809,1.74924,0.969619,1.44063121804711e-06,9.62686130330527e-07,0.915346582364538,0.777752503850291
5809,1.73205,1,1.505385441874e-06,1.00306533010698e-06,0.910462498171199,-0.333308963308445
5808,1.71433,1.03008,1.54253698884526e-06,1.09219678161601e-06,0.912416143750526,0.555523964084446
5808,1.6961,1.05984,1.60776495516979e-06,1.13539558842668e-06,0.912416143751246,-0.555523964150953
5807,1.67734,1.08928,1.64086580901315e-06,1.23055574758632e-06,0.910462498170725,0.333308963242434
5807,1.65808,1.11839,1.70627097147188e-06,1.27651488405846e-06,0.915346582365508,-0.777752503915519
5806,1.6383,1.14715,1.73466975580502e-06,1.37746201463248e-06,0.909485669429676,0.11110208522853
5805,1.61803,1.17557,1.75962903031259e-06,1.48158521884037e-06,0.919253778306765,0.999999999982884
5805,1.59727,1.20363,1.82299816607618e-06,1.53249918635207e-06,0.909485669429817,-0.111102085265541
5804,1.57602,1.23132,1.84226960364034e-06,1.64185416610419e-06,0.9153465823649,0.777752503876539
5804,1.55429,1.25864,1.90491261343495e-06,1.69513791954528e-06,0.910462498170939,-0.333308963279996
5803,1.53209,1.28558,1.91788739669621e-06,1.80927869797456e-06,0.912416143750815,0.555523964114853
5803,1.50942,1.31212,1.97950628416716e-06,1.86475103059289e-06,0.91241614375085,-0.555523964118972
5802,1.48629,1.33826,1.9856078056207e-06,1.98317154145524e-06,0.910462498170897,0.333308963276791
5802,1.46271,1.364,2.04591760218726e-06,2.04062777332503e-06,0.915346582364929,-0.77775250387822
5801,1.43868,1.38932,2.04460547601777e-06,2.16276405015025e-06,0.909485669429954,0.111102085257182
5801,1.41421,1.41421,2.10333321740055e-06,2.2219743164222e-06,0.919253778307104,-0.999999999999994
850,1.38932,1.43868,2.09410493928992e-06,2.34719733617247e-06,0.909485669429991,-0.111102085260227
849,1.364,1.46271,2.07983939098491e-06,2.47396130343388e-06,0.915346582364834,0.777752503871359
849,1.33826,1.48629,2.13338449566478e-06,2.53551405267319e-06,0.910462498171096,-0.333308963290402
848,1.31212,1.50942,2.11055034053314e-06,2.6642508120483e-06,0.912416143750729,0.555523964099008
848,1.28558,1.53209,2.16178757651806e-06,2.72666352819691e-06,0.912416143751184,-0.555523964140596
847,1.25864,1.55429,2.13001970996673e-06,2.85658365083882e-06,0.910462498170846,0.333308963247574
847,1.23132,1.57602,2.17873818283878e-06,2.91951880799277e-06,0.915346582365554,-0.777752503916259
846,1.20363,1.59727,2.13773798274644e-06,3.04978863786833e-06,0.90948566942978,0.111102085221654
845,1.17557,1.61803,2.09118350405272e-06,3.18014789758975e-06,0.919253778306528,0.999999999969813
845,1.14715,1.6383,2.13329229499876e-06,3.24263601588205e-06,0.909485669429915,-0.111102085282135
844,1.11839,1.65808,2.07723432880001e-06,3.37198175858761e-06,0.915346582364625,0.777752503855763
844,1.08928,1.67734,2.11636787204871e-06,3.4338273172385e-06,0.910462498171253,-0.333308963307521
843,1.05984,1.6961,2.05070819048749e-06,3.56120515694284e-06,0.912416143750542,0.555523964080906
843,1.03008,1.71433,2.08675179536866e-06,3.62198193435544e-06,0.912416143751377,-0.555523964158847
842,1,1.73205,2.01148039148312e-06,3.74638042527286e-06,0.910462498170698,0.333308963230309
842,0.969619,1.74924,2.0443447887567e-06,3.80563823270639e-06,0.915346582365766,-0.777752503931825
841,0.938943,1.7659,1.95955279051329e-06,3.92600640950485e-06,0.909485669429764,0.111102085205048
840,0.907981,1.78201,1.86949180382618e-06,4.04426946240941e-06,0.919253778306164,0.99999999995148
840,0.876742,1.79759,1.89507166220184e-06,4.0985672454311e-06,0.909485669429979,-0.11110208530158
839,0.845237,1.81262,1.79593419703907e-06,4.21122149443457e-06,0.91534658236432,0.777752503835068
839,0.813473,1.82709,1.81833678405251e-06,4.26258867567865e-06,0.91046249817139,-0.33330896333004
838,0.781462,1.84101,1.71049181856265e-06,4.36865029942187e-06,0.912416143750255,0.555523964056983
838,0.749213,1.85437,1.72980069868971e-06,4.41668415522203e-06,0.912416143751674,-0.555523964183563
837,0.716736,1.86716,1.61371780251589e-06,4.51524332513665e-06,0.910462498170584,0.333308963203304
837,0.68404,1.87939,1.63006004667681e-06,4.55958079784644e-06,0.915346582366261,-0.777752503962098
836,0.651136,1.89104,1.50630162514194e-06,4.64980946849453e-06,0.909485669429719,0.111102085173086
835,0.618034,1.90211,1.37864182682241e-06,4.73600600913619e-06,0.919253778305509,0.999999999918205
835,0.584743,1.91261,1.38905381792175e-06,4.7712795983466e-06,0.909485669430073,-0.111102085335132
834,0.551275,1.92252,1.2548039255337e-06,4.84805424859639e-06,0.915346582363819,0.777752503801204
834,0.517638,1.93185,1.26288910478283e-06,4.87870370892026e-06,0.910462498171637,-0.333308963364254
833,0.483844,1.94059,1.12280308037964e-06,4.94543807199639e-06,0.912416143749877,0.55552396402192
833,0.449902,1.94874,1.12881253637705e-06,4.97124915274923e-06,0.91241614375206,-0.555523964220202
832,0.415823,1.9563,9.83705061240246e-07,5.02740948570337e-06,0.910462498170279,0.333308963168166
832,0.381618,1.96325,9.87909126822146e-07,5.04820515319152e-06,0.915346582366717,-0.777752503993703
831,0.347296,1.96962,8.3864605660577e-07,5.09334991489857e-06,0.909485669429573,0.111102085145737
830,0.312869,1.97538,6.87549565173809e-07,5.1333492946247e-06,0.919253778305012,0.99999999989529
830,0.278346,1.98054,6.88817404453888e-07,5.14277930510298e-06,0.909485669430091,-0.111102085358547
829,0.243739,1.98509,5.3502467097671e-07,5.17129359921017e-06,0.915346582363415,0.77775250377766
829,0.209057,1.98904,5.35449416224913e-07,5.1753614126031e-06,0.910462498171767,-0.333308963386422
828,0.174311,1.99239,3.79900387403438e-07,5.192207718718e-06,0.912416143749651,0.55552396400147
828,0.139513,1.99513,3.79796714405517e-07,5.19090543900715e-06,0.912416143752224,-0.555523964238419
827,0.104672,1.99726,2.23440797993819e-07,5.19600352747475e-06,0.910462498170184,0.33330896314881
827,0.069799,1.99878,2.23123343622466e-07,5.18936202578329e-06,0.915346582367074,-0.777752504016452
826,0.0349048,1.9997,6.69085375326343e-08,5.18272934823992e-06,0.909485669429527,0.111102085121841
825,1.27747e-16,2,-8.88124843092095e-08,5.17081482806872e-06,0.919253778304535,0.999999999870799
825,-0.0349048,1.9997,-8.84472936333018e-08,5.15256052318825e-06,0.909485669430051,-0.111102085378537
824,-0.069799,1.99878,-2.42543309775892e-07,5.1291280305803e-06,0.915346582363134,0.777752503762801
824,-0.104672,1.99726,-2.41399646739464e-07,5.10578961352555e-06,0.910462498171695,-0.333308963393583
823,-0.139513,1.99513,-3.92959023589329e-07,5.07108033287525e-06,0.912416143749585,0.555523964001401
823,-0.174311,1.99239,-3.90751589943271e-07,5.0428177933522e-06,0.912416143752112,-0.555523964232297
822,-0.209057,1.98904,-5.38887422875782e-07,4.99715009519739e-06,0.910462498170195,0.333308963161685
822,-0.243739,1.98509,-5.35344550609577e-07,4.96414655728907e-06,0.915346582366744,-0.777752503996403
821,-0.278346,1.98054,-6.79201307640819e-07,4.90791011544867e-06,0.909485669429538,0.111102085145537
820,-0.312869,1.97538,-8.20396434407427e-07,4.84719332415181e-06,0.919253778305041,0.999999999897278
820,-0.347296,1.96962,-8.12825419578025e-07,4.80402215763355e-06,0.90948566942996,-0.111102085350006
819,-0.381618,1.96325,-9.48452813145121e-07,4.73349031545791e-06,0.915346582363608,0.777752503792493
819,-0.415823,1.9563,-9.38743549497865e-07,4.68623502003006e-06,0.910462498171543,-0.333308963366333
818,-0.449902,1.94874,-1.06805499033806e-06,4.60645133717587e-06,0.912416143749872,0.555523964026316
818,-0.483844,1.94059,-1.0560076862203e-06,4.55538359368155e-06,0.912416143751875,-0.555523964209561
817,-0.517638,1.93185,-1.17831124473174e-06,4.46697479197749e-06,0.910462498170336,0.333308963182646
817,-0.551275,1.92252,-1.16374944744808e-06,4.41238763812319e-06,0.915346582366457,-0.777752503976948
816,-0.584743,1.91261,-1.27841708265381e-06,4.31604123219916e-06,0.909485669429562,0.111102085165907
815,-0.618034,1.90211,-1.38874042909048e-06,4.21680493889703e-06,0.919253778305526,0.999999999919175
815,-0.651136,1.89104,-1.36766289988846e-06,4.15470985004017e-06,0.909485669429935,-0.111102085328253
814,-0.68404,1.87939,-1.46948595297622e-06,4.0487306066717e-06,0.915346582363941,0.777752503814277
814,-0.716736,1.86716,-1.4454409692968e-06,3.98411656493464e-06,0.910462498171402,-0.333308963343933
813,-0.749213,1.85437,-1.53832612564689e-06,3.87222412916758e-06,0.912416143750117,0.555523964050053
813,-0.781462,1.84101,-1.51125609498684e-06,3.80546937794305e-06,0.912416143751584,-0.555523964183396
812,-0.813473,1.82709,-1.59485438613088e-06,3.68853834764071e-06,0.910462498170484,0.33330896321226
812,-0.845237,1.81262,-1.56473652342163e-06,3.62003638220317e-06,0.91534658236591,-0.7777525039432
811,-0.876742,1.79759,-1.63879252004172e-06,3.49897568687282e-06,0.909485669429639,0.111102085200672
810,-0.907981,1.78201,-1.7076724442208e-06,3.37714265345678e-06,0.919253778306197,0.999999999954239
810,-0.938943,1.7659,-1.66999235383472e-06,3.30487389325834e-06,0.909485669429848,-0.111102085292613
809,-0.969619,1.74924,-1.7290969898377e-06,3.18036371917349e-06,0.915346582364533,0.777752503850298
809,-1,1.73205,-1.68843652800413e-06,3.10759269384642e-06,0.910462498171205,-0.333308963308436
808,-1.03008,1.71433,-1.73775531551237e-06,2.98135530697041e-06,0.912416143750522,0.55552396408444
808,-1.05984,1.6961,-1.69424000319718e-06,2.90849951437916e-06,0.912416143751243,-0.555523964150944
807,-1.08928,1.67734,-1.73385950011991e-06,2.78148214567113e-06,0.910462498170733,0.33330896324243
807,-1.11839,1.65808,-1.68765052478478e-06,2.70895338635487e-06,0.915346582365511,-0.777752503915504
806,-1.14715,1.6383,-1.71775228283471e-06,2.5820883214069e-06,0.909485669429678,0.11110208522852
805,-1.17557,1.61803,-1.74288440858682e-06,2.45663927949974e-06,0.91925377830677,0.999999999982889
805,-1.20363,1.59727,-1.68990025817105e-06,2.38448173901734e-06,0.909485669429819,-0.111102085265551
804,-1.23132,1.57602,-1.70595034805923e-06,2.2605622711184e-06,0.915346582364893,0.777752503876544
804,-1.25864,1.55429,-1.65088866015537e-06,2.18992132452667e-06,0.910462498170937,-0.333308963279986
803,-1.28558,1.53209,-1.65826375056666e-06,2.06837807974736e-06,0.912416143750809,0.555523964114847
803,-1.31212,1.50942,-1.60141479677341e-06,1.99960317401785e-06,0.912416143750849,-0.555523964118962
802,-1.33826,1.48629,-1.60060119833735e-06,1.88123220486539e-06,0.910462498170897,0.333308963276791
802,-1.364,1.46271,-1.54228037211683e-06,1.81464763380158e-06,0.915346582364928,-0.77775250387821
801,-1.38932,1.43868,-1.53383692230474e-06,1.70018594858602e-06,0.909485669429954,0.111102085257172
801,-1.41421,1.41421,-1.47438168200687e-06,1.63608801002298e-06,0.919253778307104,-0.999999999999994
15850,-1.43868,1.38932,-1.45893157559212e-06,1.52620648602935e-06,0.909485669429991,-0.111102085260237
15849,-1.46271,1.364,-1.44000151049046e-06,1.41981824753006e-06,0.915346582364828,0.777752503871364
15849,-1.48629,1.33826,-1.37692138527703e-06,1.36015853672097e-06,0.910462498171103,-0.333308963290387
15848,-1.50942,1.31212,-1.35204047332133e-06,1.25921978159245e-06,0.912416143750729,0.555523964099008
15848,-1.53209,1.28558,-1.28890704659951e-06,1.20279692780119e-06,0.912416143751185,-0.555523964140586
15847,-1.55429,1.25864,-1.2588283311333e-06,1.10778096455184e-06,0.910462498170851,0.333308963247569
15847,-1.57602,1.23132,-1.19604162361156e-06,1.05476067776196e-06,0.915346582365555,-0.777752503916249
15846,-1.59727,1.20363,-1.16155235890206e-06,9.660568578383e-07,0.909485669429784,0.111102085221639
15845,-1.61803,1.17557,-1.12500515857638e-06,8.81489655048577e-07,0.919253778306531,0.999999999969823
15845,-1.6383,1.14715,-1.06143119310655e-06,8.34479911155002e-07,0.909485669429917,-0.111102085282151
15844,-1.65808,1.11839,-1.02172049017551e-06,7.56629291621806e-07,0.915346582364627,0.777752503855772
15844,-1.67734,1.08928,-9.59702495711404e-07,7.1335720689928e-07,0.910462498171251,-0.333308963307506
15843,-1.6961,1.05984,-9.17663814519647e-07,6.42384607296533e-07,0.912416143750542,0.555523964080906
15843,-1.71433,1.03008,-8.57610544796084e-07,6.02869082210891e-07,0.912416143751375,-0.555523964158831
15842,-1.73205,1,-8.14080611634215e-07,5.38845727646403e-07,0.910462498170697,0.333308963230296
15842,-1.74924,0.969619,-7.56393186837732e-07,5.0306932214428e-07,0.915346582365764,-0.777752503931822
15841,-1.7659,0.938943,-7.12200396911239e-07,4.45977274805117e-07,0.909485669429762,0.111102085205035
15840,-1.78201,0.907981,-6.67909039132456e-07,3.93005886577317e-07,0.919253778306162,0.999999999951483
15840,-1.79759,0.876742,-6.13225184526829e-07,3.63620823535616e-07,0.909485669429984,-0.111102085301589
15839,-1.81262,0.845237,-5.69501527871545e-07,3.17351418134646e-07,0.915346582364318,0.777752503835071
15839,-1.82709,0.813473,-5.1831780329438e-07,2.91497962031243e-07,0.910462498171391,-0.333308963330024
15838,-1.84101,0.781462,-4.75930655025647e-07,2.51691010098347e-07,0.912416143750253,0.555523964056986
15838,-1.85437,0.749213,-4.28590207933914e-07,2.29214643865436e-07,0.912416143751674,-0.555523964183544
15837,-1.86716,0.716736,-3.882688267606e-07,1.95550596477563e-07,0.910462498170589,0.333308963203294
15837,-1.87939,0.68404,-3.45092341802952e-07,1.76267143628766e-07,0.915346582366259,-0.777752503962095
15836,-1.89104,0.651136,-3.0751847105746e-07,1.48351421775739e-07,0.909485669429715,0.111102085173074
15835,-1.90211,0.618034,-2.71547849964465e-07,1.23597606005938e-07,0.919253778305508,0.999999999918209
15835,-1.91261,0.584743,-2.34602367218665e-07,1.0941765841637e-07,0.909485669430068,-0.111102085335144
15834,-1.92252,0.551275,-2.02312481323616e-07,8.9635064291538e-08,0.915346582363818,0.777752503801208
15834,-1.93185,0.517638,-1.70354861478073e-07,7.79850047429859e-08,0.910462498171639,-0.333308963364235
15833,-1.94059,0.483844,-1.42275006548389e-07,6.26134194074915e-08,0.912416143749876,0.555523964021923
15833,-1.94874,0.449902,-1.15513722145573e-07,5.32104099288336e-08,0.912416143752063,-0.555523964220183
15832,-1.9563,0.415823,-9.21022905452992e-08,4.16384657026211e-08,0.910462498170272,0.333308963168156
15832,-1.96325,0.381618,-7.07131097300385e-08,3.41825327896258e-08,0.915346582366716,-0.7777525039937
15831,-1.96962,0.347296,-5.23529631262542e-08,2.57556091051186e-08,0.909485669429575,0.111102085145728
15830,-1.97538,0.312869,-3.66519445173227e-08,1.88328474975031e-08,0.91925377830502,0.999999999895294
15830,-1.98054,0.278346,-2.34724198705567e-08,1.39608319060995e-08,0.909485669430092,-0.111102085358556
15829,-1.98509,0.243739,-1.32489401327159e-08,9.07312053365049e-09,0.915346582363415,0.777752503777664
15829,-1.98904,0.209057,-5.78881042138964e-09,5.21198551717014e-09,0.910462498171765,-0.333308963386404
15828,-1.99239,0.174311,-1.21768681209377e-09,1.6316665574202e-09,0.912416143749651,0.555523964001473
15828,-1.99513,0.139513,4.89936447808722e-10,-1.55956510636734e-09,0.912416143752222,-0.5555239642384
15827,-1.99726,0.104672,-6.80624517610173e-10,-4.57301361704058e-09,0.910462498170184,0.3333089631488
15827,-1.99878,0.069799,-4.72203878878163e-09,-7.43697268789181e-09,0.915346582367074,-0.777752504016448
15826,-1.9997,0.0349048,-1.16373086608669e-08,-1.06278801913516e-08,0.909485669429527,0.111102085121831
15825,-2,2.46315e-16,-2.13877801768543e-08,-1.42703435465483e-08,0.919253778304535,0.999999999870803
15825,-1.9997,-0.0349048,-3.39645747019509e-08,-1.7612977253253e-08,0.909485669430051,-0.111102085378547
15824,-1.99878,-0.069799,-4.92900059485529e-08,-2.25981242885651e-08,0.915346582363134,0.777752503762804
15824,-1.99726,-0.104672,-6.74179400521569e-08,-2.65890194224109e-08,0.910462498171696,-0.333308963393566
15823,-1.99513,-0.139513,-8.81043605579411e-08,-3.3627480901884e-08,0.912416143749586,0.555523964001405
15823,-1.99239,-0.174311,-1.11634231843822e-07,-3.8585190663503e-08,0.912416143752114,-0.555523964232279
15822,-1.98904,-0.209057,-1.37386321377715e-07,-4.83584363475289e-08,0.910462498170195,0.333308963161688
15822,-1.98509,-0.243739,-1.66135537751478e-07,-5.45873828633594e-08,0.915346582366744,-0.7777525039964
15821,-1.98054,-0.278346,-1.96580205810317e-07,-6.77394530135011e-08,0.909485669429545,0.111102085145526
15820,-1.97538,-0.312869,-2.29128970764798e-07,-8.31374897169452e-08,0.919253778305042,0.999999999897283
15820,-1.96962,-0.347296,-2.65025168489686e-07,-9.26570585231939e-08,0.909485669429957,-0.111102085350017
15819,-1.96325,-0.381618,-3.0154774386141e-07,-1.12361333817137e-07,0.915346582363609,0.777752503792499
15819,-1.9563,-0.415823,-3.41962158096589e-07,-1.23926244291461e-07,0.910462498171549,-0.333308963366345
15818,-1.94874,-0.449902,-3.81909996794208e-07,-1.48450189894953e-07,0.912416143749872,0.555523964026319
15818,-1.94059,-0.483844,-4.26541490880655e-07,-1.62281490203978e-07,0.91241614375188,-0.555523964209544
15817,-1.93185,-0.517638,-4.69307209354441e-07,-1.92076404914701e-07,0.910462498170337,0.33330896318265
15817,-1.92252,-0.551275,-5.17831341556639e-07,-2.08368618159619e-07,0.915346582366458,-0.777752503976945
15816,-1.91261,-0.584743,-5.62755363989847e-07,-2.43817942669872e-07,0.909485669429567,0.111102085165898
15815,-1.90211,-0.618034,-6.08327745221508e-07,-2.82738999741853e-07,0.919253778305528,0.999999999919178
15815,-1.89104,-0.651136,-6.61204222221353e-07,-3.04151182002349e-07,0.90948566942994,-0.111102085328262
15814,-1.87939,-0.68404,-7.07837323724264e-07,-3.49191914036796e-07,0.915346582363942,0.77775250381428
15814,-1.86716,-0.716736,-7.63547995463019e-07,-3.73443933906317e-07,0.910462498171397,-0.333308963343943
15813,-1.85437,-0.749213,-8.10485682476817e-07,-4.24788343935598e-07,0.912416143750119,0.555523964050056
15813,-1.84101,-0.781462,-8.68636798044254e-07,-4.51950087103684e-07,0.912416143751582,-0.555523964183381
15812,-1.82709,-0.813473,-9.15099370800817e-07,-5.09698427770006e-07,0.910462498170486,0.333308963212263
15812,-1.81262,-0.845237,-9.75287864189215e-07,-5.39806021073896e-07,0.915346582365912,-0.777752503943197
15811,-1.79759,-0.876742,-1.02048081064197e-06,-6.03972547815387e-07,0.909485669429641,0.111102085200675
15810,-1.78201,-0.907981,-1.06448664128732e-06,-6.71983135303982e-07,0.919253778306197,0.999999999954239
15810,-1.7659,-0.938943,-1.12542020943538e-06,-7.07539158096281e-07,0.90948566942985,-0.11110208529261
15809,-1.74924,-0.969619,-1.16693846553214e-06,-7.81831488037831e-07,0.915346582364535,0.777752503850301
15809,-1.73205,-1,-1.22870799054597e-06,-8.20203949082811e-07,0.9104624981712,-0.333308963308458
15808,-1.71433,-1.03008,-1.2669511764822e-06,-9.00566552637838e-07,0.912416143750526,0.555523964084446
15808,-1.6961,-1.05984,-1.32914772474707e-06,-9.41650885981645e-07,0.912416143751243,-0.555523964150944
15807,-1.67734,-1.08928,-1.36334665075904e-06,-1.0277870437585e-06,0.910462498170725,0.333308963242434
15807,-1.65808,-1.11839,-1.42556871341294e-06,-1.07144517200702e-06,0.915346582365503,-0.7777525039155
15806,-1.6383,-1.14715,-1.45498087200535e-06,-1.1629755214594e-06,0.90948566942967,0.111102085228524
15805,-1.61803,-1.17557,-1.48143063358178e-06,-1.25776880376783e-06,0.919253778306763,0.999999999982893
15805,-1.59727,-1.20363,-1.54075591301174e-06,-1.30550107119201e-06,0.909485669429812,-0.111102085265547
15804,-1.57602,-1.23132,-1.56137357279719e-06,-1.40495762695171e-06,0.915346582364898,0.777752503876549
15804,-1.55429,-1.25864,-1.61963276636823e-06,-1.4546256436241e-06,0.910462498170935,-0.333308963280012
15803,-1.53209,-1.28558,-1.63378927846036e-06,-1.55816900827969e-06,0.912416143750815,0.555523964114853
15803,-1.50942,-1.31212,-1.69064267009049e-06,-1.60951145911895e-06,0.912416143750855,-0.555523964118957
15802,-1.48629,-1.33826,-1.69776696792217e-06,-1.71649884613488e-06,0.910462498170897,0.333308963276791
15802,-1.46271,-1.364,-1.75289801455055e-06,-1.7692296640298e-06,0.915346582364928,-0.77775250387821
15801,-1.43868,-1.38932,-1.75248410085397e-06,-1.87895877267468e-06,0.909485669429954,0.111102085257172
15801,-1.41421,-1.41421,-1.8056016679804e-06,-1.93276950813525e-06,0.919253778307098,-0.999999999999989
10084,-1.38932,-1.43868,-1.79721533659103e-06,-2.04448545984653e-06,-0.909485669429983,0.111102085260242
10184,-1.364,-1.46271,-1.78441601259491e-06,-2.15763689866583e-06,-0.915346582364814,-0.777752503871363
10184,-1.33826,-1.48629,-1.83134194979231e-06,-2.21195230969541e-06,-0.910462498171062,0.333308963290425
10284,-1.31212,-1.50942,-1.81009373730612e-06,-2.32584958453858e-06,-0.912416143750702,-0.555523964098991
10284,-1.28558,-1.53209,-1.85435874023349e-06,-2.38018247022181e-06,-0.912416143751175,0.55552396414059
10384,-1.25864,-1.55429,-1.82444027458534e-06,-2.49397632957877e-06,-0.910462498170858,-0.333308963247603
10384,-1.23132,-1.57602,-1.86587992492596e-06,-2.54796161528214e-06,-0.915346582365569,0.777752503916277
10484,-1.20363,-1.59727,-1.82715983887052e-06,-2.66078384113422e-06,-0.909485669429755,-0.111102085221656
10584,-1.17557,-1.61803,-1.78375548531292e-06,-2.77354930552474e-06,-0.919253778306467,-0.999999999969833
10584,-1.14715,-1.6383,-1.81808443272567e-06,-2.82502745434873e-06,-0.909485669429891,0.111102085282108
10684,-1.11839,-1.65808,-1.76589624353536e-06,-2.9354729230819e-06,-0.915346582364624,-0.777752503855743
10684,-1.08928,-1.67734,-1.79717502685039e-06,-2.98546650487111e-06,-0.910462498171255,0.333308963307532
10784,-1.05984,-1.6961,-1.73630975970974e-06,-3.09272572080138e-06,-0.912416143750544,-0.555523964080908
10784,-1.03008,-1.71433,-1.76452063371766e-06,-3.14087978226411e-06,-0.912416143751393,0.555523964158839
10884,-1,-1.73205,-1.69517455051692e-06,-3.24410666003988e-06,-0.910462498170715,-0.333308963230315
10884,-0.969619,-1.74924,-1.72033467567637e-06,-3.29007844862967e-06,-0.915346582365772,0.777752503931858
10984,-0.938943,-1.7659,-1.64279314400085e-06,-3.38845616093772e-06,-0.909485669429763,-0.111102085205032
11084,-0.907981,-1.78201,-1.56111334453945e-06,-3.48483017908309e-06,-0.919253778306154,-0.99999999995149
11084,-0.876742,-1.79759,-1.5795879140696e-06,-3.52467228245891e-06,-0.909485669429981,0.111102085301552
11184,-0.845237,-1.81262,-1.49035949202294e-06,-3.61501669344323e-06,-0.915346582364332,-0.777752503835052
11184,-0.813473,-1.82709,-1.50609237787935e-06,-3.65172248680336e-06,-0.910462498171421,0.333308963330044
11284,-0.781462,-1.84101,-1.40980580006312e-06,-3.7353400668164e-06,-0.912416143750289,-0.555523964056998
11284,-0.749213,-1.85437,-1.4229416873839e-06,-3.7686524427803e-06,-0.912416143751684,0.555523964183542
11384,-0.716736,-1.86716,-1.32015517641797e-06,-3.84490396422099e-06,-0.910462498170579,-0.333308963203316
11384,-0.68404,-1.87939,-1.33086347931182e-06,-3.87459246617911e-06,-0.915346582366256,0.777752503962127
11484,-0.651136,-1.89104,-1.222197014494e-06,-3.9429012737132e-06,-0.9094856694297,-0.111102085173069
11584,-0.618034,-1.90211,-1.1107921828641e-06,-4.00771348393734e-06,-0.919253778305473,-0.9999999999182
11584,-0.584743,-1.91261,-1.11679677665958e-06,-4.0286186350202e-06,-0.909485669430035,0.111102085335111
11684,-0.551275,-1.92252,-1.000615302948e-06,-4.08473081039167e-06,-0.915346582363772,-0.777752503801188
11684,-0.517638,-1.93185,-1.00488212240364e-06,-4.10143920966219e-06,-0.910462498171642,0.333308963364261
11784,-0.483844,-1.94059,-8.84661424850476e-07,-4.14845113348336e-06,-0.912416143749915,-0.555523964021929
11784,-0.449902,-1.94874,-8.87430206305875e-07,-4.16084126714489e-06,-0.912416143752077,0.555523964220183
11884,-0.415823,-1.9563,-7.63938101027321e-07,-4.1984202353263e-06,-0.910462498170266,-0.33330896316818
11884,-0.381618,-1.96325,-7.65457967214865e-07,-4.2063945989536e-06,-0.915346582366712,0.777752503993725
11984,-0.347296,-1.96962,-6.39484221404409e-07,-4.23427439008761e-06,-0.909485669429565,-0.111102085145729
12084,-0.312869,-1.97538,-5.12659792154414e-07,-4.25792790588414e-06,-0.919253778305011,-0.999999999895287
12084,-0.278346,-1.98054,-5.12360981536697e-07,-4.25573630793284e-06,-0.909485669430107,0.111102085358526
12184,-0.243739,-1.98509,-3.84338828480298e-07,-4.26942644025029e-06,-0.915346582363447,-0.777752503777644
12184,-0.209057,-1.98904,-3.83645254106468e-07,-4.26261365720933e-06,-0.910462498171781,0.333308963386432
12284,-0.174311,-1.99239,-2.55244176435898e-07,-4.2662447550222e-06,-0.912416143749663,-0.555523964001473
12284,-0.139513,-1.99513,-2.54424317236013e-07,-4.25480336347688e-06,-0.912416143752267,0.555523964238395
12384,-0.104672,-1.99726,-1.26466044341268e-07,-4.24834987041635e-06,-0.910462498170238,-0.333308963148834
12384,-0.069799,-1.99878,-1.2578834116293e-07,-4.2322963798076e-06,-0.915346582367131,0.777752504016471
12484,-0.0349048,-1.9997,9.08573538394714e-10,-4.21580605879844e-06,-0.909485669429557,-0.111102085121833
12584,-4.35203e-16,-2,1.26492699773225e-07,-4.1951829840792e-06,-0.919253778304537,-0.999999999870803
12584,0.0349048,-1.9997,1.25803327488356e-07,-4.1687818131791e-06,-0.909485669430058,0.111102085378513
12684,0.069799,-1.99878,2.48855962325057e-07,-4.13837192968802e-06,-0.915346582363139,-0.777752503762792
12684,0.104672,-1.99726,2.47160068785686e-07,-4.10755697909238e-06,-0.9104624981717,0.333308963393593
12784,0.139513,-1.99513,3.66897292212195e-07,-4.06761469378519e-06,-0.912416143749591,-0.555523964001403
12784,0.174311,-1.99239,3.63948739398651e-07,-4.03253001156795e-06,-0.912416143752134,0.555523964232273
12884,0.209057,-1.98904,4.79612854415946e-07,-3.98339806249833e-06,-0.91046249817019,-0.333308963161724
12884,0.243739,-1.98509,4.75179165028913e-07,-3.94422332208797e-06,-0.915346582366752,0.777752503996427
12984,0.278346,-1.98054,5.86048564618852e-07,-3.8863337005122e-06,-0.909485669429543,-0.111102085145531
13084,0.312869,-1.97538,6.94039310893551e-07,-3.82520962087927e-06,-0.919253778305079,-0.999999999897294
13084,0.347296,-1.96962,6.85313876583901e-07,-3.77715927485608e-06,-0.909485669429971,0.111102085349981
13184,0.381618,-1.96325,7.87462982127204e-07,-3.70811458330002e-06,-0.915346582363621,-0.777752503792476
13184,0.415823,-1.9563,7.76595493017975e-07,-3.65673592043411e-06,-0.910462498171561,0.33330896336634
13284,0.449902,-1.94874,8.72318493917499e-07,-3.5804191131733e-06,-0.912416143749886,-0.555523964026324
13284,0.483844,-1.94059,8.59170049521978e-07,-3.52603952870505e-06,-0.912416143751904,0.555523964209538
13384,0.517638,-1.93185,9.47954123498886e-07,-3.4431723431862e-06,-0.910462498170363,-0.333308963182687
13384,0.551275,-1.92252,9.32416987821783e-07,-3.38614708934507e-06,-0.915346582366464,0.777752503976962
13484,0.584743,-1.91261,1.01382968135682e-06,-3.29751098621827e-06,-0.909485669429569,-0.111102085165906
13584,0.618034,-1.90211,1.09114367207944e-06,-3.20724677201215e-06,-0.919253778305519,-0.999999999919186
13584,0.651136,-1.89104,1.06952375532855e-06,-3.14463603909341e-06,-0.909485669429928,0.111102085328226
13684,0.68404,-1.87939,1.13894054671117e-06,-3.04986732857852e-06,-0.915346582363942,-0.777752503814258
13684,0.716736,-1.86716,1.11473614351785e-06,-2.98579159580805e-06,-0.910462498171394,0.333308963343945
13784,0.749213,-1.85437,1.17605036504393e-06,-2.88738295855687e-06,-0.912416143750121,-0.555523964050058
13784,0.781462,-1.84101,1.14929032649352e-06,-2.82224884072081e-06,-0.91241614375158,0.555523964183364
13884,0.813473,-1.82709,1.20238777630686e-06,-2.72107854807777e-06,-0.91046249817049,-0.333308963212306
13884,0.845237,-1.81262,1.17313598435074e-06,-2.65529578782134e-06,-0.915346582365913,0.777752503943214
13984,0.876742,-1.79759,1.21799323241745e-06,-2.55225104554847e-06,-0.909485669429626,-0.1111020852007
14084,0.907981,-1.78201,1.25844665365168e-06,-2.44949600349953e-06,-0.919253778306215,-0.999999999954254
14084,0.938943,-1.7659,1.2230332333823e-06,-2.38220263949133e-06,-0.909485669429858,0.111102085292581
14184,0.969619,-1.74924,1.25535393328239e-06,-2.27891814156998e-06,-0.915346582364524,-0.777752503850263
14184,1,-1.73205,1.2177991682256e-06,-2.21222719735667e-06,-0.910462498171194,0.333308963308465
14284,1.03008,-1.71433,1.24219131364743e-06,-2.10928451924134e-06,-0.91241614375052,-0.55552396408445
14284,1.05984,-1.6961,1.20270236784256e-06,-2.04358539584837e-06,-0.912416143751235,0.55552396415093
14384,1.08928,-1.67734,1.21945502445368e-06,-1.94181589321611e-06,-0.910462498170724,-0.333308963242461
14384,1.11839,-1.65808,1.1782640974912e-06,-1.87747197776977e-06,-0.915346582365498,0.777752503915531
14484,1.14715,-1.6383,1.18774273500414e-06,-1.77764420434038e-06,-0.909485669429676,-0.111102085228531
14584,1.17557,-1.61803,1.19343665102503e-06,-1.6798658540751e-06,-0.919253778306762,-0.999999999982903
14584,1.20363,-1.59727,1.14773495826988e-06,-1.617791444513e-06,-0.909485669429825,0.1111020852655
14684,1.23132,-1.57602,1.14683652088955e-06,-1.52297012101185e-06,-0.91534658236492,-0.777752503876537
14684,1.25864,-1.55429,1.10018257415454e-06,-1.4631675429437e-06,-0.910462498170955,0.333308963280004
14784,1.28558,-1.53209,1.09321196106667e-06,-1.37188085562623e-06,-0.912416143750819,-0.555523964114867
14784,1.31212,-1.50942,1.04589985417176e-06,-1.31458098911308e-06,-0.912416143750872,0.555523964118932
14884,1.33826,-1.48629,1.03342248518328e-06,-1.22734337066976e-06,-0.910462498170903,-0.333308963276861
14884,1.364,-1.46271,9.85761047705836e-07,-1.17275160049027e-06,-0.915346582364901,0.777752503878194
14984,1.38932,-1.43868,9.6838377480813e-07,-1.09001866547106e-06,-0.909485669429939,-0.111102085257194
14984,1.41421,-1.41421,9.20695609616105e-07,-1.03831506880704e-06,-0.919253778307102,0.999999999999985
5850,1.43868,-1.38932,8.99060546384323e-07,-9.604808771857e-07,0.909485669429985,-0.111102085260202
5849,1.46271,-1.364,8.75370482681151e-07,-8.85932235850972e-07,0.915346582364833,0.777752503871339
5849,1.48629,-1.33826,8.26455274668708e-07,-8.39208643186429e-07,0.910462498171102,-0.333308963290407
5848,1.50942,-1.31212,7.99540360420164e-07,-7.70004506679501e-07,0.91241614375073,0.555523964099018
5848,1.53209,-1.28558,7.51594861194458e-07,-7.2657635368911e-07,0.912416143751186,-0.555523964140576
5847,1.55429,-1.25864,7.22150041667797e-07,-6.62926053514616e-07,0.91046249817085,0.333308963247604
5847,1.57602,-1.23132,6.75517199957431e-07,-6.22849229330061e-07,0.91534658236556,-0.777752503916265
5846,1.59727,-1.20363,6.44242144822229e-07,-5.64884419469549e-07,0.909485669429786,0.111102085221649
5845,1.61803,-1.17557,6.12198948559233e-07,-5.10370624438906e-07,0.919253778306525,0.999999999969829
5845,1.6383,-1.14715,5.66849314689335e-07,-4.7595393267098e-07,0.909485669429914,-0.11110208528211
5844,1.65808,-1.11839,5.34038488390527e-07,-4.27146339987831e-07,0.915346582364627,0.777752503855747
5844,1.67734,-1.08928,4.90980945275543e-07,-3.96094691764314e-07,0.910462498171258,-0.333308963307527
5843,1.6961,-1.05984,4.58076564140424e-07,-3.5291899169755e-07,0.912416143750537,0.555523964080912
5843,1.71433,-1.03008,4.17610552474701e-07,-3.25154014267688e-07,0.912416143751378,-0.555523964158821
5842,1.73205,-1,3.85259827485669e-07,-2.87457605315076e-07,0.910462498170701,0.333308963230334
5842,1.74924,-0.969619,3.47664361923614e-07,-2.62870485449053e-07,0.915346582365767,-0.777752503931841
5841,1.7659,-0.938943,3.1648015638348e-07,-2.30426906725999e-07,0.909485669429766,0.111102085205045
5840,1.78201,-0.907981,2.86078283779593e-07,-2.00901868972257e-07,0.919253778306158,0.99999999995149
5840,1.79759,-0.876742,2.52568714173047e-07,-1.81397331827864e-07,0.909485669429983,-0.111102085301555
5839,1.81262,-0.845237,2.24202541371247e-07,-1.56617104619573e-07,0.915346582364319,0.777752503835052
5839,1.82709,-0.813473,1.94295046552028e-07,-1.39859669710757e-07,0.910462498171384,-0.333308963330046
5838,1.84101,-0.781462,1.68473175256894e-07,-1.19448986314906e-07,0.912416143750258,0.555523964056995
5838,1.85437,-0.749213,1.42369653394989e-07,-1.05240685754434e-07,0.91241614375167,-0.555523964183538
5837,1.86716,-0.716736,1.19558833753818e-07,-8.87843650307445e-08,0.91046249817059,0.333308963203332
5837,1.87939,-0.68404,9.74446183997709e-08,-7.69133147776762e-08,0.915346582366259,-0.777752503962114
5836,1.89104,-0.651136,7.80674568686472e-08,-6.39596465453165e-08,0.909485669429712,0.11110208517308
5835,1.90211,-0.618034,6.05801259806602e-08,-5.27533871496724e-08,0.919253778305505,0.999999999918216
5835,1.91261,-0.584743,4.45410948905342e-08,-4.42645170388851e-08,0.909485669430072,-0.111102085335106
5834,1.92252,-0.551275,3.10313199528762e-08,-3.57709625497571e-08,0.915346582363824,0.777752503801191
5834,1.93185,-0.517638,1.94519143591546e-08,-2.89479420986935e-08,0.910462498171638,-0.333308963364257
5833,1.94059,-0.483844,1.0212609343114e-08,-2.26395102728164e-08,0.912416143749874,0.555523964021932
5833,1.94874,-0.449902,3.19818782651012e-09,-1.72240873567186e-08,0.91241614375206,-0.555523964220175
5832,1.9563,-0.415823,-1.53357962346634e-09,-1.25497963837568e-08,0.910462498170272,0.333308963168192
5832,1.96325,-0.381618,-3.90182799709601e-09,-8.27600706278871e-09,0.915346582366721,-0.777752503993719
5831,1.96962,-0.347296,-3.94904975008048e-09,-4.66403308413653e-09,0.909485669429573,0.111102085145735
5830,1.97538,-0.312869,-1.62609135991283e-09,-1.32502975660207e-09,0.919253778305019,0.999999999895301
5830,1.98054,-0.278346,3.13621435396333e-09,1.87784677011847e-09,0.909485669430095,-0.11110208535852
5829,1.98509,-0.243739,1.0275729564661e-08,5.08939276745815e-09,0.915346582363408,0.777752503777643
5829,1.98904,-0.209057,1.98042895777661e-08,7.9492271888311e-09,0.910462498171767,-0.333308963386425
5828,1.99239,-0.174311,3.17777410997055e-08,1.16306363708419e-08,0.91241614374965,0.555523964001481
5828,1.99513,-0.139513,4.60509329374803e-08,1.44274688635459e-08,0.912416143752221,-0.555523964238393
5827,1.99726,-0.104672,6.28136936959919e-08,1.91745593931756e-08,0.910462498170182,0.333308963148836
5827,1.99878,-0.069799,8.17854544972337e-08,2.21857955414504e-08,0.915346582367075,-0.777752504016468
5826,1.9997,-0.0349048,1.03230023798856e-07,2.85873642750807e-08,0.909485669429527,0.111102085121839
