origElemNum,globCoord-x,globCoord-y,acouIntensity-x,acouIntensity-y,locCoord-xi,locCoord-eta
5825,2,-2.20442e-18,4.91489483978447e-09,1.92898332936478e-10,0.919253778304535,0.999999999870795
5825,1.9997,0.0349048,1.113589098758e-09,7.00054877329424e-11,0.909485669430051,-0.11110208537854
5824,1.99878,0.069799,-8.91709229783355e-11,-7.32490608118175e-12,0.915346582363134,0.7777525037628
5824,1.99726,0.104672,1.28673882035594e-09,7.44852741301885e-11,0.910462498171695,-0.333308963393583
5823,1.99513,0.139513,5.2101959218874e-09,5.45371968906869e-10,0.912416143749585,0.555523964001403
5823,1.99239,0.174311,1.16909918235329e-08,1.13179184884668e-09,0.912416143752112,-0.555523964232293
5822,1.98904,0.209057,2.06269758632534e-08,2.79460052979702e-09,0.910462498170195,0.33330896316169
5822,1.98509,0.243739,3.2109676129522e-08,4.17739750925383e-09,0.915346582366752,-0.777752503996411
5821,1.98054,0.278346,4.58706181453735e-08,7.65732940177416e-09,0.909485669429537,0.111102085145532
5820,1.97538,0.312869,6.18543780312892e-08,1.24411720685866e-08,0.91925377830504,0.999999999897275
5820,1.96962,0.347296,8.05479174200969e-08,1.60148779436137e-08,0.909485669429959,-0.111102085350008
5819,1.96325,0.381618,1.00910475175836e-07,2.35447023101413e-08,0.915346582363608,0.777752503792493
5819,1.9563,0.415823,1.24164938065795e-07,2.87022122471987e-08,0.910462498171543,-0.333308963366333
5818,1.94874,0.449902,1.48539970350805e-07,3.95211425633576e-08,0.912416143749872,0.555523964026318
5818,1.94059,0.483844,1.76131657516892e-07,4.64972430369211e-08,0.912416143751876,-0.555523964209557
5817,1.93185,0.517638,2.04089058229803e-07,6.11029194701977e-08,0.910462498170338,0.333308963182653
5817,1.92252,0.551275,2.35769278627514e-07,7.01116266386132e-08,0.915346582366455,-0.777752503976955
5816,1.91261,0.584743,2.66821266141007e-07,8.89504001667942e-08,0.909485669429567,0.111102085165898
5815,1.90211,0.618034,2.99009084206364e-07,1.10370503975922e-07,0.919253778305533,0.999999999919169
5815,1.89104,0.651136,3.35927048637095e-07,1.23645395956464e-07,0.909485669429933,-0.111102085328256
5814,1.87939,0.68404,3.70356490672714e-07,1.49888295703448e-07,0.915346582363941,0.777752503814277
5814,1.86716,0.716736,4.10534069776081e-07,1.65685956744427e-07,0.910462498171402,-0.333308963343933
5813,1.85437,0.749213,4.46603977926321e-07,1.9704677042311e-07,0.912416143750119,0.555523964050056
5813,1.84101,0.781462,4.89717814381557e-07,2.15482443381904e-07,0.912416143751575,-0.555523964183394
5812,1.82709,0.813473,5.267949644148e-07,2.52192232564996e-07,0.910462498170486,0.333308963212263
5812,1.81262,0.845237,5.72512026339086e-07,2.73354598675125e-07,0.915346582365915,-0.777752503943209
5811,1.79759,0.876742,6.09938319406928e-07,3.15578145906026e-07,0.909485669429635,0.111102085200681
5810,1.78201,0.907981,6.46967870836291e-07,3.61020738788108e-07,0.919253778306195,0.999999999954235
5810,1.7659,0.938943,6.95017806294528e-07,3.87362351142862e-07,0.909485669429844,-0.111102085292603
5809,1.74924,0.969619,7.31352036868846e-07,4.38448432735337e-07,0.915346582364538,0.777752503850291
5809,1.73205,1,7.8100089330519e-07,4.67604091708216e-07,0.910462498171199,-0.333308963308445
5808,1.71433,1.03008,8.15951681670507e-07,5.24316464240504e-07,0.912416143750526,0.555523964084446
5808,1.6961,1.05984,8.66847209863055e-07,5.56261173462458e-07,0.912416143751246,-0.555523964150953
5807,1.67734,1.08928,8.99726191633277e-07,6.18507864644992e-07,0.910462498170725,0.333308963242434
5807,1.65808,1.11839,9.51517316410224e-07,6.53187818024805e-07,0.915346582365508,-0.777752503915519
5806,1.6383,1.14715,9.81643272910735e-07,7.2080126118326e-07,0.909485669429676,0.11110208522853
5805,1.61803,1.17557,1.00974253876507e-06,7.9149708542125e-07,0.919253778306765,0.999999999982884
5805,1.59727,1.20363,1.06068906816106e-06,8.30871544502536e-07,0.909485669429817,-0.111102085265541
5804,1.57602,1.23132,1.08503362897382e-06,9.06537160318024e-07,0.9153465823649,0.777752503876539
5804,1.55429,1.25864,1.13587884706258e-06,9.48292657829327e-07,0.910462498170939,-0.333308963279996
5803,1.53209,1.28558,1.15584537191e-06,1.02857343711912e-06,0.912416143750815,0.555523964114853
5803,1.50942,1.31212,1.20626775142184e-06,1.07254252828961e-06,0.91241614375085,-0.555523964118972
5802,1.48629,1.33826,1.22126795493384e-06,1.15701830153516e-06,0.910462498170897,0.333308963276791
5802,1.46271,1.364,1.27096109783721e-06,1.20300960228711e-06,0.915346582364929,-0.77775250387822
5801,1.43868,1.38932,1.28044878856441e-06,1.29120009471526e-06,0.909485669429954,0.111102085257182
5801,1.41421,1.41421,1.32912400020735e-06,1.33900041851671e-06,0.919253778307104,-0.999999999999994
850,1.38932,1.43868,1.33260140000405e-06,1.43037114363213e-06,0.909485669429991,-0.111102085260227
849,1.364,1.46271,1.33248194105057e-06,1.52360983587357e-06,0.915346582364834,0.777752503871359
849,1.33826,1.48629,1.37701299606056e-06,1.57371600378313e-06,0.910462498171096,-0.333308963290402
848,1.31212,1.50942,1.37024883734969e-06,1.66922593859947e-06,0.912416143750729,0.555523964099008
848,1.28558,1.53209,1.41305074665157e-06,1.72035958692587e-06,0.912416143751184,-0.555523964140596
847,1.25864,1.55429,1.39929221209497e-06,1.81749489717328e-06,0.910462498170846,0.333308963247574
847,1.23132,1.57602,1.44016685573891e-06,1.86937499830684e-06,0.915346582365554,-0.777752503916259
846,1.20363,1.59727,1.41912812079013e-06,1.96745645266793e-06,0.90948566942978,0.111102085221654
845,1.17557,1.61803,1.39393707139439e-06,2.06626453374607e-06,0.919253778306528,0.999999999969813
845,1.14715,1.6383,1.42936431867765e-06,2.11811137357228e-06,0.909485669429915,-0.111102085282135
844,1.11839,1.65808,1.39661111805383e-06,2.21677490997719e-06,0.915346582364625,0.777752503855763
844,1.08928,1.67734,1.42970296867144e-06,2.26842882648962e-06,0.910462498171253,-0.333308963307521
843,1.05984,1.6961,1.38927892520221e-06,2.36620888748534e-06,0.912416143750542,0.555523964080906
843,1.03008,1.71433,1.41994295804718e-06,2.41735396410464e-06,0.912416143751377,-0.555523964158847
842,1,1.73205,1.37181137355147e-06,2.51349871043738e-06,0.910462498170698,0.333308963230309
842,0.969619,1.74924,1.39998189791061e-06,2.56381589262985e-06,0.915346582365766,-0.777752503931825
841,0.938943,1.7659,1.34417934606477e-06,2.65756686231533e-06,0.909485669429764,0.111102085205048
840,0.907981,1.78201,1.28419649914419e-06,2.75036201241882e-06,0.919253778306164,0.99999999995148
840,0.876742,1.79759,1.30645442771963e-06,2.79733463959277e-06,0.909485669429979,-0.11110208530158
839,0.845237,1.81262,1.239037504325e-06,2.88658241902942e-06,0.91534658236432,0.777752503835068
839,0.813473,1.82709,1.25880914383424e-06,2.93173155761446e-06,0.91046249817139,-0.33330896333004
838,0.781462,1.84101,1.18418662235786e-06,3.01668946051257e-06,0.912416143750255,0.555523964056983
838,0.749213,1.85437,1.20151649702816e-06,3.05970567349517e-06,0.912416143751674,-0.555523964183563
837,0.716736,1.86716,1.11998967899761e-06,3.1396508177735e-06,0.910462498170584,0.333308963203304
837,0.68404,1.87939,1.1349484228018e-06,3.18023397476424e-06,0.915346582366261,-0.777752503962098
836,0.651136,1.89104,1.04688955479298e-06,3.25447074137369e-06,0.909485669429719,0.111102085173086
835,0.618034,1.90211,9.55441806664093e-07,3.32616693793603e-06,0.919253778305509,0.999999999918205
835,0.584743,1.91261,9.65422844953369e-07,3.36020021006523e-06,0.909485669430073,-0.111102085335132
834,0.551275,1.92252,8.68190037035979e-07,3.42520627197534e-06,0.915346582363819,0.777752503801204
834,0.517638,1.93185,8.76215843035856e-07,3.45594748665955e-06,0.910462498171637,-0.333308963364254
833,0.483844,1.94059,7.73739713028104e-07,3.51367424940944e-06,0.912416143749877,0.55552396402192
833,0.449902,1.94874,7.79979452090659e-07,3.54088912090033e-06,0.91241614375206,-0.555523964220202
832,0.415823,1.9563,6.72859622857577e-07,3.59080234876309e-06,0.910462498170279,0.333308963168166
832,0.381618,1.96325,6.775025169543e-07,3.61428002798846e-06,0.915346582366717,-0.777752503993703
831,0.347296,1.96962,5.66390805991821e-07,3.65590693642668e-06,0.909485669429573,0.111102085145737
830,0.312869,1.97538,4.53379178497577e-07,3.69387669922339e-06,0.919253778305012,0.99999999989529
830,0.278346,1.98054,4.55238367672112e-07,3.70839732981472e-06,0.909485669430091,-0.111102085358547
829,0.243739,1.98509,3.39366229175555e-07,3.73750845742314e-06,0.915346582363415,0.77775250377766
829,0.209057,1.98904,3.40362392073172e-07,3.74778349750443e-06,0.910462498171767,-0.333308963386422
828,0.174311,1.99239,2.22385076948488e-07,3.76774718356042e-06,0.912416143749651,0.55552396400147
828,0.139513,1.99513,2.22767703330511e-07,3.77368277195876e-06,0.912416143752224,-0.555523964238419
827,0.104672,1.99726,1.034669527235e-07,3.78428981196064e-06,0.910462498170184,0.33330896314881
827,0.069799,1.99878,1.0349292635029e-07,3.78582468651328e-06,0.915346582367074,-0.777752504016452
826,0.0349048,1.9997,-1.63310422821676e-08,3.78694825768632e-06,0.909485669429527,0.111102085121841
825,1.27747e-16,2,-1.36167962552203e-07,3.78405460208399e-06,0.919253778304535,0.999999999870799
825,-0.0349048,1.9997,-1.35937100530996e-07,3.77565270152817e-06,0.909485669430051,-0.111102085378537
824,-0.069799,1.99878,-2.55013306484894e-07,3.7632666812742e-06,0.915346582363134,0.777752503762801
824,-0.104672,1.99726,-2.54276862732266e-07,3.75045387402212e-06,0.910462498171695,-0.333308963393583
823,-0.139513,1.99513,-3.71785569403534e-07,3.72866771255962e-06,0.912416143749585,0.555523964001401
823,-0.174311,1.99239,-3.702860848678e-07,3.71152288359911e-06,0.912416143752112,-0.555523964232297
822,-0.209057,1.98904,-4.85434130997431e-07,3.68051367803131e-06,0.910462498170195,0.333308963161685
822,-0.243739,1.98509,-4.82922494777376e-07,3.65914883354291e-06,0.915346582366744,-0.777752503996403
821,-0.278346,1.98054,-5.94938193896931e-07,3.61917667918116e-06,0.909485669429538,0.111102085145537
820,-0.312869,1.97538,-7.05087351511039e-07,3.57569440519593e-06,0.919253778305041,0.999999999897278
820,-0.347296,1.96962,-6.99317919028221e-07,3.54514208653933e-06,0.90948566942996,-0.111102085350006
819,-0.381618,1.96325,-8.05178613012075e-07,3.49326816429346e-06,0.915346582363608,0.777752503792493
819,-0.415823,1.9563,-7.97646255788536e-07,3.45900394077757e-06,0.910462498171543,-0.333308963366333
818,-0.449902,1.94874,-8.98541632172203e-07,3.39919699058975e-06,0.912416143749872,0.555523964026316
818,-0.483844,1.94059,-8.89059559620556e-07,3.36145789109512e-06,0.912416143751875,-0.555523964209561
817,-0.517638,1.93185,-9.8436275211988e-07,3.2942457980283e-06,0.910462498170336,0.333308963182646
817,-0.551275,1.92252,-9.72766470212678e-07,3.25329410766944e-06,0.915346582366457,-0.777752503976948
816,-0.584743,1.91261,-1.0619072821794e-06,3.17926915581954e-06,0.909485669429562,0.111102085165907
815,-0.618034,1.90211,-1.14771613869142e-06,3.103009328702e-06,0.919253778305526,0.999999999919175
815,-0.651136,1.89104,-1.13052915206898e-06,3.05520320919825e-06,0.909485669429935,-0.111102085328253
814,-0.68404,1.87939,-1.20940073710627e-06,2.97315835888217e-06,0.915346582363941,0.777752503814277
814,-0.716736,1.86716,-1.18967870593613e-06,2.92305494307103e-06,0.910462498171402,-0.333308963343933
813,-0.749213,1.85437,-1.26121896718147e-06,2.83594898398573e-06,0.912416143750117,0.555523964050053
813,-0.781462,1.84101,-1.2389080243655e-06,2.78389084415463e-06,0.912416143751584,-0.555523964183396
812,-0.813473,1.82709,-1.3027986236442e-06,2.69248550583936e-06,0.910462498170484,0.33330896321226
812,-0.845237,1.81262,-1.27787578655238e-06,2.63882652842604e-06,0.91534658236591,-0.7777525039432
811,-0.876742,1.79759,-1.33387815830675e-06,2.54391349986398e-06,0.909485669429639,0.111102085200672
810,-0.907981,1.78201,-1.38581717613393e-06,2.44852654879891e-06,0.919253778306197,0.999999999954239
810,-0.938943,1.7659,-1.35431091086153e-06,2.39140799158509e-06,0.909485669429848,-0.111102085292613
809,-0.969619,1.74924,-1.39813707297229e-06,2.29376531202981e-06,0.915346582364533,0.777752503850298
809,-1,1.73205,-1.3640673413358e-06,2.23616042413387e-06,0.910462498171205,-0.333308963308436
808,-1.03008,1.71433,-1.39975943555643e-06,2.13708654505832e-06,0.912416143750522,0.55552396408444
808,-1.05984,1.6961,-1.36323506589457e-06,2.07936544865129e-06,0.912416143751243,-0.555523964150944
807,-1.08928,1.67734,-1.39085607190464e-06,1.979681841285e-06,0.910462498170733,0.33330896324243
807,-1.11839,1.65808,-1.35201769934233e-06,1.92220923986441e-06,0.915346582365511,-0.777752503915504
806,-1.14715,1.6383,-1.37171399791561e-06,1.82272631230598e-06,0.909485669429678,0.11110208522852
805,-1.17557,1.61803,-1.38750888904313e-06,1.72460914904931e-06,0.91925377830677,0.999999999982889
805,-1.20363,1.59727,-1.34273405421482e-06,1.66736710103935e-06,0.909485669429819,-0.111102085265551
804,-1.23132,1.57602,-1.35097180241935e-06,1.57064121109354e-06,0.915346582364893,0.777752503876544
804,-1.25864,1.55429,-1.30442753710913e-06,1.51471081267966e-06,0.910462498170937,-0.333308963279986
803,-1.28558,1.53209,-1.30546155096546e-06,1.42011531010856e-06,0.912416143750809,0.555523964114847
803,-1.31212,1.50942,-1.25741067514696e-06,1.36581169607249e-06,0.912416143750849,-0.555523964118962
802,-1.33826,1.48629,-1.2516676631475e-06,1.27404352168672e-06,0.910462498170897,0.333308963276791
802,-1.364,1.46271,-1.20239845830954e-06,1.22166137219266e-06,0.915346582364928,-0.77775250387821
801,-1.38932,1.43868,-1.19037396113988e-06,1.13336787824618e-06,0.909485669429954,0.111102085257172
801,-1.41421,1.41421,-1.14019821645634e-06,1.08317906609588e-06,0.919253778307104,-0.999999999999994
15850,-1.43868,1.38932,-1.1224512945642e-06,9.98950648981511e-07,0.909485669429991,-0.111102085260237
15849,-1.46271,1.364,-1.10211191609523e-06,9.17843242354697e-07,0.915346582364828,0.777752503871364
15849,-1.48629,1.33826,-1.04884860345589e-06,8.71565190845596e-07,0.910462498171103,-0.333308963290387
15848,-1.50942,1.31212,-1.02374024276374e-06,7.95276734789682e-07,0.912416143750729,0.555523964099008
15848,-1.53209,1.28558,-9.70583053279517e-07,7.51887998300592e-07,0.912416143751185,-0.555523964140586
15847,-1.55429,1.25864,-9.41396680467761e-07,6.80832477062238e-07,0.910462498170851,0.333308963247569
15847,-1.57602,1.23132,-8.88729695511342e-07,6.40491739939088e-07,0.915346582365555,-0.777752503916249
15846,-1.59727,1.20363,-8.56193635363655e-07,5.75005620734068e-07,0.909485669429784,0.111102085221639
15845,-1.61803,1.17557,-8.2235144246345e-07,5.13144941073994e-07,0.919253778306531,0.999999999969823
15845,-1.6383,1.14715,-7.69281343809475e-07,4.78177087117909e-07,0.909485669429917,-0.111102085282151
15844,-1.65808,1.11839,-7.33243557598809e-07,4.22209875420723e-07,0.915346582364627,0.777752503855772
15844,-1.67734,1.08928,-6.81835255024662e-07,3.90610115337207e-07,0.910462498171251,-0.333308963307506
15843,-1.6961,1.05984,-6.44385232114685e-07,3.40658535592487e-07,0.912416143750542,0.555523964080906
15843,-1.71433,1.03008,-5.95043945198132e-07,3.12448279987956e-07,0.912416143751375,-0.555523964158831
15842,-1.73205,1,-5.56970258045245e-07,2.68548430413226e-07,0.910462498170697,0.333308963230296
15842,-1.74924,0.969619,-5.10097103089712e-07,2.43714015782833e-07,0.915346582365764,-0.777752503931822
15841,-1.7659,0.938943,-4.7218428060193e-07,2.05815123581855e-07,0.909485669429762,0.111102085205035
15840,-1.78201,0.907981,-4.34753399274072e-07,1.71392585066429e-07,0.919253778306162,0.999999999951483
15840,-1.79759,0.876742,-3.91191433632056e-07,1.52272941463067e-07,0.909485669429984,-0.111102085301589
15839,-1.81262,0.845237,-3.55075893372257e-07,1.23566189339661e-07,0.915346582364318,0.777752503835071
15839,-1.82709,0.813473,-3.15121369180194e-07,1.07617613912787e-07,0.910462498171391,-0.333308963330024
15838,-1.84101,0.781462,-2.81051868469464e-07,8.43587893938761e-08,0.912416143750253,0.555523964056986
15838,-1.85437,0.749213,-2.4505728803195e-07,7.14301464413991e-08,0.912416143751674,-0.555523964183544
15837,-1.86716,0.716736,-2.13727411148935e-07,5.32718710791235e-08,0.910462498170589,0.333308963203294
15837,-1.87939,0.68404,-1.82024275846427e-07,4.31812250599365e-08,0.915346582366259,-0.777752503962095
15836,-1.89104,0.651136,-1.5408176888497e-07,2.97004458126055e-08,0.909485669429715,0.111102085173074
15835,-1.90211,0.618034,-1.28147942833427e-07,1.86344616692417e-08,0.919253778305508,0.999999999918209
15835,-1.91261,0.584743,-1.03015819687805e-07,1.29402592435293e-08,0.909485669430068,-0.111102085335144
15834,-1.92252,0.551275,-8.13314809508112e-08,5.72565307933715e-09,0.915346582363818,0.777752503801208
15834,-1.93185,0.517638,-6.13420603408697e-08,2.19630598662574e-09,0.910462498171639,-0.333308963364235
15833,-1.94059,0.483844,-4.44020466926882e-08,-1.75670465600276e-09,0.912416143749876,0.555523964021923
15833,-1.94874,0.449902,-2.97757941004365e-08,-3.40825723551571e-09,0.912416143752063,-0.555523964220183
15832,-1.9563,0.415823,-1.80032398535923e-08,-4.74266868353238e-09,0.910462498170272,0.333308963168156
15832,-1.96325,0.381618,-8.92673435023009e-09,-4.82257271259663e-09,0.915346582366716,-0.7777525039937
15831,-1.96962,0.347296,-2.66723214848536e-09,-4.22679447090809e-09,0.909485669429575,0.111102085145728
15830,-1.97538,0.312869,7.24134386701567e-10,-2.95932300184014e-09,0.91925377830502,0.999999999895294
15830,-1.98054,0.278346,1.19183241077137e-09,-1.25649213030272e-09,0.909485669430092,-0.111102085358556
15829,-1.98509,0.243739,-1.27115679740312e-09,7.76861326133505e-10,0.915346582363415,0.777752503777664
15829,-1.98904,0.209057,-6.71710902158098e-09,3.0800557557271e-09,0.910462498171765,-0.333308963386404
15828,-1.99239,0.174311,-1.51629002883401e-08,5.11596630293401e-09,0.912416143749651,0.555523964001473
15828,-1.99513,0.139513,-2.65581600031449e-08,7.66634502347152e-09,0.912416143752222,-0.5555239642384
15827,-1.99726,0.104672,-4.10252107277688e-08,8.92867036703192e-09,0.910462498170184,0.3333089631488
15827,-1.99878,0.069799,-5.83658971621084e-08,1.13705128711112e-08,0.915346582367074,-0.777752504016448
15826,-1.9997,0.0349048,-7.8801578157327e-08,1.10799628762706e-08,0.909485669429527,0.111102085121831
15825,-2,2.46315e-16,-1.02044321972693e-07,9.43977404743035e-09,0.919253778304535,0.999999999870803
15825,-1.9997,-0.0349048,-1.28304812722233e-07,1.04421295986187e-08,0.909485669430051,-0.111102085378547
15824,-1.99878,-0.069799,-1.57230024044645e-07,6.03784661505658e-09,0.915346582363134,0.777752503762804
15824,-1.99726,-0.104672,-1.89218071495088e-07,5.90775442779331e-09,0.910462498171696,-0.333308963393566
15823,-1.99513,-0.139513,-2.23543209753924e-07,-2.00211974918589e-09,0.912416143749586,0.555523964001405
15823,-1.99239,-0.174311,-2.61097252373731e-07,-3.59708603324894e-09,0.912416143752114,-0.555523964232279
15822,-1.98904,-0.209057,-3.00453096507161e-07,-1.57223866945956e-08,0.910462498170195,0.333308963161688
15822,-1.98509,-0.243739,-3.43375129259831e-07,-1.90998927592893e-08,0.915346582366744,-0.7777525039964
15821,-1.98054,-0.278346,-3.87309548872329e-07,-3.61097972789849e-08,0.909485669429545,0.111102085145526
15820,-1.97538,-0.312869,-4.33036203064098e-07,-5.62848037967885e-08,0.919253778305042,0.999999999897283
15820,-1.96962,-0.347296,-4.83349258473788e-07,-6.40843078349969e-08,0.909485669429957,-0.111102085350017
15819,-1.96325,-0.381618,-5.32785684626946e-07,-9.00912665538491e-08,0.915346582363609,0.777752503792499
15819,-1.9563,-0.415823,-5.87702875606609e-07,-1.00487755551051e-07,0.910462498171549,-0.333308963366345
15818,-1.94874,-0.449902,-6.40209855233042e-07,-1.32851079659358e-07,0.912416143749872,0.555523964026319
15818,-1.94059,-0.483844,-6.99403733661717e-07,-1.46073282635856e-07,0.91241614375188,-0.555523964209544
15817,-1.93185,-0.517638,-7.5427975875899e-07,-1.85248398200929e-07,0.910462498170337,0.33330896318265
15817,-1.92252,-0.551275,-8.17397644953992e-07,-2.01496420506561e-07,0.915346582366458,-0.777752503976945
15816,-1.91261,-0.584743,-8.73886029591129e-07,-2.47864022851083e-07,0.909485669429567,0.111102085165898
15815,-1.90211,-0.618034,-9.30398012015153e-07,-2.9855997116804e-07,0.919253778305528,0.999999999919178
15815,-1.89104,-0.651136,-9.9784913442704e-07,-3.21167315123549e-07,0.90948566942994,-0.111102085328262
15814,-1.87939,-0.68404,-1.05470861808798e-06,-3.79486158204083e-07,0.915346582363942,0.77775250381428
15814,-1.86716,-0.716736,-1.12493141698344e-06,-4.05508498169041e-07,0.910462498171397,-0.333308963343943
15813,-1.85437,-0.749213,-1.18128262018635e-06,-4.71610275016343e-07,0.912416143750119,0.555523964050056
15813,-1.84101,-0.781462,-1.25385072101565e-06,-5.01113433403429e-07,0.912416143751582,-0.555523964183381
15812,-1.82709,-0.813473,-1.30881501914676e-06,-5.7506730252572e-07,0.910462498170486,0.333308963212263
15812,-1.81262,-0.845237,-1.38329329677779e-06,-6.08081210370473e-07,0.915346582365912,-0.777752503943197
15811,-1.79759,-0.876742,-1.43597788515442e-06,-6.89864044296071e-07,0.909485669429641,0.111102085200675
15810,-1.78201,-0.907981,-1.48655112905379e-06,-7.76181881318369e-07,0.919253778306197,0.999999999954239
15810,-1.7659,-0.938943,-1.56143290612565e-06,-8.15876078957844e-07,0.90948566942985,-0.11110208529261
15809,-1.74924,-0.969619,-1.60835185122484e-06,-9.09796795495889e-07,0.915346582364535,0.777752503850301
15809,-1.73205,-1,-1.68384583841974e-06,-9.52846492716236e-07,0.9104624981712,-0.333308963308458
15808,-1.71433,-1.03008,-1.72623204626064e-06,-1.05410174579632e-06,0.912416143750526,0.555523964084446
15808,-1.6961,-1.05984,-1.801900550378e-06,-1.10038782429417e-06,0.912416143751243,-0.555523964150944
15807,-1.67734,-1.08928,-1.83889721585913e-06,-1.20861721999689e-06,0.910462498170725,0.333308963242434
15807,-1.65808,-1.11839,-1.91431142493925e-06,-1.2579854053892e-06,0.915346582365503,-0.7777525039155
15806,-1.6383,-1.14715,-1.94509235952921e-06,-1.37273880471307e-06,0.90948566942967,0.111102085228524
15805,-1.61803,-1.17557,-1.97174397219065e-06,-1.49119270269267e-06,0.919253778306763,0.999999999982893
15805,-1.59727,-1.20363,-2.04361479698451e-06,-1.54574034850473e-06,0.909485669429812,-0.111102085265547
15804,-1.57602,-1.23132,-2.06288403462427e-06,-1.66984546359028e-06,0.915346582364898,0.777752503876549
15804,-1.55429,-1.25864,-2.13332789016068e-06,-1.72677933997578e-06,0.910462498170935,-0.333308963280012
15803,-1.53209,-1.28558,-2.14451681770065e-06,-1.85586964400484e-06,0.912416143750815,0.555523964114853
15803,-1.50942,-1.31212,-2.2131731030989e-06,-1.91490556627362e-06,0.912416143750855,-0.555523964118957
15802,-1.48629,-1.33826,-2.21564655127589e-06,-2.04824284988399e-06,0.910462498170897,0.333308963276791
15802,-1.46271,-1.364,-2.28217921660684e-06,-2.10907030274534e-06,0.915346582364928,-0.77775250387821
15801,-1.43868,-1.38932,-2.2753716662171e-06,-2.24585027592303e-06,0.909485669429954,0.111102085257172
15801,-1.41421,-1.41421,-2.33947146149278e-06,-2.30813480097274e-06,0.919253778307098,-0.999999999999989
10084,-1.38932,-1.43868,-2.32289444773748e-06,-2.44749381066728e-06,-0.909485669429983,0.111102085260242
10184,-1.364,-1.46271,-2.30056905463861e-06,-2.58832562821253e-06,-0.915346582364814,-0.777752503871363
10184,-1.33826,-1.48629,-2.35752973534738e-06,-2.65190314899991e-06,-0.910462498171062,0.333308963290425
10284,-1.31212,-1.50942,-2.32489213808539e-06,-2.79387827232878e-06,-0.912416143750702,-0.555523964098991
10284,-1.28558,-1.53209,-2.37871191536128e-06,-2.857747769808e-06,-0.912416143751175,0.55552396414059
10384,-1.25864,-1.55429,-2.33550076924657e-06,-2.9998905169542e-06,-0.910462498170858,-0.333308963247603
10384,-1.23132,-1.57602,-2.38600069888674e-06,-3.06364892119938e-06,-0.915346582365569,0.777752503916277
10484,-1.20363,-1.59727,-2.33204996925321e-06,-3.2049556336505e-06,-0.909485669429755,-0.111102085221656
10584,-1.17557,-1.61803,-2.27205025567154e-06,-3.34595866330805e-06,-0.919253778306467,-0.999999999969833
10584,-1.14715,-1.6383,-2.31432944475333e-06,-3.4076415350141e-06,-0.909485669429891,0.111102085282108
10684,-1.11839,-1.65808,-2.24358016427824e-06,-3.54622825938528e-06,-0.915346582364624,-0.777752503855743
10684,-1.08928,-1.67734,-2.28226522778461e-06,-3.60650649094125e-06,-0.910462498171255,0.333308963307532
10784,-1.05984,-1.6961,-2.20085633618328e-06,-3.74165299315537e-06,-0.912416143750544,-0.555523964080908
10784,-1.03008,-1.71433,-2.23591903156901e-06,-3.8001129903925e-06,-0.912416143751393,0.555523964158839
10884,-1,-1.73205,-2.1440395142805e-06,-3.93080498388219e-06,-0.910462498170715,-0.333308963230315
10884,-0.969619,-1.74924,-2.17548851321835e-06,-3.98704022311084e-06,-0.915346582365772,0.777752503931858
10984,-0.938943,-1.7659,-2.07342701874206e-06,-4.11228273220894e-06,-0.909485669429763,-0.111102085205032
11084,-0.907981,-1.78201,-1.96591819567404e-06,-4.23488198445071e-06,-0.919253778306154,-0.99999999995149
11084,-0.876742,-1.79759,-1.98945123696813e-06,-4.28472596679136e-06,-0.909485669429981,0.111102085301552
11184,-0.845237,-1.81262,-1.87245692649547e-06,-4.40040770448635e-06,-0.915346582364332,-0.777752503835052
11184,-0.813473,-1.82709,-1.89267506148778e-06,-4.44683151528936e-06,-0.910462498171421,0.333308963330044
11284,-0.781462,-1.84101,-1.76672843094131e-06,-4.55470296901276e-06,-0.912416143750289,-0.555523964056998
11284,-0.749213,-1.85437,-1.7837842117798e-06,-4.59736744315212e-06,-0.912416143751684,0.555523964183542
11384,-0.716736,-1.86716,-1.6495039772771e-06,-4.6965925866721e-06,-0.910462498170579,-0.333308963203316
11384,-0.68404,-1.87939,-1.66358044510446e-06,-4.73518387596424e-06,-0.915346582366256,0.777752503962127
11484,-0.651136,-1.89104,-1.52166808900136e-06,-4.82499172290688e-06,-0.9094856694297,-0.111102085173069
11584,-0.618034,-1.90211,-1.37593350070087e-06,-4.91025189205697e-06,-0.919253778305473,-0.9999999999182
11584,-0.584743,-1.91261,-1.38420989706944e-06,-4.9389206668291e-06,-0.909485669430035,0.111102085335111
11684,-0.551275,-1.92252,-1.23213077021748e-06,-5.01373265739466e-06,-0.915346582363772,-0.777752503801188
11684,-0.517638,-1.93185,-1.23820900742352e-06,-5.03751749399711e-06,-0.910462498171642,0.333308963364261
11784,-0.483844,-1.94059,-1.08065782496912e-06,-5.1013221301249e-06,-0.912416143749915,-0.555523964021929
11784,-0.449902,-1.94874,-1.08482191387822e-06,-5.12004518087082e-06,-0.912416143752077,0.555523964220183
11884,-0.415823,-1.9563,-9.22722551450091e-07,-5.1723752958772e-06,-0.910462498170266,-0.33330896316818
11884,-0.381618,-1.96325,-9.25272368521191e-07,-5.18589761737562e-06,-0.915346582366712,0.777752503993725
11984,-0.347296,-1.96962,-7.59592996750319e-07,-5.22638393741145e-06,-0.909485669429565,-0.111102085145729
12084,-0.312869,-1.97538,-5.92422156082367e-07,-5.26128302522306e-06,-0.919253778305011,-0.999999999895287
12084,-0.278346,-1.98054,-5.92582271884165e-07,-5.26298493502503e-06,-0.909485669430107,0.111102085358526
12184,-0.243739,-1.98509,-4.23443572230811e-07,-5.28568192827642e-06,-0.915346582363447,-0.777752503777644
12184,-0.209057,-1.98904,-4.23032084173792e-07,-5.28196382592874e-06,-0.910462498171781,0.333308963386432
12284,-0.174311,-1.99239,-2.52952811146571e-07,-5.29235997053253e-06,-0.912416143749663,-0.555523964001473
12284,-0.139513,-1.99513,-2.52298663372798e-07,-5.28325584459111e-06,-0.912416143752267,0.555523964238395
12384,-0.104672,-1.99726,-8.231013996571e-08,-5.28136001387143e-06,-0.910462498170238,-0.333308963148834
12384,-0.069799,-1.99878,-8.17385684955053e-08,-5.266947091246e-06,-0.915346582367131,0.777752504016471
12484,-0.0349048,-1.9997,8.71364483148144e-08,-5.25287572582616e-06,-0.909485669429557,-0.111102085121833
12584,-4.35203e-16,-2,2.54936549528766e-07,-5.23327346876958e-06,-0.919253778304537,-0.999999999870803
12584,0.0349048,-1.9997,2.54067872126179e-07,-5.20724770228772e-06,-0.909485669430058,0.111102085378513
12684,0.069799,-1.99878,4.1916725645452e-07,-5.17586042839371e-06,-0.915346582363139,-0.777752503762792
12684,0.104672,-1.99726,4.17207897926618e-07,-5.14495659674082e-06,-0.9104624981717,0.333308963393593
12784,0.139513,-1.99513,5.78658717474777e-07,-5.10216086998954e-06,-0.912416143749591,-0.555523964001403
12784,0.174311,-1.99239,5.7533493356367e-07,-5.06661592645234e-06,-0.912416143752134,0.555523964232273
12884,0.209057,-1.98904,7.32234318240773e-07,-5.01288058729663e-06,-0.91046249817019,-0.333308963161724
12884,0.243739,-1.98509,7.27294265747011e-07,-4.97296443199643e-06,-0.915346582366752,0.777752503996427
12984,0.278346,-1.98054,8.78794519929951e-07,-4.90884388200168e-06,-0.909485669429543,-0.111102085145531
13084,0.312869,-1.97538,1.026974115737e-06,-4.84031194480473e-06,-0.919253778305079,-0.999999999897294
13084,0.347296,-1.96962,1.01732839534307e-06,-4.79098101677766e-06,-0.909485669429971,0.111102085349981
13184,0.381618,-1.96325,1.15888223968516e-06,-4.71307611035887e-06,-0.915346582363621,-0.777752503792476
13184,0.415823,-1.9563,1.14692180774444e-06,-4.66031426309556e-06,-0.910462498171561,0.33330896336634
13284,0.449902,-1.94874,1.28118097470809e-06,-4.57376997659638e-06,-0.912416143749886,-0.555523964026324
13284,0.483844,-1.94059,1.26676393456729e-06,-4.51794444133734e-06,-0.912416143751904,0.555523964209538
13384,0.517638,-1.93185,1.393138518186e-06,-4.4235462866345e-06,-0.910462498170363,-0.333308963182687
13384,0.551275,-1.92252,1.37615386467714e-06,-4.36503661276271e-06,-0.915346582366464,0.777752503976962
13484,0.584743,-1.91261,1.49413750794674e-06,-4.26361066399121e-06,-0.909485669429569,-0.111102085165906
13584,0.618034,-1.90211,1.60733157486777e-06,-4.15964569448256e-06,-0.919253778305519,-0.999999999919186
13584,0.651136,-1.89104,1.58367610808956e-06,-4.09520524328821e-06,-0.909485669429928,0.111102085328226
13684,0.68404,-1.87939,1.6878334407165e-06,-3.98555665962722e-06,-0.915346582363942,-0.777752503814258
13684,0.716736,-1.86716,1.6613668896514e-06,-3.91959425264573e-06,-0.910462498171394,0.333308963343945
13784,0.749213,-1.85437,1.75620148210202e-06,-3.80514520965836e-06,-0.912416143750121,-0.555523964050058
13784,0.781462,-1.84101,1.72693615811558e-06,-3.73805066222703e-06,-0.91241614375158,0.555523964183364
13884,0.813473,-1.82709,1.81224718408038e-06,-3.61968776513016e-06,-0.91046249817049,-0.333308963212306
13884,0.845237,-1.81262,1.78022318538318e-06,-3.5518420206725e-06,-0.915346582365913,0.777752503943214
13984,0.876742,-1.79759,1.85589354105763e-06,-3.43044491142829e-06,-0.909485669429626,-0.1111020852007
14084,0.907981,-1.78201,1.92630866191984e-06,-3.30864883186001e-06,-0.919253778306215,-0.999999999954254
14084,0.938943,-1.7659,1.88716875027155e-06,-3.23864916668312e-06,-0.909485669429858,0.111102085292581
14184,0.969619,-1.74924,1.94791059221165e-06,-3.11516124777794e-06,-0.915346582364524,-0.777752503850263
14184,1,-1.73205,1.90619994337366e-06,-3.04549590666208e-06,-0.910462498171194,0.333308963308465
14284,1.03008,-1.71433,1.95735236316687e-06,-2.92114274754985e-06,-0.91241614375052,-0.55552396408445
14284,1.05984,-1.6961,1.91320796425899e-06,-2.85213529438694e-06,-0.912416143751235,0.55552396415093
14384,1.08928,-1.67734,1.95492456935443e-06,-2.72771136529685e-06,-0.910462498170724,-0.333308963242461
14384,1.11839,-1.65808,1.90850174702337e-06,-2.65966510808486e-06,-0.915346582365498,0.777752503915531
14484,1.14715,-1.6383,1.94100131930125e-06,-2.53592832849923e-06,-0.909485669429676,-0.111102085228531
14584,1.17557,-1.61803,1.96873550284203e-06,-2.41371701212947e-06,-0.919253778306762,-0.999999999982903
14584,1.20363,-1.59727,1.91603357028119e-06,-2.3467948282721e-06,-0.909485669429825,0.1111020852655
14684,1.23132,-1.57602,1.93501727451458e-06,-2.22637094476301e-06,-0.91534658236492,-0.777752503876537
14684,1.25864,-1.55429,1.88054363343604e-06,-2.16125075282038e-06,-0.910462498170955,0.333308963280004
14784,1.28558,-1.53209,1.89114420321775e-06,-2.04326624375151e-06,-0.912416143750819,-0.555523964114867
14784,1.31212,-1.50942,1.83512124958986e-06,-1.98017393387316e-06,-0.912416143750872,0.555523964118932
14884,1.33826,-1.48629,1.83775669055228e-06,-1.86523780582506e-06,-0.910462498170903,-0.333308963276861
14884,1.364,-1.46271,1.78042000605565e-06,-1.80437928935687e-06,-0.915346582364901,0.777752503878194
14984,1.38932,-1.43868,1.7755557014401e-06,-1.69305686229457e-06,-0.909485669429939,-0.111102085257194
14984,1.41421,-1.41421,1.71715365557768e-06,-1.63461856898858e-06,-0.919253778307102,0.999999999999985
5850,1.43868,-1.38932,1.70529932974436e-06,-1.52743090285931e-06,0.909485669429985,-0.111102085260202
5849,1.46271,-1.364,1.69015131780109e-06,-1.42344046813769e-06,0.915346582364833,0.777752503871339
5849,1.48629,-1.33826,1.62779966194076e-06,-1.36900260242396e-06,0.910462498171102,-0.333308963290407
5848,1.50942,-1.31212,1.60653501219167e-06,-1.26984767487767e-06,0.91241614375073,0.555523964099018
5848,1.53209,-1.28558,1.54391900601289e-06,-1.21834730754376e-06,0.912416143751186,-0.555523964140576
5847,1.55429,-1.25864,1.51714486376569e-06,-1.12442374779195e-06,0.91046249817085,0.333308963247604
5847,1.57602,-1.23132,1.45456496869778e-06,-1.07596928325156e-06,0.91534658236556,-0.777752503916265
5846,1.59727,-1.20363,1.42292003398875e-06,-9.87619437682466e-07,0.909485669429786,0.111102085221649
5845,1.61803,-1.17557,1.3892184329869e-06,-9.03023296796154e-07,0.919253778306525,0.999999999969829
5845,1.6383,-1.14715,1.32483381704179e-06,-8.59805801901267e-07,0.909485669429914,-0.11110208528211
5844,1.65808,-1.11839,1.2872895450493e-06,-7.81174910486418e-07,0.915346582364627,0.777752503855747
5844,1.67734,-1.08928,1.22388587985071e-06,-7.41269024443885e-07,0.910462498171258,-0.333308963307527
5843,1.6961,-1.05984,1.18319325435508e-06,-6.68787233991517e-07,0.912416143750537,0.555523964080912
5843,1.71433,-1.03008,1.12109346998019e-06,-6.3220609291486e-07,0.912416143751378,-0.555523964158821
5842,1.73205,-1,1.07795751122628e-06,-5.65990729692008e-07,0.910462498170701,0.333308963230334
5842,1.74924,-0.969619,1.01748248548451e-06,-5.32722521245459e-07,0.915346582365767,-0.777752503931841
5841,1.7659,-0.938943,9.72612424462002e-07,-4.72823693499746e-07,0.909485669429766,0.111102085205045
5840,1.78201,-0.907981,9.27360446397664e-07,-4.16766661037081e-07,0.919253778306158,0.99999999995149
5840,1.79759,-0.876742,8.68182827123507e-07,-3.89233322203384e-07,0.909485669429983,-0.111102085301555
5839,1.81262,-0.845237,8.2226804300625e-07,-3.39408708803222e-07,0.915346582364319,0.777752503835052
5839,1.82709,-0.813473,7.65681677080435e-07,-3.15077932684303e-07,0.910462498171384,-0.333308963330046
5838,1.84101,-0.781462,7.19796528494205e-07,-2.71367519489566e-07,0.912416143750258,0.555523964056995
5838,1.85437,-0.749213,6.66103663556223e-07,-2.50129719488689e-07,0.91241614375167,-0.555523964183538
5837,1.86716,-0.716736,6.20924654463454e-07,-2.12353963396395e-07,0.91046249817059,0.333308963203332
5837,1.87939,-0.68404,5.7041839715425e-07,-1.94077555990865e-07,0.915346582366259,-0.777752503962114
5836,1.89104,-0.651136,5.26600391982391e-07,-1.61997407488493e-07,0.909485669429712,0.11110208517308
5835,1.90211,-0.618034,4.83919182450145e-07,-1.33121827174221e-07,0.919253778305505,0.999999999918216
5835,1.91261,-0.584743,4.37732719014805e-07,-1.19847354789687e-07,0.909485669430072,-0.111102085335106
5834,1.92252,-0.551275,3.97334498776791e-07,-9.61553972454666e-08,0.915346582363824,0.777752503801191
5834,1.93185,-0.517638,3.55181872327897e-07,-8.53748926308338e-08,0.910462498171638,-0.333308963364257
5833,1.94059,-0.483844,3.17635151588567e-07,-6.64805402552731e-08,0.912416143749874,0.555523964021932
5833,1.94874,-0.449902,2.7974853265487e-07,-5.79749160663119e-08,0.91241614375206,-0.555523964220175
5832,1.9563,-0.415823,2.45574855412085e-07,-4.34377789010383e-08,0.910462498170272,0.333308963168192
5832,1.96325,-0.381618,2.12162734646505e-07,-3.69696615274903e-08,0.915346582366721,-0.777752503993719
5831,1.96962,-0.347296,1.81828899137218e-07,-2.62983711620391e-08,0.909485669429573,0.111102085145735
5830,1.97538,-0.312869,1.53708676717759e-07,-1.76012283947711e-08,0.919253778305019,0.999999999895301
5830,1.98054,-0.278346,1.26984055732958e-07,-1.42711054272809e-08,0.909485669430095,-0.11110208535852
5829,1.98509,-0.243739,1.03270615379753e-07,-8.56774363716687e-09,0.915346582363408,0.777752503777643
5829,1.98904,-0.209057,8.15307727273362e-08,-6.51156722283605e-09,0.910462498171767,-0.333308963386425
5828,1.99239,-0.174311,6.25242348558921e-08,-3.20845623087823e-09,0.91241614374965,0.555523964001481
5828,1.99513,-0.139513,4.58591822803609e-08,-2.13313355084441e-09,0.912416143752221,-0.555523964238393
5827,1.99726,-0.104672,3.17887419614298e-08,-6.11137117674087e-10,0.910462498170182,0.333308963148836
5827,1.99878,-0.069799,2.02583587095405e-08,-2.17316500191291e-10,0.915346582367075,-0.777752504016468
5826,1.9997,-0.0349048,1.128131155004e-08,1.6269228698415e-10,0.909485669429527,0.111102085121839
