origElemNum,globCoord-x,globCoord-y,acouPotentialD1-,locCoord-xi,locCoord-eta
5825,2,-2.20442e-18,-0.00516556936998809,0.919253778304535,0.999999999870795
5825,1.9997,0.0349048,-0.0056931751895531,0.909485669430051,-0.11110208537854
5824,1.99878,0.069799,-0.00622314265714955,0.915346582363134,0.7777525037628
5824,1.99726,0.104672,-0.00674902635721133,0.910462498171695,-0.333308963393583
5823,1.99513,0.139513,-0.00727471537764051,0.912416143749585,0.555523964001403
5823,1.99239,0.174311,-0.00779800415092824,0.912416143752112,-0.555523964232293
5822,1.98904,0.209057,-0.00831868923134497,0.910462498170195,0.33330896316169
5822,1.98509,0.243739,-0.00883849564810269,0.915346582366752,-0.777752503996411
5821,1.98054,0.278346,-0.00935343479815832,0.909485669429537,0.111102085145532
5820,1.97538,0.312869,-0.00986886011787243,0.91925377830504,0.999999999897275
5820,1.96962,0.347296,-0.0103773128519651,0.909485669429959,-0.111102085350008
5819,1.96325,0.381618,-0.0108857416847333,0.915346582363608,0.777752503792493
5819,1.9563,0.415823,-0.0113887012968858,0.910462498171543,-0.333308963366333
5818,1.94874,0.449902,-0.0118894130499307,0.912416143749872,0.555523964026318
5818,1.94059,0.483844,-0.0123860132853709,0.912416143751876,-0.555523964209557
5817,1.93185,0.517638,-0.0128783253989138,0.910462498170338,0.333308963182653
5817,1.92252,0.551275,-0.0133677290706574,0.915346582366455,-0.777752503976955
5816,1.91261,0.584743,-0.0138510015768561,0.909485669429567,0.111102085165898
5815,1.90211,0.618034,-0.0143323919365669,0.919253778305533,0.999999999919169
5815,1.89104,0.651136,-0.0148060145578541,0.909485669429933,-0.111102085328256
5814,1.87939,0.68404,-0.0152772806301285,0.915346582363941,0.777752503814277
5814,1.86716,0.716736,-0.0157419906629016,0.910462498171402,-0.333308963343933
5813,1.85437,0.749213,-0.0162025851465018,0.912416143750119,0.555523964050056
5813,1.84101,0.781462,-0.0166576533327134,0.912416143751575,-0.555523964183394
5812,1.82709,0.813473,-0.01710710030542,0.910462498170486,0.333308963212263
5812,1.81262,0.845237,-0.0175518280736708,0.915346582365915,-0.777752503943209
5811,1.79759,0.876742,-0.0179896963033117,0.909485669429635,0.111102085200681
5810,1.78201,0.907981,-0.0184233937283209,0.919253778306195,0.999999999954235
5810,1.7659,0.938943,-0.0188493011163456,0.909485669429844,-0.111102085292603
5809,1.74924,0.969619,-0.0192706128412284,0.915346582364538,0.777752503850291
5809,1.73205,1,-0.0196849591306166,0.910462498171199,-0.333308963308445
5808,1.71433,1.03008,-0.0200936101134372,0.912416143750526,0.555523964084446
5808,1.6961,1.05984,-0.0204958190439811,0.912416143751246,-0.555523964150953
5807,1.67734,1.08928,-0.0208915762668089,0.910462498170725,0.333308963242434
5807,1.65808,1.11839,-0.0212810770736422,0.915346582365508,-0.777752503915519
5806,1.6383,1.14715,-0.0216637594733193,0.909485669429676,0.11110208522853
5805,1.61803,1.17557,-0.0220400145855266,0.919253778306765,0.999999999982884
5805,1.59727,1.20363,-0.0224095112966864,0.909485669429817,-0.111102085265541
5804,1.57602,1.23132,-0.0227721845560081,0.9153465823649,0.777752503876539
5804,1.55429,1.25864,-0.0231282326712081,0.910462498170939,-0.333308963279996
5803,1.53209,1.28558,-0.0234772245182661,0.912416143750815,0.555523964114853
5803,1.50942,1.31212,-0.0238193110292025,0.91241614375085,-0.555523964118972
5802,1.48629,1.33826,-0.0241545353224138,0.910462498170897,0.333308963276791
5802,1.46271,1.364,-0.0244821698122158,0.915346582364929,-0.77775250387822
5801,1.43868,1.38932,-0.0248035913456087,0.909485669429954,0.111102085257182
5801,1.41421,1.41421,-0.0251163147462707,0.919253778307104,-0.999999999999994
850,1.38932,1.43868,-0.0254239225022406,0.909485669429991,-0.111102085260227
849,1.364,1.46271,-0.0257224426160565,0.915346582364834,0.777752503871359
849,1.33826,1.48629,-0.0260150451945354,0.910462498171096,-0.333308963290402
848,1.31212,1.50942,-0.0262993183294359,0.912416143750729,0.555523964099008
848,1.28558,1.53209,-0.0265764190178345,0.912416143751184,-0.555523964140596
847,1.25864,1.55429,-0.0268463578856899,0.910462498170846,0.333308963247574
847,1.23132,1.57602,-0.0271074467756287,0.915346582365554,-0.777752503916259
846,1.20363,1.59727,-0.0273629402299647,0.90948566942978,0.111102085221654
845,1.17557,1.61803,-0.027607514155874,0.919253778306528,0.999999999969813
845,1.14715,1.6383,-0.0278484559087008,0.909485669429915,-0.111102085282135
844,1.11839,1.65808,-0.0280781010317456,0.915346582364625,0.777752503855763
844,1.08928,1.67734,-0.0283023488887426,0.910462498171253,-0.333308963307521
843,1.05984,1.6961,-0.0285169979038572,0.912416143750542,0.555523964080906
843,1.03008,1.71433,-0.0287241096337354,0.912416143751377,-0.555523964158847
842,1,1.73205,-0.028923683063443,0.910462498170698,0.333308963230309
842,0.969619,1.74924,-0.0291132195815705,0.915346582365766,-0.777752503931825
841,0.938943,1.7659,-0.0292975899277539,0.909485669429764,0.111102085205048
840,0.907981,1.78201,-0.0294691068747547,0.919253778306164,0.99999999995148
840,0.876742,1.79759,-0.0296380857592597,0.909485669429979,-0.11110208530158
839,0.845237,1.81262,-0.0297938751121656,0.91534658236432,0.777752503835068
839,0.813473,1.82709,-0.0299444786583755,0.91046249817139,-0.33330896333004
838,0.781462,1.84101,-0.0300842901102939,0.912416143750255,0.555523964056983
838,0.749213,1.85437,-0.0302160163776791,0.912416143751674,-0.555523964183563
837,0.716736,1.86716,-0.0303395323639615,0.910462498170584,0.333308963203304
837,0.68404,1.87939,-0.0304518748913064,0.915346582366261,-0.777752503962098
836,0.651136,1.89104,-0.0305587149517477,0.909485669429719,0.111102085173086
835,0.618034,1.90211,-0.0306511698970211,0.919253778305509,0.999999999918205
835,0.584743,1.91261,-0.0307409388421081,0.909485669430073,-0.111102085335132
834,0.551275,1.92252,-0.0308160538723176,0.915346582363819,0.777752503801204
834,0.517638,1.93185,-0.0308854202429355,0.910462498171637,-0.333308963364254
833,0.483844,1.94059,-0.0309429342227491,0.912416143749877,0.55552396402192
833,0.449902,1.94874,-0.0309915925108852,0.91241614375206,-0.555523964220202
832,0.415823,1.9563,-0.0310313780760905,0.910462498170279,0.333308963168166
832,0.381618,1.96325,-0.0310591280747445,0.915346582366717,-0.777752503993703
831,0.347296,1.96962,-0.0310811762098312,0.909485669429573,0.111102085145737
830,0.312869,1.97538,-0.0310878958697956,0.919253778305012,0.99999999989529
830,0.278346,1.98054,-0.0310922599020933,0.909485669430091,-0.111102085358547
829,0.243739,1.98509,-0.0310811965598778,0.915346582363415,0.77775250377766
829,0.209057,1.98904,-0.0310646269564534,0.910462498171767,-0.333308963386422
828,0.174311,1.99239,-0.0310358804519686,0.912416143749651,0.55552396400147
828,0.139513,1.99513,-0.0309983311216772,0.912416143752224,-0.555523964238419
827,0.104672,1.99726,-0.0309520311717409,0.910462498170184,0.33330896314881
827,0.069799,1.99878,-0.0308934811221792,0.915346582367074,-0.777752504016452
826,0.0349048,1.9997,-0.0308297957615561,0.909485669429527,0.111102085121841
825,1.27747e-16,2,-0.0307502571226128,0.919253778304535,0.999999999870799
825,-0.0349048,1.9997,-0.0306694021048084,0.909485669430051,-0.111102085378537
824,-0.069799,1.99878,-0.0305726543705022,0.915346582363134,0.777752503762801
824,-0.104672,1.99726,-0.0304711427627662,0.910462498171695,-0.333308963393583
823,-0.139513,1.99513,-0.0303574409967774,0.912416143749585,0.555523964001401
823,-0.174311,1.99239,-0.0302353535122264,0.912416143752112,-0.555523964232297
822,-0.209057,1.98904,-0.0301049721194234,0.910462498170195,0.333308963161685
822,-0.243739,1.98509,-0.0299624052140253,0.915346582366744,-0.777752503996403
821,-0.278346,1.98054,-0.0298156309265228,0.909485669429538,0.111102085145537
820,-0.312869,1.97538,-0.0296526983046185,0.919253778305041,0.999999999897278
820,-0.347296,1.96962,-0.0294898445349746,0.90948566942996,-0.111102085350006
819,-0.381618,1.96325,-0.0293108467353175,0.915346582363608,0.777752503792493
819,-0.415823,1.9563,-0.0291281228186356,0.910462498171543,-0.333308963366333
818,-0.449902,1.94874,-0.0289334442664421,0.912416143749872,0.555523964026316
818,-0.483844,1.94059,-0.028731065733732,0.912416143751875,-0.555523964209561
817,-0.517638,1.93185,-0.0285211402684006,0.910462498170336,0.333308963182646
817,-0.551275,1.92252,-0.0282993740680821,0.915346582366457,-0.777752503976948
816,-0.584743,1.91261,-0.0280746894036322,0.909485669429562,0.111102085165907
815,-0.618034,1.90211,-0.0278338463848968,0.919253778305526,0.999999999919175
815,-0.651136,1.89104,-0.0275949285674653,0.909485669429935,-0.111102085328253
814,-0.68404,1.87939,-0.0273399622350316,0.915346582363941,0.777752503814277
814,-0.716736,1.86716,-0.0270827634128911,0.910462498171402,-0.333308963343933
813,-0.749213,1.85437,-0.0268142482847248,0.912416143750117,0.555523964050053
813,-0.781462,1.84101,-0.0265391570664784,0.912416143751584,-0.555523964183396
812,-0.813473,1.82709,-0.0262576853565017,0.910462498170484,0.33330896321226
812,-0.845237,1.81262,-0.0259651158198656,0.91534658236591,-0.7777525039432
811,-0.876742,1.79759,-0.0256712949597795,0.909485669429639,0.111102085200672
810,-0.907981,1.78201,-0.0253616881011318,0.919253778306197,0.999999999954239
810,-0.938943,1.7659,-0.0250561270805503,0.909485669429848,-0.111102085292613
809,-0.969619,1.74924,-0.024734949335562,0.915346582364533,0.777752503850298
809,-1,1.73205,-0.0244132268555561,0.910462498171205,-0.333308963308436
808,-1.03008,1.71433,-0.0240810650167017,0.912416143750522,0.55552396408444
808,-1.05984,1.6961,-0.0237436094499571,0.912416143751243,-0.555523964150944
807,-1.08928,1.67734,-0.0234010151574191,0.910462498170733,0.33330896324243
807,-1.11839,1.65808,-0.0230482541079831,0.915346582365511,-0.777752503915504
806,-1.14715,1.6383,-0.022695745720102,0.909485669429678,0.11110208522852
805,-1.17557,1.61803,-0.0223281063911102,0.91925377830677,0.999999999982889
805,-1.20363,1.59727,-0.0219661695314988,0.909485669429819,-0.111102085265551
804,-1.23132,1.57602,-0.0215892887762084,0.915346582364893,0.777752503876544
804,-1.25864,1.55429,-0.0212131717924005,0.910462498170937,-0.333308963279986
803,-1.28558,1.53209,-0.0208275055703986,0.912416143750809,0.555523964114847
803,-1.31212,1.50942,-0.0204376144905655,0.912416143750849,-0.555523964118962
802,-1.33826,1.48629,-0.0200435940146089,0.910462498170897,0.333308963276791
802,-1.364,1.46271,-0.019640345463567,0.915346582364928,-0.77775250387821
801,-1.38932,1.43868,-0.0192383846528314,0.909485669429954,0.111102085257172
801,-1.41421,1.41421,-0.0188222094900206,0.919253778307104,-0.999999999999994
15850,-1.43868,1.38932,-0.0184127043360021,0.909485669429991,-0.111102085260237
15849,-1.46271,1.364,-0.017989213196337,0.915346582364828,0.777752503871364
15849,-1.48629,1.33826,-0.0175673772305798,0.910462498171103,-0.333308963290387
15848,-1.50942,1.31212,-0.0171369562953022,0.912416143750729,0.555523964099008
15848,-1.53209,1.28558,-0.0167032239514541,0.912416143751185,-0.555523964140586
15847,-1.55429,1.25864,-0.0162662419334968,0.910462498170851,0.333308963247569
15847,-1.57602,1.23132,-0.0158210647807719,0.915346582365555,-0.777752503916249
15846,-1.59727,1.20363,-0.015377880541838,0.909485669429784,0.111102085221639
15845,-1.61803,1.17557,-0.0149217293045323,0.919253778306531,0.999999999969823
15845,-1.6383,1.14715,-0.01447269209569,0.909485669429917,-0.111102085282151
15844,-1.65808,1.11839,-0.0140109719100268,0.915346582364627,0.777752503855772
15844,-1.67734,1.08928,-0.0135515099088661,0.910462498171251,-0.333308963307506
15843,-1.6961,1.05984,-0.0130845784097912,0.912416143750542,0.555523964080906
15843,-1.71433,1.03008,-0.012615194922593,0.912416143751375,-0.555523964158831
15842,-1.73205,1,-0.0121434152359246,0.910462498170697,0.333308963230296
15842,-1.74924,0.969619,-0.0116646393298949,0.915346582365764,-0.777752503931822
15841,-1.7659,0.938943,-0.0111883799366228,0.909485669429762,0.111102085205035
15840,-1.78201,0.907981,-0.0107007672514095,0.919253778306162,0.999999999951483
15840,-1.79759,0.876742,-0.0102204045742555,0.909485669429984,-0.111102085301589
15839,-1.81262,0.845237,-0.00972904692094398,0.915346582364318,0.777752503835071
15839,-1.82709,0.813473,-0.00924046187603305,0.910462498171391,-0.333308963330024
15838,-1.84101,0.781462,-0.0087457650145695,0.912416143750253,0.555523964056986
15838,-1.85437,0.749213,-0.00824957006413386,0.912416143751674,-0.555523964183544
15837,-1.86716,0.716736,-0.0077519567741109,0.910462498170589,0.333308963203294
15837,-1.87939,0.68404,-0.00724879704608191,0.915346582366259,-0.777752503962095
15836,-1.89104,0.651136,-0.00674870997070944,0.909485669429715,0.111102085173074
15835,-1.90211,0.618034,-0.00623926186953025,0.919253778305508,0.999999999918209
15835,-1.91261,0.584743,-0.00573716295850055,0.909485669430068,-0.111102085335144
15834,-1.92252,0.551275,-0.00522614159734516,0.915346582363818,0.777752503801208
15834,-1.93185,0.517638,-0.00471850622396102,0.910462498171639,-0.333308963364235
15833,-1.94059,0.483844,-0.0042064142220029,0.912416143749876,0.555523964021923
15833,-1.94874,0.449902,-0.00369398997176804,0.912416143752063,-0.555523964220183
15832,-1.9563,0.415823,-0.00318136050082247,0.910462498170272,0.333308963168156
15832,-1.96325,0.381618,-0.00266493183643338,0.915346582366716,-0.7777525039937
15831,-1.96962,0.347296,-0.00215233254722927,0.909485669429575,0.111102085145728
15830,-1.97538,0.312869,-0.00163272091744539,0.91925377830502,0.999999999895294
15830,-1.98054,0.278346,-0.00112075498466309,0.909485669430092,-0.111102085358556
15829,-1.98509,0.243739,-0.000602298717697822,0.915346582363415,0.777752503777664
15829,-1.98904,0.209057,-8.81104207970649e-05,0.910462498171765,-0.333308963386404
15828,-1.99239,0.174311,0.000428557023786855,0.912416143749651,0.555523964001473
15828,-1.99513,0.139513,0.000944095164425742,0.912416143752222,-0.5555239642384
15827,-1.99726,0.104672,0.00145835478012889,0.910462498170184,0.3333089631488
15827,-1.99878,0.069799,0.0019743808333537,0.915346582367074,-0.777752504016448
15826,-1.9997,0.0349048,0.00248565514615509,0.909485669429527,0.111102085121831
15825,-2,2.46315e-16,0.00300132883321944,0.919253778304535,0.999999999870803
15825,-1.9997,-0.0349048,0.00350908210513311,0.909485669430051,-0.111102085378547
15824,-1.99878,-0.069799,0.00402071380360192,0.915346582363134,0.777752503762804
15824,-1.99726,-0.104672,0.00452729435468033,0.910462498171696,-0.333308963393566
15823,-1.99513,-0.139513,0.00503436642587704,0.912416143749586,0.555523964001405
15823,-1.99239,-0.174311,0.00553895874155195,0.912416143752114,-0.555523964232279
15822,-1.98904,-0.209057,0.00604095540727787,0.910462498170195,0.333308963161688
15822,-1.98509,-0.243739,0.00654273695299777,0.915346582366744,-0.7777525039964
15821,-1.98054,-0.278346,0.00703914529244111,0.909485669429545,0.111102085145526
15820,-1.97538,-0.312869,0.00753729704454621,0.919253778305042,0.999999999897283
15820,-1.96962,-0.347296,0.00802763202236532,0.909485669429957,-0.111102085350017
15819,-1.96325,-0.381618,0.00851919864332684,0.915346582363609,0.777752503792499
15819,-1.9563,-0.415823,0.00900518095054269,0.910462498171549,-0.333308963366345
15818,-1.94874,-0.449902,0.00948973947643789,0.912416143749872,0.555523964026319
15818,-1.94059,-0.483844,0.00997063001763524,0.91241614375188,-0.555523964209544
15817,-1.93185,-0.517638,0.0104478009900155,0.910462498170337,0.33330896318265
15817,-1.92252,-0.551275,0.0109228920240432,0.915346582366458,-0.777752503976945
15816,-1.91261,-0.584743,0.0113923334541558,0.909485669429567,0.111102085165898
15815,-1.90211,-0.618034,0.0118609369721832,0.919253778305528,0.999999999919178
15815,-1.89104,-0.651136,0.0123223287740237,0.90948566942994,-0.111102085328262
15814,-1.87939,-0.68404,0.0127824192530312,0.915346582363942,0.77775250381428
15814,-1.86716,-0.716736,0.013236818518748,0.910462498171397,-0.333308963343943
15813,-1.85437,-0.749213,0.0136881100920912,0.912416143750119,0.555523964050056
15813,-1.84101,-0.781462,0.0141348778174272,0.912416143751582,-0.555523964183381
15812,-1.82709,-0.813473,0.0145771052016162,0.910462498170486,0.333308963212263
15812,-1.81262,-0.845237,0.0150156194607722,0.915346582365912,-0.777752503943197
15811,-1.79759,-0.876742,0.0154485286673954,0.909485669429641,0.111102085200675
15810,-1.78201,-0.907981,0.0158781776133163,0.919253778306197,0.999999999954239
15810,-1.7659,-0.938943,0.0163015053746145,0.90948566942985,-0.11110208529261
15809,-1.74924,-0.969619,0.0167211355304035,0.915346582364535,0.777752503850301
15809,-1.73205,-1,0.0171351400457587,0.9104624981712,-0.333308963308458
15808,-1.71433,-1.03008,0.0175444660946379,0.912416143750526,0.555523964084446
15808,-1.6961,-1.05984,0.017948511976074,0.912416143751243,-0.555523964150944
15807,-1.67734,-1.08928,0.0183472265624248,0.910462498170725,0.333308963242434
15807,-1.65808,-1.11839,0.0187406780363194,0.915346582365503,-0.7777525039155
15806,-1.6383,-1.14715,0.0191284618061713,0.90948566942967,0.111102085228524
15805,-1.61803,-1.17557,0.0195106901866764,0.919253778306763,0.999999999982893
15805,-1.59727,-1.20363,0.0198872188063065,0.909485669429812,-0.111102085265547
15804,-1.57602,-1.23132,0.0202577701486168,0.915346582364898,0.777752503876549
15804,-1.55429,-1.25864,0.0206225557114171,0.910462498170935,-0.333308963280012
15803,-1.53209,-1.28558,0.0209811130072978,0.912416143750815,0.555523964114853
15803,-1.50942,-1.31212,0.0213335461373631,0.912416143750855,-0.555523964118957
15802,-1.48629,-1.33826,0.021679794292952,0.910462498170897,0.333308963276791
15802,-1.46271,-1.364,0.022019281046112,0.915346582364928,-0.77775250387821
15801,-1.43868,-1.38932,0.0223529103418455,0.909485669429954,0.111102085257172
15801,-1.41421,-1.41421,0.022678874223599,0.919253778307098,-0.999999999999989
10084,-1.38932,-1.43868,0.0229995805987147,-0.909485669429983,0.111102085260242
10184,-1.364,-1.46271,0.023312245913202,-0.915346582364814,-0.777752503871363
10184,-1.33826,-1.48629,0.0236189708251125,-0.910462498171062,0.333308963290425
10284,-1.31212,-1.50942,0.0239180803770155,-0.912416143750702,-0.555523964098991
10284,-1.28558,-1.53209,0.0242103131665649,-0.912416143751175,0.55552396414059
10384,-1.25864,-1.55429,0.0244956440992209,-0.910462498170858,-0.333308963247603
10384,-1.23132,-1.57602,0.0247729178824595,-0.915346582365569,0.777752503916277
10484,-1.20363,-1.59727,0.0250442952130686,-0.909485669429755,-0.111102085221656
10584,-1.17557,-1.61803,0.0253061902471393,-0.919253778306467,-0.999999999969833
10584,-1.14715,-1.6383,0.025563485914707,-0.909485669429891,0.111102085282108
10684,-1.11839,-1.65808,0.0258110196671401,-0.915346582364624,-0.777752503855743
10684,-1.08928,-1.67734,0.026052756180937,-0.910462498171255,0.333308963307532
10784,-1.05984,-1.6961,0.0262858621786767,-0.912416143750544,-0.555523964080908
10784,-1.03008,-1.71433,0.0265117164517609,-0.912416143751393,0.555523964158839
10884,-1,-1.73205,0.0267303479453525,-0.910462498170715,-0.333308963230315
10884,-0.969619,-1.74924,0.0269400212091857,-0.915346582365772,0.777752503931858
10984,-0.938943,-1.7659,0.0271441319379853,-0.909485669429763,-0.111102085205032
11084,-0.907981,-1.78201,0.0273373356830813,-0.919253778306154,-0.99999999995149
11084,-0.876742,-1.79759,0.0275268519390994,-0.909485669429981,0.111102085301552
11184,-0.845237,-1.81262,0.0277052253256106,-0.915346582364332,-0.777752503835052
11184,-0.813473,-1.82709,0.0278780938522901,-0.910462498171421,0.333308963330044
11284,-0.781462,-1.84101,0.0280415040248685,-0.912416143750289,-0.555523964056998
11284,-0.749213,-1.85437,0.0281973675243215,-0.912416143751684,0.555523964183542
11384,-0.716736,-1.86716,0.0283456209183116,-0.910462498170579,-0.333308963203316
11384,-0.68404,-1.87939,0.0284840972868291,-0.915346582366256,0.777752503962127
11484,-0.651136,-1.89104,0.0286169349907215,-0.9094856694297,-0.111102085173069
11584,-0.618034,-1.90211,0.0287376023847731,-0.919253778305473,-0.9999999999182
11584,-0.584743,-1.91261,0.0288546876084836,-0.909485669430035,0.111102085335111
11684,-0.551275,-1.92252,0.0289593052036017,-0.915346582363772,-0.777752503801188
11684,-0.517638,-1.93185,0.0290579950747161,-0.910462498171642,0.333308963364261
11784,-0.483844,-1.94059,0.0291461153309503,-0.912416143749915,-0.555523964021929
11784,-0.449902,-1.94874,0.0292258353894551,-0.912416143752077,0.555523964220183
11884,-0.415823,-1.9563,0.0292969260165011,-0.910462498170266,-0.33330896316818
11884,-0.381618,-1.96325,0.0293570502880143,-0.915346582366712,0.777752503993725
11984,-0.347296,-1.96962,0.0294105218215672,-0.909485669429565,-0.111102085145729
12084,-0.312869,-1.97538,0.0294503898088244,-0.919253778305011,-0.999999999895287
12084,-0.278346,-1.98054,0.0294856080432397,-0.909485669430107,0.111102085358526
12184,-0.243739,-1.98509,0.0295068299353293,-0.915346582363447,-0.777752503777644
12184,-0.209057,-1.98904,0.0295208382762175,-0.910462498171781,0.333308963386432
12284,-0.174311,-1.99239,0.0295227710688819,-0.912416143749663,-0.555523964001473
12284,-0.139513,-1.99513,0.029514884256717,-0.912416143752267,0.555523964238395
12384,-0.104672,-1.99726,0.0294969277880611,-0.910462498170238,-0.333308963148834
12384,-0.069799,-1.99878,0.0294664832119464,-0.915346582367131,0.777752504016471
12484,-0.0349048,-1.9997,0.0294281148858332,-0.909485669429557,-0.111102085121833
12584,-4.35203e-16,-2,0.0293744994097059,-0.919253778304537,-0.999999999870803
12584,0.0349048,-1.9997,0.0293153187897074,-0.909485669430058,0.111102085378513
12684,0.069799,-1.99878,0.0292405600938563,-0.915346582363139,-0.777752503762792
12684,0.104672,-1.99726,0.0291577407251688,-0.9104624981717,0.333308963393593
12784,0.139513,-1.99513,0.0290616298732126,-0.912416143749591,-0.555523964001403
12784,0.174311,-1.99239,0.0289548266591589,-0.912416143752134,0.555523964232273
12884,0.209057,-1.98904,0.0288373198952665,-0.91046249817019,-0.333308963161724
12884,0.243739,-1.98509,0.0287062917320391,-0.915346582366752,0.777752503996427
12984,0.278346,-1.98054,0.0285675064500185,-0.909485669429543,-0.111102085145531
13084,0.312869,-1.97538,0.0284121210510207,-0.919253778305079,-0.999999999897294
13084,0.347296,-1.96962,0.0282523406141146,-0.909485669429971,0.111102085349981
13184,0.381618,-1.96325,0.0280758485284929,-0.915346582363621,-0.777752503792476
13184,0.415823,-1.9563,0.0278922761830381,-0.910462498171561,0.33330896336634
13284,0.449902,-1.94874,0.027695216463365,-0.912416143749886,-0.555523964026324
13284,0.483844,-1.94059,0.0274880831840093,-0.912416143751904,0.555523964209538
13384,0.517638,-1.93185,0.0272711904767543,-0.910462498170363,-0.333308963182687
13384,0.551275,-1.92252,0.0270408981008988,-0.915346582366464,0.777752503976962
13484,0.584743,-1.91261,0.026805137643638,-0.909485669429569,-0.111102085165906
13584,0.618034,-1.90211,0.026552276704748,-0.919253778305519,-0.999999999919186
13584,0.651136,-1.89104,0.0262988506904082,-0.909485669429928,0.111102085328226
13684,0.68404,-1.87939,0.02602858559512,-0.915346582363942,-0.777752503814258
13684,0.716736,-1.86716,0.0257545421252959,-0.910462498171394,0.333308963343945
13784,0.749213,-1.85437,0.0254683780695211,-0.912416143750121,-0.555523964050058
13784,0.781462,-1.84101,0.025174748541907,-0.91241614375158,0.555523964183364
13884,0.813473,-1.82709,0.0248742638370656,-0.91046249817049,-0.333308963212306
13884,0.845237,-1.81262,0.0245621449966671,-0.915346582365913,0.777752503943214
13984,0.876742,-1.79759,0.0242488747217426,-0.909485669429626,-0.1111020852007
14084,0.907981,-1.78201,0.0239193817723839,-0.919253778306215,-0.999999999954254
14084,0.938943,-1.7659,0.0235947469154507,-0.909485669429858,0.111102085292581
14184,0.969619,-1.74924,0.0232543313683037,-0.915346582364524,-0.777752503850263
14184,1,-1.73205,0.0229142638971478,-0.910462498171194,0.333308963308465
14284,1.03008,-1.71433,0.0225641714869871,-0.91241614375052,-0.55552396408445
14284,1.05984,-1.6961,0.0222095998175938,-0.912416143751235,0.55552396415093
14384,1.08928,-1.67734,0.0218508602363391,-0.910462498170724,-0.333308963242461
14384,1.11839,-1.65808,0.0214826225029105,-0.915346582365498,0.777752503915531
14484,1.14715,-1.6383,0.0211160049236439,-0.909485669429676,-0.111102085228531
14584,1.17557,-1.61803,0.0207348282872679,-0.919253778306762,-0.999999999982903
14584,1.20363,-1.59727,0.0203608626877317,-0.909485669429825,0.1111020852655
14684,1.23132,-1.57602,0.0199726874515181,-0.91534658236492,-0.777752503876537
14684,1.25864,-1.55429,0.0195864335812714,-0.910462498170955,0.333308963280004
14784,1.28558,-1.53209,0.019191587582934,-0.912416143750819,-0.555523964114867
14784,1.31212,-1.50942,0.0187935154109461,-0.912416143750872,0.555523964118932
14884,1.33826,-1.48629,0.0183921646376739,-0.910462498170903,-0.333308963276861
14884,1.364,-1.46271,0.0179826582195065,-0.915346582364901,0.777752503878194
14984,1.38932,-1.43868,0.0175747843749374,-0.909485669429939,-0.111102085257194
14984,1.41421,-1.41421,0.0171541309340552,-0.919253778307102,0.999999999999985
5850,1.43868,-1.38932,0.0167395683404917,0.909485669429985,-0.111102085260202
5849,1.46271,-1.364,0.0163124618156141,0.915346582364833,0.777752503871339
5849,1.48629,-1.33826,0.0158865126431396,0.910462498171102,-0.333308963290407
5848,1.50942,-1.31212,0.0154527360280087,0.91241614375073,0.555523964099018
5848,1.53209,-1.28558,0.015015612911141,0.912416143751186,-0.555523964140576
5847,1.55429,-1.25864,0.0145749942947395,0.91046249817085,0.333308963247604
5847,1.57602,-1.23132,0.014126957363596,0.91534658236556,-0.777752503916265
5846,1.59727,-1.20363,0.0136794021515266,0.909485669429786,0.111102085221649
5845,1.61803,-1.17557,0.0132207528752256,0.919253778306525,0.999999999969829
5845,1.6383,-1.14715,0.0127662126483145,0.909485669429914,-0.11110208528211
5844,1.65808,-1.11839,0.0123008573057558,0.915346582364627,0.777752503855747
5844,1.67734,-1.08928,0.0118357345440055,0.910462498171258,-0.333308963307527
5843,1.6961,-1.05984,0.0113637028736175,0.912416143750537,0.555523964080912
5843,1.71433,-1.03008,0.0108884142448172,0.912416143751378,-0.555523964158821
5842,1.73205,-1,0.0104098566165465,0.910462498170701,0.333308963230334
5842,1.74924,-0.969619,0.00992488241898966,0.915346582365767,-0.777752503931841
5841,1.7659,-0.938943,0.0094400288602791,0.909485669429766,0.111102085205045
5840,1.78201,-0.907981,0.00894586996370154,0.919253778306158,0.99999999995149
5840,1.79759,-0.876742,0.00845499904378073,0.909485669429983,-0.111102085301555
5839,1.81262,-0.845237,0.00795518188064793,0.915346582364319,0.777752503835052
5839,1.82709,-0.813473,0.00745566635948338,0.910462498171384,-0.333308963330046
5838,1.84101,-0.781462,0.00695059536695405,0.912416143750258,0.555523964056995
5838,1.85437,-0.749213,0.00644308284286101,0.91241614375167,-0.555523964183538
5837,1.86716,-0.716736,0.00593323277041575,0.91046249817059,0.333308963203332
5837,1.87939,-0.68404,0.00541839545023414,0.915346582366259,-0.777752503962114
5836,1.89104,-0.651136,0.00490428320355198,0.909485669429712,0.11110208517308
5835,1.90211,-0.618034,0.00438281995956174,0.919253778305505,0.999999999918216
5835,1.91261,-0.584743,0.00386502019083097,0.909485669430072,-0.111102085335106
5834,1.92252,-0.551275,0.0033403057663569,0.915346582363824,0.777752503801191
5834,1.93185,-0.517638,0.00281682231419165,0.910462498171638,-0.333308963364257
5833,1.94059,-0.483844,0.0022895096694354,0.912416143749874,0.555523964021932
5833,1.94874,-0.449902,0.00176114735505864,0.91241614375206,-0.555523964220175
5832,1.9563,-0.415823,0.00123192821755007,0.910462498170272,0.333308963168192
5832,1.96325,-0.381618,0.000699524793480393,0.915346582366721,-0.777752503993719
5831,1.96962,-0.347296,0.000169133138615294,0.909485669429573,0.111102085145735
5830,1.97538,-0.312869,-0.000366441730588477,0.919253778305019,0.999999999895301
5830,1.98054,-0.278346,-0.000897247802185897,0.909485669430095,-0.11110208535852
5829,1.98509,-0.243739,-0.00143274252640592,0.915346582363408,0.777752503777643
5829,1.98904,-0.209057,-0.00196556330283435,0.910462498171767,-0.333308963386425
5828,1.99239,-0.174311,-0.0025002082164205,0.91241614374965,0.555523964001481
5828,1.99513,-0.139513,-0.00303415135335401,0.912416143752221,-0.555523964238393
5827,1.99726,-0.104672,-0.00356718251250806,0.910462498170182,0.333308963148836
5827,1.99878,-0.069799,-0.00410135871778424,0.915346582367075,-0.777752504016468
5826,1.9997,-0.0349048,-0.00463203543946711,0.909485669429527,0.111102085121839
