origElemNum,globCoord-x,globCoord-y,acouPotentialD1-,locCoord-xi,locCoord-eta
5825,2,-2.20442e-18,1.71606106240665e-05,0.919253778304535,0.999999999870795
5825,1.9997,0.0349048,1.65293435913562e-05,0.909485669430051,-0.11110208537854
5824,1.99878,0.069799,1.5917009206144e-05,0.915346582363134,0.7777525037628
5824,1.99726,0.104672,1.52893130692483e-05,0.910462498171695,-0.333308963393583
5823,1.99513,0.139513,1.46671653822556e-05,0.912416143749585,0.555523964001403
5823,1.99239,0.174311,1.4039930727543e-05,0.912416143752112,-0.555523964232293
5822,1.98904,0.209057,1.34077107905623e-05,0.910462498170195,0.33330896316169
5822,1.98509,0.243739,1.27789404128145e-05,0.915346582366752,-0.777752503996411
5821,1.98054,0.278346,1.21380789944267e-05,0.909485669429537,0.111102085145532
5820,1.97538,0.312869,1.15067525422917e-05,0.91925377830504,0.999999999897275
5820,1.96962,0.347296,1.08600266521907e-05,0.909485669429959,-0.111102085350008
5819,1.96325,0.381618,1.02215938594545e-05,0.915346582363608,0.777752503792493
5819,1.9563,0.415823,9.57702818493748e-06,0.910462498171543,-0.333308963366333
5818,1.94874,0.449902,8.93548089101058e-06,0.912416143749872,0.555523964026318
5818,1.94059,0.483844,8.29370084933761e-06,0.912416143751876,-0.555523964209557
5817,1.93185,0.517638,7.65345503354951e-06,0.910462498170338,0.333308963182653
5817,1.92252,0.551275,7.01524888469538e-06,0.915346582366455,-0.777752503976955
5816,1.91261,0.584743,6.38087290014986e-06,0.909485669429567,0.111102085165898
5815,1.90211,0.618034,5.74710454870308e-06,0.919253778305533,0.999999999919169
5815,1.89104,0.651136,5.12314489038991e-06,0.909485669429933,-0.111102085328256
5814,1.87939,0.68404,4.49888621466976e-06,0.915346582363941,0.777752503814277
5814,1.86716,0.716736,3.88541900092012e-06,0.910462498171402,-0.333308963343933
5813,1.85437,0.749213,3.27481301862651e-06,0.912416143750119,0.555523964050056
5813,1.84101,0.781462,2.67220703432398e-06,0.912416143751575,-0.555523964183394
5812,1.82709,0.813473,2.07889897169602e-06,0.910462498170486,0.333308963212263
5812,1.81262,0.845237,1.48730216201451e-06,0.915346582365915,-0.777752503943209
5811,1.79759,0.876742,9.14568144687763e-07,0.909485669429635,0.111102085200681
5810,1.78201,0.907981,3.34035758665397e-07,0.919253778306195,0.999999999954235
5810,1.7659,0.938943,-2.15109865645094e-07,0.909485669429844,-0.111102085292603
5809,1.74924,0.969619,-7.73209253745802e-07,0.915346582364538,0.777752503850291
5809,1.73205,1,-1.30749508108847e-06,0.910462498171199,-0.333308963308445
5808,1.71433,1.03008,-1.84061546667746e-06,0.912416143750526,0.555523964084446
5808,1.6961,1.05984,-2.36052431762589e-06,0.912416143751246,-0.555523964150953
5807,1.67734,1.08928,-2.86649646712821e-06,0.910462498170725,0.333308963242434
5807,1.65808,1.11839,-3.37259236537181e-06,0.915346582365508,-0.777752503915519
5806,1.6383,1.14715,-3.84945486050047e-06,0.909485669429676,0.11110208522853
5805,1.61803,1.17557,-4.34227770157236e-06,0.919253778306765,0.999999999982884
5805,1.59727,1.20363,-4.78821899240155e-06,0.909485669429817,-0.111102085265541
5804,1.57602,1.23132,-5.251319399919e-06,0.9153465823649,0.777752503876539
5804,1.55429,1.25864,-5.68181422647461e-06,0.910462498170939,-0.333308963279996
5803,1.53209,1.28558,-6.11376941903041e-06,0.912416143750815,0.555523964114853
5803,1.50942,1.31212,-6.52975773323646e-06,0.91241614375085,-0.555523964118972
5802,1.48629,1.33826,-6.92946981017888e-06,0.910462498170897,0.333308963276791
5802,1.46271,1.364,-7.3319113624211e-06,0.915346582364929,-0.77775250387822
5801,1.43868,1.38932,-7.69842927636894e-06,0.909485669429954,0.111102085257182
5801,1.41421,1.41421,-8.08821689207237e-06,0.919253778307104,-0.999999999999994
850,1.38932,1.43868,-8.42066612893262e-06,0.909485669429991,-0.111102085260227
849,1.364,1.46271,-8.77748539622629e-06,0.915346582364834,0.777752503871359
849,1.33826,1.48629,-9.09621246788658e-06,0.910462498171096,-0.333308963290402
848,1.31212,1.50942,-9.41923115274725e-06,0.912416143750729,0.555523964099008
848,1.28558,1.53209,-9.72507462917189e-06,0.912416143751184,-0.555523964140596
847,1.25864,1.55429,-1.00134813697289e-05,0.910462498170846,0.333308963247574
847,1.23132,1.57602,-1.03071618119654e-05,0.915346582365554,-0.777752503916259
846,1.20363,1.59727,-1.05602294093062e-05,0.90948566942978,0.111102085221654
845,1.17557,1.61803,-1.0842447761227e-05,0.919253778306528,0.999999999969813
845,1.14715,1.6383,-1.10597463243508e-05,0.909485669429915,-0.111102085282135
844,1.11839,1.65808,-1.13071250406636e-05,0.915346582364625,0.777752503855763
844,1.08928,1.67734,-1.15127212989636e-05,0.910462498171253,-0.333308963307521
843,1.05984,1.6961,-1.17251079950298e-05,0.912416143750542,0.555523964080906
843,1.03008,1.71433,-1.19199256955408e-05,0.912416143751377,-0.555523964158847
842,1,1.73205,-1.20971303130464e-05,0.910462498170698,0.333308963230309
842,0.969619,1.74924,-1.22819178938091e-05,0.915346582365766,-0.777752503931825
841,0.938943,1.7659,-1.24237783566837e-05,0.909485669429764,0.111102085205048
840,0.907981,1.78201,-1.25992498134548e-05,0.919253778306164,0.99999999995148
840,0.876742,1.79759,-1.27058795425334e-05,0.909485669429979,-0.11110208530158
839,0.845237,1.81262,-1.28468500828874e-05,0.91534658236432,0.777752503835068
839,0.813473,1.82709,-1.29446248874537e-05,0.91046249817139,-0.33330896333004
838,0.781462,1.84101,-1.30514170318327e-05,0.912416143750255,0.555523964056983
838,0.749213,1.85437,-1.31411827715582e-05,0.912416143751674,-0.555523964183563
837,0.716736,1.86716,-1.32140477100831e-05,0.910462498170584,0.333308963203304
837,0.68404,1.87939,-1.32965040745415e-05,0.915346582366261,-0.777752503962098
836,0.651136,1.89104,-1.33358674800756e-05,0.909485669429719,0.111102085173086
835,0.618034,1.90211,-1.34118393756145e-05,0.919253778305509,0.999999999918205
835,0.584743,1.91261,-1.34186014656452e-05,0.909485669430073,-0.111102085335132
834,0.551275,1.92252,-1.34625837454055e-05,0.915346582363819,0.777752503801204
834,0.517638,1.93185,-1.34643821718588e-05,0.910462498171637,-0.333308963364254
833,0.483844,1.94059,-1.3477341638622e-05,0.912416143749877,0.55552396402192
833,0.449902,1.94874,-1.34750055531087e-05,0.91241614375206,-0.555523964220202
832,0.415823,1.9563,-1.3457619351795e-05,0.910462498170279,0.333308963168166
832,0.381618,1.96325,-1.34517334128329e-05,0.915346582366717,-0.777752503993703
831,0.347296,1.96962,-1.3404642509755e-05,0.909485669429573,0.111102085145737
830,0.312869,1.97538,-1.33957738627625e-05,0.919253778305012,0.99999999989529
830,0.278346,1.98054,-1.3319790327394e-05,0.909485669430091,-0.111102085358547
829,0.243739,1.98509,-1.32822693233762e-05,0.915346582363415,0.77775250377766
829,0.209057,1.98904,-1.32044722329089e-05,0.910462498171767,-0.333308963386422
828,0.174311,1.99239,-1.31390630024969e-05,0.912416143749651,0.55552396400147
828,0.139513,1.99513,-1.30599304063133e-05,0.912416143752224,-0.555523964238419
827,0.104672,1.99726,-1.29674246866536e-05,0.910462498170184,0.33330896314881
827,0.069799,1.99878,-1.28874200400559e-05,0.915346582367074,-0.777752504016452
826,0.0349048,1.9997,-1.27687320938568e-05,0.909485669429527,0.111102085121841
825,1.27747e-16,2,-1.26882820313091e-05,0.919253778304535,0.999999999870799
825,-0.0349048,1.9997,-1.25442230385746e-05,0.909485669430051,-0.111102085378537
824,-0.069799,1.99878,-1.24382756959683e-05,0.915346582363134,0.777752503762801
824,-0.104672,1.99726,-1.22945145837124e-05,0.910462498171695,-0.333308963393583
823,-0.139513,1.99513,-1.21633321170314e-05,0.912416143749585,0.555523964001401
823,-0.174311,1.99239,-1.2019581043961e-05,0.912416143752112,-0.555523964232297
822,-0.209057,1.98904,-1.18632971557401e-05,0.910462498170195,0.333308963161685
822,-0.243739,1.98509,-1.17192182643235e-05,0.915346582366744,-0.777752503996403
821,-0.278346,1.98054,-1.15380696820895e-05,0.909485669429538,0.111102085145537
820,-0.312869,1.97538,-1.13933051175325e-05,0.919253778305041,0.999999999897278
820,-0.347296,1.96962,-1.11875306143352e-05,0.90948566942996,-0.111102085350006
819,-0.381618,1.96325,-1.10176243939471e-05,0.915346582363608,0.777752503792493
819,-0.415823,1.9563,-1.08113257478535e-05,0.910462498171543,-0.333308963366333
818,-0.449902,1.94874,-1.06163978416353e-05,0.912416143749872,0.555523964026316
818,-0.483844,1.94059,-1.04090452914368e-05,0.912416143751875,-0.555523964209561
817,-0.517638,1.93185,-1.01893387369343e-05,0.910462498170336,0.333308963182646
817,-0.551275,1.92252,-9.98036929063277e-06,0.915346582366457,-0.777752503976948
816,-0.584743,1.91261,-9.73604464574712e-06,0.909485669429562,0.111102085165907
815,-0.618034,1.90211,-9.52462623788962e-06,0.919253778305526,0.999999999919175
815,-0.651136,1.89104,-9.25549463488435e-06,0.909485669429935,-0.111102085328253
814,-0.68404,1.87939,-9.01834670243743e-06,0.915346582363941,0.777752503814277
814,-0.716736,1.86716,-8.74627563472591e-06,0.910462498171402,-0.333308963343933
813,-0.749213,1.85437,-8.483246633404e-06,0.912416143750117,0.555523964050053
813,-0.781462,1.84101,-8.20736106560424e-06,0.912416143751584,-0.555523964183396
812,-0.813473,1.82709,-7.91868573488916e-06,0.910462498170484,0.33330896321226
812,-0.845237,1.81262,-7.63812870484478e-06,0.91534658236591,-0.7777525039432
811,-0.876742,1.79759,-7.32394762731477e-06,0.909485669429639,0.111102085200672
810,-0.907981,1.78201,-7.03751758089029e-06,0.919253778306197,0.999999999954239
810,-0.938943,1.7659,-6.69762386241039e-06,0.909485669429848,-0.111102085292613
809,-0.969619,1.74924,-6.38428389864983e-06,0.915346582364533,0.777752503850298
809,-1,1.73205,-6.03810285289223e-06,0.910462498171205,-0.333308963308436
808,-1.03008,1.71433,-5.69785342005997e-06,0.912416143750522,0.55552396408444
808,-1.05984,1.6961,-5.3442878724368e-06,0.912416143751243,-0.555523964150944
807,-1.08928,1.67734,-4.97753592750172e-06,0.910462498170733,0.33330896324243
807,-1.11839,1.65808,-4.61553316637763e-06,0.915346582365511,-0.777752503915504
806,-1.14715,1.6383,-4.22277980790663e-06,0.909485669429678,0.11110208522852
805,-1.17557,1.61803,-3.85114065435343e-06,0.91925377830677,0.999999999982889
805,-1.20363,1.59727,-3.43285912483705e-06,0.909485669429819,-0.111102085265551
804,-1.23132,1.57602,-3.03440841674644e-06,0.915346582364893,0.777752503876544
804,-1.25864,1.55429,-2.60716411926926e-06,0.910462498170937,-0.333308963279986
803,-1.28558,1.53209,-2.18268976225252e-06,0.912416143750809,0.555523964114847
803,-1.31212,1.50942,-1.74556136215325e-06,0.912416143750849,-0.555523964118962
802,-1.33826,1.48629,-1.2961623561061e-06,0.910462498170897,0.333308963276791
802,-1.364,1.46271,-8.48219911760292e-07,0.915346582364928,-0.77775250387821
801,-1.38932,1.43868,-3.75062590461703e-07,0.909485669429954,0.111102085257172
801,-1.41421,1.41421,8.47395678530946e-08,0.919253778307104,-0.999999999999994
15850,-1.43868,1.38932,5.80484384748129e-07,0.909485669429991,-0.111102085260237
15849,-1.46271,1.364,1.06427859035075e-06,0.915346582364828,0.777752503871364
15849,-1.48629,1.33826,1.57037160569386e-06,0.910462498171103,-0.333308963290387
15848,-1.50942,1.31212,2.07694235362351e-06,0.912416143750729,0.555523964099008
15848,-1.53209,1.28558,2.59447134308026e-06,0.912416143751185,-0.555523964140586
15847,-1.55429,1.25864,3.12254889132733e-06,0.910462498170851,0.333308963247569
15847,-1.57602,1.23132,3.65267137252221e-06,0.915346582365555,-0.777752503916249
15846,-1.59727,1.20363,4.20088708181182e-06,0.909485669429784,0.111102085221639
15845,-1.61803,1.17557,4.74475503019579e-06,0.919253778306531,0.999999999969823
15845,-1.6383,1.14715,5.31148069807444e-06,0.909485669429917,-0.111102085282151
15844,-1.65808,1.11839,5.87535448778394e-06,0.915346582364627,0.777752503855772
15844,-1.67734,1.08928,6.4534713457159e-06,0.910462498171251,-0.333308963307506
15843,-1.6961,1.05984,7.03545762598539e-06,0.912416143750542,0.555523964080906
15843,-1.71433,1.03008,7.62587340699261e-06,0.912416143751375,-0.555523964158831
15842,-1.73205,1,8.22408301034647e-06,0.910462498170697,0.333308963230296
15842,-1.74924,0.969619,8.82781678735427e-06,0.915346582365764,-0.777752503931822
15841,-1.7659,0.938943,9.44034733685675e-06,0.909485669429762,0.111102085205035
15840,-1.78201,0.907981,1.00584442530962e-05,0.919253778306162,0.999999999951483
15840,-1.79759,0.876742,1.06832444718673e-05,0.909485669429984,-0.111102085301589
15839,-1.81262,0.845237,1.13152253791955e-05,0.915346582364318,0.777752503835071
15839,-1.82709,0.813473,1.1951555527032e-05,0.910462498171391,-0.333308963330024
15838,-1.84101,0.781462,1.25952160289754e-05,0.912416143750253,0.555523964056986
15838,-1.85437,0.749213,1.32439934098913e-05,0.912416143751674,-0.555523964183544
15837,-1.86716,0.716736,1.38971221982094e-05,0.910462498170589,0.333308963203294
15837,-1.87939,0.68404,1.45593327466206e-05,0.915346582366259,-0.777752503962095
15836,-1.89104,0.651136,1.52196878101569e-05,0.909485669429715,0.111102085173074
15835,-1.90211,0.618034,1.58963217268038e-05,0.919253778305508,0.999999999918209
15835,-1.91261,0.584743,1.65615538112903e-05,0.909485669430068,-0.111102085335144
15834,-1.92252,0.551275,1.72447650115323e-05,0.915346582363818,0.777752503801208
15834,-1.93185,0.517638,1.79212432951851e-05,0.910462498171639,-0.333308963364235
15833,-1.94059,0.483844,1.86086013701613e-05,0.912416143749876,0.555523964021923
15833,-1.94874,0.449902,1.92972381646226e-05,0.912416143752063,-0.555523964220183
15832,-1.9563,0.415823,1.99862805672945e-05,0.910462498170272,0.333308963168156
15832,-1.96325,0.381618,2.06880013497043e-05,0.915346582366716,-0.7777525039937
15831,-1.96962,0.347296,2.13762276758252e-05,0.909485669429575,0.111102085145728
15830,-1.97538,0.312869,2.20919588242336e-05,0.91925377830502,0.999999999895294
15830,-1.98054,0.278346,2.27768245785668e-05,0.909485669430092,-0.111102085358556
15829,-1.98509,0.243739,2.34909357512207e-05,0.915346582363415,0.777752503777664
15829,-1.98904,0.209057,2.41864083323829e-05,0.910462498171765,-0.333308963386404
15828,-1.99239,0.174311,2.48963256176596e-05,0.912416143749651,0.555523964001473
15828,-1.99513,0.139513,2.56033155247194e-05,0.912416143752222,-0.5555239642384
15827,-1.99726,0.104672,2.63064965898146e-05,0.910462498170184,0.3333089631488
15827,-1.99878,0.069799,2.70259618051913e-05,0.915346582367074,-0.777752504016448
15826,-1.9997,0.0349048,2.77199142114061e-05,0.909485669429527,0.111102085121831
15825,-2,2.46315e-16,2.8452835178712e-05,0.919253778304535,0.999999999870803
15825,-1.9997,-0.0349048,2.91350273289331e-05,0.909485669430051,-0.111102085378547
15824,-1.99878,-0.069799,2.98579240818994e-05,0.915346582363134,0.777752503762804
15824,-1.99726,-0.104672,3.0550086807775e-05,0.910462498171696,-0.333308963393566
15823,-1.99513,-0.139513,3.12602464472409e-05,0.912416143749586,0.555523964001405
15823,-1.99239,-0.174311,3.196315380784e-05,0.912416143752114,-0.555523964232279
15822,-1.98904,-0.209057,3.2657855729808e-05,0.910462498170195,0.333308963161688
15822,-1.98509,-0.243739,3.33723193295776e-05,0.915346582366744,-0.7777525039964
15821,-1.98054,-0.278346,3.4048947511737e-05,0.909485669429545,0.111102085145526
15820,-1.97538,-0.312869,3.47758234415614e-05,0.919253778305042,0.999999999897283
15820,-1.96962,-0.347296,3.54318176309388e-05,0.909485669429957,-0.111102085350017
15819,-1.96325,-0.381618,3.61397505467173e-05,0.915346582363609,0.777752503792499
15819,-1.9563,-0.415823,3.68047758172395e-05,0.910462498171549,-0.333308963366345
15818,-1.94874,-0.449902,3.74912738521152e-05,0.912416143749872,0.555523964026319
15818,-1.94059,-0.483844,3.81662824056747e-05,0.91241614375188,-0.555523964209544
15817,-1.93185,-0.517638,3.88289999506364e-05,0.910462498170337,0.33330896318265
15817,-1.92252,-0.551275,3.95149507987703e-05,0.915346582366458,-0.777752503976945
15816,-1.91261,-0.584743,4.01514528707726e-05,0.909485669429567,0.111102085165898
15815,-1.90211,-0.618034,4.08490869845822e-05,0.919253778305528,0.999999999919178
15815,-1.89104,-0.651136,4.14566112874586e-05,0.90948566942994,-0.111102085328262
15814,-1.87939,-0.68404,4.21267326548627e-05,0.915346582363942,0.77775250381428
15814,-1.86716,-0.716736,4.27421215581587e-05,0.910462498171397,-0.333308963343943
15813,-1.85437,-0.749213,4.33820263383549e-05,0.912416143750119,0.555523964050056
15813,-1.84101,-0.781462,4.40060563933237e-05,0.912416143751582,-0.555523964183381
15812,-1.82709,-0.813473,4.4613491534784e-05,0.910462498170486,0.333308963212263
15812,-1.81262,-0.845237,4.52470788684133e-05,0.915346582365912,-0.777752503943197
15811,-1.79759,-0.876742,4.58198879612292e-05,0.909485669429641,0.111102085200675
15810,-1.78201,-0.907981,4.64637719104002e-05,0.919253778306197,0.999999999954239
15810,-1.7659,-0.938943,4.6999626695229e-05,0.90948566942985,-0.11110208529261
15809,-1.74924,-0.969619,4.76079534087176e-05,0.915346582364535,0.777752503850301
15809,-1.73205,-1,4.81510334899795e-05,0.9104624981712,-0.333308963308458
15808,-1.71433,-1.03008,4.87216608915657e-05,0.912416143750526,0.555523964084446
15808,-1.6961,-1.05984,4.9272814817512e-05,0.912416143751243,-0.555523964150944
15807,-1.67734,-1.08928,4.98038391142046e-05,0.910462498170725,0.333308963242434
15807,-1.65808,-1.11839,5.03638422131373e-05,0.915346582365503,-0.7777525039155
15806,-1.6383,-1.14715,5.08532324591962e-05,0.90948566942967,0.111102085228524
15805,-1.61803,-1.17557,5.14225736098659e-05,0.919253778306763,0.999999999982893
15805,-1.59727,-1.20363,5.18681103471579e-05,0.909485669429812,-0.111102085265547
15804,-1.57602,-1.23132,5.23947679566545e-05,0.915346582364898,0.777752503876549
15804,-1.55429,-1.25864,5.28468316510163e-05,0.910462498170935,-0.333308963280012
15803,-1.53209,-1.28558,5.33289984237115e-05,0.912416143750815,0.555523964114853
15803,-1.50942,-1.31212,5.37884412121389e-05,0.912416143750855,-0.555523964118957
15802,-1.48629,-1.33826,5.42247258979587e-05,0.910462498170897,0.333308963276791
15802,-1.46271,-1.364,5.46923854611747e-05,0.915346582364928,-0.77775250387821
15801,-1.43868,-1.38932,5.50814014660955e-05,0.909485669429954,0.111102085257172
15801,-1.41421,-1.41421,5.55578954495342e-05,0.919253778307098,-0.999999999999989
10084,-1.38932,-1.43868,5.58980964712188e-05,-0.909485669429983,0.111102085260242
10184,-1.364,-1.46271,5.63267289601244e-05,-0.915346582364814,-0.777752503871363
10184,-1.33826,-1.48629,5.6673531665734e-05,-0.910462498171062,0.333308963290425
10284,-1.31212,-1.50942,5.70525029592271e-05,-0.912416143750702,-0.555523964098991
10284,-1.28558,-1.53209,5.74060469102559e-05,-0.912416143751175,0.55552396414059
10384,-1.25864,-1.55429,5.77333728020047e-05,-0.910462498170858,-0.333308963247603
10384,-1.23132,-1.57602,5.8093553174391e-05,-0.915346582365569,0.777752503916277
10484,-1.20363,-1.59727,5.83672981436028e-05,-0.909485669429755,-0.111102085221656
10584,-1.17557,-1.61803,5.87340346440184e-05,-0.919253778306467,-0.999999999969833
10584,-1.14715,-1.6383,5.8952888259472e-05,-0.909485669429891,0.111102085282108
10684,-1.11839,-1.65808,5.92655342093957e-05,-0.915346582364624,-0.777752503855743
10684,-1.08928,-1.67734,5.94898861150547e-05,-0.910462498171255,0.333308963307532
10784,-1.05984,-1.6961,5.97479394155261e-05,-0.912416143750544,-0.555523964080908
10784,-1.03008,-1.71433,5.99785425520739e-05,-0.912416143751393,0.555523964158839
10884,-1,-1.73205,6.01815074611399e-05,-0.910462498170715,-0.333308963230315
10884,-0.969619,-1.74924,6.04188527356602e-05,-0.915346582365772,0.777752503931858
10984,-0.938943,-1.7659,6.05661416452162e-05,-0.909485669429763,-0.111102085205032
11084,-0.907981,-1.78201,6.08105730370063e-05,-0.919253778306154,-0.99999999995149
11084,-0.876742,-1.79759,6.09016822563016e-05,-0.909485669429981,0.111102085301552
11184,-0.845237,-1.81262,6.10903856097864e-05,-0.915346582364332,-0.777752503835052
11184,-0.813473,-1.82709,6.11878174513767e-05,-0.910462498171421,0.333308963330044
11284,-0.781462,-1.84101,6.13199721856008e-05,-0.912416143750289,-0.555523964056998
11284,-0.749213,-1.85437,6.1423510415794e-05,-0.912416143751684,0.555523964183542
11384,-0.716736,-1.86716,6.14979396733489e-05,-0.910462498170579,-0.333308963203316
11384,-0.68404,-1.87939,6.16071689639397e-05,-0.915346582366256,0.777752503962127
11484,-0.651136,-1.89104,6.16231275844418e-05,-0.9094856694297,-0.111102085173069
11584,-0.618034,-1.90211,6.17380642445451e-05,-0.919253778305473,-0.9999999999182
11584,-0.584743,-1.91261,6.16959264762003e-05,-0.909485669430035,0.111102085335111
11684,-0.551275,-1.92252,6.17531833878946e-05,-0.915346582363772,-0.777752503801188
11684,-0.517638,-1.93185,6.17179209094716e-05,-0.910462498171642,0.333308963364261
11784,-0.483844,-1.94059,6.17183137405688e-05,-0.912416143749915,-0.555523964021929
11784,-0.449902,-1.94874,6.16904299493802e-05,-0.912416143752077,0.555523964220183
11884,-0.415823,-1.9563,6.16343784470568e-05,-0.910462498170266,-0.33330896316818
11884,-0.381618,-1.96325,6.16140428806603e-05,-0.915346582366712,0.777752503993725
11984,-0.347296,-1.96962,6.15019845054326e-05,-0.909485669429565,-0.111102085145729
12084,-0.312869,-1.97538,6.1489430218813e-05,-0.919253778305011,-0.999999999895287
12084,-0.278346,-1.98054,6.13222225491157e-05,-0.909485669430107,0.111102085358526
12184,-0.243739,-1.98509,6.12545806379666e-05,-0.915346582363447,-0.777752503777644
12184,-0.209057,-1.98904,6.10965774946576e-05,-0.910462498171781,0.333308963386432
12284,-0.174311,-1.99239,6.09749404262827e-05,-0.912416143749663,-0.555523964001473
12284,-0.139513,-1.99513,6.08266675200697e-05,-0.912416143752267,0.555523964238395
12384,-0.104672,-1.99726,6.06523950809426e-05,-0.910462498170238,-0.333308963148834
12384,-0.069799,-1.99878,6.05145112415153e-05,-0.915346582367131,0.777752504016471
12484,-0.0349048,-1.9997,6.02893613761307e-05,-0.909485669429557,-0.111102085121833
12584,-4.35203e-16,-2,6.01626220224e-05,-0.919253778304537,-0.999999999870803
12584,0.0349048,-1.9997,5.9888430389535e-05,-0.909485669430058,0.111102085378513
12684,0.069799,-1.99878,5.97125087113812e-05,-0.915346582363139,-0.777752503762792
12684,0.104672,-1.99726,5.94517099830815e-05,-0.9104624981717,0.333308963393593
12784,0.139513,-1.99513,5.92279946959727e-05,-0.912416143749591,-0.555523964001403
12784,0.174311,-1.99239,5.89807872694383e-05,-0.912416143752134,0.555523964232273
12884,0.209057,-1.98904,5.87106739203376e-05,-0.91046249817019,-0.333308963161724
12884,0.243739,-1.98509,5.84773002578178e-05,-0.915346582366752,0.777752503996427
12984,0.278346,-1.98054,5.81624563536404e-05,-0.909485669429543,-0.111102085145531
13084,0.312869,-1.97538,5.79432294185248e-05,-0.919253778305079,-0.999999999897294
13084,0.347296,-1.96962,5.75854432536425e-05,-0.909485669429971,0.111102085349981
13184,0.381618,-1.96325,5.73228560902632e-05,-0.915346582363621,-0.777752503792476
13184,0.415823,-1.9563,5.69816210415465e-05,-0.910462498171561,0.33330896336634
13284,0.449902,-1.94874,5.66774214143543e-05,-0.912416143749886,-0.555523964026324
13284,0.483844,-1.94059,5.63529871011804e-05,-0.912416143751904,0.555523964209538
13384,0.517638,-1.93185,5.60090411795991e-05,-0.910462498170363,-0.333308963182687
13384,0.551275,-1.92252,5.57015964376611e-05,-0.915346582366464,0.777752503976962
13484,0.584743,-1.91261,5.53195859304099e-05,-0.909485669429569,-0.111102085165906
13584,0.618034,-1.90211,5.50289717824457e-05,-0.919253778305519,-0.999999999919186
13584,0.651136,-1.89104,5.46100622979945e-05,-0.909485669429928,0.111102085328226
13684,0.68404,-1.87939,5.42816546809184e-05,-0.915346582363942,-0.777752503814258
13684,0.716736,-1.86716,5.3880834285213e-05,-0.910462498171394,0.333308963343945
13784,0.749213,-1.85437,5.35156513841803e-05,-0.912416143750121,-0.555523964050058
13784,0.781462,-1.84101,5.31325010296905e-05,-0.91241614375158,0.555523964183364
13884,0.813473,-1.82709,5.27319330275099e-05,-0.91046249817049,-0.333308963212306
13884,0.845237,-1.81262,5.23661235058865e-05,-0.915346582365913,0.777752503943214
13984,0.876742,-1.79759,5.19315738607081e-05,-0.909485669429626,-0.1111020852007
14084,0.907981,-1.78201,5.15825484961401e-05,-0.919253778306215,-0.999999999954254
14084,0.938943,-1.7659,5.11151299232582e-05,-0.909485669429858,0.111102085292581
14184,0.969619,-1.74924,5.07321438943523e-05,-0.915346582364524,-0.777752503850263
14184,1,-1.73205,5.02828402652122e-05,-0.910462498171194,0.333308963308465
14284,1.03008,-1.71433,4.98669754363505e-05,-0.91241614375052,-0.55552396408445
14284,1.05984,-1.6961,4.94350737598509e-05,-0.912416143751235,0.55552396415093
14384,1.08928,-1.67734,4.89875202108865e-05,-0.910462498170724,-0.333308963242461
14384,1.11839,-1.65808,4.8572220528413e-05,-0.915346582365498,0.777752503915531
14484,1.14715,-1.6383,4.80940193413778e-05,-0.909485669429676,-0.111102085228531
14584,1.17557,-1.61803,4.76942926157687e-05,-0.919253778306762,-0.999999999982903
14584,1.20363,-1.59727,4.71862784060411e-05,-0.909485669429825,0.1111020852655
14684,1.23132,-1.57602,4.67554090605568e-05,-0.91534658236492,-0.777752503876537
14684,1.25864,-1.55429,4.62640090461864e-05,-0.910462498170955,0.333308963280004
14784,1.28558,-1.53209,4.58029606957415e-05,-0.912416143750819,-0.555523964114867
14784,1.31212,-1.50942,4.5327210887546e-05,-0.912416143750872,0.555523964118932
14884,1.33826,-1.48629,4.48371300426483e-05,-0.910462498170903,-0.333308963276861
14884,1.364,-1.46271,4.43760348039315e-05,-0.915346582364901,0.777752503878194
14984,1.38932,-1.43868,4.38580213059355e-05,-0.909485669429939,-0.111102085257194
14984,1.41421,-1.41421,4.3410443410215e-05,-0.919253778307102,0.999999999999985
5850,1.43868,-1.38932,4.28654709791597e-05,0.909485669429985,-0.111102085260202
5849,1.46271,-1.364,4.2389459323379e-05,0.915346582364833,0.777752503871339
5849,1.48629,-1.33826,4.18591108829278e-05,0.910462498171102,-0.333308963290407
5848,1.50942,-1.31212,4.13555101308612e-05,0.91241614375073,0.555523964099018
5848,1.53209,-1.28558,4.08384152483786e-05,0.912416143751186,-0.555523964140576
5847,1.55429,-1.25864,4.03080071143838e-05,0.91046249817085,0.333308963247604
5847,1.57602,-1.23132,3.98027084316366e-05,0.91534658236556,-0.777752503916265
5846,1.59727,-1.20363,3.9246285884744e-05,0.909485669429786,0.111102085221649
5845,1.61803,-1.17557,3.8751324366398e-05,0.919253778306525,0.999999999969829
5845,1.6383,-1.14715,3.81698643564218e-05,0.909485669429914,-0.11110208528211
5844,1.65808,-1.11839,3.76483064802074e-05,0.915346582364627,0.777752503855747
5844,1.67734,-1.08928,3.70785770572999e-05,0.910462498171258,-0.333308963307527
5843,1.6961,-1.05984,3.65316145297567e-05,0.912416143750537,0.555523964080912
5843,1.71433,-1.03008,3.59723681795245e-05,0.912416143751378,-0.555523964158821
5842,1.73205,-1,3.5401180616048e-05,0.910462498170701,0.333308963230334
5842,1.74924,-0.969619,3.48510955600982e-05,0.915346582365767,-0.777752503931841
5841,1.7659,-0.938943,3.42568856540469e-05,0.909485669429766,0.111102085205045
5840,1.78201,-0.907981,3.37146515153941e-05,0.919253778306158,0.99999999995149
5840,1.79759,-0.876742,3.3098792856697e-05,0.909485669429983,-0.111102085301555
5839,1.81262,-0.845237,3.25333317520583e-05,0.915346582364319,0.777752503835052
5839,1.82709,-0.813473,3.19272578120308e-05,0.910462498171384,-0.333308963330046
5838,1.84101,-0.781462,3.13401662350039e-05,0.912416143750258,0.555523964056995
5838,1.85437,-0.749213,3.0742812503882e-05,0.91241614375167,-0.555523964183538
5837,1.86716,-0.716736,3.01357781847952e-05,0.91046249817059,0.333308963203332
5837,1.87939,-0.68404,2.95461019434578e-05,0.915346582366259,-0.777752503962114
5836,1.89104,-0.651136,2.89209969566393e-05,0.909485669429712,0.11110208517308
5835,1.90211,-0.618034,2.83380800142068e-05,0.919253778305505,0.999999999918216
5835,1.91261,-0.584743,2.76970911801341e-05,0.909485669430072,-0.111102085335106
5834,1.92252,-0.551275,2.70968422452806e-05,0.915346582363824,0.777752503801191
5834,1.93185,-0.517638,2.64657765896442e-05,0.910462498171638,-0.333308963364257
5833,1.94059,-0.483844,2.58507027618558e-05,0.912416143749874,0.555523964021932
5833,1.94874,-0.449902,2.52290440555041e-05,0.91241614375206,-0.555523964220175
5832,1.9563,-0.415823,2.46017894592072e-05,0.910462498170272,0.333308963168192
5832,1.96325,-0.381618,2.39890624238425e-05,0.915346582366721,-0.777752503993719
5831,1.96962,-0.347296,2.33523892127941e-05,0.909485669429573,0.111102085145735
5830,1.97538,-0.312869,2.2748156903671e-05,0.919253778305019,0.999999999895301
5830,1.98054,-0.278346,2.21048712552589e-05,0.909485669430095,-0.11110208535852
5829,1.98509,-0.243739,2.14925785668724e-05,0.915346582363408,0.777752503777643
5829,1.98904,-0.209057,2.08614052682426e-05,0.910462498171767,-0.333308963386425
5828,1.99239,-0.174311,2.02434838821044e-05,0.91241614374965,0.555523964001481
5828,1.99513,-0.139513,1.9623415578748e-05,0.912416143752221,-0.555523964238393
5827,1.99726,-0.104672,1.90014472822273e-05,0.910462498170182,0.333308963148836
5827,1.99878,-0.069799,1.83907192566259e-05,0.915346582367075,-0.777752504016468
5826,1.9997,-0.0349048,1.7764822235406e-05,0.909485669429527,0.111102085121839
