origElemNum,globCoord-x,globCoord-y,acouIntensity-x,acouIntensity-y,locCoord-xi,locCoord-eta
5825,2,-2.20442e-18,1.00263708782564e-08,-2.01114668378832e-08,0.919253778304535,0.999999999870795
5825,1.9997,0.0349048,2.05217756824941e-08,-2.50552038118169e-08,0.909485669430051,-0.11110208537854
5824,1.99878,0.069799,3.42728457261657e-08,-2.922698634789e-08,0.915346582363134,0.7777525037628
5824,1.99726,0.104672,5.12048039640756e-08,-3.35898326433062e-08,0.910462498171695,-0.333308963393583
5823,1.99513,0.139513,7.12536139221919e-08,-3.59253088425003e-08,0.912416143749585,0.555523964001403
5823,1.99239,0.174311,9.45452737014078e-08,-3.93254635459198e-08,0.912416143752112,-0.555523964232293
5822,1.98904,0.209057,1.20636112588102e-07,-3.90217264640462e-08,0.910462498170195,0.33330896316169
5822,1.98509,0.243739,1.50169341519764e-07,-4.10856940889251e-08,0.915346582366752,-0.777752503996411
5821,1.98054,0.278346,1.8196012577011e-07,-3.73709494591325e-08,0.909485669429537,0.111102085145532
5820,1.97538,0.312869,2.16578411045056e-07,-3.14376551075648e-08,0.91925377830504,0.999999999897275
5820,1.96962,0.347296,2.5464134393561e-07,-2.98786833826238e-08,0.909485669429959,-0.111102085350008
5819,1.96325,0.381618,2.94291239026119e-07,-1.93933158766897e-08,0.915346582363608,0.777752503792493
5819,1.9563,0.415823,3.37976882169208e-07,-1.55131905953993e-08,0.910462498171543,-0.333308963366333
5818,1.94874,0.449902,3.82110940104398e-07,1.78823213835476e-10,0.912416143749872,0.555523964026318
5818,1.94059,0.483844,4.31153553774839e-07,6.68424834660381e-09,0.912416143751876,-0.555523964209557
5817,1.93185,0.517638,4.79155719556481e-07,2.81793394967324e-08,0.910462498170338,0.333308963182653
5817,1.92252,0.551275,5.33257489453707e-07,3.7590217197233e-08,0.915346582366455,-0.777752503976955
5816,1.91261,0.584743,5.84449960064001e-07,6.54209655267375e-08,0.909485669429567,0.111102085165898
5815,1.90211,0.618034,6.37076244259683e-07,9.70951327231412e-08,0.919253778305533,0.999999999919169
5815,1.89104,0.651136,6.96932517136378e-07,1.12620006749034e-07,0.909485669429933,-0.111102085328256
5814,1.87939,0.68404,7.51602543172232e-07,1.51337137570654e-07,0.915346582363941,0.777752503814277
5814,1.86716,0.716736,8.15462091043166e-07,1.70385568657356e-07,0.910462498171402,-0.333308963343933
5813,1.85437,0.749213,8.71364013608308e-07,2.16477821381407e-07,0.912416143750119,0.555523964050056
5813,1.84101,0.781462,9.38822273522961e-07,2.39206796518821e-07,0.912416143751575,-0.555523964183394
5812,1.82709,0.813473,9.95103822160755e-07,2.92913389444145e-07,0.910462498170486,0.333308963212263
5812,1.81262,0.845237,1.06573231093321e-06,3.19442290285139e-07,0.915346582365915,-0.777752503943209
5811,1.79759,0.876742,1.12151286916904e-06,3.80907070315909e-07,0.909485669429635,0.111102085200681
5810,1.78201,0.907981,1.17671065593819e-06,4.4694762214406e-07,0.919253778306195,0.999999999954235
5810,1.7659,0.938943,1.24925090577947e-06,4.80591512342119e-07,0.909485669429844,-0.111102085292603
5809,1.74924,0.969619,1.30256917600735e-06,5.54444487537734e-07,0.915346582364538,0.777752503850291
5809,1.73205,1,1.37696760232841e-06,5.91975300215611e-07,0.910462498171199,-0.333308963308445
5808,1.71433,1.03008,1.42751238953508e-06,6.73558649769497e-07,0.912416143750526,0.555523964084446
5808,1.6961,1.05984,1.50331772362709e-06,7.14947918146111e-07,0.912416143751246,-0.555523964150953
5807,1.67734,1.08928,1.55020772121798e-06,8.0409692998949e-07,0.910462498170725,0.333308963242434
5807,1.65808,1.11839,1.62697130993907e-06,8.49280429328394e-07,0.915346582365508,-0.777752503915519
5806,1.6383,1.14715,1.66934550708868e-06,9.45747179013345e-07,0.909485669429676,0.11110208522853
5805,1.61803,1.17557,1.70894484808105e-06,1.04648604586155e-06,0.919253778306765,0.999999999982884
5805,1.59727,1.20363,1.78365084704222e-06,1.09808084504455e-06,0.909485669429817,-0.111102085265541
5804,1.57602,1.23132,1.81745355849421e-06,1.20559012799727e-06,0.9153465823649,0.777752503876539
5804,1.55429,1.25864,1.89189820676437e-06,1.2605615510962e-06,0.910462498170939,-0.333308963279996
5803,1.53209,1.28558,1.91913631827584e-06,1.374396787724e-06,0.912416143750815,0.555523964114853
5803,1.50942,1.31212,1.99292519134891e-06,1.4325576115514e-06,0.91241614375085,-0.555523964118972
5802,1.48629,1.33826,2.01288124976973e-06,1.55221432695581e-06,0.910462498170897,0.333308963276791
5802,1.46271,1.364,2.08564019528235e-06,1.61335162959886e-06,0.915346582364929,-0.77775250387822
5801,1.43868,1.38932,2.09764966956973e-06,1.73826766982765e-06,0.909485669429954,0.111102085257182
5801,1.41421,1.41421,2.16902373946886e-06,1.80214226755749e-06,0.919253778307104,-0.999999999999994
850,1.38932,1.43868,2.17247549433857e-06,1.93169450574503e-06,0.909485669429991,-0.111102085260227
849,1.364,1.46271,2.170892897312e-06,2.06387242434906e-06,0.915346582364834,0.777752503871359
849,1.33826,1.48629,2.23646426819365e-06,2.13153765361758e-06,0.910462498171096,-0.333308963290402
848,1.31212,1.50942,2.2254764072949e-06,2.26721835617739e-06,0.912416143750729,0.555523964099008
848,1.28558,1.53209,2.28879712864103e-06,2.33674162391467e-06,0.912416143751184,-0.555523964140596
847,1.25864,1.55429,2.26795172202895e-06,2.47513033588155e-06,0.910462498170846,0.333308963247574
847,1.23132,1.57602,2.32874059671613e-06,2.5461591592209e-06,0.915346582365554,-0.777752503916259
846,1.20363,1.59727,2.29765724237158e-06,2.68640972750022e-06,0.90948566942978,0.111102085221654
845,1.17557,1.61803,2.26061638160003e-06,2.82762005274236e-06,0.919253778306528,0.999999999969813
845,1.14715,1.6383,2.31403564800657e-06,2.89979851978701e-06,0.909485669429915,-0.111102085282135
844,1.11839,1.65808,2.26631932739232e-06,3.04144741883404e-06,0.915346582364625,0.777752503855763
844,1.08928,1.67734,2.3166426642094e-06,3.11400169999544e-06,0.910462498171253,-0.333308963307521
843,1.05984,1.6961,2.25807538640425e-06,3.25517954982081e-06,0.912416143750542,0.555523964080906
843,1.03008,1.71433,2.30515012936782e-06,3.32770289662857e-06,0.912416143751377,-0.555523964158847
842,1,1.73205,2.23563763773257e-06,3.46749241738771e-06,0.910462498170698,0.333308963230309
842,0.969619,1.74924,2.27934522797001e-06,3.53957059059218e-06,0.915346582365766,-0.777752503931825
841,0.938943,1.7659,2.19887376906732e-06,3.67704571530661e-06,0.909485669429764,0.111102085205048
840,0.907981,1.78201,2.1120659125387e-06,3.8129963741847e-06,0.919253778306164,0.99999999995148
840,0.876742,1.79759,2.14776356323917e-06,3.88247614206191e-06,0.909485669429979,-0.11110208530158
839,0.845237,1.81262,2.05014592886696e-06,4.01459297627616e-06,0.91534658236432,0.777752503835068
839,0.813473,1.82709,2.08239917826126e-06,4.08239105343236e-06,0.91046249817139,-0.33330896333004
838,0.781462,1.84101,1.97417888860671e-06,4.20970885827472e-06,0.912416143750255,0.555523964056983
838,0.749213,1.85437,2.00298786494687e-06,4.27536654172548e-06,0.912416143751674,-0.555523964183563
837,0.716736,1.86716,1.88446191868205e-06,4.39690551598241e-06,0.910462498170584,0.333308963203304
837,0.68404,1.87939,1.90985834046193e-06,4.45995228330196e-06,0.915346582366261,-0.777752503962098
836,0.651136,1.89104,1.78141890080207e-06,4.57472786958882e-06,0.909485669429719,0.111102085173086
835,0.618034,1.90211,1.64741025521213e-06,4.68539439141877e-06,0.919253778305509,0.999999999918205
835,0.584743,1.91261,1.66560610002757e-06,4.7417267953468e-06,0.909485669430073,-0.111102085335132
834,0.551275,1.92252,1.5225448273996e-06,4.84410104980262e-06,0.915346582363819,0.777752503801204
834,0.517638,1.93185,1.53771474213094e-06,4.89648570156234e-06,0.910462498171637,-0.333308963364254
833,0.483844,1.94059,1.38624791218364e-06,4.98965515543494e-06,0.912416143749877,0.55552396402192
833,0.449902,1.94874,1.3985707311311e-06,5.0376489317094e-06,0.91241614375206,-0.555523964220202
832,0.415823,1.9563,1.23943765316536e-06,5.12076031511565e-06,0.910462498170279,0.333308963168166
832,0.381618,1.96325,1.24913117724598e-06,5.16394795478283e-06,0.915346582366717,-0.777752503993703
831,0.347296,1.96962,1.083158297207e-06,5.23622315240048e-06,0.909485669429573,0.111102085145737
830,0.312869,1.97538,9.13622636079896e-07,5.30223571209998e-06,0.919253778305012,0.99999999989529
830,0.278346,1.98054,9.18569856632563e-07,5.33497388769922e-06,0.909485669430091,-0.111102085358547
829,0.243739,1.98509,7.43701054160256e-07,5.3891036546523e-06,0.915346582363415,0.77775250377766
829,0.209057,1.98904,7.46935141739353e-07,5.41608047277342e-06,0.910462498171767,-0.333308963386422
828,0.174311,1.99239,5.67744717989172e-07,5.45779587684346e-06,0.912416143749651,0.55552396400147
828,0.139513,1.99513,5.6960674847753e-07,5.47875880986201e-06,0.912416143752224,-0.555523964238419
827,0.104672,1.99726,3.87160103478705e-07,5.50763638382734e-06,0.910462498170184,0.33330896314881
827,0.069799,1.99878,3.88012574507346e-07,5.52238256722772e-06,0.915346582367074,-0.777752504016452
826,0.0349048,1.9997,2.03416892291934e-07,5.53811316259867e-06,0.909485669429527,0.111102085121841
825,1.27747e-16,2,1.80941208746917e-08,5.54649167332605e-06,0.919253778304535,0.999999999870799
825,-0.0349048,1.9997,1.80295383686451e-08,5.54888490208042e-06,0.909485669430051,-0.111102085378537
824,-0.069799,1.99878,-1.67594913125871e-07,5.54386430734444e-06,0.915346582363134,0.777752503762801
824,-0.104672,1.99726,-1.67460614607795e-07,5.53978552660807e-06,0.910462498171695,-0.333308963393583
823,-0.139513,1.99513,-3.52232081851314e-07,5.52137024566752e-06,0.912416143749585,0.555523964001401
823,-0.174311,1.99239,-3.51502220064865e-07,5.51082954220165e-06,0.912416143752112,-0.555523964232297
822,-0.209057,1.98904,-5.3427178351418e-07,5.47915135901381e-06,0.910462498170195,0.333308963161685
822,-0.243739,1.98509,-5.32553859881343e-07,5.46221728181841e-06,0.915346582366744,-0.777752503996403
821,-0.278346,1.98054,-7.12195567323492e-07,5.4175357919203e-06,0.909485669429538,0.111102085145537
820,-0.312869,1.97538,-8.89510362948253e-07,5.36576163456301e-06,0.919253778305041,0.999999999897278
820,-0.347296,1.96962,-8.8453352715879e-07,5.33703315399704e-06,0.90948566942996,-0.111102085350006
819,-0.381618,1.96325,-1.05697876405664e-06,5.2728914032871e-06,0.915346582363608,0.777752503792493
819,-0.415823,1.9563,-1.04988116123586e-06,5.23832599469712e-06,0.910462498171543,-0.333308963366333
818,-0.449902,1.94874,-1.2164538437291e-06,5.16238210392929e-06,0.912416143749872,0.555523964026316
818,-0.483844,1.94059,-1.2069143093955e-06,5.12226133865606e-06,0.912416143751875,-0.555523964209561
817,-0.517638,1.93185,-1.36667993711807e-06,5.03518725050216e-06,0.910462498170336,0.333308963182646
817,-0.551275,1.92252,-1.35440632028373e-06,4.98983843883735e-06,0.915346582366457,-0.777752503976948
816,-0.584743,1.91261,-1.50651076406135e-06,4.89240008403677e-06,0.909485669429562,0.111102085165907
815,-0.618034,1.90211,-1.65374845232216e-06,4.7893885079576e-06,0.919253778305526,0.999999999919175
815,-0.651136,1.89104,-1.63491810513402e-06,4.73523371437393e-06,0.909485669429935,-0.111102085328253
814,-0.68404,1.87939,-1.77326718378168e-06,4.62319386635826e-06,0.915346582363941,0.777752503814277
814,-0.716736,1.86716,-1.75099673796338e-06,4.56500377734479e-06,0.910462498171402,-0.333308963343933
813,-0.749213,1.85437,-1.87983055985129e-06,4.44488863340528e-06,0.912416143750117,0.555523964050053
813,-0.781462,1.84101,-1.85397106039711e-06,4.38311185831387e-06,0.912416143751584,-0.555523964183396
812,-0.813473,1.82709,-1.97276101571639e-06,4.25592435229396e-06,0.910462498170484,0.33330896321226
812,-0.845237,1.81262,-1.94320278222929e-06,4.19102694117401e-06,0.91534658236591,-0.7777525039432
811,-0.876742,1.79759,-2.05152138301824e-06,4.05780530366257e-06,0.909485669429639,0.111102085200672
810,-0.907981,1.78201,-2.15339727314507e-06,3.92137463189541e-06,0.919253778306197,0.999999999954239
810,-0.938943,1.7659,-2.11571244131091e-06,3.85207043929083e-06,0.909485669429848,-0.111102085292613
809,-0.969619,1.74924,-2.20658156350619e-06,3.7112718720692e-06,0.915346582364533,0.777752503850298
809,-1,1.73205,-2.16507244514165e-06,3.64028116956712e-06,0.910462498171205,-0.333308963308436
808,-1.03008,1.71433,-2.24476446348938e-06,3.4962005087819e-06,0.912416143750522,0.55552396408444
808,-1.05984,1.6961,-2.19947959902812e-06,3.4240074772429e-06,0.912416143751243,-0.555523964150944
807,-1.08928,1.67734,-2.26792565643754e-06,3.27772777437119e-06,0.910462498170733,0.33330896324243
807,-1.11839,1.65808,-2.21895232762641e-06,3.20481231515891e-06,0.915346582365511,-0.777752503915504
806,-1.14715,1.6383,-2.27618344052732e-06,3.05740345785348e-06,0.909485669429678,0.11110208522852
805,-1.17557,1.61803,-2.3265432330968e-06,2.90947922249387e-06,0.91925377830677,0.999999999982889
805,-1.20363,1.59727,-2.26979005430366e-06,2.83674795699235e-06,0.909485669429819,-0.111102085265551
804,-1.23132,1.57602,-2.30912354986338e-06,2.68934103791141e-06,0.915346582364893,0.777752503876544
804,-1.25864,1.55429,-2.24912775030643e-06,2.61724202083913e-06,0.910462498170937,-0.333308963279986
803,-1.28558,1.53209,-2.27771239316129e-06,2.47135413631697e-06,0.912416143750809,0.555523964114847
803,-1.31212,1.50942,-2.21470662378121e-06,2.40031601775674e-06,0.912416143750849,-0.555523964118962
802,-1.33826,1.48629,-2.23290973206133e-06,2.2569050816255e-06,0.910462498170897,0.333308963276791
802,-1.364,1.46271,-2.16716019425499e-06,2.1873374980187e-06,0.915346582364928,-0.77775250387821
801,-1.38932,1.43868,-2.17543375013769e-06,2.04730972299916e-06,0.909485669429954,0.111102085257172
801,-1.41421,1.41421,-2.10723884818978e-06,1.97960090243731e-06,0.919253778307104,-0.999999999999994
15850,-1.43868,1.38932,-2.10611400595184e-06,1.84380445525078e-06,0.909485669429991,-0.111102085260237
15849,-1.46271,1.364,-2.09915791640604e-06,1.7104750247332e-06,0.915346582364828,0.777752503871364
15849,-1.48629,1.33826,-2.0258840997878e-06,1.6475372136138e-06,0.910462498171103,-0.333308963290387
15848,-1.50942,1.31212,-2.01048293560574e-06,1.51966413463222e-06,0.912416143750729,0.555523964099008
15848,-1.53209,1.28558,-1.93577331039444e-06,1.45955845152719e-06,0.912416143751185,-0.555523964140586
15847,-1.55429,1.25864,-1.91263917483459e-06,1.33781036961111e-06,0.910462498170851,0.333308963247569
15847,-1.57602,1.23132,-1.83689709658175e-06,1.28081305512836e-06,0.915346582365555,-0.777752503916249
15846,-1.59727,1.20363,-1.80679683770619e-06,1.1657788729496e-06,0.909485669429784,0.111102085221639
15845,-1.61803,1.17557,-1.77227080163903e-06,1.05456753210146e-06,0.919253778306531,0.999999999969823
15845,-1.6383,1.14715,-1.69419432131562e-06,1.00431829195236e-06,0.909485669429917,-0.111102085282151
15844,-1.65808,1.11839,-1.65398814681646e-06,9.00604265796455e-07,0.915346582364627,0.777752503855772
15844,-1.67734,1.08928,-1.57612817570556e-06,8.54054190106335e-07,0.910462498171251,-0.333308963307506
15843,-1.6961,1.05984,-1.53111979368105e-06,7.58198435820321e-07,0.912416143750542,0.555523964080906
15843,-1.71433,1.03008,-1.45394071328062e-06,7.15483047692753e-07,0.912416143751375,-0.555523964158831
15842,-1.73205,1,-1.40503246309418e-06,6.27752331070016e-07,0.910462498170697,0.333308963230296
15842,-1.74924,0.969619,-1.329006570614e-06,5.88969018864858e-07,0.915346582365764,-0.777752503931822
15841,-1.7659,0.938943,-1.27711558143087e-06,5.09535193278198e-07,0.909485669429762,0.111102085205035
15840,-1.78201,0.907981,-1.22309434111656e-06,4.34754963650334e-07,0.919253778306162,0.999999999951483
15840,-1.79759,0.876742,-1.14876876814726e-06,4.03681642410784e-07,0.909485669429984,-0.111102085301589
15839,-1.81262,0.845237,-1.09322150227512e-06,3.37299672874291e-07,0.915346582364318,0.777752503835071
15839,-1.82709,0.813473,-1.02138897421143e-06,3.10190308040839e-07,0.910462498171391,-0.333308963330024
15838,-1.84101,0.781462,-9.65232090588999e-07,2.52127776783299e-07,0.912416143750253,0.555523964056986
15838,-1.85437,0.749213,-8.96356356595502e-07,2.28923857663828e-07,0.912416143751674,-0.555523964183544
15837,-1.86716,0.716736,-8.40485985171645e-07,1.79007637128343e-07,0.910462498170589,0.333308963203294
15837,-1.87939,0.68404,-7.75019753133576e-07,1.59611853156932e-07,0.915346582366259,-0.777752503962095
15836,-1.89104,0.651136,-7.20302305255669e-07,1.17578013457602e-07,0.909485669429715,0.111102085173074
15835,-1.90211,0.618034,-6.65823419931899e-07,7.98814608424687e-08,0.919253778305508,0.999999999918209
15835,-1.91261,0.584743,-6.05947256297902e-07,6.73518759866899e-08,0.909485669430068,-0.111102085335144
15834,-1.92252,0.551275,-5.53924019837225e-07,3.69620824819202e-08,0.915346582363818,0.777752503801208
15834,-1.93185,0.517638,-4.98621149924281e-07,2.77209006826204e-08,0.910462498171639,-0.333308963364235
15833,-1.94059,0.483844,-4.49805045905023e-07,4.15237006047063e-09,0.912416143749876,0.555523964021923
15833,-1.94874,0.449902,-3.9944537684853e-07,-2.03752215794968e-09,0.912416143752063,-0.555523964220183
15832,-1.9563,0.415823,-3.54526398799847e-07,-1.93445706394906e-08,0.910462498170272,0.333308963168156
15832,-1.96325,0.381618,-3.09450848308648e-07,-2.27511520329621e-08,0.915346582366716,-0.7777525039937
15831,-1.96962,0.347296,-2.69050434140086e-07,-3.44237426190034e-08,0.909485669429575,0.111102085145728
15830,-1.97538,0.312869,-2.30798755192109e-07,-4.31143453078768e-08,0.91925377830502,0.999999999895294
15830,-1.98054,0.278346,-1.94232553668513e-07,-4.20687731034362e-08,0.909485669430092,-0.111102085358556
15829,-1.98509,0.243739,-1.61353444791805e-07,-4.62249367664087e-08,0.915346582363415,0.777752503777664
15829,-1.98904,0.209057,-1.30812282218374e-07,-4.3341239499154e-08,0.910462498171765,-0.333308963386404
15828,-1.99239,0.174311,-1.03723096792682e-07,-4.37311029496943e-08,0.912416143749651,0.555523964001473
15828,-1.99513,0.139513,-7.94056206368693e-08,-3.93686325073301e-08,0.912416143752222,-0.5555239642384
15827,-1.99726,0.104672,-5.84351674126971e-08,-3.67980906423796e-08,0.910462498170184,0.3333089631488
15827,-1.99878,0.069799,-4.04989301387143e-08,-3.13317407345661e-08,0.915346582367074,-0.777752504016448
15826,-1.9997,0.0349048,-2.58841418969958e-08,-2.66351982198678e-08,0.909485669429527,0.111102085121831
15825,-2,2.46315e-16,-1.4444028795695e-08,-2.10055537736667e-08,0.919253778304535,0.999999999870803
15825,-1.9997,-0.0349048,-6.32754680649321e-09,-1.44823622317282e-08,0.909485669430051,-0.111102085378547
15824,-1.99878,-0.069799,-1.45878828494674e-09,-8.07879848321231e-09,0.915346582363134,0.777752503762804
15824,-1.99726,-0.104672,1.16449279144398e-10,-1.59617410449329e-09,0.910462498171696,-0.333308963393566
15823,-1.99513,-0.139513,-1.5778392259094e-09,4.71789255581465e-09,0.912416143749586,0.555523964001405
15823,-1.99239,-0.174311,-6.53026284220288e-09,1.0764109970775e-08,0.912416143752114,-0.555523964232279
15822,-1.98904,-0.209057,-1.46840222948361e-08,1.61327866275357e-08,0.910462498170195,0.333308963161688
15822,-1.98509,-0.243739,-2.61064168715969e-08,2.13503126703841e-08,0.915346582366744,-0.7777525039964
15821,-1.98054,-0.278346,-4.05223202236629e-08,2.49350179260331e-08,0.909485669429545,0.111102085145526
15820,-1.97538,-0.312869,-5.80397834262974e-08,2.72116968645979e-08,0.919253778305042,0.999999999897283
15820,-1.96962,-0.347296,-7.87029172473655e-08,2.99282240410555e-08,0.909485669429957,-0.111102085350017
15819,-1.96325,-0.381618,-1.02021699672299e-07,2.9146911488568e-08,0.915346582363609,0.777752503792499
15819,-1.9563,-0.415823,-1.28705710275614e-07,2.99636476183069e-08,0.910462498171549,-0.333308963366345
15818,-1.94874,-0.449902,-1.57400408331682e-07,2.53741272184555e-08,0.912416143749872,0.555523964026319
15818,-1.94059,-0.483844,-1.89886009630658e-07,2.39526054456539e-08,0.91241614375188,-0.555523964209544
15817,-1.93185,-0.517638,-2.23451156389198e-07,1.48551984385044e-08,0.910462498170337,0.33330896318265
15817,-1.92252,-0.551275,-2.61481463143834e-07,1.0878554542717e-08,0.915346582366458,-0.777752503976945
15816,-1.91261,-0.584743,-2.9933760951062e-07,-3.36755995047776e-09,0.909485669429567,0.111102085165898
15815,-1.90211,-0.618034,-3.39169964271421e-07,-2.08112273440775e-08,0.919253778305528,0.999999999919178
15815,-1.89104,-0.651136,-3.84121270286714e-07,-3.01610394533195e-08,0.90948566942994,-0.111102085328262
15814,-1.87939,-0.68404,-4.27228154060229e-07,-5.36414844512695e-08,0.915346582363942,0.77775250381428
15814,-1.86716,-0.716736,-4.76771294574361e-07,-6.62926073896431e-08,0.910462498171397,-0.333308963343943
15813,-1.85437,-0.749213,-5.22414465078307e-07,-9.62674944035715e-08,0.912416143750119,0.555523964050056
15813,-1.84101,-0.781462,-5.76174445416258e-07,-1.12421784118628e-07,0.912416143751582,-0.555523964183381
15812,-1.82709,-0.813473,-6.23568499563161e-07,-1.49267217385656e-07,0.910462498170486,0.333308963212263
15812,-1.81262,-0.845237,-6.81146870120957e-07,-1.69092083917845e-07,0.915346582365912,-0.777752503943197
15811,-1.79759,-0.876742,-7.29468560336783e-07,-2.13097913976847e-07,0.909485669429641,0.111102085200675
15810,-1.78201,-0.907981,-7.77882087867247e-07,-2.61384687705031e-07,0.919253778306197,0.999999999954239
15810,-1.7659,-0.938943,-8.38844590339883e-07,-2.88091527821991e-07,0.90948566942985,-0.11110208529261
15809,-1.74924,-0.969619,-8.86859534717522e-07,-3.4382681702471e-07,0.915346582364535,0.777752503850301
15809,-1.73205,-1,-9.5039113444016e-07,-3.7445141716928e-07,0.9104624981712,-0.333308963308458
15808,-1.71433,-1.03008,-9.97129623768681e-07,-4.3768932087154e-07,0.912416143750526,0.555523964084446
15808,-1.6961,-1.05984,-1.06277994196416e-06,-4.72249548789614e-07,0.912416143751243,-0.555523964150944
15807,-1.67734,-1.08928,-1.10736019886983e-06,-5.42950175981151e-07,0.910462498170725,0.333308963242434
15807,-1.65808,-1.11839,-1.17467376339334e-06,-5.81424468613719e-07,0.915346582365503,-0.7777525039155
15806,-1.6383,-1.14715,-1.21622041306652e-06,-6.59454423115019e-07,0.90948566942967,0.111102085228524
15805,-1.61803,-1.17557,-1.25568231330953e-06,-7.41777705583549e-07,0.919253778306763,0.999999999982893
15805,-1.59727,-1.20363,-1.32239391009888e-06,-7.86916338911312e-07,0.909485669429812,-0.111102085265547
15804,-1.57602,-1.23132,-1.35749950697578e-06,-8.76182133948127e-07,0.915346582364898,0.777752503876549
15804,-1.55429,-1.25864,-1.42459038153025e-06,-9.24921773372232e-07,0.910462498170935,-0.333308963280012
15803,-1.53209,-1.28558,-1.45452214690466e-06,-1.02076309610555e-06,0.912416143750815,0.555523964114853
15803,-1.50942,-1.31212,-1.52155774845517e-06,-1.072930820664e-06,0.912416143750855,-0.555523964118957
15802,-1.48629,-1.33826,-1.54553621223853e-06,-1.17489514316368e-06,0.910462498170897,0.333308963276791
15802,-1.46271,-1.364,-1.61209436242221e-06,-1.23028142102936e-06,0.915346582364928,-0.77775250387821
15801,-1.43868,-1.38932,-1.62938669871528e-06,-1.33783491496736e-06,0.909485669429954,0.111102085257172
15801,-1.41421,-1.41421,-1.69506125114842e-06,-1.39619528291653e-06,0.919253778307098,-0.999999999999989
10084,-1.38932,-1.43868,-1.70498879457194e-06,-1.50872850907739e-06,-0.909485669429983,0.111102085260242
10184,-1.364,-1.46271,-1.71053907919075e-06,-1.62410661879971e-06,-0.915346582364814,-0.777752503871363
10184,-1.33826,-1.48629,-1.77133734134603e-06,-1.68661824571771e-06,-0.910462498171062,0.333308963290425
10284,-1.31212,-1.50942,-1.76860400864755e-06,-1.8058764400279e-06,-0.912416143750702,-0.555523964098991
10284,-1.28558,-1.53209,-1.82751650865918e-06,-1.87045002279327e-06,-0.912416143751175,0.55552396414059
10384,-1.25864,-1.55429,-1.8159934361352e-06,-1.99280853064415e-06,-0.910462498170858,-0.333308963247603
10384,-1.23132,-1.57602,-1.87270838115877e-06,-2.05908215374672e-06,-0.915346582365569,0.777752503916277
10484,-1.20363,-1.59727,-1.85196487829339e-06,-2.18370765122008e-06,-0.909485669429755,-0.111102085221656
10584,-1.17557,-1.61803,-1.82591168720199e-06,-2.30962533728599e-06,-0.919253778306467,-0.999999999969833
10584,-1.14715,-1.6383,-1.87588372715207e-06,-2.37730546192454e-06,-0.909485669429891,0.111102085282108
10684,-1.11839,-1.65808,-1.84011999797662e-06,-2.50408443135904e-06,-0.915346582364624,-0.777752503855743
10684,-1.08928,-1.67734,-1.88723039820154e-06,-2.57226949649871e-06,-0.910462498171255,0.333308963307532
10784,-1.05984,-1.6961,-1.8415441530939e-06,-2.69896841902645e-06,-0.912416143750544,-0.555523964080908
10784,-1.03008,-1.71433,-1.88560656966041e-06,-2.76721319000945e-06,-0.912416143751393,0.555523964158839
10884,-1,-1.73205,-1.82987629334894e-06,-2.89286395634927e-06,-0.910462498170715,-0.333308963230315
10884,-0.969619,-1.74924,-1.87073970562e-06,-2.96070817726509e-06,-0.915346582365772,0.777752503931858
10984,-0.938943,-1.7659,-1.80493528464241e-06,-3.08432481521623e-06,-0.909485669429763,-0.111102085205032
11084,-0.907981,-1.78201,-1.73352747230187e-06,-3.20681156417696e-06,-0.919253778306154,-0.99999999995149
11084,-0.876742,-1.79759,-1.76666867949204e-06,-3.27188088271759e-06,-0.909485669429981,0.111102085301552
11184,-0.845237,-1.81262,-1.6853560816914e-06,-3.39076317817518e-06,-0.915346582364332,-0.777752503835052
11184,-0.813473,-1.82709,-1.71515768771431e-06,-3.45405001391331e-06,-0.910462498171421,0.333308963330044
11284,-0.781462,-1.84101,-1.62415795086143e-06,-3.56833436452732e-06,-0.912416143750289,-0.555523964056998
11284,-0.749213,-1.85437,-1.6506196601584e-06,-3.62935413321104e-06,-0.912416143751684,0.555523964183542
11384,-0.716736,-1.86716,-1.55024568230654e-06,-3.7380637313173e-06,-0.910462498170579,-0.333308963203316
11384,-0.68404,-1.87939,-1.57340673469748e-06,-3.79633423942522e-06,-0.915346582366256,0.777752503962127
11484,-0.651136,-1.89104,-1.46406442550575e-06,-3.89851926176912e-06,-0.9094856694297,-0.111102085173069
11584,-0.618034,-1.90211,-1.34992377187401e-06,-3.99713028773095e-06,-0.919253778305473,-0.9999999999182
11584,-0.584743,-1.91261,-1.36619124311672e-06,-4.04831249084827e-06,-0.909485669430035,0.111102085335111
11684,-0.551275,-1.92252,-1.24393441357235e-06,-4.13897929958879e-06,-0.915346582363772,-0.777752503801188
11684,-0.517638,-1.93185,-1.25733559408863e-06,-4.18611469854449e-06,-0.910462498171642,0.333308963364261
11784,-0.483844,-1.94059,-1.12760766779822e-06,-4.26800588953353e-06,-0.912416143749915,-0.555523964021929
11784,-0.449902,-1.94874,-1.13833609246795e-06,-4.31067801760789e-06,-0.912416143752077,0.555523964220183
11884,-0.415823,-1.9563,-1.00186681310799e-06,-4.38303264453025e-06,-0.910462498170266,-0.33330896316818
11884,-0.381618,-1.96325,-1.01015242089735e-06,-4.42085503928053e-06,-0.915346582366712,0.777752503993725
11984,-0.347296,-1.96962,-8.67749894811543e-07,-4.48299409468949e-06,-0.909485669429565,-0.111102085145729
12084,-0.312869,-1.97538,-7.22402598145223e-07,-4.5396043067019e-06,-0.919253778305011,-0.999999999895287
12084,-0.278346,-1.98054,-7.26400846635419e-07,-4.5669540092164e-06,-0.909485669430107,0.111102085358526
12184,-0.243739,-1.98509,-5.76564095932673e-07,-4.6124483254368e-06,-0.915346582363447,-0.777752503777644
12184,-0.209057,-1.98904,-5.79056936986753e-07,-4.63412161072929e-06,-0.910462498171781,0.333308963386432
12284,-0.174311,-1.99239,-4.25705247196814e-07,-4.668078494623e-06,-0.912416143749663,-0.555523964001473
12284,-0.139513,-1.99513,-4.27032663053994e-07,-4.68386463548489e-06,-0.912416143752267,0.555523964238395
12384,-0.104672,-1.99726,-2.71182320376433e-07,-4.70597751966327e-06,-0.910462498170238,-0.333308963148834
12384,-0.069799,-1.99878,-2.71702085953205e-07,-4.71571864106717e-06,-0.915346582367131,0.777752504016471
12484,-0.0349048,-1.9997,-1.14399315960989e-07,-4.72579979934385e-06,-0.909485669429557,-0.111102085121833
12584,-4.35203e-16,-2,4.32307250365141e-08,-4.72939294818086e-06,-0.919253778304537,-0.999999999870803
12584,0.0349048,-1.9997,4.32102223287633e-08,-4.72737591861402e-06,-0.909485669430058,0.111102085378513
12684,0.069799,-1.99878,2.00575236767469e-07,-4.71884239673896e-06,-0.915346582363139,-0.777752503762792
12684,0.104672,-1.99726,2.00203649236018e-07,-4.71071457200352e-06,-0.9104624981717,0.333308963393593
12784,0.139513,-1.99513,3.56243412785723e-07,-4.69017836390137e-06,-0.912416143749591,-0.555523964001403
12784,0.174311,-1.99239,3.55149477321357e-07,-4.676000626201e-06,-0.912416143752134,0.555523964232273
12884,0.209057,-1.98904,5.08825642792399e-07,-4.64370308649201e-06,-0.91046249817019,-0.333308963161724
12884,0.243739,-1.98509,5.06646621734216e-07,-4.62359071172455e-06,-0.915346582366752,0.777752503996427
12984,0.278346,-1.98054,6.56954720469544e-07,-4.57988642394464e-06,-0.909485669429543,-0.111102085145531
13084,0.312869,-1.97538,8.04828380384997e-07,-4.53001522522661e-06,-0.919253778305079,-0.999999999897294
13084,0.347296,-1.96962,7.99322157118826e-07,-4.49936073146883e-06,-0.909485669429971,0.111102085349981
13184,0.381618,-1.96325,9.42287951270906e-07,-4.43880923610234e-06,-0.915346582363621,-0.777752503792476
13184,0.415823,-1.9563,9.34694900392102e-07,-4.40291406252206e-06,-0.910462498171561,0.33330896336634
13284,0.449902,-1.94874,1.07188649460427e-06,-4.33230736370347e-06,-0.912416143749886,-0.555523964026324
13284,0.483844,-1.94059,1.06193069867533e-06,-4.29148124703059e-06,-0.912416143751904,0.555523964209538
13384,0.517638,-1.93185,1.19255396896317e-06,-4.2115357664001e-06,-0.910462498170363,-0.333308963182687
13384,0.551275,-1.92252,1.17999159147137e-06,-4.16613180705062e-06,-0.915346582366464,0.777752503976962
13484,0.584743,-1.91261,1.30333255660591e-06,-4.077644638024e-06,-0.909485669429569,-0.111102085165906
13584,0.618034,-1.90211,1.42199032336574e-06,-3.98450333370459e-06,-0.919253778305519,-0.999999999919186
13584,0.651136,-1.89104,1.40338741092979e-06,-3.93188937004316e-06,-0.909485669429928,0.111102085328226
13684,0.68404,-1.87939,1.51375279258432e-06,-3.83155306955773e-06,-0.915346582363942,-0.777752503814258
13684,0.716736,-1.86716,1.49201498882157e-06,-3.77560595783687e-06,-0.910462498171394,0.333308963343945
13784,0.749213,-1.85437,1.59361347452377e-06,-3.66901372919037e-06,-0.912416143750121,-0.555523964050058
13784,0.781462,-1.84101,1.56864573756847e-06,-3.61018177456754e-06,-0.91241614375158,0.555523964183364
13884,0.813473,-1.82709,1.66109874111898e-06,-3.49829154496916e-06,-0.91046249817049,-0.333308963212306
13884,0.845237,-1.81262,1.63284204947489e-06,-3.43702778980823e-06,-0.915346582365913,0.777752503943214
13984,0.876742,-1.79759,1.71586504634653e-06,-3.32079871077059e-06,-0.909485669429626,-0.1111020852007
14084,0.907981,-1.78201,1.79297657247359e-06,-3.20217698520749e-06,-0.919253778306215,-0.999999999954254
14084,0.938943,-1.7659,1.75769317155707e-06,-3.13793196918309e-06,-0.909485669429858,0.111102085292581
14184,0.969619,-1.74924,1.82506983882593e-06,-3.016455101171e-06,-0.915346582364524,-0.777752503850263
14184,1,-1.73205,1.78648216788638e-06,-2.95105947116921e-06,-0.910462498171194,0.333308963308465
14284,1.03008,-1.71433,1.84407304868819e-06,-2.82764448461673e-06,-0.91241614375052,-0.55552396408445
14284,1.05984,-1.6961,1.80224417520034e-06,-2.76151533315913e-06,-0.912416143751235,0.55552396415093
14384,1.08928,-1.67734,1.85007721868322e-06,-2.63705566250694e-06,-0.910462498170724,-0.333308963242461
14384,1.11839,-1.65808,1.80510135671592e-06,-2.57060240172017e-06,-0.915346582365498,0.777752503915531
14484,1.14715,-1.6383,1.84328234913396e-06,-2.44597245938321e-06,-0.909485669429676,-0.111102085228531
14584,1.17557,-1.61803,1.87552212305105e-06,-2.32130538729329e-06,-0.919253778306762,-0.999999999982903
14584,1.20363,-1.59727,1.824000669902e-06,-2.25565760771018e-06,-0.909485669429825,0.1111020852655
14684,1.23132,-1.57602,1.84688942657165e-06,-2.13218432123246e-06,-0.91534658236492,-0.777752503876537
14684,1.25864,-1.55429,1.79265941149952e-06,-2.06735243512945e-06,-0.910462498170955,0.333308963280004
14784,1.28558,-1.53209,1.80650639143802e-06,-1.94590295576965e-06,-0.912416143750819,-0.555523964114867
14784,1.31212,-1.50942,1.74980169988082e-06,-1.88226941317082e-06,-0.912416143750872,0.555523964118932
14884,1.33826,-1.48629,1.75499441994473e-06,-1.76364421572018e-06,-0.910462498170903,-0.333308963276861
14884,1.364,-1.46271,1.69608354483272e-06,-1.70157763755012e-06,-0.915346582364901,0.777752503878194
14984,1.38932,-1.43868,1.69308476104526e-06,-1.58653545835818e-06,-0.909485669429939,-0.111102085257194
14984,1.41421,-1.41421,1.63226802424979e-06,-1.52638589698698e-06,-0.919253778307102,0.999999999999985
5850,1.43868,-1.38932,1.62161147617026e-06,-1.41563220830867e-06,0.909485669429985,-0.111102085260202
5849,1.46271,-1.364,1.606243150398e-06,-1.30738158575364e-06,0.915346582364833,0.777752503871339
5849,1.48629,-1.33826,1.54150344835466e-06,-1.25190615568208e-06,0.910462498171102,-0.333308963290407
5848,1.50942,-1.31212,1.51943379815764e-06,-1.14894865700474e-06,0.91241614375073,0.555523964099018
5848,1.53209,-1.28558,1.45377822899058e-06,-1.09623934882345e-06,0.912416143751186,-0.555523964140576
5847,1.55429,-1.25864,1.42570441372638e-06,-9.99114557225544e-07,0.91046249817085,0.333308963247604
5847,1.57602,-1.23132,1.3595380347183e-06,-9.4942147144592e-07,0.91534658236556,-0.777752503916265
5846,1.59727,-1.20363,1.32621139305334e-06,-8.58600259262317e-07,0.909485669429786,0.111102085221649
5845,1.61803,-1.17557,1.28958965356905e-06,-7.71369709106129e-07,0.919253778306525,0.999999999969829
5845,1.6383,-1.14715,1.22218436578822e-06,-7.28024569529541e-07,0.909485669429914,-0.11110208528211
5844,1.65808,-1.11839,1.18157073852547e-06,-6.4770280280124e-07,0.915346582364627,0.777752503855747
5844,1.67734,-1.08928,1.11491444045112e-06,-6.07893460491662e-07,0.910462498171258,-0.333308963307527
5843,1.6961,-1.05984,1.07116775084222e-06,-5.34742910786806e-07,0.912416143750537,0.555523964080912
5843,1.71433,-1.03008,1.00573844286234e-06,-4.98589109547725e-07,0.912416143751378,-0.555523964158821
5842,1.73205,-1,9.59739367906769e-07,-4.32780339648866e-07,0.910462498170701,0.333308963230334
5842,1.74924,-0.969619,8.96022861217643e-07,-4.00362825986856e-07,0.915346582365767,-0.777752503931841
5841,1.7659,-0.938943,8.48663119577516e-07,-3.41973065871402e-07,0.909485669429766,0.111102085205045
5840,1.78201,-0.907981,8.00212021074855e-07,-2.87695766461423e-07,0.919253778306158,0.99999999995149
5840,1.79759,-0.876742,7.39321843856197e-07,-2.62346571491142e-07,0.909485669429983,-0.111102085301555
5839,1.81262,-0.845237,6.90904597156213e-07,-2.15440079179656e-07,0.915346582364319,0.777752503835052
5839,1.82709,-0.813473,6.33089851161267e-07,-1.9379345945069e-07,0.910462498171384,-0.333308963330046
5838,1.84101,-0.781462,5.85581878820742e-07,-1.54096100415929e-07,0.912416143750258,0.555523964056995
5838,1.85437,-0.749213,5.31315273382978e-07,-1.36070497290997e-07,0.91241614375167,-0.555523964183538
5837,1.86716,-0.716736,4.85562451324775e-07,-1.03324363702078e-07,0.91046249817059,0.333308963203332
5837,1.87939,-0.68404,4.35297562362981e-07,-8.87950906740482e-08,0.915346582366259,-0.777752503962114
5836,1.89104,-0.651136,3.92100509662112e-07,-6.26451334001428e-08,0.909485669429712,0.11110208517308
5835,1.90211,-0.618034,3.49970645013432e-07,-4.00373818499119e-08,0.919253778305505,0.999999999918216
5835,1.91261,-0.584743,3.0636409145569e-07,-3.14429793366027e-08,0.909485669430072,-0.111102085335106
5834,1.92252,-0.551275,2.67944106630566e-07,-1.46995522952129e-08,0.915346582363824,0.777752503801191
5834,1.93185,-0.517638,2.2941978878164e-07,-8.9781776748228e-09,0.910462498171638,-0.333308963364257
5833,1.94059,-0.483844,1.95344033872186e-07,2.47970543811214e-09,0.912416143749874,0.555523964021932
5833,1.94874,-0.449902,1.62224962867632e-07,5.59765037249295e-09,0.91241614375206,-0.555523964220175
5832,1.9563,-0.415823,1.33050562000434e-07,1.24136018261541e-08,0.910462498170272,0.333308963168192
5832,1.96325,-0.381618,1.05624496555863e-07,1.32252412180925e-08,0.915346582366721,-0.777752503993719
5831,1.96962,-0.347296,8.1829160316312e-08,1.60965174129987e-08,0.909485669429573,0.111102085145735
5830,1.97538,-0.312869,6.06771275569921e-08,1.70009045322634e-08,0.919253778305019,0.999999999895301
5830,1.98054,-0.278346,4.23271064795484e-08,1.45914533352301e-08,0.909485669430095,-0.11110208535852
5829,1.98509,-0.243739,2.71696583988189e-08,1.27286334235528e-08,0.915346582363408,0.777752503777643
5829,1.98904,-0.209057,1.50678906305972e-08,9.01877596262774e-09,0.910462498171767,-0.333308963386425
5828,1.99239,-0.174311,6.16401061499233e-09,5.185159430492e-09,0.91241614374965,0.555523964001481
5828,1.99513,-0.139513,4.45934080314153e-10,5.44772065601155e-10,0.912416143752221,-0.555523964238393
5827,1.99726,-0.104672,-2.03603110271166e-09,-4.43965501131442e-09,0.910462498170182,0.333308963148836
5827,1.99878,-0.069799,-1.27673869199327e-09,-9.62987642032173e-09,0.915346582367075,-0.777752504016468
5826,1.9997,-0.0349048,2.73918003967187e-09,-1.49295861840912e-08,0.909485669429527,0.111102085121839
