origElemNum,globCoord-x,globCoord-y,acouIntensity-x,acouIntensity-y,locCoord-xi,locCoord-eta
5825,2,-2.20442e-18,2.23993963680814e-07,-1.25522512478662e-06,0.919253778304535,0.999999999870795
5825,1.9997,0.0349048,3.1356812375885e-07,-1.26981171772585e-06,0.909485669430051,-0.11110208537854
5824,1.99878,0.069799,4.04840571836002e-07,-1.27151146974115e-06,0.915346582363134,0.7777525037628
5824,1.99726,0.104672,4.98141617677017e-07,-1.28318107267968e-06,0.910462498171695,-0.333308963393583
5823,1.99513,0.139513,5.9206713720711e-07,-1.27475777758719e-06,0.912416143749585,0.555523964001403
5823,1.99239,0.174311,6.88745515825931e-07,-1.28321740225494e-06,0.912416143752112,-0.555523964232293
5822,1.98904,0.209057,7.84596203028463e-07,-1.26429922800398e-06,0.910462498170195,0.33330896316169
5822,1.98509,0.243739,8.84543150365088e-07,-1.26938116096018e-06,0.915346582366752,-0.777752503996411
5821,1.98054,0.278346,9.81635901720662e-07,-1.23956782908652e-06,0.909485669429537,0.111102085145532
5820,1.97538,0.312869,1.07857546800367e-06,-1.20329999532143e-06,0.91925377830504,0.999999999897275
5820,1.96962,0.347296,1.1820661911177e-06,-1.19991457973367e-06,0.909485669429959,-0.111102085350008
5819,1.96325,0.381618,1.27887375410731e-06,-1.15220583370881e-06,0.915346582363608,0.777752503792493
5819,1.9563,0.415823,1.38479196280715e-06,-1.14494935386558e-06,0.910462498171543,-0.333308963366333
5818,1.94874,0.449902,1.48072299284262e-06,-1.0858743847851e-06,0.912416143749872,0.555523964026318
5818,1.94059,0.483844,1.58876391847827e-06,-1.0745744505268e-06,0.912416143751876,-0.555523964209557
5817,1.93185,0.517638,1.68295336728767e-06,-1.00398270536077e-06,0.910462498170338,0.333308963182653
5817,1.92252,0.551275,1.79272205086563e-06,-9.88548834511161e-07,0.915346582366455,-0.777752503976955
5816,1.91261,0.584743,1.88438212794426e-06,-9.06526542808121e-07,0.909485669429567,0.111102085165898
5815,1.90211,0.618034,1.97335604514503e-06,-8.18389633304994e-07,0.919253778305533,0.999999999919169
5815,1.89104,0.651136,2.08415683497209e-06,-7.93641578060136e-07,0.909485669429933,-0.111102085328256
5814,1.87939,0.68404,2.16949272060307e-06,-6.94335016022315e-07,0.915346582363941,0.777752503814277
5814,1.86716,0.716736,2.28138579332233e-06,-6.65285662576041e-07,0.910462498171402,-0.333308963343933
5813,1.85437,0.749213,2.36229157218876e-06,-5.54895456448667e-07,0.912416143750119,0.555523964050056
5813,1.84101,0.781462,2.4748313156627e-06,-5.21573156837914e-07,0.912416143751575,-0.555523964183394
5812,1.82709,0.813473,2.55029713561504e-06,-4.00500831970804e-07,0.910462498170486,0.333308963212263
5812,1.81262,0.845237,2.66284111389104e-06,-3.63000322982332e-07,0.915346582365915,-0.777752503943209
5811,1.79759,0.876742,2.73185228023372e-06,-2.31863234952743e-07,0.909485669429635,0.111102085200681
5810,1.78201,0.907981,2.79574122799029e-06,-9.59015082239691e-08,0.919253778306195,0.999999999954235
5810,1.7659,0.938943,2.90540608161095e-06,-4.97757483725597e-08,0.909485669429844,-0.111102085292603
5809,1.74924,0.969619,2.9611649946581e-06,9.52932019531287e-08,0.915346582364538,0.777752503850291
5809,1.73205,1,3.06895522810109e-06,1.44882634751797e-07,0.910462498171199,-0.333308963308445
5808,1.71433,1.03008,3.11537429058037e-06,2.97950084763886e-07,0.912416143750526,0.555523964084446
5808,1.6961,1.05984,3.2205025640851e-06,3.50599160903901e-07,0.912416143751246,-0.555523964150953
5807,1.67734,1.08928,3.25649464371986e-06,5.10591870578784e-07,0.910462498170725,0.333308963242434
5807,1.65808,1.11839,3.3583202631831e-06,5.65843442573422e-07,0.915346582365508,-0.777752503915519
5806,1.6383,1.14715,3.38251173481105e-06,7.31729126388574e-07,0.909485669429676,0.11110208522853
5805,1.61803,1.17557,3.39944172577187e-06,8.99866964888298e-07,0.919253778306765,0.999999999982884
5805,1.59727,1.20363,3.49113369872321e-06,9.59067475980624e-07,0.909485669429817,-0.111102085265541
5804,1.57602,1.23132,3.49482619091538e-06,1.13022280469896e-06,0.9153465823649,0.777752503876539
5804,1.55429,1.25864,3.58057683022547e-06,1.1897574402973e-06,0.910462498170939,-0.333308963279996
5803,1.53209,1.28558,3.57041169141412e-06,1.36206352311748e-06,0.912416143750815,0.555523964114853
5803,1.50942,1.31212,3.64984731886049e-06,1.42129694178229e-06,0.91241614375085,-0.555523964118972
5802,1.48629,1.33826,3.62568234955627e-06,1.59357125718207e-06,0.910462498170897,0.333308963276791
5802,1.46271,1.364,3.69886124882878e-06,1.65208459576134e-06,0.915346582364929,-0.77775250387822
5801,1.43868,1.38932,3.66099131920392e-06,1.82358562758474e-06,0.909485669429954,0.111102085257182
5801,1.41421,1.41421,3.7281898236703e-06,1.88112950250319e-06,0.919253778307104,-0.999999999999994
850,1.38932,1.43868,3.67723411303242e-06,2.0513094725508e-06,0.909485669429991,-0.111102085260227
849,1.364,1.46271,3.61865290409349e-06,2.21984716601879e-06,0.915346582364834,0.777752503871359
849,1.33826,1.48629,3.67492567598871e-06,2.2760949203046e-06,0.910462498171096,-0.333308963290402
848,1.31212,1.50942,3.60371400029456e-06,2.44211127816213e-06,0.912416143750729,0.555523964099008
848,1.28558,1.53209,3.65492572533713e-06,2.49682527423755e-06,0.912416143751184,-0.555523964140596
847,1.25864,1.55429,3.57181211258351e-06,2.65982199427462e-06,0.910462498170846,0.333308963247574
847,1.23132,1.57602,3.61840152351569e-06,2.71303133354184e-06,0.915346582365554,-0.777752503916259
846,1.20363,1.59727,3.52400607961601e-06,2.87307653867072e-06,0.90948566942978,0.111102085221654
845,1.17557,1.61803,3.42183523571281e-06,3.03006739636468e-06,0.919253778306528,0.999999999969813
845,1.14715,1.6383,3.46115236037354e-06,3.08224325073522e-06,0.909485669429915,-0.111102085282135
844,1.11839,1.65808,3.34782578614373e-06,3.23625373700127e-06,0.915346582364625,0.777752503855763
844,1.08928,1.67734,3.38360168257651e-06,3.28694983968883e-06,0.910462498171253,-0.333308963307521
843,1.05984,1.6961,3.25927689424847e-06,3.43711436350082e-06,0.912416143750542,0.555523964080906
843,1.03008,1.71433,3.29139030096328e-06,3.48575745901033e-06,0.912416143751377,-0.555523964158847
842,1,1.73205,3.15600228757697e-06,3.63057843161288e-06,0.910462498170698,0.333308963230309
842,0.969619,1.74924,3.18401175937841e-06,3.67608533006508e-06,0.915346582365766,-0.777752503931825
841,0.938943,1.7659,3.03766359951478e-06,3.81364282934765e-06,0.909485669429764,0.111102085205048
840,0.907981,1.78201,2.88455683755046e-06,3.94515735030252e-06,0.919253778306164,0.99999999995148
840,0.876742,1.79759,2.90463973526794e-06,3.98379300401893e-06,0.909485669429979,-0.11110208530158
839,0.845237,1.81262,2.74148285178816e-06,4.10581306042306e-06,0.91534658236432,0.777752503835068
839,0.813473,1.82709,2.7573275764742e-06,4.13897428457012e-06,0.91046249817139,-0.33330896333004
838,0.781462,1.84101,2.58473852550295e-06,4.24999402840995e-06,0.912416143750255,0.555523964056983
838,0.749213,1.85437,2.59640992140403e-06,4.27685682759316e-06,0.912416143751674,-0.555523964183563
837,0.716736,1.86716,2.41532774030895e-06,4.37565027133632e-06,0.910462498170584,0.333308963203304
837,0.68404,1.87939,2.42321859510601e-06,4.39591661503132e-06,0.915346582366261,-0.777752503962098
836,0.651136,1.89104,2.23516691252912e-06,4.4820610887744e-06,0.909485669429719,0.111102085173086
835,0.618034,1.90211,2.04345522546831e-06,4.55974286040174e-06,0.919253778305509,0.999999999918205
835,0.584743,1.91261,2.04623087301033e-06,4.56944800371271e-06,0.909485669430073,-0.111102085335132
834,0.551275,1.92252,1.84947430769086e-06,4.63441034612871e-06,0.915346582363819,0.777752503801204
834,0.517638,1.93185,1.85005900269735e-06,4.63791954395306e-06,0.910462498171637,-0.333308963364254
833,0.483844,1.94059,1.64951694543546e-06,4.68997692437886e-06,0.912416143749877,0.55552396402192
833,0.449902,1.94874,1.64834332146966e-06,4.68732106265212e-06,0.91241614375206,-0.555523964220202
832,0.415823,1.9563,1.44510189355998e-06,4.72658321510082e-06,0.910462498170279,0.333308963168166
832,0.381618,1.96325,1.44265937366e-06,4.71806011467726e-06,0.915346582366717,-0.777752503993703
831,0.347296,1.96962,1.23762723712905e-06,4.74516758184759e-06,0.909485669429573,0.111102085145737
830,0.312869,1.97538,1.03190652168731e-06,4.76343161039641e-06,0.919253778305012,0.99999999989529
830,0.278346,1.98054,1.0290898048978e-06,4.74728280536793e-06,0.909485669430091,-0.111102085358547
829,0.243739,1.98509,8.23337630657245e-07,4.7546572005779e-06,0.915346582363415,0.77775250377766
829,0.209057,1.98904,8.20594457584922e-07,4.73458226300306e-06,0.910462498171767,-0.333308963386422
828,0.174311,1.99239,6.15205320425565e-07,4.73182225639473e-06,0.912416143749651,0.55552396400147
828,0.139513,1.99513,6.1283522858856e-07,4.70824006233908e-06,0.912416143752224,-0.555523964238419
827,0.104672,1.99726,4.08376834481652e-07,4.69552821706574e-06,0.910462498170184,0.33330896314881
827,0.069799,1.99878,4.06579245746006e-07,4.66808098451212e-06,0.915346582367074,-0.777752504016452
826,0.0349048,1.9997,2.03776268484821e-07,4.64540398230651e-06,0.909485669429527,0.111102085121841
825,1.27747e-16,2,1.92159762240484e-09,4.61425509168106e-06,0.919253778304535,0.999999999870799
825,-0.0349048,1.9997,2.40549956223054e-09,4.58207425822966e-06,0.909485669430051,-0.111102085378537
824,-0.069799,1.99878,-1.96205436163038e-07,4.54149993744194e-06,0.915346582363134,0.777752503762801
824,-0.104672,1.99726,-1.94479798771314e-07,4.50572013799193e-06,0.910462498171695,-0.333308963393583
823,-0.139513,1.99513,-3.89517270856609e-07,4.45551191862768e-06,0.912416143749585,0.555523964001401
823,-0.174311,1.99239,-3.86289347414263e-07,4.41590818190335e-06,0.912416143752112,-0.555523964232297
822,-0.209057,1.98904,-5.76993049995378e-07,4.35641046390704e-06,0.910462498170195,0.333308963161685
822,-0.243739,1.98509,-5.72072974195337e-07,4.31358829992326e-06,0.915346582366744,-0.777752503996403
821,-0.278346,1.98054,-7.5783298324277e-07,4.24515999858667e-06,0.909485669429538,0.111102085145537
820,-0.312869,1.97538,-9.40601242936861e-07,4.16888707216032e-06,0.919253778305041,0.999999999897278
820,-0.347296,1.96962,-9.31417251756116e-07,4.12140607717863e-06,0.90948566942996,-0.111102085350006
819,-0.381618,1.96325,-1.10817533036189e-06,4.03618463648261e-06,0.915346582363608,0.777752503792493
819,-0.415823,1.9563,-1.09649666105951e-06,3.98484520442347e-06,0.910462498171543,-0.333308963366333
818,-0.449902,1.94874,-1.26579190080929e-06,3.89072795372832e-06,0.912416143749872,0.555523964026316
818,-0.483844,1.94059,-1.25127698307744e-06,3.83539344603445e-06,0.912416143751875,-0.555523964209561
817,-0.517638,1.93185,-1.41241145468733e-06,3.73239196563359e-06,0.910462498170336,0.333308963182646
817,-0.551275,1.92252,-1.39470359203264e-06,3.67293333680948e-06,0.915346582366457,-0.777752503976948
816,-0.584743,1.91261,-1.54664959429308e-06,3.56139364373016e-06,0.909485669429562,0.111102085165907
815,-0.618034,1.90211,-1.69212537540947e-06,3.44383044204237e-06,0.919253778305526,0.999999999919175
815,-0.651136,1.89104,-1.66718459176369e-06,3.37859972272426e-06,0.909485669429935,-0.111102085328253
814,-0.68404,1.87939,-1.80201927933623e-06,3.25370600350879e-06,0.915346582363941,0.777752503814277
814,-0.716736,1.86716,-1.77303905542895e-06,3.18480733690507e-06,0.910462498171402,-0.333308963343933
813,-0.749213,1.85437,-1.89629096345897e-06,3.05318872722892e-06,0.912416143750117,0.555523964050053
813,-0.781462,1.84101,-1.86298085471289e-06,2.98081043696108e-06,0.912416143751584,-0.555523964183396
812,-0.813473,1.82709,-1.97379820141474e-06,2.84335054990689e-06,0.910462498170484,0.33330896321226
812,-0.845237,1.81262,-1.93602748593278e-06,2.76801238603839e-06,0.91534658236591,-0.7777525039432
811,-0.876742,1.79759,-2.03416806416039e-06,2.62605464202986e-06,0.909485669429639,0.111102085200672
810,-0.907981,1.78201,-2.12412344571624e-06,2.48133117132521e-06,0.919253778306197,0.999999999954239
810,-0.938943,1.7659,-2.07735663221437e-06,2.40352166246264e-06,0.909485669429848,-0.111102085292613
809,-0.969619,1.74924,-2.15465244126695e-06,2.25624823211593e-06,0.915346582364533,0.777752503850298
809,-1,1.73205,-2.10351507618213e-06,2.17727351064377e-06,0.910462498171205,-0.333308963308436
808,-1.03008,1.71433,-2.16790170578668e-06,2.02866911001526e-06,0.912416143750522,0.55552396408444
808,-1.05984,1.6961,-2.11263756145392e-06,1.9492982516627e-06,0.912416143751243,-0.555523964150944
807,-1.08928,1.67734,-2.16438961687134e-06,1.8007843407661e-06,0.910462498170733,0.33330896324243
807,-1.11839,1.65808,-2.10533352755129e-06,1.72174640966216e-06,0.915346582365511,-0.777752503915504
806,-1.14715,1.6383,-2.14490462678294e-06,1.57419995926297e-06,0.909485669429678,0.11110208522852
805,-1.17557,1.61803,-2.17698202816361e-06,1.42690027693873e-06,0.91925377830677,0.999999999982889
805,-1.20363,1.59727,-2.10992334087585e-06,1.35025535097013e-06,0.909485669429819,-0.111102085265551
804,-1.23132,1.57602,-2.13045374819913e-06,1.20562572127933e-06,0.915346582364893,0.777752503876544
804,-1.25864,1.55429,-2.06027994735387e-06,1.13068470930266e-06,0.910462498170937,-0.333308963279986
803,-1.28558,1.53209,-2.06993834070624e-06,9.89702820972757e-07,0.912416143750809,0.555523964114847
803,-1.31212,1.50942,-1.99700767037113e-06,9.16942240456512e-07,0.912416143750849,-0.555523964118962
802,-1.33826,1.48629,-1.99649660261202e-06,7.8038232511098e-07,0.910462498170897,0.333308963276791
802,-1.364,1.46271,-1.92114628456761e-06,7.10158614286752e-07,0.915346582364928,-0.77775250387821
801,-1.38932,1.43868,-1.91110498108607e-06,5.78726753548065e-07,0.909485669429954,0.111102085257172
801,-1.41421,1.41421,-1.83367914306347e-06,5.11375253142072e-07,0.919253778307104,-0.999999999999994
15850,-1.43868,1.38932,-1.81481012618292e-06,3.85981004980246e-07,0.909485669429991,-0.111102085260237
15849,-1.46271,1.364,-1.7907420844267e-06,2.63246592274286e-07,0.915346582364828,0.777752503871364
15849,-1.48629,1.33826,-1.70891635462754e-06,2.02620339468305e-07,0.910462498171103,-0.333308963290387
15848,-1.50942,1.31212,-1.67707059549665e-06,8.64587109568388e-08,0.912416143750729,0.555523964099008
15848,-1.53209,1.28558,-1.59409040754077e-06,2.93473195134163e-08,0.912416143751185,-0.555523964140586
15847,-1.55429,1.25864,-1.55514676481957e-06,-7.97847210539399e-08,0.910462498170851,0.333308963247569
15847,-1.57602,1.23132,-1.47135849554704e-06,-1.33174331986948e-07,0.915346582365555,-0.777752503916249
15846,-1.59727,1.20363,-1.42601592302514e-06,-2.3494780474164e-07,0.909485669429784,0.111102085221639
15845,-1.61803,1.17557,-1.37696519849824e-06,-3.32990723609276e-07,0.919253778306531,0.999999999969823
15845,-1.6383,1.14715,-1.29068720172686e-06,-3.7866921147776e-07,0.909485669429917,-0.111102085282151
15844,-1.65808,1.11839,-1.23627363038121e-06,-4.68751141830798e-07,0.915346582364627,0.777752503855772
15844,-1.67734,1.08928,-1.15010608411209e-06,-5.10360337006749e-07,0.910462498171251,-0.333308963307506
15843,-1.6961,1.05984,-1.0910861539113e-06,-5.92057962523102e-07,0.912416143750542,0.555523964080906
15843,-1.71433,1.03008,-1.00559234569866e-06,-6.29474589579652e-07,0.912416143751375,-0.555523964158831
15842,-1.73205,1,-9.4286888803572e-07,-7.02641431646699e-07,0.910462498170697,0.333308963230296
15842,-1.74924,0.969619,-8.5834111671555e-07,-7.35799843094664e-07,0.915346582365764,-0.777752503931822
15841,-1.7659,0.938943,-7.92529050309992e-07,-8.00182233721651e-07,0.909485669429762,0.111102085205035
15840,-1.78201,0.907981,-7.24831332528255e-07,-8.59546119969024e-07,0.919253778306162,0.999999999951483
15840,-1.79759,0.876742,-6.4119576723077e-07,-8.84269702802506e-07,0.909485669429984,-0.111102085301589
15839,-1.81262,0.845237,-5.7177161312605e-07,-9.34494926962202e-07,0.915346582364318,0.777752503835071
15839,-1.82709,0.813473,-4.90274235591549e-07,-9.55010107522276e-07,0.910462498171391,-0.333308963330024
15838,-1.84101,0.781462,-4.19786804973232e-07,-9.96065945574815e-07,0.912416143750253,0.555523964056986
15838,-1.85437,0.749213,-3.40657747443521e-07,-1.01242434615381e-06,0.912416143751674,-0.555523964183544
15837,-1.86716,0.716736,-2.69769304246677e-07,-1.04439584576997e-06,0.910462498170589,0.333308963203294
15837,-1.87939,0.68404,-1.93360872401236e-07,-1.05676188273527e-06,0.915346582366259,-0.777752503962095
15836,-1.89104,0.651136,-1.22864619072398e-07,-1.0796108776029e-06,0.909485669429715,0.111102085173074
15835,-1.90211,0.618034,-5.26101187041256e-08,-1.09722465801776e-06,0.919253778305508,0.999999999918209
15835,-1.91261,0.584743,1.96008446947052e-08,-1.10198533343807e-06,0.909485669430068,-0.111102085335144
15834,-1.92252,0.551275,8.81591857338335e-08,-1.11081179495393e-06,0.915346582363818,0.777752503801208
15834,-1.93185,0.517638,1.56652701027507e-07,-1.11214161617077e-06,0.910462498171639,-0.333308963364235
15833,-1.94059,0.483844,2.23006123932739e-07,-1.11235752568636e-06,0.912416143749876,0.555523964021923
15833,-1.94874,0.449902,2.87525106395739e-07,-1.1104365954223e-06,0.912416143752063,-0.555523964220183
15832,-1.9563,0.415823,3.50976232954422e-07,-1.10235992142987e-06,0.910462498170272,0.333308963168156
15832,-1.96325,0.381618,4.11228054699159e-07,-1.09740479852677e-06,0.915346582366716,-0.7777525039937
15831,-1.96962,0.347296,4.71199562232236e-07,-1.08180449891158e-06,0.909485669429575,0.111102085145728
15830,-1.97538,0.312869,5.2912283176785e-07,-1.06173972430327e-06,0.91925377830502,0.999999999895294
15830,-1.98054,0.278346,5.83180841707924e-07,-1.05133054117436e-06,0.909485669430092,-0.111102085358556
15829,-1.98509,0.243739,6.36823004869557e-07,-1.02432190705088e-06,0.915346582363415,0.777752503777664
15829,-1.98904,0.209057,6.86186474601255e-07,-1.01181872073971e-06,0.910462498171765,-0.333308963386404
15828,-1.99239,0.174311,7.35063644125161e-07,-9.78705639153191e-07,0.912416143749651,0.555523964001473
15828,-1.99513,0.139513,7.79758345982558e-07,-9.64569758294586e-07,0.912416143752222,-0.5555239642384
15827,-1.99726,0.104672,8.23588071945922e-07,-9.25990275447964e-07,0.910462498170184,0.3333089631488
15827,-1.99878,0.069799,8.63573240760762e-07,-9.10335394495466e-07,0.915346582367074,-0.777752504016448
15826,-1.9997,0.0349048,9.02028261662884e-07,-8.66897786834431e-07,0.909485669429527,0.111102085121831
15825,-2,2.46315e-16,9.3730056143926e-07,-8.21190860820167e-07,0.919253778304535,0.999999999870803
15825,-1.9997,-0.0349048,9.7037472166163e-07,-8.02932020355355e-07,0.909485669430051,-0.111102085378547
15824,-1.99878,-0.069799,1.00018966971505e-06,-7.5369667378367e-07,0.915346582363134,0.777752503762804
15824,-1.99726,-0.104672,1.02860397083366e-06,-7.34934933365392e-07,0.910462498171696,-0.333308963393566
15823,-1.99513,-0.139513,1.05265469749629e-06,-6.82844656139892e-07,0.912416143749586,0.555523964001405
15823,-1.99239,-0.174311,1.0764841071997e-06,-6.63815469159467e-07,0.912416143752114,-0.555523964232279
15822,-1.98904,-0.209057,1.09481710484017e-06,-6.09590146211793e-07,0.910462498170195,0.333308963161688
15822,-1.98509,-0.243739,1.11443288964704e-06,-5.90823978661631e-07,0.915346582366744,-0.7777525039964
15821,-1.98054,-0.278346,1.12711750905198e-06,-5.35175331621761e-07,0.909485669429545,0.111102085145526
15820,-1.97538,-0.312869,1.13664706494509e-06,-4.79392193579628e-07,0.919253778305042,0.999999999897283
15820,-1.96962,-0.347296,1.1498238029111e-06,-4.60585521302488e-07,0.909485669429957,-0.111102085350017
15819,-1.96325,-0.381618,1.15407360826919e-06,-4.04569155736723e-07,0.915346582363609,0.777752503792499
15819,-1.9563,-0.415823,1.16353283559086e-06,-3.86662836693826e-07,0.910462498171549,-0.333308963366345
15818,-1.94874,-0.449902,1.16258829349481e-06,-3.30742584743959e-07,0.912416143749872,0.555523964026319
15818,-1.94059,-0.483844,1.1683652398824e-06,-3.13914694655314e-07,0.91241614375188,-0.555523964209544
15817,-1.93185,-0.517638,1.16238529501277e-06,-2.58819463418496e-07,0.910462498170337,0.33330896318265
15817,-1.92252,-0.551275,1.16487817532941e-06,-2.43266772252172e-07,0.915346582366458,-0.777752503976945
15816,-1.91261,-0.584743,1.15434042559599e-06,-1.89536753921964e-07,0.909485669429567,0.111102085165898
15815,-1.90211,-0.618034,1.14156730813354e-06,-1.3712642740318e-07,0.919253778305528,0.999999999919178
15815,-1.89104,-0.651136,1.13924785227112e-06,-1.23454054521873e-07,0.90948566942994,-0.111102085328262
15814,-1.87939,-0.68404,1.12254053714454e-06,-7.3110587658808e-08,0.915346582363942,0.77775250381428
15814,-1.86716,-0.716736,1.11782171169953e-06,-6.11097623069924e-08,0.910462498171397,-0.333308963343943
15813,-1.85437,-0.749213,1.09752550123844e-06,-1.30826701852954e-08,0.912416143750119,0.555523964050056
15813,-1.84101,-0.781462,1.09063375650601e-06,-2.77430809831563e-09,0.912416143751582,-0.555523964183381
15812,-1.82709,-0.813473,1.06692527256026e-06,4.2729758046504e-08,0.910462498170486,0.333308963212263
15812,-1.81262,-0.845237,1.05805954245328e-06,5.1297467666981e-08,0.915346582365912,-0.777752503943197
15811,-1.79759,-0.876742,1.03144482744829e-06,9.3978718610577e-08,0.909485669429641,0.111102085200675
15810,-1.78201,-0.907981,1.00393329108558e-06,1.34647292966721e-07,0.919253778306197,0.999999999954239
15810,-1.7659,-0.938943,9.92118222173916e-07,1.40487655654311e-07,0.90948566942985,-0.11110208529261
15809,-1.74924,-0.969619,9.62487249360332e-07,1.78018349331043e-07,0.915346582364535,0.777752503850301
15809,-1.73205,-1,9.49615670670541e-07,1.8210521056333e-07,0.9104624981712,-0.333308963308458
15808,-1.71433,-1.03008,9.18104315199564e-07,2.16478630598982e-07,0.912416143750526,0.555523964084446
15808,-1.6961,-1.05984,9.04367684667159e-07,2.18848736520958e-07,0.912416143751243,-0.555523964150944
15807,-1.67734,-1.08928,8.71359920055079e-07,2.49989210500369e-07,0.910462498170725,0.333308963242434
15807,-1.65808,-1.11839,8.57223466436128e-07,2.50783694035479e-07,0.915346582365503,-0.7777525039155
15806,-1.6383,-1.14715,8.23016846212634e-07,2.785933160802e-07,0.90948566942967,0.111102085228524
15805,-1.61803,-1.17557,7.89210159760196e-07,3.04406587481731e-07,0.919253778306763,0.999999999982893
15805,-1.59727,-1.20363,7.7350159166884e-07,3.02381417787694e-07,0.909485669429812,-0.111102085265547
15804,-1.57602,-1.23132,7.39154729901326e-07,3.25016983185077e-07,0.915346582364898,0.777752503876549
15804,-1.55429,-1.25864,7.23504436404528e-07,3.21612334252298e-07,0.910462498170935,-0.333308963280012
15803,-1.53209,-1.28558,6.88871215629431e-07,3.41085899268794e-07,0.912416143750815,0.555523964114853
15803,-1.50942,-1.31212,6.73461549169913e-07,3.36440154848506e-07,0.912416143750855,-0.555523964118957
15802,-1.48629,-1.33826,6.38887405465498e-07,3.52858441303761e-07,0.910462498170897,0.333308963276791
15802,-1.46271,-1.364,6.24049581746951e-07,3.47218169786911e-07,0.915346582364928,-0.77775250387821
15801,-1.43868,-1.38932,5.89873289521178e-07,3.6076121717397e-07,0.909485669429954,0.111102085257172
15801,-1.41421,-1.41421,5.75786581483285e-07,3.54324236097898e-07,0.919253778307098,-0.999999999999989
10084,-1.38932,-1.43868,5.42282707093449e-07,3.65218917850039e-07,-0.909485669429983,0.111102085260242
10184,-1.364,-1.46271,5.10387509945908e-07,3.74983921907813e-07,-0.915346582364814,-0.777752503871363
10184,-1.33826,-1.48629,4.96647106970789e-07,3.66665937093472e-07,-0.910462498171062,0.333308963290425
10284,-1.31212,-1.50942,4.6586772563058e-07,3.74227519186271e-07,-0.912416143750702,-0.555523964098991
10284,-1.28558,-1.53209,4.53409060697122e-07,3.65722412275317e-07,-0.912416143751175,0.55552396414059
10384,-1.25864,-1.55429,4.23954296643826e-07,3.71381153705757e-07,-0.910462498170858,-0.333308963247603
10384,-1.23132,-1.57602,4.12864039724768e-07,3.62928516464141e-07,-0.915346582365569,0.777752503916277
10484,-1.20363,-1.59727,3.84917320525289e-07,3.67017124601393e-07,-0.909485669429755,-0.111102085221656
10584,-1.17557,-1.61803,3.58884425003877e-07,3.70977151469179e-07,-0.919253778306467,-0.999999999969833
10584,-1.14715,-1.6383,3.49162922187405e-07,3.61949578954937e-07,-0.909485669429891,0.111102085282108
10684,-1.11839,-1.65808,3.24851884588052e-07,3.65074096649568e-07,-0.915346582364624,-0.777752503855743
10684,-1.08928,-1.67734,3.16763136543775e-07,3.56831773372156e-07,-0.910462498171255,0.333308963307532
10784,-1.05984,-1.6961,2.94171685788384e-07,3.59467296044064e-07,-0.912416143750544,-0.555523964080908
10784,-1.03008,-1.71433,2.87997682074161e-07,3.52618440133688e-07,-0.912416143751393,0.555523964158839
10884,-1,-1.73205,2.67190244420061e-07,3.55249941312084e-07,-0.910462498170715,-0.333308963230315
10884,-0.969619,-1.74924,2.6279387193029e-07,3.49970172038951e-07,-0.915346582365772,0.777752503931858
10984,-0.938943,-1.7659,2.43593352590725e-07,3.5288776036858e-07,-0.909485669429763,-0.111102085205032
11084,-0.907981,-1.78201,2.26030336015521e-07,3.5716061750744e-07,-0.919253778306154,-0.99999999995149
11084,-0.876742,-1.79759,2.23200479387627e-07,3.53116987654375e-07,-0.909485669429981,0.111102085301552
11184,-0.845237,-1.81262,2.06948784294724e-07,3.58278074341368e-07,-0.915346582364332,-0.777752503835052
11184,-0.813473,-1.82709,2.05696451339211e-07,3.56441624950444e-07,-0.910462498171421,0.333308963330044
11284,-0.781462,-1.84101,1.90351426618907e-07,3.62473128986664e-07,-0.912416143750289,-0.555523964056998
11284,-0.749213,-1.85437,1.90280746410924e-07,3.625878385969e-07,-0.912416143751684,0.555523964183542
11384,-0.716736,-1.86716,1.75375825806292e-07,3.69175678500718e-07,-0.910462498170579,-0.333308963203316
11384,-0.68404,-1.87939,1.76295503360598e-07,3.71289885043613e-07,-0.915346582366256,0.777752503962127
11484,-0.651136,-1.89104,1.61544977057874e-07,3.78393050539313e-07,-0.9094856694297,-0.111102085173069
11584,-0.618034,-1.90211,1.4751675669751e-07,3.87651635165856e-07,-0.919253778305473,-0.9999999999182
11584,-0.584743,-1.91261,1.48321761453751e-07,3.8984314291562e-07,-0.909485669430035,0.111102085335111
11684,-0.551275,-1.92252,1.33931486752548e-07,3.992016820088e-07,-0.915346582363772,-0.777752503801188
11684,-0.517638,-1.93185,1.3510469341431e-07,4.02722341732857e-07,-0.910462498171642,0.333308963364261
11784,-0.483844,-1.94059,1.20045538106511e-07,4.11542197277332e-07,-0.912416143749915,-0.555523964021929
11784,-0.449902,-1.94874,1.21302730636886e-07,4.15835470999853e-07,-0.912416143752077,0.555523964220183
11884,-0.415823,-1.9563,1.05396271353127e-07,4.23358826242972e-07,-0.910462498170266,-0.33330896316818
11884,-0.381618,-1.96325,1.06550265252474e-07,4.27949837342882e-07,-0.915346582366712,0.777752503993725
11984,-0.347296,-1.96962,8.98980018910633e-08,4.33868021973338e-07,-0.909485669429565,-0.111102085145729
12084,-0.312869,-1.97538,7.33494513066959e-08,4.41452331281523e-07,-0.919253778305011,-0.999999999895287
12084,-0.278346,-1.98054,7.36111009377772e-08,4.42925740685999e-07,-0.909485669430107,0.111102085358526
12184,-0.243739,-1.98509,5.64213898919321e-08,4.48718200317521e-07,-0.915346582363447,-0.777752503777644
12184,-0.209057,-1.98904,5.66345055599484e-08,4.50315737286121e-07,-0.910462498171781,0.333308963386432
12284,-0.174311,-1.99239,3.90170244423111e-08,4.54561038888685e-07,-0.912416143749663,-0.555523964001473
12284,-0.139513,-1.99513,3.92244374614265e-08,4.56914695234135e-07,-0.912416143752267,0.555523964238395
12384,-0.104672,-1.99726,2.12830300005809e-08,4.60046532352376e-07,-0.910462498170238,-0.333308963148834
12384,-0.069799,-1.99878,2.14051188486431e-08,4.62766472326036e-07,-0.915346582367131,0.777752504016471
12484,-0.0349048,-1.9997,3.17268180127731e-09,4.65337422154853e-07,-0.909485669429557,-0.111102085121833
12584,-4.35203e-16,-2,-1.52842104887601e-08,4.69203459777687e-07,-0.919253778304537,-0.999999999870803
12584,0.0349048,-1.9997,-1.54109852751058e-08,4.72733461205598e-07,-0.909485669430058,0.111102085378513
12684,0.069799,-1.99878,-3.44785322537866e-08,4.77693558800275e-07,-0.915346582363139,-0.777752503762792
12684,0.104672,-1.99726,-3.4933332512462e-08,4.83558072705289e-07,-0.9104624981717,0.333308963393593
12784,0.139513,-1.99513,-5.49207565991251e-08,4.8971281314801e-07,-0.912416143749591,-0.555523964001403
12784,0.174311,-1.99239,-5.59193600481979e-08,4.98074496614584e-07,-0.912416143752134,0.555523964232273
12884,0.209057,-1.98904,-7.72731427681226e-08,5.06123823257683e-07,-0.91046249817019,-0.333308963161724
12884,0.243739,-1.98509,-7.91692627547476e-08,5.17848401667923e-07,-0.915346582366752,0.777752503996427
12984,0.278346,-1.98054,-1.02438357882161e-07,5.28120045691065e-07,-0.909485669429543,-0.111102085145531
13084,0.312869,-1.97538,-1.27257246678852e-07,5.39545869069767e-07,-0.919253778305079,-0.999999999897294
13084,0.347296,-1.96962,-1.31188194434983e-07,5.55389733637373e-07,-0.909485669429971,0.111102085349981
13184,0.381618,-1.96325,-1.58744935135901e-07,5.68731171817683e-07,-0.915346582363621,-0.777752503792476
13184,0.415823,-1.9563,-1.64220191792056e-07,5.87253425558572e-07,-0.910462498171561,0.33330896336634
13284,0.449902,-1.94874,-1.94822902355472e-07,6.01509108014442e-07,-0.912416143749886,-0.555523964026324
13284,0.483844,-1.94059,-2.01862461941334e-07,6.2181947681834e-07,-0.912416143751904,0.555523964209538
13384,0.517638,-1.93185,-2.3545298723139e-07,6.35771186386729e-07,-0.910462498170363,-0.333308963182687
13384,0.551275,-1.92252,-2.44033651741818e-07,6.57137489115172e-07,-0.915346582366464,0.777752503976962
13484,0.584743,-1.91261,-2.80369355572409e-07,6.696533251416e-07,-0.909485669429569,-0.111102085165906
13584,0.618034,-1.90211,-3.18950077278295e-07,6.81935897775765e-07,-0.919253778305519,-0.999999999919186
13584,0.651136,-1.89104,-3.2894786493871e-07,7.01143538943486e-07,-0.909485669429928,0.111102085328226
13684,0.68404,-1.87939,-3.69523110677951e-07,7.10430727826732e-07,-0.915346582363942,-0.777752503814258
13684,0.716736,-1.86716,-3.80249909780308e-07,7.28466439299425e-07,-0.910462498171394,0.333308963343945
13784,0.749213,-1.85437,-4.22141649869946e-07,7.33918856174849e-07,-0.912416143750121,-0.555523964050058
13784,0.781462,-1.84101,-4.33218621285109e-07,7.50175193093564e-07,-0.91241614375158,0.555523964183364
13884,0.813473,-1.82709,-4.75796594865253e-07,7.51255498416657e-07,-0.91046249817049,-0.333308963212306
13884,0.845237,-1.81262,-4.86963825332098e-07,7.6546520150643e-07,-0.915346582365913,0.777752503943214
13984,0.876742,-1.79759,-5.29854331738672e-07,7.62256692913409e-07,-0.909485669429626,-0.1111020852007
14084,0.907981,-1.78201,-5.73994118844105e-07,7.57738066797356e-07,-0.919253778306215,-0.999999999954254
14084,0.938943,-1.7659,-5.84001631426186e-07,7.67223161241005e-07,-0.909485669429858,0.111102085292581
14184,0.969619,-1.74924,-6.27939063961955e-07,7.58570747966512e-07,-0.915346582364524,-0.777752503850263
14184,1,-1.73205,-6.37810099145913e-07,7.6632672445028e-07,-0.910462498171194,0.333308963308465
14284,1.03008,-1.71433,-6.81349529014569e-07,7.53654901596854e-07,-0.91241614375052,-0.55552396408445
14284,1.05984,-1.6961,-6.90943650834298e-07,7.59623004210114e-07,-0.912416143751235,0.55552396415093
14384,1.08928,-1.67734,-7.33926580256991e-07,7.43127453995773e-07,-0.910462498170724,-0.333308963242461
14384,1.11839,-1.65808,-7.43258572334312e-07,7.47412117951536e-07,-0.915346582365498,0.777752503915531
14484,1.14715,-1.6383,-7.85557371265815e-07,7.27345928697679e-07,-0.909485669429676,-0.111102085228531
14584,1.17557,-1.61803,-8.28275979890586e-07,7.05435045667825e-07,-0.919253778306762,-0.999999999982903
14584,1.20363,-1.59727,-8.36194874895599e-07,7.06489580837034e-07,-0.909485669429825,0.1111020852655
14684,1.23132,-1.57602,-8.7821898718974e-07,6.81077525552179e-07,-0.91534658236492,-0.777752503876537
14684,1.25864,-1.55429,-8.85893991631316e-07,6.80625802989094e-07,-0.910462498170955,0.333308963280004
14784,1.28558,-1.53209,-9.27175367234767e-07,6.51709634647179e-07,-0.912416143750819,-0.555523964114867
14784,1.31212,-1.50942,-9.34526909486442e-07,6.49623600634976e-07,-0.912416143750872,0.555523964118932
14884,1.33826,-1.48629,-9.74956247368941e-07,6.17120031138383e-07,-0.910462498170903,-0.333308963276861
14884,1.364,-1.46271,-9.81843470930508e-07,6.13227584332586e-07,-0.915346582364901,0.777752503878194
14984,1.38932,-1.43868,-1.02106006866628e-06,5.7695014739959e-07,-0.909485669429939,-0.111102085257194
14984,1.41421,-1.41421,-1.02712959139286e-06,5.70965571187066e-07,-0.919253778307102,0.999999999999985
5850,1.43868,-1.38932,-1.06457503540989e-06,5.30697845406111e-07,0.909485669429985,-0.111102085260202
5849,1.46271,-1.364,-1.10130954153729e-06,4.87904576153411e-07,0.915346582364833,0.777752503871339
5849,1.48629,-1.33826,-1.10443899406923e-06,4.78134492890091e-07,0.910462498171102,-0.333308963290407
5848,1.50942,-1.31212,-1.13850485481707e-06,4.31336778335571e-07,0.91241614375073,0.555523964099018
5848,1.53209,-1.28558,-1.13986140357189e-06,4.19062015579787e-07,0.912416143751186,-0.555523964140576
5847,1.55429,-1.25864,-1.17077832137525e-06,3.68186757322897e-07,0.91046249817085,0.333308963247604
5847,1.57602,-1.23132,-1.16991627824152e-06,3.53215557340638e-07,0.91534658236556,-0.777752503916265
5846,1.59727,-1.20363,-1.196975873448e-06,2.98307413799151e-07,0.909485669429786,0.111102085221649
5845,1.61803,-1.17557,-1.22219670357514e-06,2.40860875050409e-07,0.919253778306525,0.999999999969829
5845,1.6383,-1.14715,-1.21576405157068e-06,2.21906345449586e-07,0.909485669429914,-0.11110208528211
5844,1.65808,-1.11839,-1.23587260192007e-06,1.610162586509e-07,0.915346582364627,0.777752503855747
5844,1.67734,-1.08928,-1.2258827118006e-06,1.39456644216304e-07,0.910462498171258,-0.333308963307527
5843,1.6961,-1.05984,-1.24024330181244e-06,7.56572689420898e-08,0.912416143750537,0.555523964080912
5843,1.71433,-1.03008,-1.2264465649384e-06,5.16157794480809e-08,0.912416143751378,-0.555523964158821
5842,1.73205,-1,-1.23465160870301e-06,-1.4505144358255e-08,0.910462498170701,0.333308963230334
5842,1.74924,-0.969619,-1.21675366698011e-06,-4.0875036288734e-08,0.915346582365767,-0.777752503931841
5841,1.7659,-0.938943,-1.21847862592392e-06,-1.08751292812158e-07,0.909485669429766,0.111102085205045
5840,1.78201,-0.907981,-1.2169525391858e-06,-1.77911308021843e-07,0.919253778306158,0.99999999995149
5840,1.79759,-0.876742,-1.19116023739322e-06,-2.06231258861438e-07,0.909485669429983,-0.111102085301555
5839,1.81262,-0.845237,-1.1825722822297e-06,-2.75955352248004e-07,0.915346582364319,0.777752503835052
5839,1.82709,-0.813473,-1.15217452327904e-06,-3.05798624186283e-07,0.910462498171384,-0.333308963330046
5838,1.84101,-0.781462,-1.13640303195155e-06,-3.75259932100861e-07,0.912416143750258,0.555523964056995
5838,1.85437,-0.749213,-1.10127339812733e-06,-4.06279825144671e-07,0.91241614375167,-0.555523964183538
5837,1.86716,-0.716736,-1.07830785670829e-06,-4.74590048904841e-07,0.91046249817059,0.333308963203332
5837,1.87939,-0.68404,-1.03843633353945e-06,-5.06450959080281e-07,0.915346582366259,-0.777752503962114
5836,1.89104,-0.651136,-1.00840025275995e-06,-5.72935400013287e-07,0.909485669429712,0.11110208517308
5835,1.90211,-0.618034,-9.74558955456171e-07,-6.38685414628714e-07,0.919253778305505,0.999999999918216
5835,1.91261,-0.584743,-9.26702460593385e-07,-6.6953959469892e-07,0.909485669430072,-0.111102085335106
5834,1.92252,-0.551275,-8.85830867876575e-07,-7.32476801433242e-07,0.915346582363824,0.777752503801191
5834,1.93185,-0.517638,-8.33140513191108e-07,-7.63455755774801e-07,0.910462498171638,-0.333308963364257
5833,1.94059,-0.483844,-7.85315051584329e-07,-8.22798776148401e-07,0.912416143749874,0.555523964021932
5833,1.94874,-0.449902,-7.27690222699497e-07,-8.53556488963839e-07,0.91241614375206,-0.555523964220175
5832,1.9563,-0.415823,-6.73035352934737e-07,-9.08361310736242e-07,0.910462498170272,0.333308963168192
5832,1.96325,-0.381618,-6.10486086313943e-07,-9.38524536821433e-07,0.915346582366721,-0.777752503993719
5831,1.96962,-0.347296,-5.49355477001065e-07,-9.8783167596687e-07,0.909485669429573,0.111102085145735
5830,1.97538,-0.312869,-4.84758915967382e-07,-1.03417337339585e-06,0.919253778305019,0.999999999895301
5830,1.98054,-0.278346,-4.14826620566152e-07,-1.06049193582417e-06,0.909485669430095,-0.11110208535852
5829,1.98509,-0.243739,-3.44323857627914e-07,-1.1005807425881e-06,0.915346582363408,0.777752503777643
5829,1.98904,-0.209057,-2.69695266609085e-07,-1.12547817993138e-06,0.910462498171767,-0.333308963386425
5828,1.99239,-0.174311,-1.93571524761944e-07,-1.15842232737258e-06,0.91241614374965,0.555523964001481
5828,1.99513,-0.139513,-1.14333605920921e-07,-1.18160565971399e-06,0.912416143752221,-0.555523964238393
5827,1.99726,-0.104672,-3.31200110879096e-08,-1.20662310401452e-06,0.910462498170182,0.333308963148836
5827,1.99878,-0.069799,5.04878937702706e-08,-1.22766376036922e-06,0.915346582367075,-0.777752504016468
5826,1.9997,-0.0349048,1.36177892889658e-07,-1.24405243503618e-06,0.909485669429527,0.111102085121839
