origElemNum,globCoord-x,globCoord-y,acouIntensity-x,acouIntensity-y,locCoord-xi,locCoord-eta
5825,2,-2.20442e-18,-74569486116.5774,3095124515.77352,0.919253778304535,0.999999999870795
5825,1.9997,0.0349048,-74329544388.9404,3092555102.62236,0.909485669430051,-0.11110208537854
5824,1.99878,0.069799,-73917692791.1152,-914266242.744543,0.915346582363134,0.7777525037628
5824,1.99726,0.104672,-73408525955.612,-899402065.342512,0.910462498171695,-0.333308963393583
5823,1.99513,0.139513,-72614984070.9236,-4630191317.69635,0.912416143749585,0.555523964001403
5823,1.99239,0.174311,-71979618859.2005,-4584708444.46789,0.912416143752112,-0.555523964232293
5822,1.98904,0.209057,-70950145096.2853,-8312236542.43303,0.910462498170195,0.33330896316169
5822,1.98509,0.243739,-70260234077.5708,-8235505857.78256,0.915346582366752,-0.777752503996411
5821,1.98054,0.278346,-68834235925.2616,-12078249087.8933,0.909485669429537,0.111102085145532
5820,1.97538,0.312869,-67265568917.2017,-15709776977.8259,0.91925377830504,0.999999999897275
5820,1.96962,0.347296,-65975066752.099,-15438475182.7472,0.909485669429959,-0.111102085350008
5819,1.96325,0.381618,-64039508504.2545,-18601979312.7135,0.915346582363608,0.777752503792493
5819,1.9563,0.415823,-62755790804.5502,-18277004843.0189,0.910462498171543,-0.333308963366333
5818,1.94874,0.449902,-60659900466.8827,-21200378503.2658,0.912416143749872,0.555523964026318
5818,1.94059,0.483844,-59186303314.3917,-20744589490.4255,0.912416143751876,-0.555523964209557
5817,1.93185,0.517638,-56517238609.2068,-23014863452.1088,0.910462498170338,0.333308963182653
5817,1.92252,0.551275,-54328387460.6203,-22195821339.6608,0.915346582366455,-0.777752503976955
5816,1.91261,0.584743,-51182733218.7097,-23563454221.1856,0.909485669429567,0.111102085165898
5815,1.90211,0.618034,-47979476737.1892,-24694161023.1721,0.919253778305533,0.999999999919169
5815,1.89104,0.651136,-45722120963.0641,-23605709029.365,0.909485669429933,-0.111102085328256
5814,1.87939,0.68404,-42683470733.2342,-24540518300.8711,0.915346582363941,0.777752503814277
5814,1.86716,0.716736,-40177190447.7816,-23178852537.747,0.910462498171402,-0.333308963343933
5813,1.85437,0.749213,-36870924479.1951,-23283963275.3369,0.912416143750119,0.555523964050056
5813,1.84101,0.781462,-33964701247.7911,-21527988301.8535,0.912416143751575,-0.555523964183394
5812,1.82709,0.813473,-30620464056.621,-20957311589.8312,0.910462498170486,0.333308963212263
5812,1.81262,0.845237,-27873534288.9693,-19140739048.4917,0.915346582365915,-0.777752503943209
5811,1.79759,0.876742,-24714837527.536,-18201086412.8891,0.909485669429635,0.111102085200681
5810,1.78201,0.907981,-21685869437.1569,-16971588648.6944,0.919253778306195,0.999999999954235
5810,1.7659,0.938943,-18889204601.7571,-14822442494.675,0.909485669429844,-0.111102085292603
5809,1.74924,0.969619,-15849715010.8972,-13161235925.9755,0.915346582364538,0.777752503850291
5809,1.73205,1,-13145314529.1494,-10944095443.9695,0.910462498171199,-0.333308963308445
5808,1.71433,1.03008,-10255600094.3347,-9032318213.33621,0.912416143750526,0.555523964084446
5808,1.6961,1.05984,-7602714968.69649,-6720365237.36205,0.912416143751246,-0.555523964150953
5807,1.67734,1.08928,-4906096477.09958,-4576921080.92599,0.910462498170725,0.333308963242434
5807,1.65808,1.11839,-2399262588.64407,-2248217322.90707,0.915346582365508,-0.777752503915519
5806,1.6383,1.14715,-90513096.5433533,-89600862.6142729,0.909485669429676,0.11110208522853
5805,1.61803,1.17557,2046486969.87146,2151627483.23331,0.919253778306765,0.999999999982884
5805,1.59727,1.20363,3897771628.03012,4114487285.513,0.909485669429817,-0.111102085265541
5804,1.57602,1.23132,5480922829.74988,6216800412.77057,0.9153465823649,0.777752503876539
5804,1.55429,1.25864,6879728107.72522,7846924806.27065,0.910462498170939,-0.333308963279996
5803,1.53209,1.28558,7786729985.15636,9749532211.94451,0.912416143750815,0.555523964114853
5803,1.50942,1.31212,8771591402.23149,11081774081.2802,0.91241614375085,-0.555523964118972
5802,1.48629,1.33826,8874942655.55312,12735849649.4235,0.910462498170897,0.333308963276791
5802,1.46271,1.364,9308330707.72598,13548141741.1887,0.915346582364929,-0.77775250387822
5801,1.43868,1.38932,8574826635.86393,15058525578.8021,0.909485669429954,0.111102085257182
5801,1.41421,1.41421,8644267191.24705,15532324542.9596,0.919253778307104,-0.999999999999994
850,1.38932,1.43868,7661913629.43414,17621992514.656,0.909485669429991,-0.111102085260227
849,1.364,1.46271,6369928744.22733,19920708068.9627,0.915346582364834,0.777752503871359
849,1.33826,1.48629,6643591701.18372,21004900146.6521,0.910462498171096,-0.333308963290402
848,1.31212,1.50942,5240566929.90659,23632865369.513,0.912416143750729,0.555523964099008
848,1.28558,1.53209,5581461671.71439,24855266416.7435,0.912416143751184,-0.555523964140596
847,1.25864,1.55429,4523676589.7159,27308654396.0981,0.910462498170846,0.333308963247574
847,1.23132,1.57602,5088253487.13938,28498876479.6131,0.915346582365554,-0.777752503916259
846,1.20363,1.59727,4203053676.2936,29558811360.4955,0.90948566942978,0.111102085221654
845,1.17557,1.61803,3257240299.87225,30304055041.0758,0.919253778306528,0.999999999969813
845,1.14715,1.6383,2480240322.44807,29755700679.9359,0.909485669429915,-0.111102085282135
844,1.11839,1.65808,234018483.411896,30286633684.5375,0.915346582364625,0.777752503855763
844,1.08928,1.67734,-370929334.201944,30246694344.3631,0.910462498171253,-0.333308963307521
843,1.05984,1.6961,-2825411551.64779,31477652072.6105,0.912416143750542,0.555523964080906
843,1.03008,1.71433,-3303109808.56794,31656245333.4329,0.912416143751377,-0.555523964158847
842,1,1.73205,-5550186596.13652,32882193427.1968,0.910462498170698,0.333308963230309
842,0.969619,1.74924,-5882303671.5294,32979507336.0218,0.915346582365766,-0.777752503931825
841,0.938943,1.7659,-7899479375.2707,34174421252.1614,0.909485669429764,0.111102085205048
840,0.907981,1.78201,-9484953867.05403,35098168205.2615,0.919253778306164,0.99999999995148
840,0.876742,1.79759,-9795617821.69389,35457467893.9155,0.909485669429979,-0.11110208530158
839,0.845237,1.81262,-10752812466.3197,36163100146.1418,0.91534658236432,0.777752503835068
839,0.813473,1.82709,-11198749575.8158,36903821617.2873,0.91046249817139,-0.33330896333004
838,0.781462,1.84101,-12119235080.4831,37834737039.1862,0.912416143750255,0.555523964056983
838,0.749213,1.85437,-12652419169.968,38595356423.5056,0.912416143751674,-0.555523964183563
837,0.716736,1.86716,-13410647174.1012,39181594048.2413,0.910462498170584,0.333308963203304
837,0.68404,1.87939,-13829568538.9698,39441611230.1969,0.915346582366261,-0.777752503962098
836,0.651136,1.89104,-14337142342.8553,39903368108.3446,0.909485669429719,0.111102085173086
835,0.618034,1.90211,-14277812204.8539,40165748605.9698,0.919253778305509,0.999999999918205
835,0.584743,1.91261,-15048878323.2778,41085211830.3783,0.909485669430073,-0.111102085335132
834,0.551275,1.92252,-14302981309.4244,41477203562.5965,0.915346582363819,0.777752503801204
834,0.517638,1.93185,-15077240218.7125,42269141884.3148,0.910462498171637,-0.333308963364254
833,0.483844,1.94059,-13616496874.9456,42312295724.5029,0.912416143749877,0.55552396402192
833,0.449902,1.94874,-14268269991.5709,42695425049.9444,0.91241614375206,-0.555523964220202
832,0.415823,1.9563,-12368560288.2505,42389148272.0511,0.910462498170279,0.333308963168166
832,0.381618,1.96325,-12967213957.3429,42518814227.5376,0.915346582366717,-0.777752503993703
831,0.347296,1.96962,-10565752862.5976,42054114098.426,0.909485669429573,0.111102085145737
830,0.312869,1.97538,-7516525538.77619,41474882122.3084,0.919253778305012,0.99999999989529
830,0.278346,1.98054,-7903058911.48225,41266910824.1572,0.909485669430091,-0.111102085358547
829,0.243739,1.98509,-4303930758.44674,40427235342.0444,0.915346582363415,0.77775250377766
829,0.209057,1.98904,-4547646250.48081,39929135644.369,0.910462498171767,-0.333308963386422
828,0.174311,1.99239,-664630831.392945,39018936901.446,0.912416143749651,0.55552396400147
828,0.139513,1.99513,-801044578.677641,38498244845.1673,0.912416143752224,-0.555523964238419
827,0.104672,1.99726,3958574288.87394,37627417683.818,0.910462498170184,0.33330896314881
827,0.069799,1.99878,3979499042.71656,36980678285.5891,0.915346582367074,-0.777752504016452
826,0.0349048,1.9997,9788334758.40021,35918866113.422,0.909485669429527,0.111102085121841
825,1.27747e-16,2,15260690201.5069,34918378605.316,0.919253778304535,0.999999999870799
825,-0.0349048,1.9997,15342865098.7197,33707847453.8478,0.909485669430051,-0.111102085378537
824,-0.069799,1.99878,19726327099.108,32601416405.4684,0.915346582363134,0.777752503762801
824,-0.104672,1.99726,19773450354.2978,31360175116.2861,0.910462498171695,-0.333308963393583
823,-0.139513,1.99513,23976878028.5182,30422498256.9077,0.912416143749585,0.555523964001401
823,-0.174311,1.99239,24063823720.9805,29300443015.0141,0.912416143752112,-0.555523964232297
822,-0.209057,1.98904,28173865860.2872,28664863461.6686,0.910462498170195,0.333308963161685
822,-0.243739,1.98509,28134640976.8695,27707227274.5206,0.915346582366744,-0.777752503996403
821,-0.278346,1.98054,31012951085.1597,27265017943.2319,0.909485669429538,0.111102085145537
820,-0.312869,1.97538,32907758134.2888,26802862506.6553,0.919253778305041,0.999999999897278
820,-0.347296,1.96962,32503903352.6144,26116811213.5973,0.90948566942996,-0.111102085350006
819,-0.381618,1.96325,33909994742.4177,25806250048.3238,0.915346582363608,0.777752503792493
819,-0.415823,1.9563,33286223929.8826,25232032514.6921,0.910462498171543,-0.333308963366333
818,-0.449902,1.94874,33598290747.1495,24966455704.0664,0.912416143749872,0.555523964026316
818,-0.483844,1.94059,32553396549.0693,24534008218.1059,0.912416143751875,-0.555523964209561
817,-0.517638,1.93185,31365321481.2366,24158785222.8873,0.910462498170336,0.333308963182646
817,-0.551275,1.92252,30219459057.4283,23837462144.1257,0.915346582366457,-0.777752503976948
816,-0.584743,1.91261,28696075353.877,23406409936.3393,0.909485669429562,0.111102085165907
815,-0.618034,1.90211,27240995232.1045,22956908123.557,0.919253778305526,0.999999999919175
815,-0.651136,1.89104,26371325300.8359,22682488358.9202,0.909485669429935,-0.111102085328253
814,-0.68404,1.87939,24692476495.8911,22087860574.3383,0.915346582363941,0.777752503814277
814,-0.716736,1.86716,23556531838.9335,21644712881.2202,0.910462498171402,-0.333308963343933
813,-0.749213,1.85437,21522093074.9944,20775062895.9181,0.912416143750117,0.555523964050053
813,-0.781462,1.84101,20310539006.8024,20143045873.1259,0.912416143751584,-0.555523964183396
812,-0.813473,1.82709,18370316613.9506,19082604895.6643,0.910462498170484,0.33330896321226
812,-0.845237,1.81262,17202907337.2247,18270470552.8777,0.91534658236591,-0.7777525039432
811,-0.876742,1.79759,15371476077.5111,16967391845.993,0.909485669429639,0.111102085200672
810,-0.907981,1.78201,13612096141.1269,15608918358.17,0.919253778306197,0.999999999954239
810,-0.938943,1.7659,12568500017.9252,14393210460.3849,0.909485669429848,-0.111102085292613
809,-0.969619,1.74924,10970113357.8876,12827413899.0386,0.915346582364533,0.777752503850298
809,-1,1.73205,9936917165.06202,11423147837.4528,0.910462498171205,-0.333308963308436
808,-1.03008,1.71433,8359977796.04387,9632986144.49531,0.912416143750522,0.55552396408444
808,-1.05984,1.6961,7224221074.68053,8027124983.47312,0.912416143751243,-0.555523964150944
807,-1.08928,1.67734,5718146524.84943,6168782265.00741,0.910462498170733,0.33330896324243
807,-1.11839,1.65808,4502130712.16681,4560274786.28908,0.915346582365511,-0.777752503915504
806,-1.14715,1.6383,3112387150.27106,2951435637.06881,0.909485669429678,0.11110208522852
805,-1.17557,1.61803,1749835678.20521,1533182586.83609,0.91925377830677,0.999999999982889
805,-1.20363,1.59727,354590375.107962,285266900.813053,0.909485669429819,-0.111102085265551
804,-1.23132,1.57602,-1139130945.19314,-840233636.863176,0.915346582364893,0.777752503876544
804,-1.25864,1.55429,-2724022784.2424,-1843364453.09085,0.910462498170937,-0.333308963279986
803,-1.28558,1.53209,-4427054486.12743,-2743172410.73299,0.912416143750809,0.555523964114847
803,-1.31212,1.50942,-6233286292.95181,-3523008896.36018,0.912416143750849,-0.555523964118962
802,-1.33826,1.48629,-8226758716.44917,-4233143877.63552,0.910462498170897,0.333308963276791
802,-1.364,1.46271,-10312698971.9632,-4782629338.98321,0.915346582364928,-0.77775250387821
801,-1.38932,1.43868,-12581530647.3874,-5236846345.7668,0.909485669429954,0.111102085257172
801,-1.41421,1.41421,-14934879155.8188,-5509704595.97088,0.919253778307104,-0.999999999999994
15850,-1.43868,1.38932,-17362376234.2609,-5623950456.76786,0.909485669429991,-0.111102085260237
15849,-1.46271,1.364,-19866416899.6126,-5564956287.81212,0.915346582364828,0.777752503871364
15849,-1.48629,1.33826,-22445055807.8609,-5397159693.81234,0.910462498171103,-0.333308963290387
15848,-1.50942,1.31212,-25115401266.6842,-5105571504.27027,0.912416143750729,0.555523964099008
15848,-1.53209,1.28558,-27895220325.0201,-4744152699.95467,0.912416143751185,-0.555523964140586
15847,-1.55429,1.25864,-30887749743.6337,-4455842207.73336,0.910462498170851,0.333308963247569
15847,-1.57602,1.23132,-33923004370.9367,-4016703233.10122,0.915346582365555,-0.777752503916249
15846,-1.59727,1.20363,-37170770097.8096,-3932165816.26706,0.909485669429784,0.111102085221639
15845,-1.61803,1.17557,-40548541231.4487,-3892397550.57442,0.919253778306531,0.999999999969823
15845,-1.6383,1.14715,-43162839315.0981,-3545103186.8597,0.909485669429917,-0.111102085282151
15844,-1.65808,1.11839,-45943869266.5728,-3567758491.40296,0.915346582364627,0.777752503855772
15844,-1.67734,1.08928,-47797904858.3835,-3304892321.82854,0.910462498171251,-0.333308963307506
15843,-1.6961,1.05984,-49680205139.2092,-3777253962.21414,0.912416143750542,0.555523964080906
15843,-1.71433,1.03008,-50539306913.8078,-3764900113.84819,0.912416143751375,-0.555523964158831
15842,-1.73205,1,-51386710262.8251,-5070735563.88235,0.910462498170697,0.333308963230296
15842,-1.74924,0.969619,-51086282471.9499,-5331033535.51852,0.915346582365764,-0.777752503931822
15841,-1.7659,0.938943,-50642675761.8854,-7317468605.23469,0.909485669429762,0.111102085205035
15840,-1.78201,0.907981,-50045795228.3162,-9608966763.86645,0.919253778306162,0.999999999951483
15840,-1.79759,0.876742,-47455462365.843,-9996680105.19784,0.909485669429984,-0.111102085301589
15839,-1.81262,0.845237,-45751857871.7924,-12114782507.8034,0.915346582364318,0.777752503835071
15839,-1.82709,0.813473,-43230023054.6663,-12392844010.6319,0.910462498171391,-0.333308963330024
15838,-1.84101,0.781462,-41635145972.1113,-13372737490.6483,0.912416143750253,0.555523964056986
15838,-1.85437,0.749213,-40586180637.3767,-13674038835.4745,0.912416143751674,-0.555523964183544
15837,-1.86716,0.716736,-40195850362.2674,-12237843705.6021,0.910462498170589,0.333308963203294
15837,-1.87939,0.68404,-41406601163.3274,-12548125657.9447,0.915346582366259,-0.777752503962095
15836,-1.89104,0.651136,-42345999925.7541,-7420370930.73958,0.909485669429715,0.111102085173074
15835,-1.90211,0.618034,-43153096097.6649,448774807.962162,0.919253778305508,0.999999999918209
15835,-1.91261,0.584743,-47453604746.4621,1075732826.89013,0.909485669430068,-0.111102085335144
15834,-1.92252,0.551275,-49476357411.9593,10289301458.0643,0.915346582363818,0.777752503801208
15834,-1.93185,0.517638,-53838306178.8388,11330926101.1821,0.910462498171639,-0.333308963364235
15833,-1.94059,0.483844,-55875960510.2199,20858419380.5357,0.912416143749876,0.555523964021923
15833,-1.94874,0.449902,-59659627363.9401,22004503766.1142,0.912416143752063,-0.555523964220183
15832,-1.9563,0.415823,-61144085792.4446,31865397313.9858,0.910462498170272,0.333308963168156
15832,-1.96325,0.381618,-64375752475.8881,33014607747.0011,0.915346582366716,-0.7777525039937
15831,-1.96962,0.347296,-65585714666.9345,42442145606.0088,0.909485669429575,0.111102085145728
15830,-1.97538,0.312869,-67211074342.3057,50870265582.9744,0.91925377830502,0.999999999895294
15830,-1.98054,0.278346,-69329395456.7,51641741586.9755,0.909485669430092,-0.111102085358556
15829,-1.98509,0.243739,-70543850033.5535,59634616155.6937,0.915346582363415,0.777752503777664
15829,-1.98904,0.209057,-72405107090.0997,60151361877.1542,0.910462498171765,-0.333308963386404
15828,-1.99239,0.174311,-73810858129.3513,68938933852.5137,0.912416143749651,0.555523964001473
15828,-1.99513,0.139513,-76419110824.6187,69865893316.9245,0.912416143752222,-0.5555239642384
15827,-1.99726,0.104672,-79431846841.3535,79995596158.8413,0.910462498170184,0.3333089631488
15827,-1.99878,0.069799,-83712243652.2981,81865320827.3171,0.915346582367074,-0.777752504016448
15826,-1.9997,0.0349048,-88779146295.403,93234414664.495,0.909485669429527,0.111102085121831
15825,-2,2.46315e-16,-94597452881.6335,105411918084.071,0.919253778304535,0.999999999870803
15825,-1.9997,-0.0349048,-100345712956.617,107399764778.54,0.909485669430051,-0.111102085378547
15824,-1.99878,-0.069799,-106212445361.642,117734843552.013,0.915346582363134,0.777752503762804
15824,-1.99726,-0.104672,-110472352186.426,118561101857.626,0.910462498171696,-0.333308963393566
15823,-1.99513,-0.139513,-114107240600.823,122700116812.695,0.912416143749586,0.555523964001405
15823,-1.99239,-0.174311,-116066141875.001,121924240722.931,0.912416143752114,-0.555523964232279
15822,-1.98904,-0.209057,-116928008146.989,119287028003.632,0.910462498170195,0.333308963161688
15822,-1.98509,-0.243739,-117233519490.45,117505841786.261,0.915346582366744,-0.7777525039964
15821,-1.98054,-0.278346,-117427609284.492,112844971682.471,0.909485669429545,0.111102085145526
15820,-1.97538,-0.312869,-117905872234.367,110376159615.396,0.919253778305042,0.999999999897283
15820,-1.96962,-0.347296,-122119965907.25,110878443850.314,0.909485669429957,-0.111102085350017
15819,-1.96325,-0.381618,-128373769625.886,115894476862.101,0.915346582363609,0.777752503792499
15819,-1.9563,-0.415823,-138948548110.109,118833938295.998,0.910462498171549,-0.333308963366345
15818,-1.94874,-0.449902,-153452941948.177,131328226387.642,0.912416143749872,0.555523964026319
15818,-1.94059,-0.483844,-168694739171.134,135137003658.202,0.91241614375188,-0.555523964209544
15817,-1.93185,-0.517638,-183931844663.517,144850366706.19,0.910462498170337,0.33330896318265
15817,-1.92252,-0.551275,-195866092768.705,145862340570.027,0.915346582366458,-0.777752503976945
15816,-1.91261,-0.584743,-199991690963.118,140132762920.031,0.909485669429567,0.111102085165898
15815,-1.90211,-0.618034,-198622683042.746,122784304140.599,0.919253778305528,0.999999999919178
15815,-1.89104,-0.651136,-195592277753.97,117315116559.742,0.90948566942994,-0.111102085328262
15814,-1.87939,-0.68404,-184233759755.357,91839984703.4174,0.915346582363942,0.77775250381428
15814,-1.86716,-0.716736,-176341311117.348,85909096550.652,0.910462498171397,-0.333308963343943
15813,-1.85437,-0.749213,-157978908965.179,57156223725.729,0.912416143750119,0.555523964050056
15813,-1.84101,-0.781462,-146998142093.449,52033881901.2048,0.912416143751582,-0.555523964183381
15812,-1.82709,-0.813473,-127079191479.471,26475699382.4097,0.910462498170486,0.333308963212263
15812,-1.81262,-0.845237,-116645792190.065,23342571045.8164,0.915346582365912,-0.777752503943197
15811,-1.79759,-0.876742,-98431862352.4608,4488143450.13256,0.909485669429641,0.111102085200675
15810,-1.78201,-0.907981,-81675163353.9928,-9442929887.36974,0.919253778306197,0.999999999954239
15810,-1.7659,-0.938943,-73525701211.3802,-8882706766.52604,0.90948566942985,-0.11110208529261
15809,-1.74924,-0.969619,-60699226468.6412,-16760828300.7963,0.915346582364535,0.777752503850301
15809,-1.73205,-1,-53857199398.9649,-15122897637.552,0.9104624981712,-0.333308963308458
15808,-1.71433,-1.03008,-41396336853.3268,-19833136668.3337,0.912416143750526,0.555523964084446
15808,-1.6961,-1.05984,-31767691253.6948,-15273804165.2698,0.912416143751243,-0.555523964150944
15807,-1.67734,-1.08928,-19486915150.9832,-14722466576.9457,0.910462498170725,0.333308963242434
15807,-1.65808,-1.11839,-10792945073.2761,-8134904289.71844,0.915346582365503,-0.7777525039155
15806,-1.6383,-1.14715,-1439220905.60098,-1561092613.06779,0.90948566942967,0.111102085228524
15805,-1.61803,-1.17557,5774238956.98194,8638888548.77248,0.919253778306763,0.999999999982893
15805,-1.59727,-1.20363,10902779862.9992,16313048905.3329,0.909485669429812,-0.111102085265547
15804,-1.57602,-1.23132,13831245010.6392,24019251825.1494,0.915346582364898,0.777752503876549
15804,-1.55429,-1.25864,13973522358.1311,24167923905.6524,0.910462498170935,-0.333308963280012
15803,-1.53209,-1.28558,13693814161.5594,23854187226.4765,0.912416143750815,0.555523964114853
15803,-1.50942,-1.31212,13013029716.8416,22564274546.5712,0.912416143750855,-0.555523964118957
15802,-1.48629,-1.33826,12126867682.1952,20237232875.8169,0.910462498170897,0.333308963276791
15802,-1.46271,-1.364,10643656066.7588,17671748153.3702,0.915346582364928,-0.77775250387821
15801,-1.43868,-1.38932,11390381613.4516,18897862951.6481,0.909485669429954,0.111102085257172
15801,-1.41421,-1.41421,12724190969.6825,21043525969.4455,0.919253778307098,-0.999999999999989
10084,-1.38932,-1.43868,12434443911.1319,24384380355.237,-0.909485669429983,0.111102085260242
10184,-1.364,-1.46271,11915922224.0952,28016282655.4788,-0.915346582364814,-0.777752503871363
10184,-1.33826,-1.48629,13064102188.3632,30724488566.6419,-0.910462498171062,0.333308963290425
10284,-1.31212,-1.50942,12876165537.7105,36437319442.2278,-0.912416143750702,-0.555523964098991
10284,-1.28558,-1.53209,15232068626.252,42734857399.5261,-0.912416143751175,0.55552396414059
10384,-1.25864,-1.55429,3753982201.92023,60869671320.0571,-0.910462498170858,-0.333308963247603
10384,-1.23132,-1.57602,4603661930.73148,69153253550.3826,-0.915346582365569,0.777752503916277
10484,-1.20363,-1.59727,27177505240.5409,61331538258.3478,-0.909485669429755,-0.111102085221656
10584,-1.17557,-1.61803,74164855246.3677,36683290403.3566,-0.919253778306467,-0.999999999969833
10584,-1.14715,-1.6383,82478813553.456,39709738128.4771,-0.909485669429891,0.111102085282108
10684,-1.11839,-1.65808,88968813825.1086,43182295702.3806,-0.915346582364624,-0.777752503855743
10684,-1.08928,-1.67734,95563883663.0735,45105776552.6507,-0.910462498171255,0.333308963307532
10784,-1.05984,-1.6961,95309577570.5209,48829398024.8785,-0.912416143750544,-0.555523964080908
10784,-1.03008,-1.71433,96572021334.4296,48194758798.2876,-0.912416143751393,0.555523964158839
10884,-1,-1.73205,87945891305.9372,52058928079.4985,-0.910462498170715,-0.333308963230315
10884,-0.969619,-1.74924,86680574336.4036,50751348803.3258,-0.915346582365772,0.777752503931858
10984,-0.938943,-1.7659,75680359878.4663,55881888958.1467,-0.909485669429763,-0.111102085205032
11084,-0.907981,-1.78201,69365198296.9001,58490265680.967,-0.919253778306154,-0.99999999995149
11084,-0.876742,-1.79759,73865679259.2127,61898100474.6793,-0.909485669429981,0.111102085301552
11184,-0.845237,-1.81262,77600337332.5387,65770499748.9352,-0.915346582364332,-0.777752503835052
11184,-0.813473,-1.82709,82806641509.3667,69589573402.5378,-0.910462498171421,0.333308963330044
11284,-0.781462,-1.84101,86278428212.9123,73411821822.7801,-0.912416143750289,-0.555523964056998
11284,-0.749213,-1.85437,90707829379.5631,75654289157.5364,-0.912416143751684,0.555523964183542
11384,-0.716736,-1.86716,88840273480.3122,77551452178.4002,-0.910462498170579,-0.333308963203316
11384,-0.68404,-1.87939,89659103305.7778,76540959088.7645,-0.915346582366256,0.777752503962127
11484,-0.651136,-1.89104,78096304048.7118,77412818174.6893,-0.9094856694297,-0.111102085173069
11584,-0.618034,-1.90211,62802676254.3043,78499190596.2278,-0.919253778305473,-0.9999999999182
11584,-0.584743,-1.91261,60826320874.8993,74469774177.4521,-0.909485669430035,0.111102085335111
11684,-0.551275,-1.92252,37009674001.7865,76243478026.9222,-0.915346582363772,-0.777752503801188
11684,-0.517638,-1.93185,33839368514.7895,69572970506.9113,-0.910462498171642,0.333308963364261
11784,-0.483844,-1.94059,9960384669.96474,69281118152.4658,-0.912416143749915,-0.555523964021929
11784,-0.449902,-1.94874,9367270931.98677,64355800672.351,-0.912416143752077,0.555523964220183
11884,-0.415823,-1.9563,-6752171994.58672,60821191131.0591,-0.910462498170266,-0.33330896316818
11884,-0.381618,-1.96325,-6785954214.87144,52867354276.5521,-0.915346582366712,0.777752503993725
11984,-0.347296,-1.96962,-14483930945.9986,39933242452.5675,-0.909485669429565,-0.111102085145729
12084,-0.312869,-1.97538,-12921803928.6766,26155023924.7937,-0.919253778305011,-0.999999999895287
12084,-0.278346,-1.98054,-11543940274.9727,17054896383.433,-0.909485669430107,0.111102085358526
12184,-0.243739,-1.98509,-10078402329.9248,10476038897.0085,-0.915346582363447,-0.777752503777644
12184,-0.209057,-1.98904,-8623886463.95681,7479937783.53471,-0.910462498171781,0.333308963386432
12284,-0.174311,-1.99239,-8917653407.45522,5278632063.71863,-0.912416143749663,-0.555523964001473
12284,-0.139513,-1.99513,-6518588224.05457,3392104299.9369,-0.912416143752267,0.555523964238395
12384,-0.104672,-1.99726,-5361778056.21631,2037492124.98612,-0.910462498170238,-0.333308963148834
12384,-0.069799,-1.99878,-2568250253.0253,884183415.063934,-0.915346582367131,0.777752504016471
12484,-0.0349048,-1.9997,-1226636869.79463,324187350.980773,-0.909485669429557,-0.111102085121833
12584,-4.35203e-16,-2,181305373.728053,-39835427.4930226,-0.919253778304537,-0.999999999870803
12584,0.0349048,-1.9997,-404826482.609578,72038619.7310481,-0.909485669430058,0.111102085378513
12684,0.069799,-1.99878,-1122328030.38984,159243510.96258,-0.915346582363139,-0.777752503762792
12684,0.104672,-1.99726,-2543126854.30512,246122275.685811,-0.9104624981717,0.333308963393593
12784,0.139513,-1.99513,-3504141294.44963,220070821.130345,-0.912416143749591,-0.555523964001403
12784,0.174311,-1.99239,-4093358716.99405,136251870.566784,-0.912416143752134,0.555523964232273
12884,0.209057,-1.98904,-4116274305.87592,43086244.4242895,-0.91046249817019,-0.333308963161724
12884,0.243739,-1.98509,-3667976722.06703,-19546600.4839654,-0.915346582366752,0.777752503996427
12984,0.278346,-1.98054,-3356474116.07921,-100150568.317886,-0.909485669429543,-0.111102085145531
13084,0.312869,-1.97538,-2993886615.27866,-163212203.887004,-0.919253778305079,-0.999999999897294
13084,0.347296,-1.96962,-2768553597.56393,-222852266.250106,-0.909485669429971,0.111102085349981
13184,0.381618,-1.96325,-2589610726.52281,-282369584.46298,-0.915346582363621,-0.777752503792476
13184,0.415823,-1.9563,-2303799488.62414,-313095203.785112,-0.910462498171561,0.33330896336634
13284,0.449902,-1.94874,-2254109334.57871,-373446983.86682,-0.912416143749886,-0.555523964026324
13284,0.483844,-1.94059,-2540053306.13139,-505676231.909954,-0.912416143751904,0.555523964209538
13384,0.517638,-1.93185,-3191876416.50477,-745892296.672464,-0.910462498170363,-0.333308963182687
13384,0.551275,-1.92252,-4213691932.02362,-1145951582.38118,-0.915346582366464,0.777752503976962
13484,0.584743,-1.91261,-4688385645.10542,-1415227400.90629,-0.909485669429569,-0.111102085165906
13584,0.618034,-1.90211,-5114476203.27347,-1693009641.29894,-0.919253778305519,-0.999999999919186
13584,0.651136,-1.89104,-4784163357.46278,-1655699053.50821,-0.909485669429928,0.111102085328226
13684,0.68404,-1.87939,-4326948653.98178,-1562095102.02099,-0.915346582363942,-0.777752503814258
13684,0.716736,-1.86716,-3526025728.78656,-1322669846.79087,-0.910462498171394,0.333308963343945
13784,0.749213,-1.85437,-2785390230.50962,-1093083208.77608,-0.912416143750121,-0.555523964050058
13784,0.781462,-1.84101,-2182645223.2341,-905515217.455675,-0.91241614375158,0.555523964183364
13884,0.813473,-1.82709,-1711195131.74294,-755286812.864003,-0.91046249817049,-0.333308963212306
13884,0.845237,-1.81262,-1433058446.31074,-675629347.958991,-0.915346582365913,0.777752503943214
13984,0.876742,-1.79759,-1138761780.99846,-578180588.166662,-0.909485669429626,-0.1111020852007
14084,0.907981,-1.78201,-861885754.60169,-473632323.053251,-0.919253778306215,-0.999999999954254
14084,0.938943,-1.7659,-786933542.975287,-477318775.942533,-0.909485669429858,0.111102085292581
14184,0.969619,-1.74924,-661692964.59406,-457468628.138726,-0.915346582364524,-0.777752503850263
14184,1,-1.73205,-834250451.320173,-665181081.305147,-0.910462498171194,0.333308963308465
14284,1.03008,-1.71433,-802565253.09712,-825539671.148265,-0.91241614375052,-0.55552396408445
14284,1.05984,-1.6961,-1000140644.00555,-1250899438.74613,-0.912416143751235,0.55552396415093
14384,1.08928,-1.67734,-664445580.298986,-1419352415.95861,-0.910462498170724,-0.333308963242461
14384,1.11839,-1.65808,-669446217.741449,-1880468637.40012,-0.915346582365498,0.777752503915531
14484,1.14715,-1.6383,-55623950.9126723,-1682457760.50805,-0.909485669429676,-0.111102085228531
14584,1.17557,-1.61803,417907661.492574,-1479816740.36343,-0.919253778306762,-0.999999999982903
14584,1.20363,-1.59727,305636108.085884,-1021758461.17297,-0.909485669429825,0.1111020852655
14684,1.23132,-1.57602,212561730.585991,-409989676.56371,-0.91534658236492,-0.777752503876537
14684,1.25864,-1.55429,-184164464.3594,355327319.41442,-0.910462498170955,0.333308963280004
14784,1.28558,-1.53209,-748493423.855295,1116807285.35573,-0.912416143750819,-0.555523964114867
14784,1.31212,-1.50942,-1373457297.20219,2047971878.02937,-0.912416143750872,0.555523964118932
14884,1.33826,-1.48629,-2330899412.939,2831408275.20127,-0.910462498170903,-0.333308963276861
14884,1.364,-1.46271,-3195936930.60055,3869443566.56643,-0.915346582364901,0.777752503878194
14984,1.38932,-1.43868,-4637568415.36836,4744484788.40001,-0.909485669429939,-0.111102085257194
14984,1.41421,-1.41421,-5921631567.51052,6069194917.40063,-0.919253778307102,0.999999999999985
5850,1.43868,-1.38932,-8222500058.70578,7211709866.86757,0.909485669429985,-0.111102085260202
5849,1.46271,-1.364,-10867337488.4018,8440170754.81434,0.915346582364833,0.777752503871339
5849,1.48629,-1.33826,-13364982215.7515,10589229941.4172,0.910462498171102,-0.333308963290407
5848,1.50942,-1.31212,-16581013336.1438,12415774105.1447,0.91241614375073,0.555523964099018
5848,1.53209,-1.28558,-19617553841.9196,14921567168.4857,0.912416143751186,-0.555523964140576
5847,1.55429,-1.25864,-22827682376.6263,17272028816.0594,0.91046249817085,0.333308963247604
5847,1.57602,-1.23132,-25970491532.7958,19768200978.7171,0.91534658236556,-0.777752503916265
5846,1.59727,-1.20363,-28570152015.7741,22618603665.3463,0.909485669429786,0.111102085221649
5845,1.61803,-1.17557,-30693829471.0316,26199534001.8433,0.919253778306525,0.999999999969829
5845,1.6383,-1.14715,-33503503614.8746,28310772374.8888,0.909485669429914,-0.11110208528211
5844,1.65808,-1.11839,-35219661848.3083,31965337288.2945,0.915346582364627,0.777752503855747
5844,1.67734,-1.08928,-37674372839.9327,33827039124.8834,0.910462498171258,-0.333308963307527
5843,1.6961,-1.05984,-39220441446.5561,36889728659.1202,0.912416143750537,0.555523964080912
5843,1.71433,-1.03008,-41402041593.2443,38542971734.3057,0.912416143751378,-0.555523964158821
5842,1.73205,-1,-43090817411.2828,40924125718.5084,0.910462498170701,0.333308963230334
5842,1.74924,-0.969619,-45221066533.2959,42476569480.5358,0.915346582365767,-0.777752503931841
5841,1.7659,-0.938943,-47126591020.7993,43899759878.9942,0.909485669429766,0.111102085205045
5840,1.78201,-0.907981,-49346584651.3432,44546514413.4929,0.919253778306158,0.99999999995149
5840,1.79759,-0.876742,-51162594983.5267,45537777372.4557,0.909485669429983,-0.111102085301555
5839,1.81262,-0.845237,-53546270813.9314,45248699139.5681,0.915346582364319,0.777752503835052
5839,1.82709,-0.813473,-55309257124.9212,46068651614.7514,0.910462498171384,-0.333308963330046
5838,1.84101,-0.781462,-57874030184.1933,44935031206.1664,0.912416143750258,0.555523964056995
5838,1.85437,-0.749213,-59583801245.6952,45623611465.1417,0.91241614375167,-0.555523964183538
5837,1.86716,-0.716736,-62104824428.2047,43694295842.8125,0.91046249817059,0.333308963203332
5837,1.87939,-0.68404,-63528865582.1781,44130499992.0423,0.915346582366259,-0.777752503962114
5836,1.89104,-0.651136,-65629278702.5469,41414796684.6576,0.909485669429712,0.11110208517308
5835,1.90211,-0.618034,-67564423618.6291,38504557684.8914,0.919253778305505,0.999999999918216
5835,1.91261,-0.584743,-68266048945.0373,38485269690.4282,0.909485669430072,-0.111102085335106
5834,1.92252,-0.551275,-69831956640.5168,35376374592.771,0.915346582363824,0.777752503801191
5834,1.93185,-0.517638,-70401722879.4673,35349197530.2384,0.910462498171638,-0.333308963364257
5833,1.94059,-0.483844,-71758408752.8457,32098697801.2429,0.912416143749874,0.555523964021932
5833,1.94874,-0.449902,-72227752688.703,32084560076.2903,0.91241614375206,-0.555523964220175
5832,1.9563,-0.415823,-73283690249.9221,28717504267.8777,0.910462498170272,0.333308963168192
5832,1.96325,-0.381618,-73502564568.4586,28649705536.4534,0.915346582366721,-0.777752503993719
5831,1.96962,-0.347296,-74148942677.2858,25170711845.6856,0.909485669429573,0.111102085145735
5830,1.97538,-0.312869,-74643232890.8452,21712136532.5256,0.919253778305019,0.999999999895301
5830,1.98054,-0.278346,-74673815712.1762,21649841476.6676,0.909485669430095,-0.11110208535852
5829,1.98509,-0.243739,-75141805544.2679,18231678367.6272,0.915346582363408,0.777752503777643
5829,1.98904,-0.209057,-75171532947.8679,18198807847.6208,0.910462498171767,-0.333308963386425
5828,1.99239,-0.174311,-75420716331.5972,14637167201.8965,0.91241614374965,0.555523964001481
5828,1.99513,-0.139513,-75158777427.4399,14566907365.5815,0.912416143752221,-0.555523964238393
5827,1.99726,-0.104672,-75090540770.0807,10906441461.1637,0.910462498170182,0.333308963148836
5827,1.99878,-0.069799,-74779334157.8434,10855284308.0793,0.915346582367075,-0.777752504016468
5826,1.9997,-0.0349048,-74711900844.8567,7104235017.84955,0.909485669429527,0.111102085121839
