origElemNum,globCoord-x,globCoord-y,acouIntensity-x,acouIntensity-y,locCoord-xi,locCoord-eta
5825,2,-2.20442e-18,85065.9218160081,-63440.3947481378,0.919253778304535,0.999999999870795
5825,1.9997,0.0349048,90136.0174023348,-64610.6612385856,0.909485669430051,-0.11110208537854
5824,1.99878,0.069799,94773.0463544859,-63121.4189191188,0.915346582363134,0.7777525037628
5824,1.99726,0.104672,98089.943904334,-62770.9490182364,0.910462498171695,-0.333308963393583
5823,1.99513,0.139513,100903.737970758,-60159.3143174044,0.912416143749585,0.555523964001403
5823,1.99239,0.174311,103323.671786914,-59101.3381621467,0.912416143752112,-0.555523964232293
5822,1.98904,0.209057,106636.488012688,-57889.6232218784,0.910462498170195,0.33330896316169
5822,1.98509,0.243739,110617.200377367,-57520.9343392694,0.915346582366752,-0.777752503996411
5821,1.98054,0.278346,117793.322466486,-59721.7445822822,0.909485669429537,0.111102085145532
5820,1.97538,0.312869,126042.721959426,-63598.5258809401,0.91925377830504,0.999999999897275
5820,1.96962,0.347296,137619.877845242,-66500.2949823619,0.909485669429959,-0.111102085350008
5819,1.96325,0.381618,150110.89972781,-72247.0711929979,0.915346582363608,0.777752503792493
5819,1.9563,0.415823,162960.742451369,-75326.8028131792,0.910462498171543,-0.333308963366333
5818,1.94874,0.449902,175509.193951345,-79619.1981155396,0.912416143749872,0.555523964026318
5818,1.94059,0.483844,186421.470972743,-81334.8266347168,0.912416143751876,-0.555523964209557
5817,1.93185,0.517638,195742.285503724,-82466.0916526276,0.910462498170338,0.333308963182653
5817,1.92252,0.551275,203663.634537695,-82449.9446710827,0.915346582366455,-0.777752503976955
5816,1.91261,0.584743,211050.85442712,-82626.9712380646,0.909485669429567,0.111102085165898
5815,1.90211,0.618034,218883.298558476,-85110.9663421895,0.919253778305533,0.999999999919169
5815,1.89104,0.651136,227140.438315199,-85006.4442136446,0.909485669429933,-0.111102085328256
5814,1.87939,0.68404,237845.59329732,-91560.777277587,0.915346582363941,0.777752503814277
5814,1.86716,0.716736,247253.839018488,-92389.3504456477,0.910462498171402,-0.333308963343933
5813,1.85437,0.749213,259485.761641795,-101689.139446758,0.912416143750119,0.555523964050056
5813,1.84101,0.781462,267688.380785117,-102715.337484654,0.912416143751575,-0.555523964183394
5812,1.82709,0.813473,278296.743968314,-111511.47957678,0.910462498170486,0.333308963212263
5812,1.81262,0.845237,284538.889080687,-112016.048335304,0.915346582365915,-0.777752503943209
5811,1.79759,0.876742,295412.986306044,-119973.695854494,0.909485669429635,0.111102085200681
5810,1.78201,0.907981,307039.321805577,-128706.914986818,0.919253778306195,0.999999999954235
5810,1.7659,0.938943,319217.233271619,-130892.345214653,0.909485669429844,-0.111102085292603
5809,1.74924,0.969619,336997.457532003,-142992.673481849,0.915346582364538,0.777752503850291
5809,1.73205,1,350863.390089469,-146152.243693581,0.910462498171199,-0.333308963308445
5808,1.71433,1.03008,368985.159587952,-159014.770737539,0.912416143750526,0.555523964084446
5808,1.6961,1.05984,378855.329676987,-161772.12099688,0.912416143751246,-0.555523964150953
5807,1.67734,1.08928,393350.072189845,-174512.161742009,0.910462498170725,0.333308963242434
5807,1.65808,1.11839,401061.90655226,-178667.053475333,0.915346582365508,-0.777752503915519
5806,1.6383,1.14715,423034.652609685,-200648.35596035,0.909485669429676,0.11110208522853
5805,1.61803,1.17557,451624.467257822,-231220.278726494,0.919253778306765,0.999999999982884
5805,1.59727,1.20363,473228.810221837,-250617.153397698,0.909485669429817,-0.111102085265541
5804,1.57602,1.23132,509706.047969529,-292506.497120143,0.9153465823649,0.777752503876539
5804,1.55429,1.25864,522027.783939834,-310590.559195261,0.910462498170939,-0.333308963279996
5803,1.53209,1.28558,541349.428697724,-342348.944305156,0.912416143750815,0.555523964114853
5803,1.50942,1.31212,538159.210847391,-353406.122804107,0.91241614375085,-0.555523964118972
5802,1.48629,1.33826,542162.308063195,-377982.743880286,0.910462498170897,0.333308963276791
5802,1.46271,1.364,535731.835778986,-394679.227725731,0.915346582364929,-0.77775250387822
5801,1.43868,1.38932,539331.369521586,-429942.07296903,0.909485669429954,0.111102085257182
5801,1.41421,1.41421,534272.366001491,-459699.648386899,0.919253778307104,-0.999999999999994
850,1.38932,1.43868,523423.179129319,-490341.79968917,0.909485669429991,-0.111102085260227
849,1.364,1.46271,493203.527285771,-504786.674893864,0.915346582364834,0.777752503871359
849,1.33826,1.48629,474502.293849172,-533608.28083812,0.910462498171096,-0.333308963290402
848,1.31212,1.50942,422212.789901111,-533335.570626428,0.912416143750729,0.555523964099008
848,1.28558,1.53209,408047.508956359,-567672.950905432,0.912416143751184,-0.555523964140596
847,1.25864,1.55429,352180.364347507,-551021.062103739,0.910462498170846,0.333308963247574
847,1.23132,1.57602,352418.772553304,-569486.626463741,0.915346582365554,-0.777752503916259
846,1.20363,1.59727,306690.476718874,-538663.649636997,0.90948566942978,0.111102085221654
845,1.17557,1.61803,268814.904456227,-512507.339775257,0.919253778306528,0.999999999969813
845,1.14715,1.6383,274344.476677645,-531463.54755853,0.909485669429915,-0.111102085282135
844,1.11839,1.65808,237128.685763541,-522077.46126357,0.915346582364625,0.777752503855763
844,1.08928,1.67734,241799.085514029,-542995.865621265,0.910462498171253,-0.333308963307521
843,1.05984,1.6961,212882.179749729,-539666.164206539,0.912416143750542,0.555523964080906
843,1.03008,1.71433,216612.553393244,-552183.996956437,0.912416143751377,-0.555523964158847
842,1,1.73205,200139.7624416,-551471.234575614,0.910462498170698,0.333308963230309
842,0.969619,1.74924,205037.107004147,-562489.30979442,0.915346582365766,-0.777752503931825
841,0.938943,1.7659,192160.37248027,-568852.955421989,0.909485669429764,0.111102085205048
840,0.907981,1.78201,177760.722411373,-576584.178550868,0.919253778306164,0.99999999995148
840,0.876742,1.79759,181527.308304959,-597034.759334065,0.909485669429979,-0.11110208530158
839,0.845237,1.81262,162943.556354117,-607665.884541201,0.91534658236432,0.777752503835068
839,0.813473,1.82709,164179.327365979,-629472.968854676,0.91046249817139,-0.33330896333004
838,0.781462,1.84101,134339.723211629,-639128.894040956,0.912416143750255,0.555523964056983
838,0.749213,1.85437,133389.682850861,-663056.956439255,0.912416143751674,-0.555523964183563
837,0.716736,1.86716,91345.2971801664,-668672.770480484,0.910462498170584,0.333308963203304
837,0.68404,1.87939,88888.2060329878,-688663.76626018,0.915346582366261,-0.777752503962098
836,0.651136,1.89104,47992.9162982178,-686669.990431037,0.909485669429719,0.111102085173086
835,0.618034,1.90211,18961.4801622468,-687835.852702773,0.919253778305509,0.999999999918205
835,0.584743,1.91261,16662.6806861521,-692756.777087702,0.909485669430073,-0.111102085335132
834,0.551275,1.92252,-6171.81446875684,-693121.867752016,0.915346582363819,0.777752503801204
834,0.517638,1.93185,-8471.80121055086,-705398.146154256,0.910462498171637,-0.333308963364254
833,0.483844,1.94059,-36953.0510141663,-716165.545525689,0.912416143749877,0.55552396402192
833,0.449902,1.94874,-40010.7228566964,-741460.952204166,0.91241614375206,-0.555523964220202
832,0.415823,1.9563,-75205.797647138,-764025.504384684,0.910462498170279,0.333308963168166
832,0.381618,1.96325,-79506.2557402412,-796734.436195618,0.915346582366717,-0.777752503993703
831,0.347296,1.96962,-109830.904322469,-821310.741176829,0.909485669429573,0.111102085145737
830,0.312869,1.97538,-127125.698340554,-848317.471476911,0.919253778305012,0.99999999989529
830,0.278346,1.98054,-129612.836028116,-865840.197298835,0.909485669430091,-0.111102085358547
829,0.243739,1.98509,-138842.544977064,-880409.829762096,0.915346582363415,0.77775250377766
829,0.209057,1.98904,-139411.582670138,-887065.479661243,0.910462498171767,-0.333308963386422
828,0.174311,1.99239,-157042.807082182,-889912.757221585,0.912416143749651,0.55552396400147
828,0.139513,1.99513,-156399.22522592,-891174.918411847,0.912416143752224,-0.555523964238419
827,0.104672,1.99726,-192787.763797549,-890790.212981058,0.910462498170184,0.33330896314881
827,0.069799,1.99878,-191980.800261247,-893188.758394933,0.915346582367074,-0.777752504016452
826,0.0349048,1.9997,-242351.667075345,-898254.561904338,0.909485669429527,0.111102085121841
825,1.27747e-16,2,-290212.458276158,-905986.991294153,0.919253778304535,0.999999999870799
825,-0.0349048,1.9997,-291515.606045236,-919464.776417918,0.909485669430051,-0.111102085378537
824,-0.069799,1.99878,-323932.332399422,-934531.646206991,0.915346582363134,0.777752503762801
824,-0.104672,1.99726,-325264.090901221,-950740.004497226,0.910462498171695,-0.333308963393583
823,-0.139513,1.99513,-338078.199854673,-966406.941401982,0.912416143749585,0.555523964001401
823,-0.174311,1.99239,-337426.880706635,-979166.427351118,0.912416143752112,-0.555523964232297
822,-0.209057,1.98904,-339144.84559642,-986459.477096702,0.910462498170195,0.333308963161685
822,-0.243739,1.98509,-335221.196446624,-989326.145322142,0.915346582366744,-0.777752503996403
821,-0.278346,1.98054,-340551.188458174,-983757.505811357,0.909485669429538,0.111102085145537
820,-0.312869,1.97538,-361009.397068433,-978522.423751421,0.919253778305041,0.999999999897278
820,-0.347296,1.96962,-351594.662836656,-959673.167227186,0.90948566942996,-0.111102085350006
819,-0.381618,1.96325,-381126.874555141,-948206.086376078,0.915346582363608,0.777752503792493
819,-0.415823,1.9563,-371734.334850218,-928996.078786707,0.910462498171543,-0.333308963366333
818,-0.449902,1.94874,-402174.632173178,-921876.694391086,0.912416143749872,0.555523964026316
818,-0.483844,1.94059,-394900.716729745,-911029.149846798,0.912416143751875,-0.555523964209561
817,-0.517638,1.93185,-420186.452834853,-914671.981666678,0.910462498170336,0.333308963182646
817,-0.551275,1.92252,-415415.362479846,-914745.326801825,0.915346582366457,-0.777752503976948
816,-0.584743,1.91261,-434131.134178267,-925717.038423148,0.909485669429562,0.111102085165907
815,-0.618034,1.90211,-451963.319259841,-938322.803103142,0.919253778305526,0.999999999919175
815,-0.651136,1.89104,-444372.88382769,-938377.130851202,0.909485669429935,-0.111102085328253
814,-0.68404,1.87939,-463631.206329291,-946072.298257746,0.915346582363941,0.777752503814277
814,-0.716736,1.86716,-451406.391778079,-934186.474155811,0.910462498171402,-0.333308963343933
813,-0.749213,1.85437,-470565.697632929,-931187.336382832,0.912416143750117,0.555523964050053
813,-0.781462,1.84101,-454263.79766391,-908857.17580171,0.912416143751584,-0.555523964183396
812,-0.813473,1.82709,-469675.993401014,-898878.562575694,0.910462498170484,0.33330896321226
812,-0.845237,1.81262,-451580.118429264,-873443.590024483,0.91534658236591,-0.7777525039432
811,-0.876742,1.79759,-461614.261941879,-863211.22056042,0.909485669429639,0.111102085200672
810,-0.907981,1.78201,-468329.33415884,-852707.936834352,0.919253778306197,0.999999999954239
810,-0.938943,1.7659,-449757.100459869,-829853.114262393,0.909485669429848,-0.111102085292613
809,-0.969619,1.74924,-456571.164099424,-819680.09865506,0.915346582364533,0.777752503850298
809,-1,1.73205,-436286.193585408,-790450.504308022,0.910462498171205,-0.333308963308436
808,-1.03008,1.71433,-443534.111575329,-774313.90361173,0.912416143750522,0.55552396408444
808,-1.05984,1.6961,-420163.191620446,-735574.397598349,0.912416143751243,-0.555523964150944
807,-1.08928,1.67734,-425251.28633507,-712558.166084011,0.910462498170733,0.33330896324243
807,-1.11839,1.65808,-399515.112284299,-668588.839759653,0.915346582365511,-0.777752503915504
806,-1.14715,1.6383,-401047.234157035,-644999.64093351,0.909485669429678,0.11110208522852
805,-1.17557,1.61803,-397128.65845618,-619220.500469651,0.91925377830677,0.999999999982889
805,-1.20363,1.59727,-375281.053138644,-585518.127635215,0.909485669429819,-0.111102085265551
804,-1.23132,1.57602,-369936.537074486,-565200.606705134,0.915346582364893,0.777752503876544
804,-1.25864,1.55429,-352209.054083286,-537983.993038174,0.910462498170937,-0.333308963279986
803,-1.28558,1.53209,-346411.677148261,-520497.983577544,0.912416143750809,0.555523964114847
803,-1.31212,1.50942,-331199.910622965,-495197.070993848,0.912416143750849,-0.555523964118962
802,-1.33826,1.48629,-322949.956748457,-474487.81287417,0.910462498170897,0.333308963276791
802,-1.364,1.46271,-308026.149219207,-447131.362577263,0.915346582364928,-0.77775250387821
801,-1.38932,1.43868,-294976.639111599,-419420.876203155,0.909485669429954,0.111102085257172
801,-1.41421,1.41421,-278810.498514704,-388937.124665748,0.919253778307104,-0.999999999999994
15850,-1.43868,1.38932,-260535.532992769,-355243.488785703,0.909485669429991,-0.111102085260237
15849,-1.46271,1.364,-239237.936496285,-319432.499239805,0.915346582364828,0.777752503871364
15849,-1.48629,1.33826,-221544.55067756,-288475.721583773,0.910462498171103,-0.333308963290387
15848,-1.50942,1.31212,-199150.498522837,-253849.163845181,0.912416143750729,0.555523964099008
15848,-1.53209,1.28558,-182242.732531405,-227110.622105092,0.912416143751185,-0.555523964140586
15847,-1.55429,1.25864,-161153.754509442,-196953.987234003,0.910462498170851,0.333308963247569
15847,-1.57602,1.23132,-145547.217821829,-174632.518770234,0.915346582365555,-0.777752503916249
15846,-1.59727,1.20363,-125815.507636135,-148201.007269005,0.909485669429784,0.111102085221639
15845,-1.61803,1.17557,-107088.921911045,-123462.579840822,0.919253778306531,0.999999999969823
15845,-1.6383,1.14715,-91008.7491206518,-103444.742246725,0.909485669429917,-0.111102085282151
15844,-1.65808,1.11839,-72441.9501117082,-80359.5936306752,0.915346582364627,0.777752503855772
15844,-1.67734,1.08928,-56151.057123906,-61482.4848046876,0.910462498171251,-0.333308963307506
15843,-1.6961,1.05984,-39122.7502837407,-41727.5179987726,0.912416143750542,0.555523964080906
15843,-1.71433,1.03008,-24625.6939066998,-26018.4681839961,0.912416143751375,-0.555523964158831
15842,-1.73205,1,-11426.4731135344,-11786.4514495688,0.910462498170697,0.333308963230296
15842,-1.74924,0.969619,-146.169019460376,-150.191274367327,0.915346582365764,-0.777752503931822
15841,-1.7659,0.938943,9617.23884647885,9682.5214234434,0.909485669429762,0.111102085205035
15840,-1.78201,0.907981,18344.6164370248,18062.2060125612,0.919253778306162,0.999999999951483
15840,-1.79759,0.876742,28252.6117842278,27874.437512873,0.909485669429984,-0.111102085301589
15839,-1.81262,0.845237,37376.1168621912,35955.8214172391,0.915346582364318,0.777752503835071
15839,-1.82709,0.813473,48471.3003442661,46697.0787090372,0.910462498171391,-0.333308963330024
15838,-1.84101,0.781462,57934.611098516,54214.477278954,0.912416143750253,0.555523964056986
15838,-1.85437,0.749213,68001.0682816217,63755.3488271389,0.912416143751674,-0.555523964183544
15837,-1.86716,0.716736,74309.3945884034,67865.91734981,0.910462498170589,0.333308963203294
15837,-1.87939,0.68404,80053.375182312,73434.9552257095,0.915346582366259,-0.777752503962095
15836,-1.89104,0.651136,80881.039544599,72968.6320576774,0.909485669429715,0.111102085173074
15835,-1.90211,0.618034,80846.5610878535,72195.4979633206,0.919253778305508,0.999999999918209
15835,-1.91261,0.584743,79312.2693019442,71415.5486119487,0.909485669430068,-0.111102085335144
15834,-1.92252,0.551275,77506.8998090566,68987.2561978119,0.915346582363818,0.777752503801208
15834,-1.93185,0.517638,78006.8626785803,69982.1289278967,0.910462498171639,-0.333308963364235
15833,-1.94059,0.483844,79495.9629906489,69595.5590634085,0.912416143749876,0.555523964021923
15833,-1.94874,0.449902,84407.1710748182,74506.7796946313,0.912416143752063,-0.555523964220183
15832,-1.9563,0.415823,90213.5169390843,76550.4827807419,0.910462498170272,0.333308963168156
15832,-1.96325,0.381618,98181.8817542175,84281.1821489525,0.915346582366716,-0.7777525039937
15831,-1.96962,0.347296,104598.172287279,85941.1297294036,0.909485669429575,0.111102085145728
15830,-1.97538,0.312869,110887.201906365,87825.4742241724,0.91925377830502,0.999999999895294
15830,-1.98054,0.278346,114273.562092198,92732.4535982175,0.909485669430092,-0.111102085358556
15829,-1.98509,0.243739,116031.023422266,93296.5163934646,0.915346582363415,0.777752503777664
15829,-1.98904,0.209057,114488.186917607,94659.3825477251,0.910462498171765,-0.333308963386404
15828,-1.99239,0.174311,111253.377510429,93014.3055853606,0.912416143749651,0.555523964001473
15828,-1.99513,0.139513,106046.559599857,90899.6492577229,0.912416143752222,-0.5555239642384
15827,-1.99726,0.104672,99188.7955681925,85084.0931651781,0.910462498170184,0.3333089631488
15827,-1.99878,0.069799,91412.1108861958,79515.9455416211,0.915346582367074,-0.777752504016448
15826,-1.9997,0.0349048,81020.0795442729,66943.2331336817,0.909485669429527,0.111102085121831
15825,-2,2.46315e-16,69773.2042545039,50869.8064135421,0.919253778304535,0.999999999870803
15825,-1.9997,-0.0349048,53230.689794443,38054.2422165575,0.909485669430051,-0.111102085378547
15824,-1.99878,-0.069799,34428.7710794813,19163.4397272235,0.915346582363134,0.777752503762804
15824,-1.99726,-0.104672,8979.58227260392,4854.60480811861,0.910462498171696,-0.333308963393566
15823,-1.99513,-0.139513,-20485.9021955842,-7423.75142238099,0.912416143749586,0.555523964001405
15823,-1.99239,-0.174311,-55006.1469834065,-19406.7130467897,0.912416143752114,-0.555523964232279
15822,-1.98904,-0.209057,-91793.4908431791,-18303.3449764201,0.910462498170195,0.333308963161688
15822,-1.98509,-0.243739,-129222.409991111,-25434.9204337876,0.915346582366744,-0.7777525039964
15821,-1.98054,-0.278346,-161751.52123203,-15103.7992671447,0.909485669429545,0.111102085145526
15820,-1.97538,-0.312869,-193472.490749812,-8029.90914338071,0.919253778305042,0.999999999897283
15820,-1.96962,-0.347296,-210049.755259726,-8976.30671942689,0.909485669429957,-0.111102085350017
15819,-1.96325,-0.381618,-226504.706917502,-5875.64822616081,0.915346582363609,0.777752503792499
15819,-1.9563,-0.415823,-236355.994289548,-6357.91787291319,0.910462498171549,-0.333308963366345
15818,-1.94874,-0.449902,-250277.895394443,-2604.73928869935,0.912416143749872,0.555523964026319
15818,-1.94059,-0.483844,-267781.390523926,-3342.4678266559,0.91241614375188,-0.555523964209544
15817,-1.93185,-0.517638,-302238.981301476,11513.2270448186,0.910462498170337,0.33330896318265
15817,-1.92252,-0.551275,-342507.77790305,11226.9590874197,0.915346582366458,-0.777752503976945
15816,-1.91261,-0.584743,-414576.971529627,52344.7984690407,0.909485669429567,0.111102085165898
15815,-1.90211,-0.618034,-505227.402634627,122361.495240633,0.919253778305528,0.999999999919178
15815,-1.89104,-0.651136,-586410.965361006,134186.305001638,0.90948566942994,-0.111102085328262
15814,-1.87939,-0.68404,-696772.221209749,227193.778394497,0.915346582363942,0.77775250381428
15814,-1.86716,-0.716736,-764817.635561256,240836.481879471,0.910462498171397,-0.333308963343943
15813,-1.85437,-0.749213,-846656.765198349,318571.618413829,0.912416143750119,0.555523964050056
15813,-1.84101,-0.781462,-880549.13064306,325122.433685367,0.912416143751582,-0.555523964183381
15812,-1.82709,-0.813473,-920163.770068156,367396.118445341,0.910462498170486,0.333308963212263
15812,-1.81262,-0.845237,-934861.324210512,367217.598197776,0.915346582365912,-0.777752503943197
15811,-1.79759,-0.876742,-982429.914684234,403364.039934725,0.909485669429641,0.111102085200675
15810,-1.78201,-0.907981,-1048632.03321799,464016.547608314,0.919253778306197,0.999999999954239
15810,-1.7659,-0.938943,-1130660.79153569,480288.719096479,0.90948566942985,-0.11110208529261
15809,-1.74924,-0.969619,-1265170.43154196,583483.431065394,0.915346582364535,0.777752503850301
15809,-1.73205,-1,-1364442.31939594,606391.654157725,0.9104624981712,-0.333308963308458
15808,-1.71433,-1.03008,-1492679.43123695,701237.502403768,0.912416143750526,0.555523964084446
15808,-1.6961,-1.05984,-1546546.9249509,710815.988944135,0.912416143751243,-0.555523964150944
15807,-1.67734,-1.08928,-1594950.79452694,744953.460130608,0.910462498170725,0.333308963242434
15807,-1.65808,-1.11839,-1601843.06754157,736615.787469914,0.915346582365503,-0.7777525039155
15806,-1.6383,-1.14715,-1648484.22626459,757800.832201862,0.90948566942967,0.111102085228524
15805,-1.61803,-1.17557,-1727944.35970521,814764.551037068,0.919253778306763,0.999999999982893
15805,-1.59727,-1.20363,-1797881.79899392,812520.584312095,0.909485669429812,-0.111102085265547
15804,-1.57602,-1.23132,-1908417.86991235,868408.267175128,0.915346582364898,0.777752503876549
15804,-1.55429,-1.25864,-1927447.62829978,841304.899951303,0.910462498170935,-0.333308963280012
15803,-1.53209,-1.28558,-1947447.13033074,830366.039563274,0.912416143750815,0.555523964114853
15803,-1.50942,-1.31212,-1920952.52543095,787255.445344308,0.912416143750855,-0.555523964118957
15802,-1.48629,-1.33826,-1957238.47820252,789003.257078841,0.910462498170897,0.333308963276791
15802,-1.46271,-1.364,-1986182.4971515,763429.994019648,0.915346582364928,-0.77775250387821
15801,-1.43868,-1.38932,-2100216.91730753,811629.001272323,0.909485669429954,0.111102085257172
15801,-1.41421,-1.41421,-2152504.14261572,788395.04601217,0.919253778307098,-0.999999999999989
10084,-1.38932,-1.43868,-2138721.25332883,717787.719603015,-0.909485669429983,0.111102085260242
10184,-1.364,-1.46271,-2072045.23225041,596073.732323696,-0.915346582364814,-0.777752503871363
10184,-1.33826,-1.48629,-2117033.49285495,563077.624897374,-0.910462498171062,0.333308963290425
10284,-1.31212,-1.50942,-2109999.08675292,494141.28887825,-0.912416143750702,-0.555523964098991
10284,-1.28558,-1.53209,-2142775.67193272,475993.54292688,-0.912416143751175,0.55552396414059
10384,-1.25864,-1.55429,-1834687.16253786,207345.461485373,-0.910462498170858,-0.333308963247603
10384,-1.23132,-1.57602,-1815369.57852302,198837.80012733,-0.915346582365569,0.777752503916277
10484,-1.20363,-1.59727,-448630.850811915,-874849.416875184,-0.909485669429755,-0.111102085221656
10584,-1.17557,-1.61803,645460.934727238,-1688400.9223857,-0.919253778306467,-0.999999999969833
10584,-1.14715,-1.6383,657632.524795932,-1749109.73779092,-0.909485669429891,0.111102085282108
10684,-1.11839,-1.65808,599984.834357738,-1762107.88812472,-0.915346582364624,-0.777752503855743
10684,-1.08928,-1.67734,608140.043246913,-1815106.88058947,-0.910462498171255,0.333308963307532
10784,-1.05984,-1.6961,552676.866956756,-1831391.12637474,-0.912416143750544,-0.555523964080908
10784,-1.03008,-1.71433,564674.916090275,-1895555.75201236,-0.912416143751393,0.555523964158839
10884,-1,-1.73205,515115.028935943,-1911046.10727732,-0.910462498170715,-0.333308963230315
10884,-0.969619,-1.74924,522874.48196408,-1952126.18494107,-0.915346582365772,0.777752503931858
10984,-0.938943,-1.7659,439702.590037979,-1921130.39239742,-0.909485669429763,-0.111102085205032
11084,-0.907981,-1.78201,384255.291001486,-1902230.31656283,-0.919253778306154,-0.99999999995149
11084,-0.876742,-1.79759,392135.306752663,-1953683.84379985,-0.909485669429981,0.111102085301552
11184,-0.845237,-1.81262,384034.192298133,-1996500.37625411,-0.915346582364332,-0.777752503835052
11184,-0.813473,-1.82709,393863.830893003,-2042173.74659714,-0.910462498171421,0.333308963330044
11284,-0.781462,-1.84101,340165.647363268,-2043744.91309117,-0.912416143750289,-0.555523964056998
11284,-0.749213,-1.85437,345607.97048342,-2046033.64697263,-0.912416143751684,0.555523964183542
11384,-0.716736,-1.86716,269795.359938172,-2028966.4257625,-0.910462498170579,-0.333308963203316
11384,-0.68404,-1.87939,273004.965138547,-2051724.37611989,-0.915346582366256,0.777752503962127
11484,-0.651136,-1.89104,258508.67302368,-2090820.29674667,-0.9094856694297,-0.111102085173069
11584,-0.618034,-1.90211,264670.019795128,-2143011.40268258,-0.919253778305473,-0.9999999999182
11584,-0.584743,-1.91261,268699.579312015,-2149542.55052014,-0.909485669430035,0.111102085335111
11684,-0.551275,-1.92252,202791.930456918,-2123555.10694484,-0.915346582363772,-0.777752503801188
11684,-0.517638,-1.93185,202468.576524942,-2069662.32408743,-0.910462498171642,0.333308963364261
11784,-0.483844,-1.94059,105414.369228806,-1969476.65178706,-0.912416143749915,-0.555523964021929
11784,-0.449902,-1.94874,113023.159064527,-1865534.71173395,-0.912416143752077,0.555523964220183
11884,-0.415823,-1.9563,8333.85292688807,-1836374.17896363,-0.910462498170266,-0.33330896316818
11884,-0.381618,-1.96325,-8984.97633677452,-1889625.75797081,-0.915346582366712,0.777752503993725
11984,-0.347296,-1.96962,87985.8791498812,-2160641.4590124,-0.909485669429565,-0.111102085145729
12084,-0.312869,-1.97538,483072.252170476,-2523355.41477734,-0.919253778305011,-0.999999999895287
12084,-0.278346,-1.98054,459287.821405691,-2690184.81874423,-0.909485669430107,0.111102085358526
12184,-0.243739,-1.98509,699030.429116361,-2847901.34254044,-0.915346582363447,-0.777752503777644
12184,-0.209057,-1.98904,685465.103741292,-2810508.45488593,-0.910462498171781,0.333308963386432
12284,-0.174311,-1.99239,689261.21213815,-2751983.64266554,-0.912416143749663,-0.555523964001473
12284,-0.139513,-1.99513,667995.842394851,-2658529.112314,-0.912416143752267,0.555523964238395
12384,-0.104672,-1.99726,637531.318054886,-2550495.76962383,-0.910462498170238,-0.333308963148834
12384,-0.069799,-1.99878,615224.294725104,-2434347.52587527,-0.915346582367131,0.777752504016471
12484,-0.0349048,-1.9997,591300.253184224,-2358349.46640603,-0.909485669429557,-0.111102085121833
12584,-4.35203e-16,-2,613034.089489531,-2291294.44305634,-0.919253778304537,-0.999999999870803
12584,0.0349048,-1.9997,612166.714941326,-2287231.88980092,-0.909485669430058,0.111102085378513
12684,0.069799,-1.99878,680204.017705894,-2281650.5864469,-0.915346582363139,-0.777752503762792
12684,0.104672,-1.99726,683407.599744498,-2288946.16415879,-0.9104624981717,0.333308963393593
12784,0.139513,-1.99513,752852.562365369,-2278919.67162254,-0.912416143749591,-0.555523964001403
12784,0.174311,-1.99239,748717.860910726,-2255329.65244342,-0.912416143752134,0.555523964232273
12884,0.209057,-1.98904,782811.430525098,-2207060.15978687,-0.91046249817019,-0.333308963161724
12884,0.243739,-1.98509,767979.050821833,-2149258.68572797,-0.915346582366752,0.777752503996427
12984,0.278346,-1.98054,762946.328108795,-2075072.12485896,-0.909485669429543,-0.111102085145531
13084,0.312869,-1.97538,737913.667422103,-1999529.68338791,-0.919253778305079,-0.999999999897294
13084,0.347296,-1.96962,712751.589895245,-1917688.7572105,-0.909485669429971,0.111102085349981
13184,0.381618,-1.96325,680087.273084317,-1837088.65689929,-0.915346582363621,-0.777752503792476
13184,0.415823,-1.9563,653409.44228746,-1754214.13094367,-0.910462498171561,0.33330896336634
13284,0.449902,-1.94874,625555.147765342,-1673307.84801421,-0.912416143749886,-0.555523964026324
13284,0.483844,-1.94059,598898.617791048,-1594401.74268141,-0.912416143751904,0.555523964209538
13384,0.517638,-1.93185,582453.875327106,-1521143.1935618,-0.910462498170363,-0.333308963182687
13384,0.551275,-1.92252,558888.588793725,-1454986.89942976,-0.915346582366464,0.777752503976962
13484,0.584743,-1.91261,556087.689083724,-1402453.67110429,-0.909485669429569,-0.111102085165906
13584,0.618034,-1.90211,555750.318102746,-1352779.87328534,-0.919253778305519,-0.999999999919186
13584,0.651136,-1.89104,548573.931663964,-1334560.60866549,-0.909485669429928,0.111102085328226
13684,0.68404,-1.87939,557183.750934006,-1313635.10575836,-0.915346582363942,-0.777752503814258
13684,0.716736,-1.86716,556824.62565462,-1312567.47310678,-0.910462498171394,0.333308963343945
13784,0.749213,-1.85437,571024.600029116,-1305801.97333816,-0.912416143750121,-0.555523964050058
13784,0.781462,-1.84101,571024.936571776,-1305710.86442482,-0.91241614375158,0.555523964183364
13884,0.813473,-1.82709,584675.433757537,-1291038.51791411,-0.91046249817049,-0.333308963212306
13884,0.845237,-1.81262,578978.382061441,-1278419.42418004,-0.915346582365913,0.777752503943214
13984,0.876742,-1.79759,586096.368515604,-1246603.93091801,-0.909485669429626,-0.1111020852007
14084,0.907981,-1.78201,586912.103651022,-1213033.28259345,-0.919253778306215,-0.999999999954254
14084,0.938943,-1.7659,570718.368477051,-1180575.14068272,-0.909485669429858,0.111102085292581
14184,0.969619,-1.74924,558764.72945022,-1144742.04418245,-0.915346582364524,-0.777752503850263
14184,1,-1.73205,540941.365727655,-1110264.70286132,-0.910462498171194,0.333308963308465
14284,1.03008,-1.71433,520888.816739321,-1073707.3183707,-0.91241614375052,-0.55552396408445
14284,1.05984,-1.6961,499647.84216862,-1033117.05194738,-0.912416143751235,0.55552396415093
14384,1.08928,-1.67734,476248.135552843,-986256.487116875,-0.910462498170724,-0.333308963242461
14384,1.11839,-1.65808,450281.674911847,-936300.197553431,-0.915346582365498,0.777752503915531
14484,1.14715,-1.6383,427474.055378436,-882718.913118297,-0.909485669429676,-0.111102085228531
14584,1.17557,-1.61803,402738.133452649,-830485.595052534,-0.919253778306762,-0.999999999982903
14584,1.20363,-1.59727,380997.138299215,-791386.878630084,-0.909485669429825,0.1111020852655
14684,1.23132,-1.57602,357449.32911505,-756957.027217446,-0.91534658236492,-0.777752503876537
14684,1.25864,-1.55429,340962.192116984,-729208.467249446,-0.910462498170955,0.333308963280004
14784,1.28558,-1.53209,319797.97675637,-704966.570727805,-0.912416143750819,-0.555523964114867
14784,1.31212,-1.50942,303285.116901359,-676528.742643714,-0.912416143750872,0.555523964118932
14884,1.33826,-1.48629,282462.308425221,-649004.750973759,-0.910462498170903,-0.333308963276861
14884,1.364,-1.46271,264480.836122686,-617225.835797796,-0.915346582364901,0.777752503878194
14984,1.38932,-1.43868,242846.742690079,-594557.147990136,-0.909485669429939,-0.111102085257194
14984,1.41421,-1.41421,225937.286998841,-568780.94712596,-0.919253778307102,0.999999999999985
5850,1.43868,-1.38932,202324.603790921,-558751.800680347,0.909485669429985,-0.111102085260202
5849,1.46271,-1.364,178751.417798262,-547717.47598058,0.915346582364833,0.777752503871339
5849,1.48629,-1.33826,159397.658632691,-529200.168566451,0.910462498171102,-0.333308963290407
5848,1.50942,-1.31212,137289.271376155,-510182.431755024,0.91241614375073,0.555523964099018
5848,1.53209,-1.28558,115285.050411988,-486500.955639211,0.912416143751186,-0.555523964140576
5847,1.55429,-1.25864,97890.7946076192,-458143.222824726,0.91046249817085,0.333308963247604
5847,1.57602,-1.23132,76822.934528791,-435185.402417771,0.91534658236556,-0.777752503916265
5846,1.59727,-1.20363,67399.154707279,-404604.939490132,0.909485669429786,0.111102085221649
5845,1.61803,-1.17557,62383.7544836087,-369375.787099319,0.919253778306525,0.999999999969829
5845,1.6383,-1.14715,47585.2220123303,-354536.056736462,0.909485669429914,-0.11110208528211
5844,1.65808,-1.11839,46890.463263678,-320158.939773487,0.915346582364627,0.777752503855747
5844,1.67734,-1.08928,36047.775394015,-303855.530087042,0.910462498171258,-0.333308963307527
5843,1.6961,-1.05984,37834.735736408,-270366.367234062,0.912416143750537,0.555523964080912
5843,1.71433,-1.03008,30484.6513870378,-254644.764172962,0.912416143751378,-0.555523964158821
5842,1.73205,-1,34065.087592815,-225220.67485204,0.910462498170701,0.333308963230334
5842,1.74924,-0.969619,28715.7420100313,-214000.991810754,0.915346582365767,-0.777752503931841
5841,1.7659,-0.938943,33349.215270423,-189300.274248007,0.909485669429766,0.111102085205045
5840,1.78201,-0.907981,36518.9199437178,-167471.184976968,0.919253778306158,0.99999999995149
5840,1.79759,-0.876742,33784.8388024158,-160043.576334053,0.909485669429983,-0.111102085301555
5839,1.81262,-0.845237,36085.8747928593,-142611.053739919,0.915346582364319,0.777752503835052
5839,1.82709,-0.813473,34516.5136277707,-136204.580937162,0.910462498171384,-0.333308963330046
5838,1.84101,-0.781462,36858.2060372446,-123334.92229217,0.912416143750258,0.555523964056995
5838,1.85437,-0.749213,36582.5711485178,-120523.920723857,0.91241614375167,-0.555523964183538
5837,1.86716,-0.716736,40040.1602478363,-112229.298149138,0.91046249817059,0.333308963203332
5837,1.87939,-0.68404,41080.6984219326,-112583.789088622,0.915346582366259,-0.777752503962114
5836,1.89104,-0.651136,44919.7076939203,-106450.86064786,0.909485669429712,0.11110208517308
5835,1.90211,-0.618034,47951.8386997608,-102091.418040379,0.919253778305505,0.999999999918216
5835,1.91261,-0.584743,48962.9866195156,-100830.686785976,0.909485669430072,-0.111102085335106
5834,1.92252,-0.551275,50761.7459342466,-95699.3327632882,0.915346582363824,0.777752503801191
5834,1.93185,-0.517638,51076.0068352202,-93262.2547825278,0.910462498171638,-0.333308963364257
5833,1.94059,-0.483844,52359.6846702171,-86805.2335240017,0.912416143749874,0.555523964021932
5833,1.94874,-0.449902,52592.1111145212,-84648.6097746756,0.91241614375206,-0.555523964220175
5832,1.9563,-0.415823,54204.3978872711,-77552.4125782546,0.910462498170272,0.333308963168192
5832,1.96325,-0.381618,54688.9080353259,-76011.9265778841,0.915346582366721,-0.777752503993719
5831,1.96962,-0.347296,56348.7106042837,-69100.3711638976,0.909485669429573,0.111102085145735
5830,1.97538,-0.312869,57455.1054832414,-63651.74577555,0.919253778305019,0.999999999895301
5830,1.98054,-0.278346,58069.7592571437,-62159.8236506543,0.909485669430095,-0.11110208535852
5829,1.98509,-0.243739,58870.4767767167,-58975.9679006633,0.915346582363408,0.777752503777643
5829,1.98904,-0.209057,60067.4111119094,-58022.2511476052,0.910462498171767,-0.333308963386425
5828,1.99239,-0.174311,61861.4688605918,-57438.7823783158,0.91241614374965,0.555523964001481
5828,1.99513,-0.139513,64704.9044600672,-57851.0838189838,0.912416143752221,-0.555523964238393
5827,1.99726,-0.104672,68700.4582319915,-59346.0398707568,0.910462498170182,0.333308963148836
5827,1.99878,-0.069799,73565.0357884137,-61169.3477498119,0.915346582367075,-0.777752504016468
5826,1.9997,-0.0349048,79201.0164289438,-62860.2093268197,0.909485669429527,0.111102085121839
