origElemNum,globCoord-x,globCoord-y,acouPotentialD1-,locCoord-xi,locCoord-eta
5825,2,-2.20442e-18,0.00676828157803068,0.919253778304535,0.999999999870795
5825,1.9997,0.0349048,0.0071791174050215,0.909485669430051,-0.11110208537854
5824,1.99878,0.069799,0.00759711009425762,0.915346582363134,0.7777525037628
5824,1.99726,0.104672,0.0080073058951672,0.910462498171695,-0.333308963393583
5823,1.99513,0.139513,0.00841999828826239,0.912416143749585,0.555523964001403
5823,1.99239,0.174311,0.0088295730310823,0.912416143752112,-0.555523964232293
5822,1.98904,0.209057,0.00923546382019412,0.910462498170195,0.33330896316169
5822,1.98509,0.243739,0.00964434829426622,0.915346582366752,-0.777752503996411
5821,1.98054,0.278346,0.0100415472622881,0.909485669429537,0.111102085145532
5820,1.97538,0.312869,0.0104492577132571,0.91925377830504,0.999999999897275
5820,1.96962,0.347296,0.0108367111422091,0.909485669429959,-0.111102085350008
5819,1.96325,0.381618,0.0112354696598384,0.915346582363608,0.777752503792493
5819,1.9563,0.415823,0.0116211262798916,0.910462498171543,-0.333308963366333
5818,1.94874,0.449902,0.0120105944519111,0.912416143749872,0.555523964026318
5818,1.94059,0.483844,0.0123952987398024,0.912416143751876,-0.555523964209557
5817,1.93185,0.517638,0.0127749497861272,0.910462498170338,0.333308963182653
5817,1.92252,0.551275,0.0131590670571959,0.915346582366455,-0.777752503976955
5816,1.91261,0.584743,0.0135276864199246,0.909485669429567,0.111102085165898
5815,1.90211,0.618034,0.0139112032407874,0.919253778305533,0.999999999919169
5815,1.89104,0.651136,0.014267441387141,0.909485669429933,-0.111102085328256
5814,1.87939,0.68404,0.0146391016488343,0.915346582363941,0.777752503814277
5814,1.86716,0.716736,0.0149928035604574,0.910462498171402,-0.333308963343933
5813,1.85437,0.749213,0.0153507279208205,0.912416143750119,0.555523964050056
5813,1.84101,0.781462,0.0157009505301615,0.912416143751575,-0.555523964183394
5812,1.82709,0.813473,0.0160428526333869,0.910462498170486,0.333308963212263
5812,1.81262,0.845237,0.0163894286606819,0.915346582365915,-0.777752503943209
5811,1.79759,0.876742,0.0167138223747549,0.909485669429635,0.111102085200681
5810,1.78201,0.907981,0.0170567769077706,0.919253778306195,0.999999999954235
5810,1.7659,0.938943,0.0173620765164255,0.909485669429844,-0.111102085292603
5809,1.74924,0.969619,0.0176865200791256,0.915346582364538,0.777752503850291
5809,1.73205,1,0.0179867763894807,0.910462498171199,-0.333308963308445
5808,1.71433,1.03008,0.0182920649123249,0.912416143750526,0.555523964084446
5808,1.6961,1.05984,0.0185874068805351,0.912416143751246,-0.555523964150953
5807,1.67734,1.08928,0.0188725221154694,0.910462498170725,0.333308963242434
5807,1.65808,1.11839,0.0191632647206276,0.915346582365508,-0.777752503915519
5806,1.6383,1.14715,0.0194272074683239,0.909485669429676,0.11110208522853
5805,1.61803,1.17557,0.0197134072064743,0.919253778306765,0.999999999982884
5805,1.59727,1.20363,0.0199552463116657,0.909485669429817,-0.111102085265541
5804,1.57602,1.23132,0.0202198952874598,0.9153465823649,0.777752503876539
5804,1.55429,1.25864,0.020456304630338,0.910462498170939,-0.333308963279996
5803,1.53209,1.28558,0.0206989524809997,0.912416143750815,0.555523964114853
5803,1.50942,1.31212,0.0209304740124446,0.91241614375085,-0.555523964118972
5802,1.48629,1.33826,0.0211507253419245,0.910462498170897,0.333308963276791
5802,1.46271,1.364,0.0213777105180254,0.915346582364929,-0.77775250387822
5801,1.43868,1.38932,0.0215753640270357,0.909485669429954,0.111102085257182
5801,1.41421,1.41421,0.0217984037578634,0.919253778307104,-0.999999999999994
850,1.38932,1.43868,0.0219737675140674,0.909485669429991,-0.111102085260227
849,1.364,1.46271,0.0221751226923078,0.915346582364834,0.777752503871359
849,1.33826,1.48629,0.0223472324876023,0.910462498171096,-0.333308963290402
848,1.31212,1.50942,0.0225274691024822,0.912416143750729,0.555523964099008
848,1.28558,1.53209,0.0226973535802614,0.912416143751184,-0.555523964140596
847,1.25864,1.55429,0.0228574231853631,0.910462498170846,0.333308963247574
847,1.23132,1.57602,0.0230262469756952,0.915346582365554,-0.777752503916259
846,1.20363,1.59727,0.0231670163235611,0.90948566942978,0.111102085221654
845,1.17557,1.61803,0.0233354749315414,0.919253778306528,0.999999999969813
845,1.14715,1.6383,0.0234574874822801,0.909485669429915,-0.111102085282135
844,1.11839,1.65808,0.0236075441394418,0.915346582364625,0.777752503855763
844,1.08928,1.67734,0.0237301692970169,0.910462498171253,-0.333308963307521
843,1.05984,1.6961,0.0238627221056683,0.912416143750542,0.555523964080906
843,1.03008,1.71433,0.0239867955487247,0.912416143751377,-0.555523964158847
842,1,1.73205,0.024102549625843,0.910462498170698,0.333308963230309
842,0.969619,1.74924,0.0242283280376596,0.915346582365766,-0.777752503931825
841,0.938943,1.7659,0.0243276259869132,0.909485669429764,0.111102085205048
840,0.907981,1.78201,0.0244553409777696,0.919253778306164,0.99999999995148
840,0.876742,1.79759,0.0245377805254767,0.909485669429979,-0.11110208530158
839,0.845237,1.81262,0.0246485669879875,0.91534658236432,0.777752503835068
839,0.813473,1.82709,0.0247328498289233,0.91046249817139,-0.33330896333004
838,0.781462,1.84101,0.0248270854831339,0.912416143750255,0.555523964056983
838,0.749213,1.85437,0.0249129867421942,0.912416143751674,-0.555523964183563
837,0.716736,1.86716,0.0249903171239274,0.910462498170584,0.333308963203304
837,0.68404,1.87939,0.0250772740902551,0.915346582366261,-0.777752503962098
836,0.651136,1.89104,0.0251376465129647,0.909485669429719,0.111102085173086
835,0.618034,1.90211,0.0252257370081402,0.919253778305509,0.999999999918205
835,0.584743,1.91261,0.0252686661377595,0.909485669430073,-0.111102085335132
834,0.551275,1.92252,0.0253389820326618,0.915346582363819,0.777752503801204
834,0.517638,1.93185,0.0253821702097537,0.910462498171637,-0.333308963364254
833,0.483844,1.94059,0.0254344889717287,0.912416143749877,0.55552396402192
833,0.449902,1.94874,0.025477849559148,0.91241614375206,-0.555523964220202
832,0.415823,1.9563,0.0255120277250945,0.910462498170279,0.333308963168166
832,0.381618,1.96325,0.0255549615624045,0.915346582366717,-0.777752503993703
831,0.347296,1.96962,0.0255702042764832,0.909485669429573,0.111102085145737
830,0.312869,1.97538,0.0256117663149801,0.919253778305012,0.99999999989529
830,0.278346,1.98054,0.02560767416691,0.909485669430091,-0.111102085358547
829,0.243739,1.98509,0.025629573581528,0.915346582363415,0.77775250377766
829,0.209057,1.98904,0.0256235964129114,0.910462498171767,-0.333308963386422
828,0.174311,1.99239,0.0256256238512092,0.912416143749651,0.55552396400147
828,0.139513,1.99513,0.0256178766936875,0.912416143752224,-0.555523964238419
827,0.104672,1.99726,0.0256001932273296,0.910462498170184,0.33330896314881
827,0.069799,1.99878,0.0255900968655915,0.915346582367074,-0.777752504016452
826,0.0349048,1.9997,0.0255529077644309,0.909485669429527,0.111102085121841
825,1.27747e-16,2,0.0255405528756313,0.919253778304535,0.999999999870799
825,-0.0349048,1.9997,0.025484900631351,0.909485669430051,-0.111102085378537
824,-0.069799,1.99878,0.0254538254220883,0.915346582363134,0.777752503762801
824,-0.104672,1.99726,0.025396288546136,0.910462498171695,-0.333308963393583
823,-0.139513,1.99513,0.0253459398118954,0.912416143749585,0.555523964001401
823,-0.174311,1.99239,0.0252858599725519,0.912416143752112,-0.555523964232297
822,-0.209057,1.98904,0.0252161727882849,0.910462498170195,0.333308963161685
822,-0.243739,1.98509,0.0251533478714457,0.915346582366744,-0.777752503996403
821,-0.278346,1.98054,0.0250640499969351,0.909485669429538,0.111102085145537
820,-0.312869,1.97538,0.0249974795172181,0.919253778305041,0.999999999897278
820,-0.347296,1.96962,0.0248887921731285,0.90948566942996,-0.111102085350006
819,-0.381618,1.96325,0.0248024252560263,0.915346582363608,0.777752503792493
819,-0.415823,1.9563,0.0246901800867309,0.910462498171543,-0.333308963366333
818,-0.449902,1.94874,0.0245839491881413,0.912416143749872,0.555523964026316
818,-0.483844,1.94059,0.024467925741002,0.912416143751875,-0.555523964209561
817,-0.517638,1.93185,0.0243420766719517,0.910462498170336,0.333308963182646
817,-0.551275,1.92252,0.0242217163995612,0.915346582366457,-0.777752503976948
816,-0.584743,1.91261,0.0240758740263085,0.909485669429562,0.111102085165907
815,-0.618034,1.90211,0.0239501245877472,0.919253778305526,0.999999999919175
815,-0.651136,1.89104,0.0237842952598749,0.909485669429935,-0.111102085328253
814,-0.68404,1.87939,0.0236381756779549,0.915346582363941,0.777752503814277
814,-0.716736,1.86716,0.0234676850555196,0.910462498171402,-0.333308963343933
813,-0.749213,1.85437,0.0233014089807483,0.912416143750117,0.555523964050053
813,-0.781462,1.84101,0.0231246981724791,0.912416143751584,-0.555523964183396
812,-0.813473,1.82709,0.022937726377133,0.910462498170484,0.33330896321226
812,-0.845237,1.81262,0.0227545254586551,0.91534658236591,-0.7777525039432
811,-0.876742,1.79759,0.022547270383019,0.909485669429639,0.111102085200672
810,-0.907981,1.78201,0.0223571456031218,0.919253778306197,0.999999999954239
810,-0.938943,1.7659,0.0221289978844336,0.909485669429848,-0.111102085292613
809,-0.969619,1.74924,0.021917423689498,0.915346582364533,0.777752503850298
809,-1,1.73205,0.0216826629672191,0.910462498171205,-0.333308963308436
808,-1.03008,1.71433,0.0214507372596969,0.912416143750522,0.55552396408444
808,-1.05984,1.6961,0.0212086828930423,0.912416143751243,-0.555523964150944
807,-1.08928,1.67734,0.0209568141445452,0.910462498170733,0.33330896324243
807,-1.11839,1.65808,0.0207073511897584,0.915346582365511,-0.777752503915504
806,-1.14715,1.6383,0.0204360365740959,0.909485669429678,0.11110208522852
805,-1.17557,1.61803,0.0201785429852616,0.91925377830677,0.999999999982889
805,-1.20363,1.59727,0.0198882333537815,0.909485669429819,-0.111102085265551
804,-1.23132,1.57602,0.0196112559105308,0.915346582364893,0.777752503876544
804,-1.25864,1.55429,0.0193139510719336,0.910462498170937,-0.333308963279986
803,-1.28558,1.53209,0.0190184666844238,0.912416143750809,0.555523964114847
803,-1.31212,1.50942,0.0187140307210505,0.912416143750849,-0.555523964118962
802,-1.33826,1.48629,0.0184006070213682,0.910462498170897,0.333308963276791
802,-1.364,1.46271,0.018088296981679,0.915346582364928,-0.77775250387821
801,-1.38932,1.43868,0.0177573110313727,0.909485669429954,0.111102085257172
801,-1.41421,1.41421,0.0174366983103477,0.919253778307104,-0.999999999999994
15850,-1.43868,1.38932,0.0170889879501077,0.909485669429991,-0.111102085260237
15849,-1.46271,1.364,0.0167511102004321,0.915346582364828,0.777752503871364
15849,-1.48629,1.33826,0.016396234544811,0.910462498171103,-0.333308963290387
15848,-1.50942,1.31212,0.0160419636446093,0.912416143750729,0.555523964099008
15848,-1.53209,1.28558,0.0156798706387036,0.912416143751185,-0.555523964140586
15847,-1.55429,1.25864,0.015310667404943,0.910462498170851,0.333308963247569
15847,-1.57602,1.23132,0.0149417963734987,0.915346582365555,-0.777752503916249
15846,-1.59727,1.20363,0.0145588876318374,0.909485669429784,0.111102085221639
15845,-1.61803,1.17557,0.0141828491383095,0.919253778306531,0.999999999969823
15845,-1.6383,1.14715,0.0137866870680617,0.909485669429917,-0.111102085282151
15844,-1.65808,1.11839,0.013396770602037,0.915346582364627,0.777752503855772
15844,-1.67734,1.08928,0.0129944554494829,0.910462498171251,-0.333308963307506
15843,-1.6961,1.05984,0.0125919919475197,0.912416143750542,0.555523964080906
15843,-1.71433,1.03008,0.0121837816695697,0.912416143751375,-0.555523964158831
15842,-1.73205,1,0.0117699945004358,0.910462498170697,0.333308963230296
15842,-1.74924,0.969619,0.0113554033140487,0.915346582365764,-0.777752503931822
15841,-1.7659,0.938943,0.0109314518842102,0.909485669429762,0.111102085205035
15840,-1.78201,0.907981,0.0105106358664057,0.919253778306162,0.999999999951483
15840,-1.79759,0.876742,0.0100766372018251,0.909485669429984,-0.111102085301589
15839,-1.81262,0.845237,0.00964522287367772,0.915346582364318,0.777752503835071
15839,-1.82709,0.813473,0.00920656418333988,0.910462498171391,-0.333308963330024
15838,-1.84101,0.781462,0.00876686512245151,0.912416143750253,0.555523964056986
15838,-1.85437,0.749213,0.00832342127637396,0.912416143751674,-0.555523964183544
15837,-1.86716,0.716736,0.00787638650740833,0.910462498170589,0.333308963203294
15837,-1.87939,0.68404,0.00742761099738205,0.915346582366259,-0.777752503962095
15836,-1.89104,0.651136,0.00697514811635188,0.909485669429715,0.111102085173074
15835,-1.90211,0.618034,0.0065220969521148,0.919253778305508,0.999999999918209
15835,-1.91261,0.584743,0.00606510934475618,0.909485669430068,-0.111102085335144
15834,-1.92252,0.551275,0.00560680727837494,0.915346582363818,0.777752503801208
15834,-1.93185,0.517638,0.00514635510840127,0.910462498171639,-0.333308963364235
15833,-1.94059,0.483844,0.00468431997022363,0.912416143749876,0.555523964021923
15833,-1.94874,0.449902,0.00422118479297441,0.912416143752063,-0.555523964220183
15832,-1.9563,0.415823,0.00375735487066434,0.910462498170272,0.333308963168156
15832,-1.96325,0.381618,0.0032914260814761,0.915346582366716,-0.7777525039937
15831,-1.96962,0.347296,0.00282647558278008,0.909485669429575,0.111102085145728
15830,-1.97538,0.312869,0.00235696843706658,0.91925377830502,0.999999999895294
15830,-1.98054,0.278346,0.00189210105575577,0.909485669430092,-0.111102085358556
15829,-1.98509,0.243739,0.00142207842526381,0.915346582363415,0.777752503777664
15829,-1.98904,0.209057,0.000955032286998043,0.910462498171765,-0.333308963386404
15828,-1.99239,0.174311,0.000485600735991611,0.912416143749651,0.555523964001473
15828,-1.99513,0.139513,1.72748650969402e-05,0.912416143752222,-0.5555239642384
15827,-1.99726,0.104672,-0.000449834161665973,0.910462498170184,0.3333089631488
15827,-1.99878,0.069799,-0.00092003153689775,0.915346582367074,-0.777752504016448
15826,-1.9997,0.0349048,-0.00138345333078047,0.909485669429527,0.111102085121831
15825,-2,2.46315e-16,-0.0018550627202323,0.919253778304535,0.999999999870803
15825,-1.9997,-0.0349048,-0.00231213590839982,0.909485669430051,-0.111102085378547
15824,-1.99878,-0.069799,-0.00277787537599434,0.915346582363134,0.777752503762804
15824,-1.99726,-0.104672,-0.00323450408956214,0.910462498171696,-0.333308963393566
15823,-1.99513,-0.139513,-0.0036943531486455,0.912416143749586,0.555523964001405
15823,-1.99239,-0.174311,-0.00415102264941363,0.912416143752114,-0.555523964232279
15822,-1.98904,-0.209057,-0.00460376602828092,0.910462498170195,0.333308963161688
15822,-1.98509,-0.243739,-0.00505995274354196,0.915346582366744,-0.7777525039964
15821,-1.98054,-0.278346,-0.00550477185022366,0.909485669429545,0.111102085145526
15820,-1.97538,-0.312869,-0.0059614186108435,0.919253778305042,0.999999999897283
15820,-1.96962,-0.347296,-0.00639673745847001,0.909485669429957,-0.111102085350017
15819,-1.96325,-0.381618,-0.00684422844268115,0.915346582363609,0.777752503792499
15819,-1.9563,-0.415823,-0.00727775758189256,0.910462498171549,-0.333308963366345
15818,-1.94874,-0.449902,-0.00771470786249543,0.912416143749872,0.555523964026319
15818,-1.94059,-0.483844,-0.00814567662823196,0.91241614375188,-0.555523964209544
15817,-1.93185,-0.517638,-0.00857019497521099,0.910462498170337,0.33330896318265
15817,-1.92252,-0.551275,-0.00899848575344049,0.915346582366458,-0.777752503976945
15816,-1.91261,-0.584743,-0.00940995719604897,0.909485669429567,0.111102085165898
15815,-1.90211,-0.618034,-0.00983632248282762,0.919253778305528,0.999999999919178
15815,-1.89104,-0.651136,-0.0102336338764355,0.90948566942994,-0.111102085328262
15814,-1.87939,-0.68404,-0.0106459790003667,0.915346582363942,0.77775250381428
15814,-1.86716,-0.716736,-0.0110385478319155,0.910462498171397,-0.333308963343943
15813,-1.85437,-0.749213,-0.0114353076485121,0.912416143750119,0.555523964050056
15813,-1.84101,-0.781462,-0.0118244544200641,0.912416143751582,-0.555523964183381
15812,-1.82709,-0.813473,-0.0122053317846801,0.910462498170486,0.333308963212263
15812,-1.81262,-0.845237,-0.0125905165930815,0.915346582365912,-0.777752503943197
15811,-1.79759,-0.876742,-0.0129540755774179,0.909485669429641,0.111102085200675
15810,-1.78201,-0.907981,-0.0133351215767861,0.919253778306197,0.999999999954239
15810,-1.7659,-0.938943,-0.0136815471320733,0.90948566942985,-0.11110208529261
15809,-1.74924,-0.969619,-0.014045768273069,0.915346582364535,0.777752503850301
15809,-1.73205,-1,-0.014386591319116,0.9104624981712,-0.333308963308458
15808,-1.71433,-1.03008,-0.0147318051512153,0.912416143750526,0.555523964084446
15808,-1.6961,-1.05984,-0.0150673390618665,0.912416143751243,-0.555523964150944
15807,-1.67734,-1.08928,-0.01539262292525,0.910462498170725,0.333308963242434
15807,-1.65808,-1.11839,-0.0157223847137907,0.915346582365503,-0.7777525039155
15806,-1.6383,-1.14715,-0.0160268688504047,0.90948566942967,0.111102085228524
15805,-1.61803,-1.17557,-0.0163511476698789,0.919253778306763,0.999999999982893
15805,-1.59727,-1.20363,-0.0166341689140047,0.909485669429812,-0.111102085265547
15804,-1.57602,-1.23132,-0.0169371477553107,0.915346582364898,0.777752503876549
15804,-1.55429,-1.25864,-0.0172130939925581,0.910462498170935,-0.333308963280012
15803,-1.53209,-1.28558,-0.0174933891354114,0.912416143750815,0.555523964114853
15803,-1.50942,-1.31212,-0.0177620040932514,0.912416143750855,-0.555523964118957
15802,-1.48629,-1.33826,-0.018019126345235,0.910462498170897,0.333308963276791
15802,-1.46271,-1.364,-0.0182810755769686,0.915346582364928,-0.77775250387821
15801,-1.43868,-1.38932,-0.0185149292108461,0.909485669429954,0.111102085257172
15801,-1.41421,-1.41421,-0.0187703778811174,0.919253778307098,-0.999999999999989
10084,-1.38932,-1.43868,-0.0189803954205534,-0.909485669429983,0.111102085260242
10184,-1.364,-1.46271,-0.0192122771105246,-0.915346582364814,-0.777752503871363
10184,-1.33826,-1.48629,-0.0194152479483751,-0.910462498171062,0.333308963290425
10284,-1.31212,-1.50942,-0.0196233214932327,-0.912416143750702,-0.555523964098991
10284,-1.28558,-1.53209,-0.0198193458132887,-0.912416143751175,0.55552396414059
10384,-1.25864,-1.55429,-0.020002881542804,-0.910462498170858,-0.333308963247603
10384,-1.23132,-1.57602,-0.020191530262242,-0.915346582365569,0.777752503916277
10484,-1.20363,-1.59727,-0.0203501657779314,-0.909485669429755,-0.111102085221656
10584,-1.17557,-1.61803,-0.0205319506883294,-0.919253778306467,-0.999999999969833
10584,-1.14715,-1.6383,-0.0206662765147897,-0.909485669429891,0.111102085282108
10684,-1.11839,-1.65808,-0.0208241773326417,-0.915346582364624,-0.777752503855743
10684,-1.08928,-1.67734,-0.020952237296771,-0.910462498171255,0.333308963307532
10784,-1.05984,-1.6961,-0.0210862112225885,-0.912416143750544,-0.555523964080908
10784,-1.03008,-1.71433,-0.0212081225323416,-0.912416143751393,0.555523964158839
10884,-1,-1.73205,-0.0213183916414438,-0.910462498170715,-0.333308963230315
10884,-0.969619,-1.74924,-0.0214351107656042,-0.915346582365772,0.777752503931858
10984,-0.938943,-1.7659,-0.0215219759520422,-0.909485669429763,-0.111102085205032
11084,-0.907981,-1.78201,-0.021633684348431,-0.919253778306154,-0.99999999995149
11084,-0.876742,-1.79759,-0.0216987960727133,-0.909485669429981,0.111102085301552
11184,-0.845237,-1.81262,-0.0217891816853298,-0.915346582364332,-0.777752503835052
11184,-0.813473,-1.82709,-0.0218501293951793,-0.910462498171421,0.333308963330044
11284,-0.781462,-1.84101,-0.0219185116068676,-0.912416143750289,-0.555523964056998
11284,-0.749213,-1.85437,-0.0219760751610496,-0.912416143751684,0.555523964183542
11384,-0.716736,-1.86716,-0.0220233176119609,-0.910462498170579,-0.333308963203316
11384,-0.68404,-1.87939,-0.0220785912863201,-0.915346582366256,0.777752503962127
11484,-0.651136,-1.89104,-0.0221043216814449,-0.9094856694297,-0.111102085173069
11584,-0.618034,-1.90211,-0.0221565183450243,-0.919253778305473,-0.9999999999182
11584,-0.584743,-1.91261,-0.0221616843555835,-0.909485669430035,0.111102085335111
11684,-0.551275,-1.92252,-0.0221939485984125,-0.915346582363772,-0.777752503801188
11684,-0.517638,-1.93185,-0.0221980573123471,-0.910462498171642,0.333308963364261
11784,-0.483844,-1.94059,-0.022210777194051,-0.912416143749915,-0.555523964021929
11784,-0.449902,-1.94874,-0.0222134884821759,-0.912416143752077,0.555523964220183
11884,-0.415823,-1.9563,-0.0222062778250093,-0.910462498170266,-0.33330896316818
11884,-0.381618,-1.96325,-0.0222079354485292,-0.915346582366712,0.777752503993725
11984,-0.347296,-1.96962,-0.0221814682220625,-0.909485669429565,-0.111102085145729
12084,-0.312869,-1.97538,-0.0221829688471103,-0.919253778305011,-0.999999999895287
12084,-0.278346,-1.98054,-0.022137354838879,-0.909485669430107,0.111102085358526
12184,-0.243739,-1.98509,-0.0221199018053001,-0.915346582363447,-0.777752503777644
12184,-0.209057,-1.98904,-0.0220745347873761,-0.910462498171781,0.333308963386432
12284,-0.174311,-1.99239,-0.0220381652908819,-0.912416143749663,-0.555523964001473
12284,-0.139513,-1.99513,-0.0219918075688016,-0.912416143752267,0.555523964238395
12384,-0.104672,-1.99726,-0.0219354607128889,-0.910462498170238,-0.333308963148834
12384,-0.069799,-1.99878,-0.0218881485811298,-0.915346582367131,0.777752504016471
12484,-0.0349048,-1.9997,-0.0218111341593386,-0.909485669429557,-0.111102085121833
12584,-4.35203e-16,-2,-0.0217619208293352,-0.919253778304537,-0.999999999870803
12584,0.0349048,-1.9997,-0.0216624294477839,-0.909485669430058,0.111102085378513
12684,0.069799,-1.99878,-0.0215904087844771,-0.915346582363139,-0.777752503762792
12684,0.104672,-1.99726,-0.0214879956050149,-0.9104624981717,0.333308963393593
12784,0.139513,-1.99513,-0.0213934800509688,-0.912416143749591,-0.555523964001403
12784,0.174311,-1.99239,-0.0212875957017053,-0.912416143752134,0.555523964232273
12884,0.209057,-1.98904,-0.0211695336233774,-0.91046249817019,-0.333308963161724
12884,0.243739,-1.98509,-0.0210585438547958,-0.915346582366752,0.777752503996427
12984,0.278346,-1.98054,-0.0209163353895634,-0.909485669429543,-0.111102085145531
13084,0.312869,-1.97538,-0.0208000104621997,-0.919253778305079,-0.999999999897294
13084,0.347296,-1.96962,-0.0206327909200304,-0.909485669429971,0.111102085349981
13184,0.381618,-1.96325,-0.0204907261085552,-0.915346582363621,-0.777752503792476
13184,0.415823,-1.9563,-0.0203168320306537,-0.910462498171561,0.33330896336634
13284,0.449902,-1.94874,-0.0201483129535579,-0.912416143749886,-0.555523964026324
13284,0.483844,-1.94059,-0.0199662112295356,-0.912416143751904,0.555523964209538
13384,0.517638,-1.93185,-0.0197705130911959,-0.910462498170363,-0.333308963182687
13384,0.551275,-1.92252,-0.019579576430539,-0.915346582366464,0.777752503976962
13484,0.584743,-1.91261,-0.0193576806392036,-0.909485669429569,-0.111102085165906
13584,0.618034,-1.90211,-0.0191583102390882,-0.919253778305519,-0.999999999919186
13584,0.651136,-1.89104,-0.0189114224528252,-0.909485669429928,0.111102085328226
13684,0.68404,-1.87939,-0.0186865424061073,-0.915346582363942,-0.777752503814258
13684,0.716736,-1.86716,-0.0184322467923799,-0.910462498171394,0.333308963343945
13784,0.749213,-1.85437,-0.0181829914399165,-0.912416143750121,-0.555523964050058
13784,0.781462,-1.84101,-0.0179223454046151,-0.91241614375158,0.555523964183364
13884,0.813473,-1.82709,-0.0176508764336303,-0.91046249817049,-0.333308963212306
13884,0.845237,-1.81262,-0.0173840724134151,-0.915346582365913,0.777752503943214
13984,0.876742,-1.79759,-0.0170923141201384,-0.909485669429626,-0.1111020852007
14084,0.907981,-1.78201,-0.0168200919026944,-0.919253778306215,-0.999999999954254
14084,0.938943,-1.7659,-0.0165110092968246,-0.909485669429858,0.111102085292581
14184,0.969619,-1.74924,-0.0162213134038355,-0.915346582364524,-0.777752503850263
14184,1,-1.73205,-0.0159098500529977,-0.910462498171194,0.333308963308465
14284,1.03008,-1.71433,-0.0156041982563318,-0.91241614375052,-0.55552396408445
14284,1.05984,-1.6961,-0.0152913313542418,-0.912416143751235,0.55552396415093
14384,1.08928,-1.67734,-0.0149720430018033,-0.910462498170724,-0.333308963242461
14384,1.11839,-1.65808,-0.0146584343132769,-0.915346582365498,0.777752503915531
14484,1.14715,-1.6383,-0.0143278655930015,-0.909485669429676,-0.111102085228531
14584,1.17557,-1.61803,-0.0140146112423735,-0.919253778306762,-0.999999999982903
14584,1.20363,-1.59727,-0.0136748602681291,-0.909485669429825,0.1111020852655
14684,1.23132,-1.57602,-0.0133521433796841,-0.91534658236492,-0.777752503876537
14684,1.25864,-1.55429,-0.0130146500061988,-0.910462498170955,0.333308963280004
14784,1.28558,-1.53209,-0.0126833319392043,-0.912416143750819,-0.555523964114867
14784,1.31212,-1.50942,-0.0123480078501952,-0.912416143750872,0.555523964118932
14884,1.33826,-1.48629,-0.012009152058405,-0.910462498170903,-0.333308963276861
14884,1.364,-1.46271,-0.0116762222352117,-0.915346582364901,0.777752503878194
14984,1.38932,-1.43868,-0.0113306170464772,-0.909485669429939,-0.111102085257194
14984,1.41421,-1.41421,-0.0109996666997117,-0.919253778307102,0.999999999999985
5850,1.43868,-1.38932,-0.0106472317677052,0.909485669429985,-0.111102085260202
5849,1.46271,-1.364,-0.010308691215487,0.915346582364833,0.777752503871339
5849,1.48629,-1.33826,-0.00995763986617427,0.910462498171102,-0.333308963290407
5848,1.50942,-1.31212,-0.00961092534094893,0.91241614375073,0.555523964099018
5848,1.53209,-1.28558,-0.00925992807521149,0.912416143751186,-0.555523964140576
5847,1.55429,-1.25864,-0.0089041660011382,0.91046249817085,0.333308963247604
5847,1.57602,-1.23132,-0.00855179774594423,0.91534658236556,-0.777752503916265
5846,1.59727,-1.20363,-0.00818658549816727,0.909485669429786,0.111102085221649
5845,1.61803,-1.17557,-0.00783201211945224,0.919253778306525,0.999999999969829
5845,1.6383,-1.14715,-0.0074578151818726,0.909485669429914,-0.11110208528211
5844,1.65808,-1.11839,-0.00709369332734093,0.915346582364627,0.777752503855747
5844,1.67734,-1.08928,-0.00671829645764816,0.910462498171258,-0.333308963307527
5843,1.6961,-1.05984,-0.00634539090672321,0.912416143750537,0.555523964080912
5843,1.71433,-1.03008,-0.00596829681056318,0.912416143751378,-0.555523964158821
5842,1.73205,-1,-0.00558705190945762,0.910462498170701,0.333308963230334
5842,1.74924,-0.969619,-0.0052075464482415,0.915346582365767,-0.777752503931841
5841,1.7659,-0.938943,-0.00481781481942057,0.909485669429766,0.111102085205045
5840,1.78201,-0.907981,-0.00443455006660757,0.919253778306158,0.99999999995149
5840,1.79759,-0.876742,-0.00403658223803809,0.909485669429983,-0.111102085301555
5839,1.81262,-0.845237,-0.00364424033639211,0.915346582364319,0.777752503835052
5839,1.82709,-0.813473,-0.00324287723913188,0.910462498171384,-0.333308963330046
5838,1.84101,-0.781462,-0.00284198848346701,0.912416143750258,0.555523964056995
5838,1.85437,-0.749213,-0.00243734063776883,0.91241614375167,-0.555523964183538
5837,1.86716,-0.716736,-0.00202961499299463,0.91046249817059,0.333308963203332
5837,1.87939,-0.68404,-0.00162192170021952,0.915346582366259,-0.777752503962114
5836,1.89104,-0.651136,-0.00120842576548046,0.909485669429712,0.11110208517308
5835,1.90211,-0.618034,-0.00079695173584496,0.919253778305505,0.999999999918216
5835,1.91261,-0.584743,-0.000378968688555046,0.909485669430072,-0.111102085335106
5834,1.92252,-0.551275,3.74950540934397e-05,0.915346582363824,0.777752503801191
5834,1.93185,-0.517638,0.000456878172338739,0.910462498171638,-0.333308963364257
5833,1.94059,-0.483844,0.000876481130106176,0.912416143749874,0.555523964021932
5833,1.94874,-0.449902,0.00129708870645819,0.91241614375206,-0.555523964220175
5832,1.9563,-0.415823,0.00171809143122197,0.910462498170272,0.333308963168192
5832,1.96325,-0.381618,0.00213982570104196,0.915346582366721,-0.777752503993719
5831,1.96962,-0.347296,0.00256088903080357,0.909485669429573,0.111102085145735
5830,1.97538,-0.312869,0.00298406410694747,0.919253778305019,0.999999999895301
5830,1.98054,-0.278346,0.00340446778242235,0.909485669430095,-0.11110208535852
5829,1.98509,-0.243739,0.0038276767543749,0.915346582363408,0.777752503777643
5829,1.98904,-0.209057,0.00424813211823121,0.910462498171767,-0.333308963386425
5828,1.99239,-0.174311,0.00466998335880566,0.91241614374965,0.555523964001481
5828,1.99513,-0.139513,0.00509078660925943,0.912416143752221,-0.555523964238393
5827,1.99726,-0.104672,0.00550998699384561,0.910462498170182,0.333308963148836
5827,1.99878,-0.069799,0.00593110783073112,0.915346582367075,-0.777752504016468
5826,1.9997,-0.0349048,0.00634645481837104,0.909485669429527,0.111102085121839
