origElemNum,globCoord-x,globCoord-y,acouPotentialD1-,locCoord-xi,locCoord-eta
5825,2,-2.20442e-18,-1658.39528145495,0.919253778304535,0.999999999870795
5825,1.9997,0.0349048,-1782.9261928794,0.909485669430051,-0.11110208537854
5824,1.99878,0.069799,-1911.72308877431,0.915346582363134,0.7777525037628
5824,1.99726,0.104672,-2023.06617599542,0.910462498171695,-0.333308963393583
5823,1.99513,0.139513,-2132.48829669514,0.912416143749585,0.555523964001403
5823,1.99239,0.174311,-2233.23759930748,0.912416143752112,-0.555523964232293
5822,1.98904,0.209057,-2344.44215336359,0.910462498170195,0.33330896316169
5822,1.98509,0.243739,-2466.12858894617,0.915346582366752,-0.777752503996411
5821,1.98054,0.278346,-2597.23042075775,0.909485669429537,0.111102085145532
5820,1.97538,0.312869,-2738.57380496011,0.91925377830504,0.999999999897275
5820,1.96962,0.347296,-2849.35845073021,0.909485669429959,-0.111102085350008
5819,1.96325,0.381618,-2963.37273814738,0.915346582363608,0.777752503792493
5819,1.9563,0.415823,-3059.60922180435,0.910462498171543,-0.333308963366333
5818,1.94874,0.449902,-3172.2841494238,0.912416143749872,0.555523964026318
5818,1.94059,0.483844,-3304.742944516,0.912416143751876,-0.555523964209557
5817,1.93185,0.517638,-3431.6238910028,0.910462498170338,0.333308963182653
5817,1.92252,0.551275,-3558.00206913832,0.915346582366455,-0.777752503976955
5816,1.91261,0.584743,-3621.7532878665,0.909485669429567,0.111102085165898
5815,1.90211,0.618034,-3677.09533703698,0.919253778305533,0.999999999919169
5815,1.89104,0.651136,-3746.16030843167,0.909485669429933,-0.111102085328256
5814,1.87939,0.68404,-3833.17756965585,0.915346582363941,0.777752503814277
5814,1.86716,0.716736,-3963.02309542273,0.910462498171402,-0.333308963343933
5813,1.85437,0.749213,-4073.54271215349,0.912416143750119,0.555523964050056
5813,1.84101,0.781462,-4150.18041831201,0.912416143751575,-0.555523964183394
5812,1.82709,0.813473,-4221.65708691396,0.910462498170486,0.333308963212263
5812,1.81262,0.845237,-4292.64406929855,0.915346582365915,-0.777752503943209
5811,1.79759,0.876742,-4365.71530709017,0.909485669429635,0.111102085200681
5810,1.78201,0.907981,-4445.66620933357,0.919253778306195,0.999999999954235
5810,1.7659,0.938943,-4397.73242502657,0.909485669429844,-0.111102085292603
5809,1.74924,0.969619,-4359.83814737257,0.915346582364538,0.777752503850291
5809,1.73205,1,-4338.31207564197,0.910462498171199,-0.333308963308445
5808,1.71433,1.03008,-4344.36684815004,0.912416143750526,0.555523964084446
5808,1.6961,1.05984,-4388.24679299512,0.912416143751246,-0.555523964150953
5807,1.67734,1.08928,-4391.72988867559,0.910462498170725,0.333308963242434
5807,1.65808,1.11839,-4370.86085744549,0.915346582365508,-0.777752503915519
5806,1.6383,1.14715,-4400.5674528354,0.909485669429676,0.11110208522853
5805,1.61803,1.17557,-4448.92475545044,0.919253778306765,0.999999999982884
5805,1.59727,1.20363,-4483.39111607238,0.909485669429817,-0.111102085265541
5804,1.57602,1.23132,-4516.14875808613,0.9153465823649,0.777752503876539
5804,1.55429,1.25864,-4518.86691144006,0.910462498170939,-0.333308963279996
5803,1.53209,1.28558,-4517.09660870743,0.912416143750815,0.555523964114853
5803,1.50942,1.31212,-4505.08270020382,0.91241614375085,-0.555523964118972
5802,1.48629,1.33826,-4431.26086809306,0.910462498170897,0.333308963276791
5802,1.46271,1.364,-4318.26633446613,0.915346582364929,-0.77775250387822
5801,1.43868,1.38932,-4248.36881845311,0.909485669429954,0.111102085257182
5801,1.41421,1.41421,-4193.47208386512,0.919253778307104,-0.999999999999994
850,1.38932,1.43868,-4156.06436786636,0.909485669429991,-0.111102085260227
849,1.364,1.46271,-4131.26797627124,0.915346582364834,0.777752503871359
849,1.33826,1.48629,-4140.86956465069,0.910462498171096,-0.333308963290402
848,1.31212,1.50942,-4126.75788308341,0.912416143750729,0.555523964099008
848,1.28558,1.53209,-4074.46055067916,0.912416143751184,-0.555523964140596
847,1.25864,1.55429,-3980.97391587426,0.910462498170846,0.333308963247574
847,1.23132,1.57602,-3861.94892679306,0.915346582365554,-0.777752503916259
846,1.20363,1.59727,-3717.32811986977,0.90948566942978,0.111102085221654
845,1.17557,1.61803,-3570.97218996015,0.919253778306528,0.999999999969813
845,1.14715,1.6383,-3436.6605353187,0.909485669429915,-0.111102085282135
844,1.11839,1.65808,-3330.05738216023,0.915346582364625,0.777752503855763
844,1.08928,1.67734,-3315.52656708715,0.910462498171253,-0.333308963307521
843,1.05984,1.6961,-3277.73589310982,0.912416143750542,0.555523964080906
843,1.03008,1.71433,-3201.80767920475,0.912416143751377,-0.555523964158847
842,1,1.73205,-3096.78650120725,0.910462498170698,0.333308963230309
842,0.969619,1.74924,-2974.40213819853,0.915346582365766,-0.777752503931825
841,0.938943,1.7659,-2783.32393237546,0.909485669429764,0.111102085205048
840,0.907981,1.78201,-2579.28243464098,0.919253778306164,0.99999999995148
840,0.876742,1.79759,-2466.82844377179,0.909485669429979,-0.11110208530158
839,0.845237,1.81262,-2378.04344691342,0.91534658236432,0.777752503835068
839,0.813473,1.82709,-2365.67757982979,0.91046249817139,-0.33330896333004
838,0.781462,1.84101,-2315.07966895091,0.912416143750255,0.555523964056983
838,0.749213,1.85437,-2203.60485517537,0.912416143751674,-0.555523964183563
837,0.716736,1.86716,-2080.43189106636,0.910462498170584,0.333308963203304
837,0.68404,1.87939,-1952.12706385347,0.915346582366261,-0.777752503962098
836,0.651136,1.89104,-1793.24772955638,0.909485669429719,0.111102085173086
835,0.618034,1.90211,-1633.05769389163,0.919253778305509,0.999999999918205
835,0.584743,1.91261,-1509.50585683477,0.909485669430073,-0.111102085335132
834,0.551275,1.92252,-1412.15736693679,0.915346582363819,0.777752503801204
834,0.517638,1.93185,-1393.59028691853,0.910462498171637,-0.333308963364254
833,0.483844,1.94059,-1369.00568767907,0.912416143749877,0.55552396402192
833,0.449902,1.94874,-1330.93540679491,0.91241614375206,-0.555523964220202
832,0.415823,1.9563,-1278.3855651005,0.910462498170279,0.333308963168166
832,0.381618,1.96325,-1219.32474544005,0.915346582366717,-0.777752503993703
831,0.347296,1.96962,-1172.98734752412,0.909485669429573,0.111102085145737
830,0.312869,1.97538,-1136.76930689329,0.919253778305012,0.99999999989529
830,0.278346,1.98054,-1143.14863020253,0.909485669430091,-0.111102085358547
829,0.243739,1.98509,-1167.9268348953,0.915346582363415,0.77775250377766
829,0.209057,1.98904,-1238.15417025041,0.910462498171767,-0.333308963386422
828,0.174311,1.99239,-1285.83158919901,0.912416143749651,0.55552396400147
828,0.139513,1.99513,-1294.76995781882,0.912416143752224,-0.555523964238419
827,0.104672,1.99726,-1247.32748698125,0.910462498170184,0.33330896314881
827,0.069799,1.99878,-1165.5773538244,0.915346582367074,-0.777752504016452
826,0.0349048,1.9997,-1145.61375004849,0.909485669429527,0.111102085121841
825,1.27747e-16,2,-1148.20100564843,0.919253778304535,0.999999999870799
825,-0.0349048,1.9997,-1229.56441503751,0.909485669430051,-0.111102085378537
824,-0.069799,1.99878,-1297.17081341806,0.915346582363134,0.777752503762801
824,-0.104672,1.99726,-1281.79166113738,0.910462498171695,-0.333308963393583
823,-0.139513,1.99513,-1243.09771561343,0.912416143749585,0.555523964001401
823,-0.174311,1.99239,-1164.80828733069,0.912416143752112,-0.555523964232297
822,-0.209057,1.98904,-1157.45216854997,0.910462498170195,0.333308963161685
822,-0.243739,1.98509,-1199.92472933486,0.915346582366744,-0.777752503996403
821,-0.278346,1.98054,-1293.53779918127,0.909485669429538,0.111102085145537
820,-0.312869,1.97538,-1405.38518786799,0.919253778305041,0.999999999897278
820,-0.347296,1.96962,-1412.99205336565,0.90948566942996,-0.111102085350006
819,-0.381618,1.96325,-1417.62340780984,0.915346582363608,0.777752503792493
819,-0.415823,1.9563,-1388.94375837581,0.910462498171543,-0.333308963366333
818,-0.449902,1.94874,-1398.91413309464,0.912416143749872,0.555523964026316
818,-0.483844,1.94059,-1463.64690255555,0.912416143751875,-0.555523964209561
817,-0.517638,1.93185,-1536.99775146035,0.910462498170336,0.333308963182646
817,-0.551275,1.92252,-1617.6989272707,0.915346582366457,-0.777752503976948
816,-0.584743,1.91261,-1636.18861176766,0.909485669429562,0.111102085165907
815,-0.618034,1.90211,-1643.00299991473,0.919253778305526,0.999999999919175
815,-0.651136,1.89104,-1657.83187579875,0.909485669429935,-0.111102085328253
814,-0.68404,1.87939,-1688.85088267693,0.915346582363941,0.777752503814277
814,-0.716736,1.86716,-1770.73482152133,0.910462498171402,-0.333308963343933
813,-0.749213,1.85437,-1855.29963612075,0.912416143750117,0.555523964050053
813,-0.781462,1.84101,-1942.00277581896,0.912416143751584,-0.555523964183396
812,-0.813473,1.82709,-2030.93111326207,0.910462498170484,0.33330896321226
812,-0.845237,1.81262,-2122.82961585987,0.91534658236591,-0.7777525039432
811,-0.876742,1.79759,-2235.60732035721,0.909485669429639,0.111102085200672
810,-0.907981,1.78201,-2356.94446041437,0.919253778306197,0.999999999954239
810,-0.938943,1.7659,-2450.37674734262,0.909485669429848,-0.111102085292613
809,-0.969619,1.74924,-2538.7232467985,0.915346582364533,0.777752503850298
809,-1,1.73205,-2595.03896191965,0.910462498171205,-0.333308963308436
808,-1.03008,1.71433,-2656.15783082379,0.912416143750522,0.55552396408444
808,-1.05984,1.6961,-2723.0140061973,0.912416143751243,-0.555523964150944
807,-1.08928,1.67734,-2803.3297005922,0.910462498170733,0.33330896324243
807,-1.11839,1.65808,-2893.17649830116,0.915346582365511,-0.777752503915504
806,-1.14715,1.6383,-3015.98484023734,0.909485669429678,0.11110208522852
805,-1.17557,1.61803,-3148.47361556825,0.91925377830677,0.999999999982889
805,-1.20363,1.59727,-3357.41372321139,0.909485669429819,-0.111102085265551
804,-1.23132,1.57602,-3575.70761751254,0.915346582364893,0.777752503876544
804,-1.25864,1.55429,-3825.27303003992,0.910462498170937,-0.333308963279986
803,-1.28558,1.53209,-4054.92614833762,0.912416143750809,0.555523964114847
803,-1.31212,1.50942,-4253.54637173682,0.912416143750849,-0.555523964118962
802,-1.33826,1.48629,-4390.36685728421,0.910462498170897,0.333308963276791
802,-1.364,1.46271,-4486.19980868762,0.915346582364928,-0.77775250387821
801,-1.38932,1.43868,-4531.8382006554,0.909485669429954,0.111102085257172
801,-1.41421,1.41421,-4563.83959365234,0.919253778307104,-0.999999999999994
15850,-1.43868,1.38932,-4640.98688352817,0.909485669429991,-0.111102085260237
15849,-1.46271,1.364,-4738.44572932288,0.915346582364828,0.777752503871364
15849,-1.48629,1.33826,-4925.88039804767,0.910462498171103,-0.333308963290387
15848,-1.50942,1.31212,-5135.66866591696,0.912416143750729,0.555523964099008
15848,-1.53209,1.28558,-5380.42131890127,0.912416143751185,-0.555523964140586
15847,-1.55429,1.25864,-5588.72391356649,0.910462498170851,0.333308963247569
15847,-1.57602,1.23132,-5771.85887897724,0.915346582365555,-0.777752503916249
15846,-1.59727,1.20363,-5864.21012287293,0.909485669429784,0.111102085221639
15845,-1.61803,1.17557,-5931.29054075565,0.919253778306531,0.999999999969823
15845,-1.6383,1.14715,-5942.05186053966,0.909485669429917,-0.111102085282151
15844,-1.65808,1.11839,-5950.10548165682,0.915346582364627,0.777752503855772
15844,-1.67734,1.08928,-5960.36008747814,0.910462498171251,-0.333308963307506
15843,-1.6961,1.05984,-5956.25425238486,0.912416143750542,0.555523964080906
15843,-1.71433,1.03008,-5933.14935211924,0.912416143751375,-0.555523964158831
15842,-1.73205,1,-5874.49967126039,0.910462498170697,0.333308963230296
15842,-1.74924,0.969619,-5789.22177065296,0.915346582365764,-0.777752503931822
15841,-1.7659,0.938943,-5689.54487290313,0.909485669429762,0.111102085205035
15840,-1.78201,0.907981,-5579.08430425335,0.919253778306162,0.999999999951483
15840,-1.79759,0.876742,-5414.39503337843,0.909485669429984,-0.111102085301589
15839,-1.81262,0.845237,-5216.66953142322,0.915346582364318,0.777752503835071
15839,-1.82709,0.813473,-4915.32698284058,0.910462498171391,-0.333308963330024
15838,-1.84101,0.781462,-4595.77977874176,0.912416143750253,0.555523964056986
15838,-1.85437,0.749213,-4253.62329656093,0.912416143751674,-0.555523964183544
15837,-1.86716,0.716736,-3961.84125534428,0.910462498170589,0.333308963203294
15837,-1.87939,0.68404,-3701.16678425135,0.915346582366259,-0.777752503962095
15836,-1.89104,0.651136,-3446.01900660279,0.909485669429715,0.111102085173074
15835,-1.90211,0.618034,-3186.66902002093,0.919253778305508,0.999999999918209
15835,-1.91261,0.584743,-2832.70046798383,0.909485669430068,-0.111102085335144
15834,-1.92252,0.551275,-2467.16987337244,0.915346582363818,0.777752503801208
15834,-1.93185,0.517638,-2079.20588386403,0.910462498171639,-0.333308963364235
15833,-1.94059,0.483844,-1707.99583240159,0.912416143749876,0.555523964021923
15833,-1.94874,0.449902,-1366.09689745286,0.912416143752063,-0.555523964220183
15832,-1.9563,0.415823,-1021.64309460245,0.910462498170272,0.333308963168156
15832,-1.96325,0.381618,-672.419555676214,0.915346582366716,-0.7777525039937
15831,-1.96962,0.347296,-257.496889713648,0.909485669429575,0.111102085145728
15830,-1.97538,0.312869,181.973299069894,0.91925377830502,0.999999999895294
15830,-1.98054,0.278346,676.775395063142,0.909485669430092,-0.111102085358556
15829,-1.98509,0.243739,1161.82569455845,0.915346582363415,0.777752503777664
15829,-1.98904,0.209057,1573.31510056188,0.910462498171765,-0.333308963386404
15828,-1.99239,0.174311,1886.03216748536,0.912416143749651,0.555523964001473
15828,-1.99513,0.139513,2045.49779118373,0.912416143752222,-0.5555239642384
15827,-1.99726,0.104672,2065.4348854527,0.910462498170184,0.3333089631488
15827,-1.99878,0.069799,1992.55013724933,0.915346582367074,-0.777752504016448
15826,-1.9997,0.0349048,1948.47242337953,0.909485669429527,0.111102085121831
15825,-2,2.46315e-16,1911.44004262049,0.919253778304535,0.999999999870803
15825,-1.9997,-0.0349048,2151.2039741739,0.909485669430051,-0.111102085378547
15824,-1.99878,-0.069799,2428.81108417795,0.915346582363134,0.777752503762804
15824,-1.99726,-0.104672,2848.64291078693,0.910462498171696,-0.333308963393566
15823,-1.99513,-0.139513,3207.97227770364,0.912416143749586,0.555523964001405
15823,-1.99239,-0.174311,3472.77008154298,0.912416143752114,-0.555523964232279
15822,-1.98904,-0.209057,3578.44895231918,0.910462498170195,0.333308963161688
15822,-1.98509,-0.243739,3580.33866202102,0.915346582366744,-0.7777525039964
15821,-1.98054,-0.278346,3624.45485680925,0.909485669429545,0.111102085145526
15820,-1.97538,-0.312869,3684.78921759533,0.919253778305042,0.999999999897283
15820,-1.96962,-0.347296,4013.50169303806,0.909485669429957,-0.111102085350017
15819,-1.96325,-0.381618,4334.57510906184,0.915346582363609,0.777752503792499
15819,-1.9563,-0.415823,4596.06274502033,0.910462498171549,-0.333308963366345
15818,-1.94874,-0.449902,4725.14476430826,0.912416143749872,0.555523964026319
15818,-1.94059,-0.483844,4650.58323391314,0.91241614375188,-0.555523964209544
15817,-1.93185,-0.517638,4621.92280834144,0.910462498170337,0.33330896318265
15817,-1.92252,-0.551275,4626.6374081391,0.915346582366458,-0.777752503976945
15816,-1.91261,-0.584743,4881.8858591266,0.909485669429567,0.111102085165898
15815,-1.90211,-0.618034,5206.57144662904,0.919253778305528,0.999999999919178
15815,-1.89104,-0.651136,5400.47120119992,0.90948566942994,-0.111102085328262
15814,-1.87939,-0.68404,5559.59632739066,0.915346582363942,0.77775250381428
15814,-1.86716,-0.716736,5557.06835390799,0.910462498171397,-0.333308963343943
15813,-1.85437,-0.749213,5582.00948904057,0.912416143750119,0.555523964050056
15813,-1.84101,-0.781462,5645.06415824667,0.912416143751582,-0.555523964183381
15812,-1.82709,-0.813473,5608.31766801046,0.910462498170486,0.333308963212263
15812,-1.81262,-0.845237,5507.39015199741,0.915346582365912,-0.777752503943197
15811,-1.79759,-0.876742,5322.65793445288,0.909485669429641,0.111102085200675
15810,-1.78201,-0.907981,5121.33409479038,0.919253778306197,0.999999999954239
15810,-1.7659,-0.938943,5154.25830525509,0.90948566942985,-0.11110208529261
15809,-1.74924,-0.969619,5186.75112949672,0.915346582364535,0.777752503850301
15809,-1.73205,-1,5198.39247964706,0.9104624981712,-0.333308963308458
15808,-1.71433,-1.03008,5202.02944211207,0.912416143750526,0.555523964084446
15808,-1.6961,-1.05984,5190.14941325962,0.912416143751243,-0.555523964150944
15807,-1.67734,-1.08928,5227.41924832955,0.910462498170725,0.333308963242434
15807,-1.65808,-1.11839,5300.14116177886,0.915346582365503,-0.7777525039155
15806,-1.6383,-1.14715,5225.08580991737,0.90948566942967,0.111102085228524
15805,-1.61803,-1.17557,5118.97943332881,0.919253778306763,0.999999999982893
15805,-1.59727,-1.20363,5029.78083626871,0.909485669429812,-0.111102085265547
15804,-1.57602,-1.23132,4945.3442902307,0.915346582364898,0.777752503876549
15804,-1.55429,-1.25864,4857.36482385747,0.910462498170935,-0.333308963280012
15803,-1.53209,-1.28558,4733.76924625224,0.912416143750815,0.555523964114853
15803,-1.50942,-1.31212,4552.88191362557,0.912416143750855,-0.555523964118957
15802,-1.48629,-1.33826,4386.41744986121,0.910462498170897,0.333308963276791
15802,-1.46271,-1.364,4233.06171454273,0.915346582364928,-0.77775250387821
15801,-1.43868,-1.38932,3985.74438675053,0.909485669429954,0.111102085257172
15801,-1.41421,-1.41421,3723.24503391556,0.919253778307098,-0.999999999999989
10084,-1.38932,-1.43868,3354.64140787469,-0.909485669429983,0.111102085260242
10184,-1.364,-1.46271,2967.24039814787,-0.915346582364814,-0.777752503871363
10184,-1.33826,-1.48629,2472.83099931432,-0.910462498171062,0.333308963290425
10284,-1.31212,-1.50942,1902.74682230759,-0.912416143750702,-0.555523964098991
10284,-1.28558,-1.53209,1214.56040101876,-0.912416143751175,0.55552396414059
10384,-1.25864,-1.55429,364.293403859382,-0.910462498170858,-0.333308963247603
10384,-1.23132,-1.57602,-590.200445311925,-0.915346582365569,0.777752503916277
10484,-1.20363,-1.59727,-904.883871929285,-0.909485669429755,-0.111102085221656
10584,-1.17557,-1.61803,-1050.43120269067,-0.919253778306467,-0.999999999969833
10584,-1.14715,-1.6383,-410.323660996484,-0.909485669429891,0.111102085282108
10684,-1.11839,-1.65808,202.999510862126,-0.915346582364624,-0.777752503855743
10684,-1.08928,-1.67734,676.065575572753,-0.910462498171255,0.333308963307532
10784,-1.05984,-1.6961,1101.21677999096,-0.912416143750544,-0.555523964080908
10784,-1.03008,-1.71433,1450.32301656357,-0.912416143751393,0.555523964158839
10884,-1,-1.73205,1712.30827049171,-0.910462498170715,-0.333308963230315
10884,-0.969619,-1.74924,1917.82229211135,-0.915346582365772,0.777752503931858
10984,-0.938943,-1.7659,1996.53834642636,-0.909485669429763,-0.111102085205032
11084,-0.907981,-1.78201,2046.91687669452,-0.919253778306154,-0.99999999995149
11084,-0.876742,-1.79759,1997.64857517344,-0.909485669429981,0.111102085301552
11184,-0.845237,-1.81262,1942.04758960043,-0.915346582364332,-0.777752503835052
11184,-0.813473,-1.82709,1849.85942028687,-0.910462498171421,0.333308963330044
11284,-0.781462,-1.84101,1730.2010107278,-0.912416143750289,-0.555523964056998
11284,-0.749213,-1.85437,1567.77563575081,-0.912416143751684,0.555523964183542
11384,-0.716736,-1.86716,1444.28308479998,-0.910462498170579,-0.333308963203316
11384,-0.68404,-1.87939,1346.62963253436,-0.915346582366256,0.777752503962127
11484,-0.651136,-1.89104,1155.59056043095,-0.9094856694297,-0.111102085173069
11584,-0.618034,-1.90211,939.890857632357,-0.919253778305473,-0.9999999999182
11584,-0.584743,-1.91261,749.25894824889,-0.909485669430035,0.111102085335111
11684,-0.551275,-1.92252,565.064542583946,-0.915346582363772,-0.777752503801188
11684,-0.517638,-1.93185,417.306438299267,-0.910462498171642,0.333308963364261
11784,-0.483844,-1.94059,215.109115338922,-0.912416143749915,-0.555523964021929
11784,-0.449902,-1.94874,-66.207982024917,-0.912416143752077,0.555523964220183
11884,-0.415823,-1.9563,-246.662904961814,-0.910462498170266,-0.33330896316818
11884,-0.381618,-1.96325,-362.407891956521,-0.915346582366712,0.777752503993725
11984,-0.347296,-1.96962,-446.204565072296,-0.909485669429565,-0.111102085145729
12084,-0.312869,-1.97538,-528.822683889456,-0.919253778305011,-0.999999999895287
12084,-0.278346,-1.98054,-641.717229586766,-0.909485669430107,0.111102085358526
12184,-0.243739,-1.98509,-710.344622601461,-0.915346582363447,-0.777752503777644
12184,-0.209057,-1.98904,-570.392266499451,-0.910462498171781,0.333308963386432
12284,-0.174311,-1.99239,-450.227481904592,-0.912416143749663,-0.555523964001473
12284,-0.139513,-1.99513,-353.656629207763,-0.912416143752267,0.555523964238395
12384,-0.104672,-1.99726,-437.689734340557,-0.910462498170238,-0.333308963148834
12384,-0.069799,-1.99878,-645.777818152048,-0.915346582367131,0.777752504016471
12484,-0.0349048,-1.9997,-729.779232551305,-0.909485669429557,-0.111102085121833
12584,-4.35203e-16,-2,-792.192720797188,-0.919253778304537,-0.999999999870803
12584,0.0349048,-1.9997,-554.184946771738,-0.909485669430058,0.111102085378513
12684,0.069799,-1.99878,-374.65691820359,-0.915346582363139,-0.777752503762792
12684,0.104672,-1.99726,-389.455931193286,-0.9104624981717,0.333308963393593
12784,0.139513,-1.99513,-502.68965742164,-0.912416143749591,-0.555523964001403
12784,0.174311,-1.99239,-758.113356719272,-0.912416143752134,0.555523964232273
12884,0.209057,-1.98904,-853.596927244133,-0.91046249817019,-0.333308963161724
12884,0.243739,-1.98509,-847.081797166175,-0.915346582366752,0.777752503996427
12984,0.278346,-1.98054,-703.905314370454,-0.909485669429543,-0.111102085145531
13084,0.312869,-1.97538,-538.039912907007,-0.919253778305079,-0.999999999897294
13084,0.347296,-1.96962,-555.566576375478,-0.909485669429971,0.111102085349981
13184,0.381618,-1.96325,-618.420845168978,-0.915346582363621,-0.777752503792476
13184,0.415823,-1.9563,-818.820324039095,-0.910462498171561,0.33330896336634
13284,0.449902,-1.94874,-1022.09983915435,-0.912416143749886,-0.555523964026324
13284,0.483844,-1.94059,-1222.89487550969,-0.912416143751904,0.555523964209538
13384,0.517638,-1.93185,-1336.6985061637,-0.910462498170363,-0.333308963182687
13384,0.551275,-1.92252,-1398.77349203473,-0.915346582366464,0.777752503976962
13484,0.584743,-1.91261,-1287.24695755699,-0.909485669429569,-0.111102085165906
13584,0.618034,-1.90211,-1148.04673288649,-0.919253778305519,-0.999999999919186
13584,0.651136,-1.89104,-964.156048685451,-0.909485669429928,0.111102085328226
13684,0.68404,-1.87939,-840.454244743954,-0.915346582363942,-0.777752503814258
13684,0.716736,-1.86716,-901.524238021965,-0.910462498171394,0.333308963343945
13784,0.749213,-1.85437,-1041.88898359817,-0.912416143750121,-0.555523964050058
13784,0.781462,-1.84101,-1294.34999066822,-0.91241614375158,0.555523964183364
13884,0.813473,-1.82709,-1544.7996536376,-0.91046249817049,-0.333308963212306
13884,0.845237,-1.81262,-1797.48189789525,-0.915346582365913,0.777752503943214
13984,0.876742,-1.79759,-2033.70509727353,-0.909485669429626,-0.1111020852007
14084,0.907981,-1.78201,-2275.40534081316,-0.919253778306215,-0.999999999954254
14084,0.938943,-1.7659,-2476.37003550115,-0.909485669429858,0.111102085292581
14184,0.969619,-1.74924,-2686.49791483365,-0.915346582364524,-0.777752503850263
14184,1,-1.73205,-2891.45152942318,-0.910462498171194,0.333308963308465
14284,1.03008,-1.71433,-3129.09119019854,-0.91241614375052,-0.55552396408445
14284,1.05984,-1.6961,-3408.90078548262,-0.912416143751235,0.55552396415093
14384,1.08928,-1.67734,-3652.61408655355,-0.910462498170724,-0.333308963242461
14384,1.11839,-1.65808,-3876.12356873932,-0.915346582365498,0.777752503915531
14484,1.14715,-1.6383,-4042.45807750785,-0.909485669429676,-0.111102085228531
14584,1.17557,-1.61803,-4202.43971131099,-0.919253778306762,-0.999999999982903
14584,1.20363,-1.59727,-4339.30278432749,-0.909485669429825,0.1111020852655
14684,1.23132,-1.57602,-4472.94017014239,-0.91534658236492,-0.777752503876537
14684,1.25864,-1.55429,-4566.36115833032,-0.910462498170955,0.333308963280004
14784,1.28558,-1.53209,-4687.44931178499,-0.912416143750819,-0.555523964114867
14784,1.31212,-1.50942,-4846.21914973152,-0.912416143750872,0.555523964118932
14884,1.33826,-1.48629,-4991.19034789936,-0.910462498170903,-0.333308963276861
14884,1.364,-1.46271,-5129.27964635839,-0.915346582364901,0.777752503878194
14984,1.38932,-1.43868,-5221.9439687884,-0.909485669429939,-0.111102085257194
14984,1.41421,-1.41421,-5309.371582622,-0.919253778307102,0.999999999999985
5850,1.43868,-1.38932,-5317.96185872188,0.909485669429985,-0.111102085260202
5849,1.46271,-1.364,-5306.02860939172,0.915346582364833,0.777752503871339
5849,1.48629,-1.33826,-5183.1184394162,0.910462498171102,-0.333308963290407
5848,1.50942,-1.31212,-5035.39532892051,0.91241614375073,0.555523964099018
5848,1.53209,-1.28558,-4845.1399000402,0.912416143751186,-0.555523964140576
5847,1.55429,-1.25864,-4643.81650186671,0.91046249817085,0.333308963247604
5847,1.57602,-1.23132,-4438.41457368282,0.91534658236556,-0.777752503916265
5846,1.59727,-1.20363,-4245.01534060932,0.909485669429786,0.111102085221649
5845,1.61803,-1.17557,-4061.27859079721,0.919253778306525,0.999999999969829
5845,1.6383,-1.14715,-3922.67115740098,0.909485669429914,-0.11110208528211
5844,1.65808,-1.11839,-3790.0988380958,0.915346582364627,0.777752503855747
5844,1.67734,-1.08928,-3657.12599254903,0.910462498171258,-0.333308963307527
5843,1.6961,-1.05984,-3519.30143483203,0.912416143750537,0.555523964080912
5843,1.71433,-1.03008,-3370.30791213449,0.912416143751378,-0.555523964158821
5842,1.73205,-1,-3219.93798493738,0.910462498170701,0.333308963230334
5842,1.74924,-0.969619,-3071.15460318796,0.915346582365767,-0.777752503931841
5841,1.7659,-0.938943,-2898.8402121762,0.909485669429766,0.111102085205045
5840,1.78201,-0.907981,-2726.19280349648,0.919253778306158,0.99999999995149
5840,1.79759,-0.876742,-2572.45850109112,0.909485669429983,-0.111102085301555
5839,1.81262,-0.845237,-2417.95905907942,0.915346582364319,0.777752503835052
5839,1.82709,-0.813473,-2238.45702724086,0.910462498171384,-0.333308963330046
5838,1.84101,-0.781462,-2063.32055653662,0.912416143750258,0.555523964056995
5838,1.85437,-0.749213,-1891.2133484787,0.91241614375167,-0.555523964183538
5837,1.86716,-0.716736,-1733.67329515817,0.91046249817059,0.333308963203332
5837,1.87939,-0.68404,-1587.97931613899,0.915346582366259,-0.777752503962114
5836,1.89104,-0.651136,-1440.4594976567,0.909485669429712,0.11110208517308
5835,1.90211,-0.618034,-1296.98637396973,0.919253778305505,0.999999999918216
5835,1.91261,-0.584743,-1204.87627367265,0.909485669430072,-0.111102085335106
5834,1.92252,-0.551275,-1120.13507325813,0.915346582363824,0.777752503801191
5834,1.93185,-0.517638,-1046.39528662856,0.910462498171638,-0.333308963364257
5833,1.94059,-0.483844,-977.662139006922,0.912416143749874,0.555523964021932
5833,1.94874,-0.449902,-913.030642766266,0.91241614375206,-0.555523964220175
5832,1.9563,-0.415823,-886.899002153973,0.910462498170272,0.333308963168192
5832,1.96325,-0.381618,-889.444076875136,0.915346582366721,-0.777752503993719
5831,1.96962,-0.347296,-898.830446053876,0.909485669429573,0.111102085145735
5830,1.97538,-0.312869,-917.18078912227,0.919253778305019,0.999999999895301
5830,1.98054,-0.278346,-924.365263794518,0.909485669430095,-0.11110208535852
5829,1.98509,-0.243739,-950.45023025153,0.915346582363408,0.777752503777643
5829,1.98904,-0.209057,-1021.15661778289,0.910462498171767,-0.333308963386425
5828,1.99239,-0.174311,-1110.5057052211,0.91241614374965,0.555523964001481
5828,1.99513,-0.139513,-1222.29956713811,0.912416143752221,-0.555523964238393
5827,1.99726,-0.104672,-1327.50200571862,0.910462498170182,0.333308963148836
5827,1.99878,-0.069799,-1432.0979337158,0.915346582367075,-0.777752504016468
5826,1.9997,-0.0349048,-1540.51235545902,0.909485669429527,0.111102085121839
