origElemNum,globCoord-x,globCoord-y,acouIntensity-x,acouIntensity-y,locCoord-xi,locCoord-eta
5825,2,-2.20442e-18,-1.69290591759813e-06,8.44858497126089e-07,0.919253778304535,0.999999999870795
5825,1.9997,0.0349048,-1.65755420522574e-06,8.61486180587698e-07,0.909485669430051,-0.11110208537854
5824,1.99878,0.069799,-1.61809971918357e-06,8.26335671218259e-07,0.915346582363134,0.7777525037628
5824,1.99726,0.104672,-1.57772753201907e-06,8.44153594504727e-07,0.910462498171695,-0.333308963393583
5823,1.99513,0.139513,-1.53173555609818e-06,8.12855374293213e-07,0.912416143749585,0.555523964001403
5823,1.99239,0.174311,-1.48634672509785e-06,8.32137680343902e-07,0.912416143752112,-0.555523964232293
5822,1.98904,0.209057,-1.43415965276641e-06,8.05504778197634e-07,0.910462498170195,0.33330896316169
5822,1.98509,0.243739,-1.38401578362068e-06,8.26484610925247e-07,0.915346582366752,-0.777752503996411
5821,1.98054,0.278346,-1.32607445309028e-06,8.04766409320745e-07,0.909485669429537,0.111102085145532
5820,1.97538,0.312869,-1.26462402781272e-06,7.85302248503171e-07,0.91925377830504,0.999999999897275
5820,1.96962,0.347296,-1.20806534609967e-06,8.11293867044069e-07,0.909485669429959,-0.111102085350008
5819,1.96325,0.381618,-1.14160096180506e-06,7.97673021142973e-07,0.915346582363608,0.777752503792493
5819,1.9563,0.415823,-1.08095796296388e-06,8.25916272905365e-07,0.910462498171543,-0.333308963366333
5818,1.94874,0.449902,-1.010065282735e-06,8.18436121978975e-07,0.912416143749872,0.555523964026318
5818,1.94059,0.483844,-9.45537728450757e-07,8.49170679404476e-07,0.912416143751876,-0.555523964209557
5817,1.93185,0.517638,-8.7085257169763e-07,8.48415860809357e-07,0.910462498170338,0.333308963182653
5817,1.92252,0.551275,-8.0279116790817e-07,8.81761604880593e-07,0.915346582366455,-0.777752503976955
5816,1.91261,0.584743,-7.2516023359408e-07,8.88009334492216e-07,0.909485669429567,0.111102085165898
5815,1.90211,0.618034,-6.45558861544719e-07,8.97926351670411e-07,0.919253778305533,0.999999999919169
5815,1.89104,0.651136,-5.74187243649241e-07,9.3738581299445e-07,0.909485669429933,-0.111102085328256
5814,1.87939,0.68404,-4.92801406506713e-07,9.54679365249026e-07,0.915346582363941,0.777752503814277
5814,1.86716,0.716736,-4.19068483146701e-07,9.96928897637645e-07,0.910462498171402,-0.333308963343933
5813,1.85437,0.749213,-3.36639420573428e-07,1.02161709467508e-06,0.912416143750119,0.555523964050056
5813,1.84101,0.781462,-2.60854962778503e-07,1.06670949658019e-06,0.912416143751575,-0.555523964183394
5812,1.82709,0.813473,-1.77955984216987e-07,1.09886518799049e-06,0.910462498170486,0.333308963212263
5812,1.81262,0.845237,-1.00259434279133e-07,1.14694463336916e-06,0.915346582365915,-0.777752503943209
5811,1.79759,0.876742,-1.76221822841179e-08,1.18709056204659e-06,0.909485669429635,0.111102085200681
5810,1.78201,0.907981,6.50471017157059e-08,1.23175855699544e-06,0.919253778306195,0.999999999954235
5810,1.7659,0.938943,1.4357340754063e-07,1.28654850193935e-06,0.909485669429844,-0.111102085292603
5809,1.74924,0.969619,2.25165354504727e-07,1.33931102751896e-06,0.915346582364538,0.777752503850291
5809,1.73205,1,3.05115491294505e-07,1.39744786933266e-06,0.910462498171199,-0.333308963308445
5808,1.71433,1.03008,3.85067193129769e-07,1.45874039240815e-06,0.912416143750526,0.555523964084446
5808,1.6961,1.05984,4.66429733749601e-07,1.52046880326644e-06,0.912416143751246,-0.555523964150953
5807,1.67734,1.08928,5.44027461304226e-07,1.590908814895e-06,0.910462498170725,0.333308963242434
5807,1.65808,1.11839,6.26644897754758e-07,1.65640138682542e-06,0.915346582365508,-0.777752503915519
5806,1.6383,1.14715,7.0145619864408e-07,1.73598212383743e-06,0.909485669429676,0.11110208522853
5805,1.61803,1.17557,7.74166135041582e-07,1.82073034232572e-06,0.919253778306765,0.999999999982884
5805,1.59727,1.20363,8.56576780557718e-07,1.89449041061647e-06,0.909485669429817,-0.111102085265541
5804,1.57602,1.23132,9.24962601453051e-07,1.98910765594176e-06,0.9153465823649,0.777752503876539
5804,1.55429,1.25864,1.00797704238941e-06,2.06694102361052e-06,0.910462498170939,-0.333308963279996
5803,1.53209,1.28558,1.07075431333396e-06,2.17124922053712e-06,0.912416143750815,0.555523964114853
5803,1.50942,1.31212,1.15362959584269e-06,2.25276103757582e-06,0.91241614375085,-0.555523964118972
5802,1.48629,1.33826,1.20912596770458e-06,2.36555987926605e-06,0.910462498170897,0.333308963276791
5802,1.46271,1.364,1.29069283270843e-06,2.44982274730328e-06,0.915346582364929,-0.77775250387822
5801,1.43868,1.38932,1.33733873105408e-06,2.56896574320101e-06,0.909485669429954,0.111102085257182
5801,1.41421,1.41421,1.41648318375622e-06,2.65492633539683e-06,0.919253778307104,-0.999999999999994
850,1.38932,1.43868,1.45328570051359e-06,2.77835089930014e-06,0.909485669429991,-0.111102085260227
849,1.364,1.46271,1.48547443985548e-06,2.90456872422049e-06,0.915346582364834,0.777752503871359
849,1.33826,1.48629,1.55523352746959e-06,2.99086871452272e-06,0.910462498171096,-0.333308963290402
848,1.31212,1.50942,1.57649032835729e-06,3.11850873516251e-06,0.912416143750729,0.555523964099008
848,1.28558,1.53209,1.64191333676716e-06,3.20376687704263e-06,0.912416143751184,-0.555523964140596
847,1.25864,1.55429,1.65197285702708e-06,3.33116668602423e-06,0.910462498170846,0.333308963247574
847,1.23132,1.57602,1.71281512347567e-06,3.41475523956628e-06,0.915346582365554,-0.777752503916259
846,1.20363,1.59727,1.71192325878921e-06,3.54030698396794e-06,0.90948566942978,0.111102085221654
845,1.17557,1.61803,1.70740239645372e-06,3.66575988948267e-06,0.919253778306528,0.999999999969813
845,1.14715,1.6383,1.757334355927e-06,3.74424488943269e-06,0.909485669429915,-0.111102085282135
844,1.11839,1.65808,1.74335094414533e-06,3.86653586910617e-06,0.915346582364625,0.777752503855763
844,1.08928,1.67734,1.78968393120549e-06,3.94344949379403e-06,0.910462498171253,-0.333308963307521
843,1.05984,1.6961,1.76695967578068e-06,4.06382535052006e-06,0.912416143750542,0.555523964080906
843,1.03008,1.71433,1.81063998271253e-06,4.14052204947762e-06,0.912416143751377,-0.555523964158847
842,1,1.73205,1.78004934678421e-06,4.26107159153909e-06,0.910462498170698,0.333308963230309
842,0.969619,1.74924,1.82204138616904e-06,4.3392031463297e-06,0.915346582365766,-0.777752503931825
841,0.938943,1.7659,1.7834161530235e-06,4.46226810786427e-06,0.909485669429764,0.111102085205048
840,0.907981,1.78201,1.73877111341353e-06,4.58660875355075e-06,0.919253778306164,0.99999999995148
840,0.876742,1.79759,1.77715269603518e-06,4.67030803711485e-06,0.909485669429979,-0.11110208530158
839,0.845237,1.81262,1.72358976737427e-06,4.79905166765915e-06,0.91534658236432,0.777752503835068
839,0.813473,1.82709,1.76134748663819e-06,4.88733029285194e-06,0.91046249817139,-0.33330896333004
838,0.781462,1.84101,1.69864215138557e-06,5.02143130542473e-06,0.912416143750255,0.555523964056983
838,0.749213,1.85437,1.73584591021279e-06,5.1150917054141e-06,0.912416143751674,-0.555523964183563
837,0.716736,1.86716,1.66271677825438e-06,5.2549063443141e-06,0.910462498170584,0.333308963203304
837,0.68404,1.87939,1.69892331715636e-06,5.3535382629551e-06,0.915346582366261,-0.777752503962098
836,0.651136,1.89104,1.61403363640935e-06,5.49767235874637e-06,0.909485669429719,0.111102085173086
835,0.618034,1.90211,1.52044901174027e-06,5.64189367526632e-06,0.919253778305509,0.999999999918205
835,0.584743,1.91261,1.55114276734495e-06,5.74660915783941e-06,0.909485669430073,-0.111102085335132
834,0.551275,1.92252,1.4447719528567e-06,5.89200549165638e-06,0.915346582363819,0.777752503801204
834,0.517638,1.93185,1.47283157685468e-06,5.99822878286564e-06,0.910462498171637,-0.333308963364254
833,0.483844,1.94059,1.35356337900549e-06,6.14255196375446e-06,0.912416143749877,0.55552396402192
833,0.449902,1.94874,1.37876810101395e-06,6.24959994389897e-06,0.91241614375206,-0.555523964220202
832,0.415823,1.9563,1.24672733604738e-06,6.39110510240378e-06,0.910462498170279,0.333308963168166
832,0.381618,1.96325,1.26885448632517e-06,6.49800546976991e-06,0.915346582366717,-0.777752503993703
831,0.347296,1.96962,1.1237354189249e-06,6.63384182249344e-06,0.909485669429573,0.111102085145737
830,0.312869,1.97538,9.71245907617827e-07,6.76552105208514e-06,0.919253778305012,0.99999999989529
830,0.278346,1.98054,9.85014231840549e-07,6.86586374527995e-06,0.909485669430091,-0.111102085358547
829,0.243739,1.98509,8.20866303728204e-07,6.98821879252073e-06,0.915346582363415,0.77775250377766
829,0.209057,1.98904,8.31343702722461e-07,7.08395907462131e-06,0.910462498171767,-0.333308963386422
828,0.174311,1.99239,6.56563119443449e-07,7.19518577887052e-06,0.912416143749651,0.55552396400147
828,0.139513,1.99513,6.63961060960681e-07,7.28566942681027e-06,0.912416143752224,-0.555523964238419
827,0.104672,1.99726,4.80189602480143e-07,7.38487552950734e-06,0.910462498170184,0.33330896314881
827,0.069799,1.99878,4.84813952487746e-07,7.470253897454e-06,0.915346582367074,-0.777752504016452
826,0.0349048,1.9997,2.92447047326191e-07,7.55676955353147e-06,0.909485669429527,0.111102085121841
825,1.27747e-16,2,9.52377639901749e-08,7.63648278548387e-06,0.919253778304535,0.999999999870799
825,-0.0349048,1.9997,9.42024021404204e-08,7.70853060572895e-06,0.909485669430051,-0.111102085378537
824,-0.069799,1.99878,-1.0918697777506e-07,7.77337304964006e-06,0.915346582363134,0.777752503762801
824,-0.104672,1.99726,-1.11942362912e-07,7.83891873301976e-06,0.910462498171695,-0.333308963393583
823,-0.139513,1.99513,-3.20175714698688e-07,7.88897204926828e-06,0.912416143749585,0.555523964001401
823,-0.174311,1.99239,-3.24272288832233e-07,7.94762098879874e-06,0.912416143752112,-0.555523964232297
822,-0.209057,1.98904,-5.36583199712786e-07,7.98187338255962e-06,0.910462498170195,0.333308963161685
822,-0.243739,1.98509,-5.41562695933067e-07,8.03278768252263e-06,0.915346582366744,-0.777752503996403
821,-0.278346,1.98054,-7.55701901433526e-07,8.05091953713084e-06,0.909485669429538,0.111102085145537
820,-0.312869,1.97538,-9.69843881360579e-07,8.06128362783491e-06,0.919253778305041,0.999999999897278
820,-0.347296,1.96962,-9.75812893452746e-07,8.09652983829613e-06,0.90948566942996,-0.111102085350006
819,-0.381618,1.96325,-1.19026538236064e-06,8.09089041911555e-06,0.915346582363608,0.777752503792493
819,-0.415823,1.9563,-1.19578923167764e-06,8.11861083597807e-06,0.910462498171543,-0.333308963366333
818,-0.449902,1.94874,-1.40914559873391e-06,8.09738016961707e-06,0.912416143749872,0.555523964026316
818,-0.483844,1.94059,-1.41403187112759e-06,8.11865801874024e-06,0.912416143751875,-0.555523964209561
817,-0.517638,1.93185,-1.62578640195832e-06,8.08239788914189e-06,0.910462498170336,0.333308963182646
817,-0.551275,1.92252,-1.62956624371003e-06,8.09679962144991e-06,0.915346582366457,-0.777752503976948
816,-0.584743,1.91261,-1.83832909418436e-06,8.0448708501967e-06,0.909485669429562,0.111102085165907
815,-0.618034,1.90211,-2.04454868498234e-06,7.98545796977434e-06,0.919253778305526,0.999999999919175
815,-0.651136,1.89104,-2.04449243563557e-06,7.98450936725893e-06,0.909485669429935,-0.111102085328253
814,-0.68404,1.87939,-2.24530649864754e-06,7.91003039018566e-06,0.915346582363941,0.777752503814277
814,-0.716736,1.86716,-2.24269328518216e-06,7.90194641209708e-06,0.910462498171402,-0.333308963343933
813,-0.749213,1.85437,-2.43691290014059e-06,7.81290763536334e-06,0.912416143750117,0.555523964050053
813,-0.781462,1.84101,-2.43144787545719e-06,7.79806531656436e-06,0.912416143751584,-0.555523964183396
812,-0.813473,1.82709,-2.61831068961745e-06,7.69513190413882e-06,0.910462498170484,0.33330896321226
812,-0.845237,1.81262,-2.60967387673302e-06,7.67380953977326e-06,0.91534658236591,-0.7777525039432
811,-0.876742,1.79759,-2.78844113495931e-06,7.5567951335411e-06,0.909485669429639,0.111102085200672
810,-0.907981,1.78201,-2.96217721756332e-06,7.43359988480233e-06,0.919253778306197,0.999999999954239
810,-0.938943,1.7659,-2.94486580364638e-06,7.398144462136e-06,0.909485669429848,-0.111102085292613
809,-0.969619,1.74924,-3.10782573448156e-06,7.26230464569616e-06,0.915346582364533,0.777752503850298
809,-1,1.73205,-3.08589294267732e-06,7.22045267179528e-06,0.910462498171205,-0.333308963308436
808,-1.03008,1.71433,-3.23741940606758e-06,7.07262300800238e-06,0.912416143750522,0.55552396408444
808,-1.05984,1.6961,-3.21059696367844e-06,7.02475802737287e-06,0.912416143751243,-0.555523964150944
807,-1.08928,1.67734,-3.35008930156206e-06,6.86568496919226e-06,0.910462498170733,0.33330896324243
807,-1.11839,1.65808,-3.31805455206999e-06,6.81209982535539e-06,0.915346582365511,-0.777752503915504
806,-1.14715,1.6383,-3.44404496126911e-06,6.64339479990736e-06,0.909485669429678,0.11110208522852
805,-1.17557,1.61803,-3.56274910894378e-06,6.47131624584103e-06,0.91925377830677,0.999999999982889
805,-1.20363,1.59727,-3.51863963903508e-06,6.40757155555218e-06,0.909485669429819,-0.111102085265551
804,-1.23132,1.57602,-3.62302350403629e-06,6.22775365380142e-06,0.915346582364893,0.777752503876544
804,-1.25864,1.55429,-3.57320034374316e-06,6.15981389989309e-06,0.910462498170937,-0.333308963279986
803,-1.28558,1.53209,-3.66252203138279e-06,5.97367809279272e-06,0.912416143750809,0.555523964114847
803,-1.31212,1.50942,-3.60695807352877e-06,5.90208483189146e-06,0.912416143750849,-0.555523964118962
802,-1.33826,1.48629,-3.68094518721345e-06,5.71078892660974e-06,0.910462498170897,0.333308963276791
802,-1.364,1.46271,-3.61950709592182e-06,5.63591238216871e-06,0.915346582364928,-0.77775250387821
801,-1.38932,1.43868,-3.6778020360968e-06,5.44082168645828e-06,0.909485669429954,0.111102085257172
801,-1.41421,1.41421,-3.61054786956931e-06,5.3632215693123e-06,0.919253778307104,-0.999999999999994
15850,-1.43868,1.38932,-3.65336499956847e-06,5.16652827756036e-06,0.909485669429991,-0.111102085260237
15849,-1.46271,1.364,-3.68802948957917e-06,4.97083661446117e-06,0.915346582364828,0.777752503871364
15849,-1.48629,1.33826,-3.60812738241353e-06,4.89003338912942e-06,0.910462498171103,-0.333308963290387
15848,-1.50942,1.31212,-3.62734863486711e-06,4.69467048488356e-06,0.912416143750729,0.555523964099008
15848,-1.53209,1.28558,-3.5423641617046e-06,4.61319068518287e-06,0.912416143751185,-0.555523964140586
15847,-1.55429,1.25864,-3.54676398256726e-06,4.4197875198487e-06,0.910462498170851,0.333308963247569
15847,-1.57602,1.23132,-3.45723156050847e-06,4.33838302525883e-06,0.915346582365555,-0.777752503916249
15846,-1.59727,1.20363,-3.44763241486067e-06,4.1482500297125e-06,0.909485669429784,0.111102085221639
15845,-1.61803,1.17557,-3.43077566037089e-06,3.96166749766662e-06,0.919253778306531,0.999999999969823
15845,-1.6383,1.14715,-3.33082613827569e-06,3.88201463869513e-06,0.909485669429917,-0.111102085282151
15844,-1.65808,1.11839,-3.30100626953783e-06,3.70051344363451e-06,0.915346582364627,0.777752503855772
15844,-1.67734,1.08928,-3.19755750863789e-06,3.62237614748696e-06,0.910462498171251,-0.333308963307506
15843,-1.6961,1.05984,-3.15556311964369e-06,3.44685231933755e-06,0.912416143750542,0.555523964080906
15843,-1.71433,1.03008,-3.04895876696144e-06,3.37059898457412e-06,0.912416143751375,-0.555523964158831
15842,-1.73205,1,-2.99530964272934e-06,3.2026751281854e-06,0.910462498170697,0.333308963230296
15842,-1.74924,0.969619,-2.88613834759952e-06,3.12871719963504e-06,0.915346582365764,-0.777752503931822
15841,-1.7659,0.938943,-2.82196624073592e-06,2.96868143497783e-06,0.909485669429762,0.111102085205035
15840,-1.78201,0.907981,-2.75290775594464e-06,2.81378182698566e-06,0.919253778306162,0.999999999951483
15840,-1.79759,0.876742,-2.63675914122199e-06,2.74545558307925e-06,0.909485669429984,-0.111102085301589
15839,-1.81262,0.845237,-2.5585901891513e-06,2.59956992301372e-06,0.915346582364318,0.777752503835071
15839,-1.82709,0.813473,-2.44102098012625e-06,2.53431404194894e-06,0.910462498171391,-0.333308963330024
15838,-1.84101,0.781462,-2.35482926991023e-06,2.39874287632058e-06,0.912416143750253,0.555523964056986
15838,-1.85437,0.749213,-2.23692899091741e-06,2.337044329209e-06,0.912416143751674,-0.555523964183544
15837,-1.86716,0.716736,-2.14444183088092e-06,2.21173630575246e-06,0.910462498170589,0.333308963203294
15837,-1.87939,0.68404,-2.02642939893276e-06,2.15356941541126e-06,0.915346582366259,-0.777752503962095
15836,-1.89104,0.651136,-1.92847353507067e-06,2.03824141296522e-06,0.909485669429715,0.111102085173074
15835,-1.90211,0.618034,-1.82832883557997e-06,1.92863574309681e-06,0.919253778305508,0.999999999918209
15835,-1.91261,0.584743,-1.70796379560646e-06,1.87841746335583e-06,0.909485669430068,-0.111102085335144
15834,-1.92252,0.551275,-1.60382282073204e-06,1.77890017362246e-06,0.915346582363818,0.777752503801208
15834,-1.93185,0.517638,-1.48422351586886e-06,1.73229499564214e-06,0.910462498171639,-0.333308963364235
15833,-1.94059,0.483844,-1.37708844691573e-06,1.64336827432358e-06,0.912416143749876,0.555523964021923
15833,-1.94874,0.449902,-1.2592708400563e-06,1.60058866052429e-06,0.912416143752063,-0.555523964220183
15832,-1.9563,0.415823,-1.15085829799945e-06,1.52271321417299e-06,0.910462498170272,0.333308963168156
15832,-1.96325,0.381618,-1.03568043498895e-06,1.48385612189129e-06,0.915346582366716,-0.7777525039937
15831,-1.96962,0.347296,-9.26915996749933e-07,1.41620185770296e-06,0.909485669429575,0.111102085145728
15830,-1.97538,0.312869,-8.18477919828706e-07,1.3539809262268e-06,0.91925377830502,0.999999999895294
15830,-1.98054,0.278346,-7.05974599090945e-07,1.32353206351002e-06,0.909485669430092,-0.111102085358556
15829,-1.98509,0.243739,-5.98646475015139e-07,1.27118923717584e-06,0.915346582363415,0.777752503777664
15829,-1.98904,0.209057,-4.89695409139834e-07,1.24424689337663e-06,0.910462498171765,-0.333308963386404
15828,-1.99239,0.174311,-3.84392142212701e-07,1.20151265030543e-06,0.912416143749651,0.555523964001473
15828,-1.99513,0.139513,-2.79218291672806e-07,1.17789046024252e-06,0.912416143752222,-0.5555239642384
15827,-1.99726,0.104672,-1.76994411598752e-07,1.14541643998368e-06,0.910462498170184,0.3333089631488
15827,-1.99878,0.069799,-7.65366459115204e-08,1.12496945874244e-06,0.915346582367074,-0.777752504016448
15826,-1.9997,0.0349048,2.14746683297977e-08,1.10165736904783e-06,0.909485669429527,0.111102085121831
15825,-2,2.46315e-16,1.17049372225742e-07,1.08242484387759e-06,0.919253778304535,0.999999999870803
15825,-1.9997,-0.0349048,2.10749576425259e-07,1.06906943024646e-06,0.909485669430051,-0.111102085378547
15824,-1.99878,-0.069799,3.01600264608317e-07,1.0588436087069e-06,0.915346582363134,0.777752503762804
15824,-1.99726,-0.104672,3.89764735115796e-07,1.04791828155491e-06,0.910462498171696,-0.333308963393566
15823,-1.99513,-0.139513,4.74555842810575e-07,1.04593287216357e-06,0.912416143749586,0.555523964001405
15823,-1.99239,-0.174311,5.56926098602265e-07,1.03710110013557e-06,0.912416143752114,-0.555523964232279
15822,-1.98904,-0.209057,6.35393363259324e-07,1.04203674242124e-06,0.910462498170195,0.333308963161688
15822,-1.98509,-0.243739,7.12335033761024e-07,1.03501322808892e-06,0.915346582366744,-0.7777525039964
15821,-1.98054,-0.278346,7.84064686618386e-07,1.0471183366421e-06,0.909485669429545,0.111102085145526
15820,-1.97538,-0.312869,8.51946698435909e-07,1.06267994579903e-06,0.919253778305042,0.999999999897283
15820,-1.96962,-0.347296,9.19832828117005e-07,1.06015466167557e-06,0.909485669429957,-0.111102085350017
15819,-1.96325,-0.381618,9.8035722600677e-07,1.08155873168775e-06,0.915346582363609,0.777752503792499
15819,-1.9563,-0.415823,1.04239302586545e-06,1.07984178236951e-06,0.910462498171549,-0.333308963366345
15818,-1.94874,-0.449902,1.09514764215435e-06,1.10659093325534e-06,0.912416143749872,0.555523964026319
15818,-1.94059,-0.483844,1.15116990477569e-06,1.10545159699014e-06,0.91241614375188,-0.555523964209544
15817,-1.93185,-0.517638,1.19605192075257e-06,1.13645694256022e-06,0.910462498170337,0.33330896318265
15817,-1.92252,-0.551275,1.24631212391724e-06,1.13555226803968e-06,0.915346582366458,-0.777752503976945
15816,-1.91261,-0.584743,1.28346564238528e-06,1.17016824728638e-06,0.909485669429567,0.111102085165898
15815,-1.90211,-0.618034,1.31616784389587e-06,1.20631801841095e-06,0.919253778305528,0.999999999919178
15815,-1.89104,-0.651136,1.35756031720429e-06,1.20698413014074e-06,0.90948566942994,-0.111102085328262
15814,-1.87939,-0.68404,1.38240428155882e-06,1.24582989051492e-06,0.915346582363942,0.77775250381428
15814,-1.86716,-0.716736,1.41836893082028e-06,1.24586571710719e-06,0.910462498171397,-0.333308963343943
15813,-1.85437,-0.749213,1.43532092806975e-06,1.2867032695209e-06,0.912416143750119,0.555523964050056
15813,-1.84101,-0.781462,1.46593000090499e-06,1.28582426142355e-06,0.912416143751582,-0.555523964183381
15812,-1.82709,-0.813473,1.4751690633871e-06,1.32780304156281e-06,0.910462498170486,0.333308963212263
15812,-1.81262,-0.845237,1.5006827152367e-06,1.32582746940817e-06,0.915346582365912,-0.777752503943197
15811,-1.79759,-0.876742,1.50280228760592e-06,1.36808546475778e-06,0.909485669429641,0.111102085200675
15810,-1.78201,-0.907981,1.50075576810328e-06,1.40984056015554e-06,0.919253778306197,0.999999999954239
15810,-1.7659,-0.938943,1.51888659268687e-06,1.40719964269549e-06,0.90948566942985,-0.11110208529261
15809,-1.74924,-0.969619,1.51000479389815e-06,1.44878955288218e-06,0.915346582364535,0.777752503850301
15809,-1.73205,-1,1.52386082328562e-06,1.4444955222777e-06,0.9104624981712,-0.333308963308458
15808,-1.71433,-1.03008,1.50854800850058e-06,1.48516883006554e-06,0.912416143750526,0.555523964084446
15808,-1.6961,-1.05984,1.51843487306924e-06,1.47912831869229e-06,0.912416143751243,-0.555523964150944
15807,-1.67734,-1.08928,1.49735530113428e-06,1.51831954209714e-06,0.910462498170725,0.333308963242434
15807,-1.65808,-1.11839,1.50374316523918e-06,1.51056816631691e-06,0.915346582365503,-0.7777525039155
15806,-1.6383,-1.14715,1.47717908042706e-06,1.54815654428406e-06,0.90948566942967,0.111102085228524
15805,-1.61803,-1.17557,1.4474170803284e-06,1.58375914968127e-06,0.919253778306763,0.999999999982893
15805,-1.59727,-1.20363,1.44886546419578e-06,1.57419930072574e-06,0.909485669429812,-0.111102085265547
15804,-1.57602,-1.23132,1.41460424159292e-06,1.60763513403654e-06,0.915346582364898,0.777752503876549
15804,-1.55429,-1.25864,1.41345239218638e-06,1.59624605777572e-06,0.910462498170935,-0.333308963280012
15803,-1.53209,-1.28558,1.37512700968394e-06,1.6273360993185e-06,0.912416143750815,0.555523964114853
15803,-1.50942,-1.31212,1.37171907399612e-06,1.61416102840412e-06,0.912416143750855,-0.555523964118957
15802,-1.48629,-1.33826,1.3299224780479e-06,1.64267688387378e-06,0.910462498170897,0.333308963276791
15802,-1.46271,-1.364,1.32462870641797e-06,1.62780926988704e-06,0.915346582364928,-0.77775250387821
15801,-1.43868,-1.38932,1.27985028151604e-06,1.65362405197859e-06,0.909485669429954,0.111102085257172
15801,-1.41421,-1.41421,1.27296493906149e-06,1.63712279396752e-06,0.919253778307098,-0.999999999999989
10084,-1.38932,-1.43868,1.22592529362177e-06,1.66056409668259e-06,-0.909485669429983,0.111102085260242
10184,-1.364,-1.46271,1.17736793257504e-06,1.68138839765512e-06,-0.915346582364814,-0.777752503871363
10184,-1.33826,-1.48629,1.16900379814721e-06,1.66365429144369e-06,-0.910462498171062,0.333308963290425
10284,-1.31212,-1.50942,1.11871030434791e-06,1.68177883576158e-06,-0.912416143750702,-0.555523964098991
10284,-1.28558,-1.53209,1.10962150848587e-06,1.66282726824782e-06,-0.912416143751175,0.55552396414059
10384,-1.25864,-1.55429,1.0580610654614e-06,1.6783386559269e-06,-0.910462498170858,-0.333308963247603
10384,-1.23132,-1.57602,1.04850355562082e-06,1.65834675611198e-06,-0.915346582365569,0.777752503916277
10484,-1.20363,-1.59727,9.96155331859721e-07,1.67126023667075e-06,-0.909485669429755,-0.111102085221656
10584,-1.17557,-1.61803,9.43294362273419e-07,1.68170079122161e-06,-0.919253778306467,-0.999999999969833
10584,-1.14715,-1.6383,9.33595625495587e-07,1.66085106606727e-06,-0.909485669429891,0.111102085282108
10684,-1.11839,-1.65808,8.80572411768799e-07,1.6687902505881e-06,-0.915346582364624,-0.777752503855743
10684,-1.08928,-1.67734,8.70834604210973e-07,1.64706024877943e-06,-0.910462498171255,0.333308963307532
10784,-1.05984,-1.6961,8.1792036895363e-07,1.65234479703175e-06,-0.912416143750544,-0.555523964080908
10784,-1.03008,-1.71433,8.0833762937846e-07,1.62993906736139e-06,-0.912416143751393,0.555523964158839
10884,-1,-1.73205,7.55662041165899e-07,1.63265677856482e-06,-0.910462498170715,-0.333308963230315
10884,-0.969619,-1.74924,7.46227085125975e-07,1.60941805292386e-06,-0.915346582365772,0.777752503931858
10984,-0.938943,-1.7659,6.9407101566319e-07,1.60926596359953e-06,-0.909485669429763,-0.111102085205032
11084,-0.907981,-1.78201,6.4248317740801e-07,1.60658626650435e-06,-0.919253778306154,-0.99999999995149
11084,-0.876742,-1.79759,6.33529836934675e-07,1.58205945888382e-06,-0.909485669429981,0.111102085301552
11184,-0.845237,-1.81262,5.82955826184723e-07,1.57657561069371e-06,-0.915346582364332,-0.777752503835052
11184,-0.813473,-1.82709,5.74313672168675e-07,1.55112296668375e-06,-0.910462498171421,0.333308963330044
11284,-0.781462,-1.84101,5.24848534401381e-07,1.54292919578984e-06,-0.912416143750289,-0.555523964056998
11284,-0.749213,-1.85437,5.16611476665171e-07,1.51668168719816e-06,-0.912416143751684,0.555523964183542
11384,-0.716736,-1.86716,4.68612089645227e-07,1.50590749998854e-06,-0.910462498170579,-0.333308963203316
11384,-0.68404,-1.87939,4.607737201247e-07,1.47870165248728e-06,-0.915346582366256,0.777752503962127
11484,-0.651136,-1.89104,4.14491076382929e-07,1.46547990341846e-06,-0.9094856694297,-0.111102085173069
11584,-0.618034,-1.90211,3.69352780526468e-07,1.44959967987464e-06,-0.919253778305473,-0.9999999999182
11584,-0.584743,-1.91261,3.62765249622868e-07,1.42224143045363e-06,-0.909485669430035,0.111102085335111
11684,-0.551275,-1.92252,3.19632294008687e-07,1.40457705716146e-06,-0.915346582363772,-0.777752503801188
11684,-0.517638,-1.93185,3.13669515939331e-07,1.37686068878006e-06,-0.910462498171642,0.333308963364261
11784,-0.483844,-1.94059,2.72596691858765e-07,1.3580451707799e-06,-0.912416143749915,-0.555523964021929
11784,-0.449902,-1.94874,2.67410595120975e-07,1.33069978339603e-06,-0.912416143752077,0.555523964220183
11884,-0.415823,-1.9563,2.28559551027778e-07,1.312245984957e-06,-0.910462498170266,-0.33330896316818
11884,-0.381618,-1.96325,2.24310852926673e-07,1.2863615586532e-06,-0.915346582366712,0.777752503993725
11984,-0.347296,-1.96962,1.87663387277698e-07,1.26910913991902e-06,-0.909485669429565,-0.111102085145729
12084,-0.312869,-1.97538,1.51969797246727e-07,1.24980728191488e-06,-0.919253778305011,-0.999999999895287
12084,-0.278346,-1.98054,1.49637163700834e-07,1.22996667138263e-06,-0.909485669430107,0.111102085358526
12184,-0.243739,-1.98509,1.15818155313482e-07,1.21369420178889e-06,-0.915346582363447,-0.777752503777644
12184,-0.209057,-1.98904,1.14317823617188e-07,1.19737667802259e-06,-0.910462498171781,0.333308963386432
12284,-0.174311,-1.99239,8.2020562426457e-08,1.18523363426591e-06,-0.912416143749663,-0.555523964001473
12284,-0.139513,-1.99513,8.12082805876148e-08,1.17294481759253e-06,-0.912416143752267,0.555523964238395
12384,-0.104672,-1.99726,4.98087297832489e-08,1.1655492951749e-06,-0.910462498170238,-0.333308963148834
12384,-0.069799,-1.99878,4.94984333338108e-08,1.15774694359433e-06,-0.915346582367131,0.777752504016471
12484,-0.0349048,-1.9997,1.86072017911657e-08,1.15544871952828e-06,-0.909485669429557,-0.111102085121833
12584,-4.35203e-16,-2,-1.22883727978828e-08,1.1524506036379e-06,-0.919253778304537,-0.999999999870803
12584,0.0349048,-1.9997,-1.23181276504929e-08,1.15434494731268e-06,-0.909485669430058,0.111102085378513
12684,0.069799,-1.99878,-4.3571308168884e-08,1.15542851528704e-06,-0.915346582363139,-0.777752503762792
12684,0.104672,-1.99726,-4.37782637790923e-08,1.16101684663543e-06,-0.9104624981717,0.333308963393593
12784,0.139513,-1.99513,-7.56969565787365e-08,1.16569492024089e-06,-0.912416143749591,-0.555523964001403
12784,0.174311,-1.99239,-7.62401707680326e-08,1.1743454040124e-06,-0.912416143752134,0.555523964232273
12884,0.209057,-1.98904,-1.0896910282455e-07,1.18137730236825e-06,-0.91046249817019,-0.333308963161724
12884,0.243739,-1.98509,-1.09932061924832e-07,1.19217081416639e-06,-0.915346582366752,0.777752503996427
12984,0.278346,-1.98054,-1.43659838894793e-07,1.20010949284812e-06,-0.909485669429543,-0.111102085145531
13084,0.312869,-1.97538,-1.77889434879369e-07,1.20687951369567e-06,-0.919253778305079,-0.999999999897294
13084,0.347296,-1.96962,-1.79647161955216e-07,1.21963283921955e-06,-0.909485669429971,0.111102085349981
13184,0.381618,-1.96325,-2.14576839933663e-07,1.22561057196577e-06,-0.915346582363621,-0.777752503792476
13184,0.415823,-1.9563,-2.16534112473346e-07,1.23759392880611e-06,-0.910462498171561,0.33330896336634
13284,0.449902,-1.94874,-2.51860516532041e-07,1.24179761785166e-06,-0.912416143749886,-0.555523964026324
13284,0.483844,-1.94059,-2.54019168509553e-07,1.25321199628653e-06,-0.912416143751904,0.555523964209538
13384,0.517638,-1.93185,-2.89466922074765e-07,1.2555645175697e-06,-0.910462498170363,-0.333308963182687
13384,0.551275,-1.92252,-2.91666492882048e-07,1.26582387050859e-06,-0.915346582366464,0.777752503976962
13484,0.584743,-1.91261,-3.27006440156733e-07,1.26584471171983e-06,-0.909485669429569,-0.111102085165906
13584,0.618034,-1.90211,-3.62051238244709e-07,1.26388221704873e-06,-0.919253778305519,-0.999999999919186
13584,0.651136,-1.89104,-3.6432693105555e-07,1.27266743751813e-06,-0.909485669429928,0.111102085328226
13684,0.68404,-1.87939,-3.99190160695046e-07,1.26880246114888e-06,-0.915346582363942,-0.777752503814258
13684,0.716736,-1.86716,-4.0147381218848e-07,1.27682133873679e-06,-0.910462498171394,0.333308963343945
13784,0.749213,-1.85437,-4.36239704044797e-07,1.27150125019011e-06,-0.912416143750121,-0.555523964050058
13784,0.781462,-1.84101,-4.38587629529773e-07,1.27904742691617e-06,-0.91241614375158,0.555523964183364
13884,0.813473,-1.82709,-4.73407276683076e-07,1.27298186637237e-06,-0.91046249817049,-0.333308963212306
13884,0.845237,-1.81262,-4.75962842364128e-07,1.28051654660189e-06,-0.915346582365913,0.777752503943214
13984,0.876742,-1.79759,-5.11032400613974e-07,1.27427067582423e-06,-0.909485669429626,-0.1111020852007
14084,0.907981,-1.78201,-5.45540578223774e-07,1.26581171848701e-06,-0.919253778306215,-0.999999999954254
14084,0.938943,-1.7659,-5.49563464682466e-07,1.27589429489343e-06,-0.909485669429858,0.111102085292581
14184,0.969619,-1.74924,-5.8483037954811e-07,1.26758600746367e-06,-0.915346582364524,-0.777752503850263
14184,1,-1.73205,-5.89476753826678e-07,1.27840492189061e-06,-0.910462498171194,0.333308963308465
14284,1.03008,-1.71433,-6.25838737892287e-07,1.27064963893197e-06,-0.91241614375052,-0.55552396408445
14284,1.05984,-1.6961,-6.31367191871178e-07,1.28266265426247e-06,-0.912416143751235,0.55552396415093
14384,1.08928,-1.67734,-6.69278440500847e-07,1.27601849589712e-06,-0.910462498170724,-0.333308963242461
14384,1.11839,-1.65808,-6.75919152881356e-07,1.28953927752531e-06,-0.915346582365498,0.777752503915531
14484,1.14715,-1.6383,-7.15766749278872e-07,1.28398512850366e-06,-0.909485669429676,-0.111102085228531
14584,1.17557,-1.61803,-7.5536938954023e-07,1.27582305599546e-06,-0.919253778306762,-0.999999999982903
14584,1.20363,-1.59727,-7.65606458131492e-07,1.29438156390797e-06,-0.909485669429825,0.1111020852655
14684,1.23132,-1.57602,-8.07418839068723e-07,1.28711699835292e-06,-0.91534658236492,-0.777752503876537
14684,1.25864,-1.55429,-8.18948419807771e-07,1.30694414480081e-06,-0.910462498170955,0.333308963280004
14784,1.28558,-1.53209,-8.62880092102683e-07,1.30010954304128e-06,-0.912416143750819,-0.555523964114867
14784,1.31212,-1.50942,-8.75542486744476e-07,1.32082915831591e-06,-0.912416143750872,0.555523964118932
14884,1.33826,-1.48629,-9.21295975847067e-07,1.31385443424435e-06,-0.910462498170903,-0.333308963276861
14884,1.364,-1.46271,-9.34917423265823e-07,1.33511970553371e-06,-0.915346582364901,0.777752503878194
14984,1.38932,-1.43868,-9.82243171322598e-07,1.32751953973408e-06,-0.909485669429939,-0.111102085257194
14984,1.41421,-1.41421,-9.9669047426922e-07,1.34910313005829e-06,-0.919253778307102,0.999999999999985
5850,1.43868,-1.38932,-1.04561988715954e-06,1.34077268695722e-06,0.909485669429985,-0.111102085260202
5849,1.46271,-1.364,-1.09382330897075e-06,1.32923345336966e-06,0.915346582364833,0.777752503871339
5849,1.48629,-1.33826,-1.11106070959674e-06,1.35301033711459e-06,0.910462498171102,-0.333308963290407
5848,1.50942,-1.31212,-1.16017552622527e-06,1.33989400174319e-06,0.91241614375073,0.555523964099018
5848,1.53209,-1.28558,-1.17764565119179e-06,1.36319269390408e-06,0.912416143751186,-0.555523964140576
5847,1.55429,-1.25864,-1.22710728935497e-06,1.34813921278968e-06,0.91046249817085,0.333308963247604
5847,1.57602,-1.23132,-1.24456940761371e-06,1.37074644814399e-06,0.91534658236556,-0.777752503916265
5846,1.59727,-1.20363,-1.29397005149378e-06,1.35365734905937e-06,0.909485669429786,0.111102085221649
5845,1.61803,-1.17557,-1.34182883704845e-06,1.33348593350053e-06,0.919253778306525,0.999999999969829
5845,1.6383,-1.14715,-1.36044098245849e-06,1.35636341827106e-06,0.909485669429914,-0.11110208528211
5844,1.65808,-1.11839,-1.40790766825888e-06,1.33411054839351e-06,0.915346582364627,0.777752503855747
5844,1.67734,-1.08928,-1.42609027145021e-06,1.35613941343801e-06,0.910462498171258,-0.333308963307527
5843,1.6961,-1.05984,-1.47276477164136e-06,1.33170290436988e-06,0.912416143750537,0.555523964080912
5843,1.71433,-1.03008,-1.4903008720847e-06,1.35281768428624e-06,0.912416143751378,-0.555523964158821
5842,1.73205,-1,-1.53573169993063e-06,1.32604375189984e-06,0.910462498170701,0.333308963230334
5842,1.74924,-0.969619,-1.55225964891863e-06,1.34608019511756e-06,0.915346582365767,-0.777752503931841
5841,1.7659,-0.938943,-1.59586741291025e-06,1.31696882483589e-06,0.909485669429766,0.111102085205045
5840,1.78201,-0.907981,-1.63696061822923e-06,1.28513090595084e-06,0.919253778306158,0.99999999995149
5840,1.79759,-0.876742,-1.65245394480753e-06,1.30458566893179e-06,0.909485669429983,-0.111102085301555
5839,1.81262,-0.845237,-1.69110151495514e-06,1.27062404408084e-06,0.915346582364319,0.777752503835052
5839,1.82709,-0.813473,-1.70477651691653e-06,1.2889214142311e-06,0.910462498171384,-0.333308963330046
5838,1.84101,-0.781462,-1.7404821539924e-06,1.25272441389329e-06,0.912416143750258,0.555523964056995
5838,1.85437,-0.749213,-1.75195469862349e-06,1.26986543627454e-06,0.91241614375167,-0.555523964183538
5837,1.86716,-0.716736,-1.78403642453048e-06,1.23156235544971e-06,0.91046249817059,0.333308963203332
5837,1.87939,-0.68404,-1.79284640555552e-06,1.2475014795026e-06,0.915346582366259,-0.777752503962114
5836,1.89104,-0.651136,-1.82059216950313e-06,1.20735800776233e-06,0.909485669429712,0.11110208517308
5835,1.90211,-0.618034,-1.84479469495829e-06,1.16534663689929e-06,0.919253778305505,0.999999999918216
5835,1.91261,-0.584743,-1.8492814619555e-06,1.18048594392709e-06,0.909485669430072,-0.111102085335106
5834,1.92252,-0.551275,-1.86850193113676e-06,1.13727469142407e-06,0.915346582363824,0.777752503801191
5834,1.93185,-0.517638,-1.8695001992659e-06,1.15140388282605e-06,0.910462498171638,-0.333308963364257
5833,1.94059,-0.483844,-1.88343149399523e-06,1.10722152713364e-06,0.912416143749874,0.555523964021932
5833,1.94874,-0.449902,-1.8806954357929e-06,1.12055211561124e-06,0.91241614375206,-0.555523964220175
5832,1.9563,-0.415823,-1.88895746646063e-06,1.07577947185612e-06,0.910462498170272,0.333308963168192
5832,1.96325,-0.381618,-1.88216933940919e-06,1.08850188311595e-06,0.915346582366721,-0.777752503993719
5831,1.96962,-0.347296,-1.88424348159355e-06,1.04368319966e-06,0.909485669429573,0.111102085145735
5830,1.97538,-0.312869,-1.88217242292276e-06,9.98223708797762e-07,0.919253778305019,0.999999999895301
5830,1.98054,-0.278346,-1.86869749276771e-06,1.01150188127861e-06,0.909485669430095,-0.11110208535852
5829,1.98509,-0.243739,-1.8601585847123e-06,9.66878555341849e-07,0.915346582363408,0.777752503777643
5829,1.98904,-0.209057,-1.84207249722526e-06,9.80093526292012e-07,0.910462498171767,-0.333308963386425
5828,1.99239,-0.174311,-1.82696359775426e-06,9.36809410165295e-07,0.91241614374965,0.555523964001481
5828,1.99513,-0.139513,-1.8041399646126e-06,9.50195633011307e-07,0.912416143752221,-0.555523964238393
5827,1.99726,-0.104672,-1.78230396217252e-06,9.08518264687595e-07,0.910462498170182,0.333308963148836
5827,1.99878,-0.069799,-1.75447493677027e-06,9.22334638047074e-07,0.915346582367075,-0.777752504016468
5826,1.9997,-0.0349048,-1.72578763532522e-06,8.8310483551867e-07,0.909485669429527,0.111102085121839
