origElemNum,globCoord-x,globCoord-y,acouIntensity-x,acouIntensity-y,locCoord-xi,locCoord-eta
5825,2,-2.20442e-18,-163560409079.759,8096133533.89858,0.919253778304535,0.999999999870795
5825,1.9997,0.0349048,-162707967592.739,8085924447.91973,0.909485669430051,-0.11110208537854
5824,1.99878,0.069799,-161794011365.657,971778909.390614,0.915346582363134,0.7777525037628
5824,1.99726,0.104672,-160887154148.936,1000082366.81295,0.910462498171695,-0.333308963393583
5823,1.99513,0.139513,-159449964253.608,-6076477702.96117,0.912416143749585,0.555523964001403
5823,1.99239,0.174311,-158198683488.501,-5997823390.90963,0.912416143752112,-0.555523964232293
5822,1.98904,0.209057,-156053961092.073,-12888488601.5873,0.910462498170195,0.33330896316169
5822,1.98509,0.243739,-154512576235.846,-12740046328.9461,0.915346582366752,-0.777752503996411
5821,1.98054,0.278346,-151842550994.17,-19682818521.352,0.909485669429537,0.111102085145532
5820,1.97538,0.312869,-149075221941.889,-26730337873.3434,0.91925377830504,0.999999999897275
5820,1.96962,0.347296,-146861342932.573,-26330652971.4506,0.909485669429959,-0.111102085350008
5819,1.96325,0.381618,-143410165745.343,-33188089521.2803,0.915346582363608,0.777752503792493
5819,1.9563,0.415823,-141117955783.07,-32682655287.0188,0.910462498171543,-0.333308963366333
5818,1.94874,0.449902,-137167957805.949,-39029745196.1547,0.912416143749872,0.555523964026318
5818,1.94059,0.483844,-134476305720.567,-38320065686.2101,0.912416143751876,-0.555523964209557
5817,1.93185,0.517638,-129659826669.386,-43185017555.102,0.910462498170338,0.333308963182653
5817,1.92252,0.551275,-126026286714.924,-42055323164.8451,0.915346582366455,-0.777752503976955
5816,1.91261,0.584743,-120700423033.786,-45858845698.9801,0.909485669429567,0.111102085165898
5815,1.90211,0.618034,-115405060930.785,-49474908086.446,0.919253778305533,0.999999999919169
5815,1.89104,0.651136,-111417997358.76,-47859077194.6452,0.909485669429933,-0.111102085328256
5814,1.87939,0.68404,-106021476296.831,-50288757187.743,0.915346582363941,0.777752503814277
5814,1.86716,0.716736,-101562645615.271,-48293789896.9647,0.910462498171402,-0.333308963343933
5813,1.85437,0.749213,-95865621984.7122,-49530743645.8207,0.912416143750119,0.555523964050056
5813,1.84101,0.781462,-91430699571.7405,-47359936987.8008,0.912416143751575,-0.555523964183394
5812,1.82709,0.813473,-85565029220.689,-47751544406.697,0.910462498170486,0.333308963212263
5812,1.81262,0.845237,-80852523100.7995,-45236379724.5665,0.915346582365915,-0.777752503943209
5811,1.79759,0.876742,-74764085180.3097,-44281234506.1226,0.909485669429635,0.111102085200681
5810,1.78201,0.907981,-69054604116.1925,-42582203612.198,0.919253778306195,0.999999999954235
5810,1.7659,0.938943,-63737694703.7461,-39359722198.5728,0.909485669429844,-0.111102085292603
5809,1.74924,0.969619,-58137432781.7132,-37070118725.3229,0.915346582364538,0.777752503850291
5809,1.73205,1,-53050099337.3431,-33865809091.5231,0.910462498171199,-0.333308963308445
5808,1.71433,1.03008,-47691166746.8882,-31411031217.1564,0.912416143750526,0.555523964084446
5808,1.6961,1.05984,-42870432063.0728,-28266216893.7844,0.912416143751246,-0.555523964150953
5807,1.67734,1.08928,-37719592823.2858,-25514816516.0095,0.910462498170725,0.333308963242434
5807,1.65808,1.11839,-32953625570.0675,-22306686597.2855,0.915346582365508,-0.777752503915519
5806,1.6383,1.14715,-28154529426.8774,-19415478339.2697,0.909485669429676,0.11110208522853
5805,1.61803,1.17557,-23531960336.5962,-16709191629.6702,0.919253778306765,0.999999999982884
5805,1.59727,1.20363,-19726538990.3263,-13986668212.2211,0.909485669429817,-0.111102085265541
5804,1.57602,1.23132,-15915095738.4658,-11866452749.8273,0.9153465823649,0.777752503876539
5804,1.55429,1.25864,-13001035905.093,-9675562427.23952,0.910462498170939,-0.333308963279996
5803,1.53209,1.28558,-10146411459.9411,-8138910379.13556,0.912416143750815,0.555523964114853
5803,1.50942,1.31212,-8108607668.28744,-6493631423.07714,0.91241614375085,-0.555523964118972
5802,1.48629,1.33826,-6034200992.04352,-5346466261.19078,0.910462498170897,0.333308963276791
5802,1.46271,1.364,-4480185543.7437,-3967528268.11274,0.915346582364929,-0.77775250387822
5801,1.43868,1.38932,-2704251159.64545,-2706029325.80938,0.909485669429954,0.111102085257182
5801,1.41421,1.41421,-1226859064.53238,-1229119143.9334,0.919253778307104,-0.999999999999994
850,1.38932,1.43868,238786603.392293,277740129.373394,0.909485669429991,-0.111102085260227
849,1.364,1.46271,1378485272.11389,1930744543.99756,0.915346582364834,0.777752503871359
849,1.33826,1.48629,2426354134.00124,3412610871.14739,0.910462498171096,-0.333308963290402
848,1.31212,1.50942,3010544434.44538,5281708496.19121,0.912416143750729,0.555523964099008
848,1.28558,1.53209,3899154092.80659,6886499298.15433,0.912416143751184,-0.555523964140596
847,1.25864,1.55429,4106199777.10244,9123982556.06223,0.910462498170846,0.333308963247574
847,1.23132,1.57602,4948730599.4435,10955594273.0868,0.915346582365554,-0.777752503916259
846,1.20363,1.59727,4602157134.8047,13115613868.7243,0.90948566942978,0.111102085221654
845,1.17557,1.61803,3753350187.6762,15443794202.587,0.919253778306528,0.999999999969813
845,1.14715,1.6383,3587646338.23004,15868385407.7497,0.909485669429915,-0.111102085282135
844,1.11839,1.65808,1756115275.0088,17240238657.6728,0.915346582364625,0.777752503855763
844,1.08928,1.67734,1554957277.34859,16993264498.4361,0.910462498171253,-0.333308963307521
843,1.05984,1.6961,-38801466.2564802,17575823157.845,0.912416143750542,0.555523964080906
843,1.03008,1.71433,-111937943.957157,17107335617.5014,0.912416143751377,-0.555523964158847
842,1,1.73205,-1237089589.65006,17306544745.0022,0.910462498170698,0.333308963230309
842,0.969619,1.74924,-1232355043.22177,16867508945.2331,0.915346582365766,-0.777752503931825
841,0.938943,1.7659,-2038737708.42881,16601116756.4986,0.909485669429764,0.111102085205048
840,0.907981,1.78201,-2613498352.59729,16109709657.9263,0.919253778306164,0.99999999995148
840,0.876742,1.79759,-2562160268.04557,15642742446.774,0.909485669429979,-0.11110208530158
839,0.845237,1.81262,-3026595660.66472,15493293670.7242,0.91534658236432,0.777752503835068
839,0.813473,1.82709,-3059492140.56126,15463943811.2944,0.91046249817139,-0.33330896333004
838,0.781462,1.84101,-3401256238.08839,15567518482.9194,0.912416143750255,0.555523964056983
838,0.749213,1.85437,-3443444937.26959,15548025672.4633,0.912416143751674,-0.555523964183563
837,0.716736,1.86716,-3794199677.26609,15845937383.8563,0.910462498170584,0.333308963203304
837,0.68404,1.87939,-3949504586.35473,16181344270.0304,0.915346582366261,-0.777752503962098
836,0.651136,1.89104,-4277907384.84087,16742044891.2114,0.909485669429719,0.111102085173086
835,0.618034,1.90211,-4399130777.8971,17235174293.6522,0.919253778305509,0.999999999918205
835,0.584743,1.91261,-4741664294.0388,18112943783.5505,0.909485669430073,-0.111102085335132
834,0.551275,1.92252,-4837800092.9228,18857863208.7086,0.915346582363819,0.777752503801204
834,0.517638,1.93185,-5193739141.89671,19628166101.8127,0.910462498171637,-0.333308963364254
833,0.483844,1.94059,-5013750614.10456,20308955581.7898,0.912416143749877,0.55552396402192
833,0.449902,1.94874,-5440728535.0674,21243024521.8376,0.91241614375206,-0.555523964220202
832,0.415823,1.9563,-4878233159.26092,22190263387.5083,0.910462498170279,0.333308963168166
832,0.381618,1.96325,-5392997438.4955,23473112686.5479,0.915346582366717,-0.777752503993703
831,0.347296,1.96962,-4327500488.40952,24082497391.8598,0.909485669429573,0.111102085145737
830,0.312869,1.97538,-3125526460.7393,24532340034.9857,0.919253778305012,0.99999999989529
830,0.278346,1.98054,-3351001982.17915,24849256613.7933,0.909485669430091,-0.111102085358547
829,0.243739,1.98509,-1846108497.77225,24924150686.1047,0.915346582363415,0.77775250377766
829,0.209057,1.98904,-2033891889.55409,25429728357.3163,0.910462498171767,-0.333308963386422
828,0.174311,1.99239,137866473.247727,25700948596.8246,0.912416143749651,0.55552396400147
828,0.139513,1.99513,71756962.0363553,26224308950.6637,0.912416143752224,-0.555523964238419
827,0.104672,1.99726,2919990764.27256,26361562796.3718,0.910462498170184,0.33330896314881
827,0.069799,1.99878,2993859250.64371,26504012362.5399,0.915346582367074,-0.777752504016452
826,0.0349048,1.9997,6237422737.13468,26335113895.711,0.909485669429527,0.111102085121841
825,1.27747e-16,2,9720946039.2011,26129936548.9497,0.919253778304535,0.999999999870799
825,-0.0349048,1.9997,9966565759.21926,25810352960.5177,0.909485669430051,-0.111102085378537
824,-0.069799,1.99878,13441589794.0243,25502055991.7539,0.915346582363134,0.777752503762801
824,-0.104672,1.99726,13653153341.9526,25014274321.152,0.910462498171695,-0.333308963393583
823,-0.139513,1.99513,16673233078.7717,24705888901.7371,0.912416143749585,0.555523964001401
823,-0.174311,1.99239,16891308894.3571,24263378454.0056,0.912416143752112,-0.555523964232297
822,-0.209057,1.98904,19519687501.5002,24110945190.1285,0.910462498170195,0.333308963161685
822,-0.243739,1.98509,19724642318.4337,23756267143.5867,0.915346582366744,-0.777752503996403
821,-0.278346,1.98054,21917327914.4194,23627105345.3455,0.909485669429538,0.111102085145537
820,-0.312869,1.97538,23781123699.6233,23482576407.5265,0.919253778305041,0.999999999897278
820,-0.347296,1.96962,23716189390.874,23142527651.8523,0.90948566942996,-0.111102085350006
819,-0.381618,1.96325,24926682811.669,23066105105.6818,0.915346582363608,0.777752503792493
819,-0.415823,1.9563,24649814583.4827,22878627367.7914,0.910462498171543,-0.333308963366333
818,-0.449902,1.94874,24604012660.5737,22768028642.2712,0.912416143749872,0.555523964026316
818,-0.483844,1.94059,23917152741.9766,22555420722.1471,0.912416143751875,-0.555523964209561
817,-0.517638,1.93185,23018762554.0371,22352797324.924,0.910462498170336,0.333308963182646
817,-0.551275,1.92252,22364028061.3689,22238971342.0065,0.915346582366457,-0.777752503976948
816,-0.584743,1.91261,21482839268.2294,22192144264.4827,0.909485669429562,0.111102085165907
815,-0.618034,1.90211,20376081265.3678,22062802112.1823,0.919253778305526,0.999999999919175
815,-0.651136,1.89104,19675983896.7736,21980924431.1311,0.909485669429935,-0.111102085328253
814,-0.68404,1.87939,18146109540.7509,21513656645.7051,0.915346582363941,0.777752503814277
814,-0.716736,1.86716,17199919096.6802,21055334931.3552,0.910462498171402,-0.333308963343933
813,-0.749213,1.85437,15542932086.1724,20248677394.7699,0.912416143750117,0.555523964050053
813,-0.781462,1.84101,14588037661.405,19649803801.5685,0.912416143751584,-0.555523964183396
812,-0.813473,1.82709,12972838239.4877,18745278397.4291,0.910462498170484,0.33330896321226
812,-0.845237,1.81262,12091420462.965,18120588716.5833,0.91534658236591,-0.7777525039432
811,-0.876742,1.79759,10708653083.4649,17154684661.503,0.909485669429639,0.111102085200672
810,-0.907981,1.78201,9606663391.94197,16234428990.6972,0.919253778306197,0.999999999954239
810,-0.938943,1.7659,8765935604.77267,15189584460.3213,0.909485669429848,-0.111102085292613
809,-0.969619,1.74924,7767490883.16224,13953536378.7187,0.915346582364533,0.777752503850298
809,-1,1.73205,6908164918.45822,12567845218.6896,0.910462498171205,-0.333308963308436
808,-1.03008,1.71433,5837188178.18509,10887192200.7786,0.912416143750522,0.55552396408444
808,-1.05984,1.6961,4886381265.57498,9070382905.73244,0.912416143751243,-0.555523964150944
807,-1.08928,1.67734,3684884587.95145,6866974275.69373,0.910462498170733,0.33330896324243
807,-1.11839,1.65808,2556932272.48566,4616270294.67138,0.915346582365511,-0.777752503915504
806,-1.14715,1.6383,1280716739.75483,2225804540.05167,0.909485669429678,0.11110208522852
805,-1.17557,1.61803,-49030144.8136558,-80692270.2244745,0.91925377830677,0.999999999982889
805,-1.20363,1.59727,-1488512462.46845,-2286775692.15658,0.909485669429819,-0.111102085265551
804,-1.23132,1.57602,-3048635012.61027,-4369786444.16455,0.915346582364893,0.777752503876544
804,-1.25864,1.55429,-4722907027.51478,-6293616063.82568,0.910462498170937,-0.333308963279986
803,-1.28558,1.53209,-6555739125.4959,-8089055733.17928,0.912416143750809,0.555523964114847
803,-1.31212,1.50942,-8474224291.04194,-9675315907.33683,0.912416143750849,-0.555523964118962
802,-1.33826,1.48629,-10623324113.474,-11168369796.0133,0.910462498170897,0.333308963276791
802,-1.364,1.46271,-12754963155.7923,-12364147756.0571,0.915346582364928,-0.77775250387821
801,-1.38932,1.43868,-15130514626.9222,-13483533667.381,0.909485669429954,0.111102085257172
801,-1.41421,1.41421,-17433289734.6408,-14268455727.3021,0.919253778307104,-0.999999999999994
15850,-1.43868,1.38932,-19913746761.2817,-14867441273.628,0.909485669429991,-0.111102085260237
15849,-1.46271,1.364,-22299184494.0816,-15063222034.8874,0.915346582364828,0.777752503871364
15849,-1.48629,1.33826,-25118043621.9735,-15335025216.2697,0.910462498171103,-0.333308963290387
15848,-1.50942,1.31212,-27720568437.6333,-15072995914.568,0.912416143750729,0.555523964099008
15848,-1.53209,1.28558,-30841521150.0433,-15133804823.398,0.912416143751185,-0.555523964140586
15847,-1.55429,1.25864,-33558291884.9484,-14631685806.839,0.910462498170851,0.333308963247569
15847,-1.57602,1.23132,-36704754151.5079,-14529502850.3887,0.915346582365555,-0.777752503916249
15846,-1.59727,1.20363,-39250741911.2641,-13772513787.7743,0.909485669429784,0.111102085221639
15845,-1.61803,1.17557,-41605884635.2061,-12560221644.5092,0.919253778306531,0.999999999969823
15845,-1.6383,1.14715,-44496360261.8532,-12238348063.8962,0.909485669429917,-0.111102085282151
15844,-1.65808,1.11839,-46585781028.6468,-10713293308.7686,0.915346582364627,0.777752503855772
15844,-1.67734,1.08928,-49059552419.1699,-10421164928.3102,0.910462498171251,-0.333308963307506
15843,-1.6961,1.05984,-50612865355.1792,-9520088726.23924,0.912416143750542,0.555523964080906
15843,-1.71433,1.03008,-51753082855.8044,-9395260649.15454,0.912416143751375,-0.555523964158831
15842,-1.73205,1,-52017949056.8326,-9702999712.48722,0.910462498170697,0.333308963230296
15842,-1.74924,0.969619,-51402441377.2261,-9796441878.65476,0.915346582365764,-0.777752503931822
15841,-1.7659,0.938943,-50167984942.2218,-11058450219.4783,0.909485669429762,0.111102085205035
15840,-1.78201,0.907981,-48644221753.5973,-12345345281.9678,0.919253778306162,0.999999999951483
15840,-1.79759,0.876742,-45627171572.5383,-12639600345.8511,0.909485669429984,-0.111102085301589
15839,-1.81262,0.845237,-42956637124.5999,-13554313914.028,0.915346582364318,0.777752503835071
15839,-1.82709,0.813473,-39813591700.2092,-13751474875.8256,0.910462498171391,-0.333308963330024
15838,-1.84101,0.781462,-37086521970.1677,-13911285353.7201,0.912416143750253,0.555523964056986
15838,-1.85437,0.749213,-34872896461.9424,-14033914933.0762,0.912416143751674,-0.555523964183544
15837,-1.86716,0.716736,-33191558402.432,-13001413882.9757,0.910462498170589,0.333308963203294
15837,-1.87939,0.68404,-32642413100.6161,-13228145074.6356,0.915346582366259,-0.777752503962095
15836,-1.89104,0.651136,-32179952352.5986,-10558185965.7433,0.909485669429715,0.111102085173074
15835,-1.90211,0.618034,-31509000417.3017,-5948623188.09823,0.919253778305508,0.999999999918209
15835,-1.91261,0.584743,-33311470932.3893,-5908206821.70903,0.909485669430068,-0.111102085335144
15834,-1.92252,0.551275,-33487808519.8625,902718258.196226,0.915346582363818,0.777752503801208
15834,-1.93185,0.517638,-36617000092.89,1331451771.34921,0.910462498171639,-0.333308963364235
15833,-1.94059,0.483844,-38214593382.7794,10549638461.5888,0.912416143749876,0.555523964021923
15833,-1.94874,0.449902,-42945232442.3105,11775358860.0385,0.912416143752063,-0.555523964220183
15832,-1.9563,0.415823,-45538394295.3176,23061677801.8635,0.910462498170272,0.333308963168156
15832,-1.96325,0.381618,-50452290206.6988,24747121953.9434,0.915346582366716,-0.7777525039937
15831,-1.96962,0.347296,-51791662712.9106,34700001177.2679,0.909485669429575,0.111102085145728
15830,-1.97538,0.312869,-53438545979.6341,41819632744.3872,0.91925377830502,0.999999999895294
15830,-1.98054,0.278346,-53646614541.095,41770186709.7174,0.909485669430092,-0.111102085358556
15829,-1.98509,0.243739,-53338993523.555,46913634993.14,0.915346582363415,0.777752503777664
15829,-1.98904,0.209057,-54044364320.5221,47329564154.4774,0.910462498171765,-0.333308963386404
15828,-1.99239,0.174311,-55186065152.6298,54898686364.128,0.912416143749651,0.555523964001473
15828,-1.99513,0.139513,-58604756831.8265,56461869567.67,0.912416143752222,-0.5555239642384
15827,-1.99726,0.104672,-62411019123.7727,66916133176.9808,0.910462498170184,0.3333089631488
15827,-1.99878,0.069799,-67504266522.6279,68884636443.5789,0.915346582367074,-0.777752504016448
15826,-1.9997,0.0349048,-71879245742.8652,78935615065.176,0.909485669429527,0.111102085121831
15825,-2,2.46315e-16,-76542147435.6167,88149294260.8809,0.919253778304535,0.999999999870803
15825,-1.9997,-0.0349048,-81461625641.0187,90183217900.7808,0.909485669430051,-0.111102085378547
15824,-1.99878,-0.069799,-87030376286.6029,100781896282.434,0.915346582363134,0.777752503762804
15824,-1.99726,-0.104672,-93278129925.7043,103203377214.163,0.910462498171696,-0.333308963393566
15823,-1.99513,-0.139513,-99186604411.0468,111432893276.962,0.912416143749586,0.555523964001405
15823,-1.99239,-0.174311,-103308200906.455,111906110987.272,0.912416143752114,-0.555523964232279
15822,-1.98904,-0.209057,-104725410561.061,110251942235.245,0.910462498170195,0.333308963161688
15822,-1.98509,-0.243739,-104387516517.718,108275119554.486,0.915346582366744,-0.7777525039964
15821,-1.98054,-0.278346,-103146838179.223,101671282875.976,0.909485669429545,0.111102085145526
15820,-1.97538,-0.312869,-102047619493.305,97560558215.2811,0.919253778305042,0.999999999897283
15820,-1.96962,-0.347296,-105345022985.455,97709419043.7778,0.909485669429957,-0.111102085350017
15819,-1.96325,-0.381618,-109962000247.763,99832674723.6881,0.915346582363609,0.777752503792499
15819,-1.9563,-0.415823,-118321291910.064,101748781786.806,0.910462498171549,-0.333308963366345
15818,-1.94874,-0.449902,-129312237263.68,109095069684.218,0.912416143749872,0.555523964026319
15818,-1.94059,-0.483844,-141449994420.734,112027655834.282,0.91241614375188,-0.555523964209544
15817,-1.93185,-0.517638,-155672554596.309,121156304998.347,0.910462498170337,0.33330896318265
15817,-1.92252,-0.551275,-168597338338.172,123243304476.587,0.915346582366458,-0.777752503976945
15816,-1.91261,-0.584743,-179720915713.703,126556842217.265,0.909485669429567,0.111102085165898
15815,-1.90211,-0.618034,-187106524706.968,119195681174.556,0.919253778305528,0.999999999919178
15815,-1.89104,-0.651136,-188399633978.89,114801125254.406,0.90948566942994,-0.111102085328262
15814,-1.87939,-0.68404,-182037300254.03,92570297728.3912,0.915346582363942,0.77775250381428
15814,-1.86716,-0.716736,-177220998950.246,86749302000.6527,0.910462498171397,-0.333308963343943
15813,-1.85437,-0.749213,-161869026603.11,59143994376.8746,0.912416143750119,0.555523964050056
15813,-1.84101,-0.781462,-152495708229.009,53528849499.0938,0.912416143751582,-0.555523964183381
15812,-1.82709,-0.813473,-129356524616.467,25153628464.3122,0.910462498170486,0.333308963212263
15812,-1.81262,-0.845237,-114322629612.352,21589414764.4525,0.915346582365912,-0.777752503943197
15811,-1.79759,-0.876742,-92761975556.7683,234325408.25033,0.909485669429641,0.111102085200675
15810,-1.78201,-0.907981,-74336910979.4704,-13617701045.4075,0.919253778306197,0.999999999954239
15810,-1.7659,-0.938943,-65016727597.6218,-12385374389.2534,0.90948566942985,-0.11110208529261
15809,-1.74924,-0.969619,-50079030281.7122,-20167874019.9324,0.915346582364535,0.777752503850301
15809,-1.73205,-1,-40503563724.752,-16450077238.9665,0.9104624981712,-0.333308963308458
15808,-1.71433,-1.03008,-27642883647.7694,-17725992724.2312,0.912416143750526,0.555523964084446
15808,-1.6961,-1.05984,-18573845087.1588,-11894510281.5989,0.912416143751243,-0.555523964150944
15807,-1.67734,-1.08928,-5401101653.85326,-5309913831.00666,0.910462498170725,0.333308963242434
15807,-1.65808,-1.11839,7376288703.60522,7191505996.16135,0.915346582365503,-0.7777525039155
15806,-1.6383,-1.14715,15984622516.0908,23613838815.4102,0.90948566942967,0.111102085228524
15805,-1.61803,-1.17557,21506792350.5227,44253592594.0904,0.919253778306763,0.999999999982893
15805,-1.59727,-1.20363,28946274450.4239,58515600924.8787,0.909485669429812,-0.111102085265547
15804,-1.57602,-1.23132,30526022480.2257,78397079427.0854,0.915346582364898,0.777752503876549
15804,-1.55429,-1.25864,34066227662.9628,85792161535.1599,0.910462498170935,-0.333308963280012
15803,-1.53209,-1.28558,34797903323.5402,91528948795.48,0.912416143750815,0.555523964114853
15803,-1.50942,-1.31212,35021633686.3923,89899198145.8005,0.912416143750855,-0.555523964118957
15802,-1.48629,-1.33826,35027227010.5215,85749072157.4023,0.910462498170897,0.333308963276791
15802,-1.46271,-1.364,33691044835.1914,81100388555.7724,0.915346582364928,-0.77775250387821
15801,-1.43868,-1.38932,33060413628.5841,72068173369.7012,0.909485669429954,0.111102085257172
15801,-1.41421,-1.41421,29936002632.6185,64393180206.6871,0.919253778307098,-0.999999999999989
10084,-1.38932,-1.43868,25297170654.1242,54318843060.0756,-0.909485669429983,0.111102085260242
10184,-1.364,-1.46271,21452840994.2099,43601270413.3207,-0.915346582364814,-0.777752503871363
10184,-1.33826,-1.48629,17339943604.2736,35018842799.0546,-0.910462498171062,0.333308963290425
10284,-1.31212,-1.50942,15797116889.7872,30729441404.6459,-0.912416143750702,-0.555523964098991
10284,-1.28558,-1.53209,17448414161.9581,33807415179.7936,-0.912416143751175,0.55552396414059
10384,-1.25864,-1.55429,11635678600.5112,54495262127.993,-0.910462498170858,-0.333308963247603
10384,-1.23132,-1.57602,16187199968.9867,74539460496.5418,-0.915346582365569,0.777752503916277
10484,-1.20363,-1.59727,36652678445.3105,79912970383.4128,-0.909485669429755,-0.111102085221656
10584,-1.17557,-1.61803,84137622083.7879,65639167913.6789,-0.919253778306467,-0.999999999969833
10584,-1.14715,-1.6383,93775805918.6705,72660064093.0605,-0.909485669429891,0.111102085282108
10684,-1.11839,-1.65808,101928612666.978,82048910211.1656,-0.915346582364624,-0.777752503855743
10684,-1.08928,-1.67734,116754778130.351,93291261686.1132,-0.910462498171255,0.333308963307532
10784,-1.05984,-1.6961,131062042895.993,104471170249.438,-0.912416143750544,-0.555523964080908
10784,-1.03008,-1.71433,145691718996.541,115122383604.942,-0.912416143751393,0.555523964158839
10884,-1,-1.73205,153389790820.165,124629974259.974,-0.910462498170715,-0.333308963230315
10884,-0.969619,-1.74924,161610039660.055,130371836068.455,-0.915346582365772,0.777752503931858
10984,-0.938943,-1.7659,159438112096.377,139164405496.611,-0.909485669429763,-0.111102085205032
11084,-0.907981,-1.78201,159067845339.952,145830562653.542,-0.919253778306154,-0.99999999995149
11084,-0.876742,-1.79759,164768351562.333,149263726085.986,-0.909485669429981,0.111102085301552
11184,-0.845237,-1.81262,168193081440.576,153102010614.865,-0.915346582364332,-0.777752503835052
11184,-0.813473,-1.82709,173587612551.095,154220100625.893,-0.910462498171421,0.333308963330044
11284,-0.781462,-1.84101,176091583315.298,153021922613.01,-0.912416143750289,-0.555523964056998
11284,-0.749213,-1.85437,176397103515.727,148023404168.192,-0.912416143751684,0.555523964183542
11384,-0.716736,-1.86716,157654126920.564,143161628641.995,-0.910462498170579,-0.333308963203316
11384,-0.68404,-1.87939,149222453650.922,130004033108.941,-0.915346582366256,0.777752503962127
11484,-0.651136,-1.89104,119530483932.015,122577218825.75,-0.9094856694297,-0.111102085173069
11584,-0.618034,-1.90211,86273672535.3257,115956370088.782,-0.919253778305473,-0.9999999999182
11584,-0.584743,-1.91261,76269167396.7269,99440489652.0606,-0.909485669430035,0.111102085335111
11684,-0.551275,-1.92252,43601558405.294,90774754564.6542,-0.915346582363772,-0.777752503801188
11684,-0.517638,-1.93185,37205552845.4668,75683055417.74,-0.910462498171642,0.333308963364261
11784,-0.483844,-1.94059,15186306171.9505,67213863678.1158,-0.912416143749915,-0.555523964021929
11784,-0.449902,-1.94874,12696266302.4874,56198106274.2177,-0.912416143752077,0.555523964220183
11884,-0.415823,-1.9563,-3371147976.11735,48288949598.809,-0.910462498170266,-0.33330896316818
11884,-0.381618,-1.96325,-3117543715.59466,37468171746.938,-0.915346582366712,0.777752503993725
11984,-0.347296,-1.96962,-8570917334.20052,28224023078.1405,-0.909485669429565,-0.111102085145729
12084,-0.312869,-1.97538,-8153479861.24211,19406040398.9823,-0.919253778305011,-0.999999999895287
12084,-0.278346,-1.98054,-5818551782.06337,11298503580.7757,-0.909485669430107,0.111102085358526
12184,-0.243739,-1.98509,-4282015693.5102,5400604967.79737,-0.915346582363447,-0.777752503777644
12184,-0.209057,-1.98904,-1324530969.08336,1500626222.40212,-0.910462498171781,0.333308963386432
12284,-0.174311,-1.99239,1410479095.42521,-1144798492.42591,-0.912416143749663,-0.555523964001473
12284,-0.139513,-1.99513,3412520719.47428,-2460473987.65355,-0.912416143752267,0.555523964238395
12384,-0.104672,-1.99726,5789693482.89574,-3268194936.65831,-0.910462498170238,-0.333308963148834
12384,-0.069799,-1.99878,7358133045.3695,-3676174358.74808,-0.915346582367131,0.777752504016471
12484,-0.0349048,-1.9997,7201855752.65797,-2828327424.44818,-0.909485669429557,-0.111102085121833
12584,-4.35203e-16,-2,5755564032.95888,-1865375763.95905,-0.919253778304537,-0.999999999870803
12584,0.0349048,-1.9997,3559439340.1224,-836704192.304551,-0.909485669430058,0.111102085378513
12684,0.069799,-1.99878,1238192850.53232,-202557209.126427,-0.915346582363139,-0.777752503762792
12684,0.104672,-1.99726,-915417517.640144,61194374.5682058,-0.9104624981717,0.333308963393593
12784,0.139513,-1.99513,-2781442922.49838,-72533652.593048,-0.912416143749591,-0.555523964001403
12784,0.174311,-1.99239,-4943683135.17461,-692177909.395953,-0.912416143752134,0.555523964232273
12884,0.209057,-1.98904,-5600501647.41811,-1350608487.23304,-0.91046249817019,-0.333308963161724
12884,0.243739,-1.98509,-6256064776.98804,-1977577398.94977,-0.915346582366752,0.777752503996427
12984,0.278346,-1.98054,-6376676098.41741,-2255755441.20313,-0.909485669429543,-0.111102085145531
13084,0.312869,-1.97538,-6271628311.54014,-2398626512.90211,-0.919253778305079,-0.999999999897294
13084,0.347296,-1.96962,-6690722556.67583,-3039072561.41767,-0.909485669429971,0.111102085349981
13184,0.381618,-1.96325,-6734485564.96708,-3735982549.01313,-0.915346582363621,-0.777752503792476
13184,0.415823,-1.9563,-7751693005.8163,-5023722347.1424,-0.910462498171561,0.33330896336634
13284,0.449902,-1.94874,-7665404539.52629,-6034025333.70992,-0.912416143749886,-0.555523964026324
13284,0.483844,-1.94059,-8149758701.80441,-6939595254.38534,-0.912416143751904,0.555523964209538
13384,0.517638,-1.93185,-7827880963.98614,-7387485876.08782,-0.910462498170363,-0.333308963182687
13384,0.551275,-1.92252,-7959011247.44359,-7760304032.17549,-0.915346582366464,0.777752503976962
13484,0.584743,-1.91261,-7361768752.90719,-7906489509.59706,-0.909485669429569,-0.111102085165906
13584,0.618034,-1.90211,-6617015593.42904,-7983016394.88911,-0.919253778305519,-0.999999999919186
13584,0.651136,-1.89104,-6540377934.7095,-8189835807.34309,-0.909485669429928,0.111102085328226
13684,0.68404,-1.87939,-5866490572.99749,-8089199658.07582,-0.915346582363942,-0.777752503814258
13684,0.716736,-1.86716,-5622300765.5675,-7770127292.10937,-0.910462498171394,0.333308963343945
13784,0.749213,-1.85437,-5075805823.03788,-7142064606.47181,-0.912416143750121,-0.555523964050058
13784,0.781462,-1.84101,-4683784881.02853,-6318008790.01218,-0.91241614375158,0.555523964183364
13884,0.813473,-1.82709,-3925305499.20065,-5368739060.72169,-0.91046249817049,-0.333308963212306
13884,0.845237,-1.81262,-3420603343.32674,-4558807753.60922,-0.915346582365913,0.777752503943214
13984,0.876742,-1.79759,-2392681335.59568,-3886429689.52548,-0.909485669429626,-0.1111020852007
14084,0.907981,-1.78201,-1054964066.62289,-3086974283.10565,-0.919253778306215,-0.999999999954254
14084,0.938943,-1.7659,-881218093.911273,-3355684372.41926,-0.909485669429858,0.111102085292581
14184,0.969619,-1.74924,651547963.763349,-2879353395.55917,-0.915346582364524,-0.777752503850263
14184,1,-1.73205,824936849.296093,-3188542078.99541,-0.910462498171194,0.333308963308465
14284,1.03008,-1.71433,2289363814.23609,-2537226718.83377,-0.91241614375052,-0.55552396408445
14284,1.05984,-1.6961,2186149971.88645,-2478852133.7229,-0.912416143751235,0.55552396415093
14384,1.08928,-1.67734,2640924723.92921,-1547654518.00742,-0.910462498170724,-0.333308963242461
14384,1.11839,-1.65808,1768331820.07461,-1072818060.72069,-0.915346582365498,0.777752503915531
14484,1.14715,-1.6383,648827976.726484,-229933070.323564,-0.909485669429676,-0.111102085228531
14584,1.17557,-1.61803,-1221083237.70327,255956011.992092,-0.919253778306762,-0.999999999982903
14584,1.20363,-1.59727,-3737827100.6507,794985837.396198,-0.909485669429825,0.1111020852655
14684,1.23132,-1.57602,-7058444435.33152,781673348.328971,-0.91534658236492,-0.777752503876537
14684,1.25864,-1.55429,-10310672351.168,1125165029.35366,-0.910462498170955,0.333308963280004
14784,1.28558,-1.53209,-14652616571.3244,613352651.37669,-0.912416143750819,-0.555523964114867
14784,1.31212,-1.50942,-18299046692.9661,824828183.852496,-0.912416143750872,0.555523964118932
14884,1.33826,-1.48629,-23278934369.1703,116430108.845422,-0.910462498170903,-0.333308963276861
14884,1.364,-1.46271,-27239781693.4084,622553363.177456,-0.915346582364901,0.777752503878194
14984,1.38932,-1.43868,-32829178412.3299,29229024.0629142,-0.909485669429939,-0.111102085257194
14984,1.41421,-1.41421,-36936996567.4179,1195474277.43794,-0.919253778307102,0.999999999999985
5850,1.43868,-1.38932,-42974483761.0689,937780987.985583,0.909485669429985,-0.111102085260202
5849,1.46271,-1.364,-48844201649.2677,1110307731.28083,0.915346582364833,0.777752503871339
5849,1.48629,-1.33826,-53132218773.2616,3336149484.73572,0.910462498171102,-0.333308963290407
5848,1.50942,-1.31212,-58233346755.3265,5019184996.44342,0.91241614375073,0.555523964099018
5848,1.53209,-1.28558,-62818566693.7935,7656170862.82169,0.912416143751186,-0.555523964140576
5847,1.55429,-1.25864,-67082872956.5144,10908769813.8123,0.91046249817085,0.333308963247604
5847,1.57602,-1.23132,-71915704800.3756,13731003124.2309,0.91534658236556,-0.777752503916265
5846,1.59727,-1.20363,-75500076011.7549,18179980918.9911,0.909485669429786,0.111102085221649
5845,1.61803,-1.17557,-78612906385.251,23714036756.8989,0.919253778306525,0.999999999969829
5845,1.6383,-1.14715,-83841671084.5251,26468779113.5938,0.909485669429914,-0.11110208528211
5844,1.65808,-1.11839,-86825012846.3657,32882152431.6927,0.915346582364627,0.777752503855747
5844,1.67734,-1.08928,-92170017269.1694,35698800995.9125,0.910462498171258,-0.333308963307527
5843,1.6961,-1.05984,-95027710797.3568,42582745367.7616,0.912416143750537,0.555523964080912
5843,1.71433,-1.03008,-100388341310.998,45444289533.7409,0.912416143751378,-0.555523964158821
5842,1.73205,-1,-103414242137.399,52208122086.6608,0.910462498170701,0.333308963230334
5842,1.74924,-0.969619,-108800819866.296,55128059501.7292,0.915346582365767,-0.777752503931841
5841,1.7659,-0.938943,-112292500704.183,60842486213.7973,0.909485669429766,0.111102085205045
5840,1.78201,-0.907981,-116714068810.122,65281887346.6657,0.919253778306158,0.99999999995149
5840,1.79759,-0.876742,-121121154193.532,67485647453.5208,0.909485669429983,-0.111102085301555
5839,1.81262,-0.845237,-125512352518.97,69807272741.2505,0.915346582364319,0.777752503835052
5839,1.82709,-0.813473,-129355650277.29,71560335587.6361,0.910462498171384,-0.333308963330046
5838,1.84101,-0.781462,-133643150542.391,72004068107.4954,0.912416143750258,0.555523964056995
5838,1.85437,-0.749213,-137145525107.639,73454896355.5685,0.91241614375167,-0.555523964183538
5837,1.86716,-0.716736,-141176578141.992,71959472857.6922,0.91046249817059,0.333308963203332
5837,1.87939,-0.68404,-143893038434.244,72942269362.3575,0.915346582366259,-0.777752503962114
5836,1.89104,-0.651136,-147220085656.852,69884455070.5128,0.909485669429712,0.11110208517308
5835,1.90211,-0.618034,-150588109061.382,66374991715.9816,0.919253778305505,0.999999999918216
5835,1.91261,-0.584743,-152020967451.906,66693965943.3283,0.909485669430072,-0.111102085335106
5834,1.92252,-0.551275,-154943329986.052,62438021609.8123,0.915346582363824,0.777752503801191
5834,1.93185,-0.517638,-156228509847.912,62719183234.7002,0.910462498171638,-0.333308963364257
5833,1.94059,-0.483844,-158724588989.521,57897525332.1459,0.912416143749874,0.555523964021932
5833,1.94874,-0.449902,-159628350013.139,58052630666.7268,0.91241614375206,-0.555523964220175
5832,1.9563,-0.415823,-161389553032.775,52827566098.8695,0.910462498170272,0.333308963168192
5832,1.96325,-0.381618,-161855384228.174,52854066909.4202,0.915346582366721,-0.777752503993719
5831,1.96962,-0.347296,-163203451857.497,47172473411.8554,0.909485669429573,0.111102085145735
5830,1.97538,-0.312869,-164622084426.546,41083223818.5137,0.919253778305019,0.999999999895301
5830,1.98054,-0.278346,-164709350104.758,41035239857.2071,0.909485669430095,-0.11110208535852
5829,1.98509,-0.243739,-165645417428.211,35014976076.3446,0.915346582363408,0.777752503777643
5829,1.98904,-0.209057,-165273547632.068,34894262192.0124,0.910462498171767,-0.333308963386425
5828,1.99239,-0.174311,-165410953584.709,28875198022.1031,0.91241614374965,0.555523964001481
5828,1.99513,-0.139513,-164768469215.242,28746505842.623,0.912416143752221,-0.555523964238393
5827,1.99726,-0.104672,-164628729283.867,22131463545.3611,0.910462498170182,0.333308963148836
5827,1.99878,-0.069799,-164238899624.269,22085000003.4322,0.915346582367075,-0.777752504016468
5826,1.9997,-0.0349048,-163918191267.104,15086885230.8043,0.909485669429527,0.111102085121839
