origElemNum,globCoord-x,globCoord-y,acouIntensity-x,acouIntensity-y,locCoord-xi,locCoord-eta
5825,2,-2.20442e-18,-19703723039.6849,-3002082197.70058,0.919253778304535,0.999999999870795
5825,1.9997,0.0349048,-19183043975.5892,-2940538219.50338,0.909485669430051,-0.11110208537854
5824,1.99878,0.069799,-18550726386.1651,-4997851054.86491,0.915346582363134,0.7777525037628
5824,1.99726,0.104672,-17861739243.943,-4823505314.40672,0.910462498171695,-0.333308963393583
5823,1.99513,0.139513,-16970582155.5961,-6394738436.09154,0.912416143749585,0.555523964001403
5823,1.99239,0.174311,-16067758390.4361,-6048022736.66512,0.912416143752112,-0.555523964232293
5822,1.98904,0.209057,-14955474504.7642,-7099835248.57222,0.910462498170195,0.33330896316169
5822,1.98509,0.243739,-13923713870.1128,-6586047416.39397,0.915346582366752,-0.777752503996411
5821,1.98054,0.278346,-12771484787.3914,-7276543306.68554,0.909485669429537,0.111102085145532
5820,1.97538,0.312869,-11581757266.7589,-7774570153.57021,0.91925377830504,0.999999999897275
5820,1.96962,0.347296,-10666547011.7338,-7116419142.66757,0.909485669429959,-0.111102085350008
5819,1.96325,0.381618,-9541987666.40328,-7321565574.34936,0.915346582363608,0.777752503792493
5819,1.9563,0.415823,-8576348856.44218,-6537043756.32293,0.910462498171543,-0.333308963366333
5818,1.94874,0.449902,-7404860380.42838,-6299267415.13638,0.912416143749872,0.555523964026318
5818,1.94059,0.483844,-6299349815.2755,-5325194655.92425,0.912416143751876,-0.555523964209557
5817,1.93185,0.517638,-5064211209.91075,-4664442763.78381,0.910462498170338,0.333308963182653
5817,1.92252,0.551275,-3891445554.08609,-3565886887.41949,0.915346582366455,-0.777752503976955
5816,1.91261,0.584743,-2744020948.90704,-2712643435.62448,0.909485669429567,0.111102085165898
5815,1.90211,0.618034,-1619334146.82575,-1718030651.33888,0.919253778305533,0.999999999919169
5815,1.89104,0.651136,-650877911.085807,-689012582.111157,0.909485669429933,-0.111102085328256
5814,1.87939,0.68404,340902125.914174,383396757.82224,0.915346582363941,0.777752503814277
5814,1.86716,0.716736,1320680766.7009,1486781466.85095,0.910462498171402,-0.333308963343933
5813,1.85437,0.749213,2276884616.5439,2690420208.18242,0.912416143750119,0.555523964050056
5813,1.84101,0.781462,3242795623.15927,3852357714.43172,0.912416143751575,-0.555523964183394
5812,1.82709,0.813473,4053972375.83449,5053702002.89281,0.910462498170486,0.333308963212263
5812,1.81262,0.845237,4845269383.54427,6091129418.17194,0.915346582365915,-0.777752503943209
5811,1.79759,0.876742,5319937223.4756,7120792255.4986,0.909485669429635,0.111102085200681
5810,1.78201,0.907981,5676565533.61258,8235846428.4728,0.919253778306195,0.999999999954235
5810,1.7659,0.938943,5967754280.83969,8758520232.90148,0.909485669429844,-0.111102085292603
5809,1.74924,0.969619,6008650420.42766,9682157939.60403,0.915346582364538,0.777752503850291
5809,1.73205,1,6142468916.61368,10089161120.4082,0.910462498171199,-0.333308963308445
5808,1.71433,1.03008,5976256330.29776,10902990617.4594,0.912416143750526,0.555523964084446
5808,1.6961,1.05984,5988959412.75387,11244141058.3154,0.912416143751246,-0.555523964150953
5807,1.67734,1.08928,5622430929.6543,11935092470.7891,0.910462498170725,0.333308963242434
5807,1.65808,1.11839,5499452745.50506,12091437827.7044,0.915346582365508,-0.777752503915519
5806,1.6383,1.14715,4873275360.88228,12567525519.1923,0.909485669429676,0.11110208522853
5805,1.61803,1.17557,4161402089.87226,13059307554.9197,0.919253778306765,0.999999999982884
5805,1.59727,1.20363,3824847048.75651,12848524351.7365,0.909485669429817,-0.111102085265541
5804,1.57602,1.23132,3061545466.92492,13229721986.9092,0.9153465823649,0.777752503876539
5804,1.55429,1.25864,2684810945.9606,13160080272.5562,0.910462498170939,-0.333308963279996
5803,1.53209,1.28558,1833448419.90767,13563181839.0428,0.912416143750815,0.555523964114853
5803,1.50942,1.31212,1339878360.24026,13382727647.1351,0.91241614375085,-0.555523964118972
5802,1.48629,1.33826,255089690.901643,13720543073.3241,0.910462498170897,0.333308963276791
5802,1.46271,1.364,-378108612.392828,13428232527.5244,0.915346582364929,-0.77775250387822
5801,1.43868,1.38932,-1663260222.97606,13751515023.4183,0.909485669429954,0.111102085257182
5801,1.41421,1.41421,-2378184945.85456,13414990797.5299,0.919253778307104,-0.999999999999994
850,1.38932,1.43868,-3756118999.73771,13647827239.601,0.909485669429991,-0.111102085260227
849,1.364,1.46271,-5241033387.46175,13972113606.0668,0.915346582364834,0.777752503871359
849,1.33826,1.48629,-5660696176.90642,13420489029.295,0.910462498171096,-0.333308963290402
848,1.31212,1.50942,-6792102840.6388,13587479070.719,0.912416143750729,0.555523964099008
848,1.28558,1.53209,-7040280633.13005,13104324567.9991,0.912416143751184,-0.555523964140596
847,1.25864,1.55429,-7468346705.7271,13021859049.0243,0.910462498170846,0.333308963247574
847,1.23132,1.57602,-7408087854.67936,12706329441.0935,0.915346582365554,-0.777752503916259
846,1.20363,1.59727,-7188552847.81968,11888188122.6741,0.90948566942978,0.111102085221654
845,1.17557,1.61803,-6731056659.10683,10851787860.2548,0.919253778306528,0.999999999969813
845,1.14715,1.6383,-7037621935.8542,9860618795.33869,0.909485669429915,-0.111102085282135
844,1.11839,1.65808,-7108782283.65507,8811661025.54749,0.915346582364625,0.777752503855763
844,1.08928,1.67734,-7507320196.96033,8164650789.23168,0.910462498171253,-0.333308963307521
843,1.05984,1.6961,-7829590275.14091,7504745321.02418,0.912416143750542,0.555523964080906
843,1.03008,1.71433,-8237762732.95739,6939258624.16931,0.912416143751377,-0.555523964158847
842,1,1.73205,-8556186849.5406,6345161023.82027,0.910462498170698,0.333308963230309
842,0.969619,1.74924,-9018486724.23376,5840508343.50565,0.915346582365766,-0.777752503931825
841,0.938943,1.7659,-9251701550.47035,5227092156.38688,0.909485669429764,0.111102085205048
840,0.907981,1.78201,-9367468016.31786,4545864951.72679,0.919253778306164,0.99999999995148
840,0.876742,1.79759,-10105259638.6205,4140267921.914,0.909485669429979,-0.11110208530158
839,0.845237,1.81262,-10513065264.1872,3492585094.21305,0.91534658236432,0.777752503835068
839,0.813473,1.82709,-11666895895.6118,3027738328.50731,0.91046249817139,-0.33330896333004
838,0.781462,1.84101,-12291926433.4264,2215667928.83164,0.912416143750255,0.555523964056983
838,0.749213,1.85437,-13538768322.378,1559942893.81897,0.912416143751674,-0.555523964183563
837,0.716736,1.86716,-13728501514.8716,479998597.8273,0.910462498170584,0.333308963203304
837,0.68404,1.87939,-14739865687.273,-292987447.915545,0.915346582366261,-0.777752503962098
836,0.651136,1.89104,-14349746304.6079,-1484247020.42527,0.909485669429719,0.111102085173086
835,0.618034,1.90211,-13856626134.1723,-2696342729.76018,0.919253778305509,0.999999999918205
835,0.584743,1.91261,-14432848229.4835,-3447901193.94284,0.909485669430073,-0.111102085335132
834,0.551275,1.92252,-13622044237.2879,-4619739495.4112,0.915346582363819,0.777752503801204
834,0.517638,1.93185,-14083145079.0924,-5313691059.92781,0.910462498171637,-0.333308963364254
833,0.483844,1.94059,-12862973081.4607,-6405735083.074,0.912416143749877,0.55552396402192
833,0.449902,1.94874,-13238383790.8199,-7008986104.2235,0.91241614375206,-0.555523964220202
832,0.415823,1.9563,-11732212287.9163,-7951204373.25185,0.910462498170279,0.333308963168166
832,0.381618,1.96325,-12026191728.0557,-8444200231.1518,0.915346582366717,-0.777752503993703
831,0.347296,1.96962,-10399515273.9953,-9100887692.63788,0.909485669429573,0.111102085145737
830,0.312869,1.97538,-8928053008.0553,-9640402052.78365,0.919253778305012,0.99999999989529
830,0.278346,1.98054,-8844511277.43258,-9614288346.77776,0.909485669430091,-0.111102085358547
829,0.243739,1.98509,-7341531426.16765,-9723747887.70492,0.915346582363415,0.77775250377766
829,0.209057,1.98904,-7148263937.73829,-9449793373.32161,0.910462498171767,-0.333308963386422
828,0.174311,1.99239,-5651918638.07949,-9250270493.28345,0.912416143749651,0.55552396400147
828,0.139513,1.99513,-5453347330.85526,-8850604988.25541,0.912416143752224,-0.555523964238419
827,0.104672,1.99726,-3841014681.39409,-8486603602.29591,0.910462498170184,0.33330896314881
827,0.069799,1.99878,-3672973315.19926,-8005511519.43436,0.915346582367074,-0.777752504016452
826,0.0349048,1.9997,-1864649279.09089,-7460996578.61591,0.909485669429527,0.111102085121841
825,1.27747e-16,2,-71805004.6256092,-6856107001.5492,0.919253778304535,0.999999999870799
825,-0.0349048,1.9997,-69812017.1166558,-6083997460.15963,0.909485669430051,-0.111102085378537
824,-0.069799,1.99878,1182799798.04864,-5286113112.86913,0.915346582363134,0.777752503762801
824,-0.104672,1.99726,1036095156.43504,-4476917287.40549,0.910462498171695,-0.333308963393583
823,-0.139513,1.99513,1678695258.19785,-3672823627.5902,0.912416143749585,0.555523964001401
823,-0.174311,1.99239,1429459731.35714,-2982964764.37589,0.912416143752112,-0.555523964232297
822,-0.209057,1.98904,1784503338.85889,-2343150816.78867,0.910462498170195,0.333308963161685
822,-0.243739,1.98509,1485805294.65255,-1847123923.65254,0.915346582366744,-0.777752503996403
821,-0.278346,1.98054,1739848901.47898,-1375495281.12398,0.909485669429538,0.111102085145537
820,-0.312869,1.97538,1881247414.27833,-950683709.653053,0.919253778305041,0.999999999897278
820,-0.347296,1.96962,1397337324.64832,-653643156.035283,0.90948566942996,-0.111102085350006
819,-0.381618,1.96325,1148890348.24141,-344193556.879468,0.915346582363608,0.777752503792493
819,-0.415823,1.9563,511328146.179129,-132066861.185211,0.910462498171543,-0.333308963366333
818,-0.449902,1.94874,-113638673.539626,16821998.9389127,0.912416143749872,0.555523964026316
818,-0.483844,1.94059,-779963733.045579,80228049.0527233,0.912416143751875,-0.555523964209561
817,-0.517638,1.93185,-1492491663.2283,30368606.5264389,0.910462498170336,0.333308963182646
817,-0.551275,1.92252,-2008897108.3375,-44451398.4136252,0.915346582366457,-0.777752503976948
816,-0.584743,1.91261,-2658617011.66216,-233635109.504957,0.909485669429562,0.111102085165907
815,-0.618034,1.90211,-3360990413.9993,-488863080.173611,0.919253778305526,0.999999999919175
815,-0.651136,1.89104,-3755170127.83148,-688741275.361769,0.909485669429935,-0.111102085328253
814,-0.68404,1.87939,-4537530749.55603,-1069534253.51667,0.915346582363941,0.777752503814277
814,-0.716736,1.86716,-5056104459.69495,-1427372103.28927,0.910462498171402,-0.333308963343933
813,-0.749213,1.85437,-5887337439.43894,-1990578436.31169,0.912416143750117,0.555523964050053
813,-0.781462,1.84101,-6321385900.29366,-2493321666.82669,0.912416143751584,-0.555523964183396
812,-0.813473,1.82709,-6845832048.16619,-3111218092.0604,0.910462498170484,0.33330896321226
812,-0.845237,1.81262,-6897479798.23304,-3565745652.94168,0.91534658236591,-0.7777525039432
811,-0.876742,1.79759,-6891196983.89093,-3995564432.39736,0.909485669429639,0.111102085200672
810,-0.907981,1.78201,-6742050315.78299,-4339489497.1901,0.919253778306197,0.999999999954239
810,-0.938943,1.7659,-6088185496.82638,-4378983067.17548,0.909485669429848,-0.111102085292613
809,-0.969619,1.74924,-5577905254.11447,-4428742380.96852,0.915346582364533,0.777752503850298
809,-1,1.73205,-4795947451.65992,-4242396908.48912,0.910462498171205,-0.333308963308436
808,-1.03008,1.71433,-4100082937.24096,-3987773392.76952,0.912416143750522,0.55552396408444
808,-1.05984,1.6961,-3203500539.36933,-3461126290.79994,0.912416143751243,-0.555523964150944
807,-1.08928,1.67734,-2337279807.46111,-2760542175.80558,0.910462498170733,0.33330896324243
807,-1.11839,1.65808,-1341155857.92531,-1760653062.39306,0.915346582365511,-0.777752503915504
806,-1.14715,1.6383,-345837585.279602,-497140256.944727,0.909485669429678,0.11110208522852
805,-1.17557,1.61803,661431254.730011,1042418986.46179,0.91925377830677,0.999999999982889
805,-1.20363,1.59727,1611608308.50342,2866932286.5667,0.909485669429819,-0.111102085265551
804,-1.23132,1.57602,2522038318.81242,4978322972.68406,0.915346582364893,0.777752503876544
804,-1.25864,1.55429,3263833577.79202,7296401590.13709,0.910462498170937,-0.333308963279986
803,-1.28558,1.53209,3972099521.40948,9888582014.65121,0.912416143750809,0.555523964114847
803,-1.31212,1.50942,4462819842.85276,12568065491.394,0.912416143750849,-0.555523964118962
802,-1.33826,1.48629,4920682705.36636,15368652674.6485,0.910462498170897,0.333308963276791
802,-1.364,1.46271,5148447554.18458,18125428744.3333,0.915346582364928,-0.77775250387821
801,-1.38932,1.43868,5347858304.44178,20728296232.2519,0.909485669429954,0.111102085257172
801,-1.41421,1.41421,5365929272.20599,23255629892.267,0.919253778307104,-0.999999999999994
15850,-1.43868,1.38932,5366093908.22361,25318116527.4903,0.909485669429991,-0.111102085260237
15849,-1.46271,1.364,5226990560.32784,27214119429.1831,0.915346582364828,0.777752503871364
15849,-1.48629,1.33826,5159929047.04455,28729416070.3825,0.910462498171103,-0.333308963290387
15848,-1.50942,1.31212,4916318035.74312,29837103458.6899,0.912416143750729,0.555523964099008
15848,-1.53209,1.28558,4814490644.08937,30743780011.7831,0.912416143751185,-0.555523964140586
15847,-1.55429,1.25864,4480312784.72338,31066458247.4793,0.910462498170851,0.333308963247569
15847,-1.57602,1.23132,4307660098.95896,31367702497.9911,0.915346582365555,-0.777752503916249
15846,-1.59727,1.20363,3893431766.4633,31043010808.0368,0.909485669429784,0.111102085221639
15845,-1.61803,1.17557,3342881007.1826,30403033392.0302,0.919253778306531,0.999999999969823
15845,-1.6383,1.14715,3257653770.6747,30067707189.6379,0.909485669429917,-0.111102085282151
15844,-1.65808,1.11839,2633642889.83468,28835254952.3871,0.915346582364627,0.777752503855772
15844,-1.67734,1.08928,2684043731.59143,28301160250.6476,0.910462498171251,-0.333308963307506
15843,-1.6961,1.05984,2044319069.48887,26529845974.9459,0.912416143750542,0.555523964080906
15843,-1.71433,1.03008,2147659639.53833,25728333313.4345,0.912416143751375,-0.555523964158831
15842,-1.73205,1,1521494574.97543,23607199894.9576,0.910462498170697,0.333308963230296
15842,-1.74924,0.969619,1605726322.59429,22628078360.3374,0.915346582365764,-0.777752503931822
15841,-1.7659,0.938943,1050457960.62841,20560404864.5848,0.909485669429762,0.111102085205035
15840,-1.78201,0.907981,614737706.237228,18645376906.7811,0.919253778306162,0.999999999951483
15840,-1.79759,0.876742,674794328.299098,17854062285.6425,0.909485669429984,-0.111102085301589
15839,-1.81262,0.845237,361530506.145867,16251316589.7427,0.915346582364318,0.777752503835071
15839,-1.82709,0.813473,401884095.044266,15376614372.9637,0.910462498171391,-0.333308963330024
15838,-1.84101,0.781462,175667958.137192,13754108151.1412,0.912416143750253,0.555523964056986
15838,-1.85437,0.749213,219664620.619769,12575454383.5289,0.912416143751674,-0.555523964183544
15837,-1.86716,0.716736,48073472.8696615,10565318029.2143,0.910462498170589,0.333308963203294
15837,-1.87939,0.68404,127277289.833571,9033963887.25308,0.915346582366259,-0.777752503962095
15836,-1.89104,0.651136,242507.046295046,6627070594.28061,0.909485669429715,0.111102085173074
15835,-1.90211,0.618034,-105295259.723092,4271222738.98079,0.919253778305508,0.999999999918209
15835,-1.91261,0.584743,5312827.5141585,2504562572.3882,0.909485669430068,-0.111102085335144
15834,-1.92252,0.551275,-12932785.8333825,596145054.543031,0.915346582363818,0.777752503801208
15834,-1.93185,0.517638,-12519427.3848547,-942314894.046341,0.910462498171639,-0.333308963364235
15833,-1.94059,0.483844,11096289.3637303,-1927312571.1463,0.912416143749876,0.555523964021923
15833,-1.94874,0.449902,-121419935.355806,-3046923655.27869,0.912416143752063,-0.555523964220183
15832,-1.9563,0.415823,-108476279.847277,-2941405379.85309,0.910462498170272,0.333308963168156
15832,-1.96325,0.381618,-393888783.549638,-3633486019.64972,0.915346582366716,-0.7777525039937
15831,-1.96962,0.347296,-479248274.537337,-2381266642.52832,0.909485669429575,0.111102085145728
15830,-1.97538,0.312869,-585210715.158925,44789045.1664889,0.91925377830502,0.999999999895294
15830,-1.98054,0.278346,-1439099371.16994,153495029.649999,0.909485669430092,-0.111102085358556
15829,-1.98509,0.243739,-2027718707.65471,5024930533.43601,0.915346582363415,0.777752503777664
15829,-1.98904,0.209057,-3790293218.31635,6131771822.07429,0.910462498171765,-0.333308963386404
15828,-1.99239,0.174311,-5493054596.3224,14972201379.4324,0.912416143749651,0.555523964001473
15828,-1.99513,0.139513,-8703741346.85253,17618174961.8847,0.912416143752222,-0.5555239642384
15827,-1.99726,0.104672,-12025721817.9275,31095236392.5947,0.910462498170184,0.3333089631488
15827,-1.99878,0.069799,-16747030721.2856,35148303817.8383,0.915346582367074,-0.777752504016448
15826,-1.9997,0.0349048,-21263377633.2396,51559233822.6193,0.909485669429527,0.111102085121831
15825,-2,2.46315e-16,-26623860738.5384,68119514231.906,0.919253778304535,0.999999999870803
15825,-1.9997,-0.0349048,-30833447272.8753,71606667122.5106,0.909485669430051,-0.111102085378547
15824,-1.99878,-0.069799,-35209938125.8515,84206807051.918,0.915346582363134,0.777752503762804
15824,-1.99726,-0.104672,-37672860572.0794,85948508457.4372,0.910462498171696,-0.333308963393566
15823,-1.99513,-0.139513,-39651156760.7626,91538691086.3505,0.912416143749586,0.555523964001405
15823,-1.99239,-0.174311,-40057405829.8715,91188048247.1305,0.912416143752114,-0.555523964232279
15822,-1.98904,-0.209057,-39582883404.7474,89497922926.2887,0.910462498170195,0.333308963161688
15822,-1.98509,-0.243739,-38578801180.6678,87387225490.8556,0.915346582366744,-0.7777525039964
15821,-1.98054,-0.278346,-36915531645.0356,81413715992.7753,0.909485669429545,0.111102085145526
15820,-1.97538,-0.312869,-35131996174.6913,75473903767.7807,0.919253778305042,0.999999999897283
15820,-1.96962,-0.347296,-34472798535.2841,73060960340.8742,0.909485669429957,-0.111102085350017
15819,-1.96325,-0.381618,-33855678047.531,70151784442.2311,0.915346582363609,0.777752503792499
15819,-1.9563,-0.415823,-34116464865.589,68862315997.4507,0.910462498171549,-0.333308963366345
15818,-1.94874,-0.449902,-34854569998.9081,69319412949.4742,0.912416143749872,0.555523964026319
15818,-1.94059,-0.483844,-35492032639.9199,68680064507.1467,0.91241614375188,-0.555523964209544
15817,-1.93185,-0.517638,-36225037276.5867,69294356931.1028,0.910462498170337,0.33330896318265
15817,-1.92252,-0.551275,-36342253852.0516,68117699157.0124,0.915346582366458,-0.777752503976945
15816,-1.91261,-0.584743,-35730733524.8898,65688734181.1175,0.909485669429567,0.111102085165898
15815,-1.90211,-0.618034,-34384851196.2157,61350793774.5874,0.919253778305528,0.999999999919178
15815,-1.89104,-0.651136,-33413987716.9596,58649473529.4037,0.90948566942994,-0.111102085328262
15814,-1.87939,-0.68404,-31552718406.8705,53695328076.8487,0.915346582363942,0.77775250381428
15814,-1.86716,-0.716736,-30388606708.9193,51249531531.7375,0.910462498171397,-0.333308963343943
15813,-1.85437,-0.749213,-28268421053.5443,46898145353.1574,0.912416143750119,0.555523964050056
15813,-1.84101,-0.781462,-26730108836.5811,44684113538.3084,0.912416143751582,-0.555523964183381
15812,-1.82709,-0.813473,-24971555672.5504,41646546180.9815,0.910462498170486,0.333308963212263
15812,-1.81262,-0.845237,-24010883653.492,40246587232.6987,0.915346582365912,-0.777752503943197
15811,-1.79759,-0.876742,-25110316053.9619,41196101852.2895,0.909485669429641,0.111102085200675
15810,-1.78201,-0.907981,-28075647214.8551,45249341428.7746,0.919253778306197,0.999999999954239
15810,-1.7659,-0.938943,-31203442651.0025,47418584775.4823,0.90948566942985,-0.11110208529261
15809,-1.74924,-0.969619,-36228683840.874,52822409619.6157,0.915346582364535,0.777752503850301
15809,-1.73205,-1,-38315986753.7946,53323730433.5648,0.9104624981712,-0.333308963308458
15808,-1.71433,-1.03008,-38950971577.1801,52000455234.9417,0.912416143750526,0.555523964084446
15808,-1.6961,-1.05984,-37945205154.3755,49129794540.7569,0.912416143751243,-0.555523964150944
15807,-1.67734,-1.08928,-33202617007.6831,40959581890.3073,0.910462498170725,0.333308963242434
15807,-1.65808,-1.11839,-30449541612.0058,36469170770.4329,0.915346582365503,-0.7777525039155
15806,-1.6383,-1.14715,-23174324956.3992,26205906761.0876,0.90948566942967,0.111102085228524
15805,-1.61803,-1.17557,-15811378081.5941,16542596649.0286,0.919253778306763,0.999999999982893
15805,-1.59727,-1.20363,-12237322257.614,12658088449.7056,0.909485669429812,-0.111102085265547
15804,-1.57602,-1.23132,-7656885282.34598,7351986241.74408,0.915346582364898,0.777752503876549
15804,-1.55429,-1.25864,-6980607097.80687,6302733543.10103,0.910462498170935,-0.333308963280012
15803,-1.53209,-1.28558,-6787589564.6258,5598787881.44417,0.912416143750815,0.555523964114853
15803,-1.50942,-1.31212,-7745761637.54289,5694390213.17272,0.912416143750855,-0.555523964118957
15802,-1.48629,-1.33826,-8049819490.32854,5293678785.23394,0.910462498170897,0.333308963276791
15802,-1.46271,-1.364,-7983501560.57611,4744687237.50354,0.915346582364928,-0.77775250387821
15801,-1.43868,-1.38932,-8006425365.04749,4245369850.44909,0.909485669429954,0.111102085257172
15801,-1.41421,-1.41421,-8302237713.59085,4004264449.97547,0.919253778307098,-0.999999999999989
10084,-1.38932,-1.43868,-8541161233.54551,3783384324.60865,-0.909485669429983,0.111102085260242
10184,-1.364,-1.46271,-7790599126.65863,2730073446.77464,-0.915346582364814,-0.777752503871363
10184,-1.33826,-1.48629,-7645371576.12899,2382015829.21929,-0.910462498171062,0.333308963290425
10284,-1.31212,-1.50942,-8510629001.70702,3109862103.19409,-0.912416143750702,-0.555523964098991
10284,-1.28558,-1.53209,-7950290824.76286,2831471782.36273,-0.912416143751175,0.55552396414059
10384,-1.25864,-1.55429,-3842004267.57183,-1505108733.40557,-0.910462498170858,-0.333308963247603
10384,-1.23132,-1.57602,-5020341354.87647,-2492118080.19722,-0.915346582365569,0.777752503916277
10484,-1.20363,-1.59727,-4086729965.41221,-4558302880.1152,-0.909485669429755,-0.111102085221656
10584,-1.17557,-1.61803,-11521555321.4756,-302063241.748072,-0.919253778306467,-0.999999999969833
10584,-1.14715,-1.6383,-8550863178.06304,-316226617.111618,-0.909485669429891,0.111102085282108
10684,-1.11839,-1.65808,-5721730617.44511,-209211305.62516,-0.915346582364624,-0.777752503855743
10684,-1.08928,-1.67734,-2965124229.26938,-120675580.832338,-0.910462498171255,0.333308963307532
10784,-1.05984,-1.6961,269542829.140813,8649475.81845,-0.912416143750544,-0.555523964080908
10784,-1.03008,-1.71433,4343148218.17408,178674188.505162,-0.912416143751393,0.555523964158839
10884,-1,-1.73205,5575452649.3588,433077844.602054,-0.910462498170715,-0.333308963230315
10884,-0.969619,-1.74924,5217826713.91727,494608965.112466,-0.915346582365772,0.777752503931858
10984,-0.938943,-1.7659,3165376720.11712,654186471.792349,-0.909485669429763,-0.111102085205032
11084,-0.907981,-1.78201,1199173959.12121,424763765.740324,-0.919253778306154,-0.99999999995149
11084,-0.876742,-1.79759,211871046.239934,83898872.1254651,-0.909485669429981,0.111102085301552
11184,-0.845237,-1.81262,-429005899.905074,-245213998.161762,-0.915346582364332,-0.777752503835052
11184,-0.813473,-1.82709,86308752.5403286,51564701.4147187,-0.910462498171421,0.333308963330044
11284,-0.781462,-1.84101,317263693.171043,242115573.695857,-0.912416143750289,-0.555523964056998
11284,-0.749213,-1.85437,224023895.322659,174364833.053021,-0.912416143751684,0.555523964183542
11384,-0.716736,-1.86716,-716710147.262594,-833074322.935962,-0.910462498170579,-0.333308963203316
11384,-0.68404,-1.87939,-2182602082.60281,-2585192895.6297,-0.915346582366256,0.777752503962127
11484,-0.651136,-1.89104,-1918435805.90168,-3931131779.21288,-0.9094856694297,-0.111102085173069
11584,-0.618034,-1.90211,-1471822694.54341,-5045458324.66439,-0.919253778305473,-0.9999999999182
11584,-0.584743,-1.91261,-1411288470.3273,-4837611961.52259,-0.909485669430035,0.111102085335111
11684,-0.551275,-1.92252,-588279346.520637,-5013795507.3782,-0.915346582363772,-0.777752503801188
11684,-0.517638,-1.93185,-682179656.703394,-5608025178.97299,-0.910462498171642,0.333308963364261
11784,-0.483844,-1.94059,297225094.862896,-6374731010.11312,-0.912416143749915,-0.555523964021929
11784,-0.449902,-1.94874,215844734.366592,-6688677311.64939,-0.912416143752077,0.555523964220183
11884,-0.415823,-1.9563,926211750.858955,-6031089002.02748,-0.910462498170266,-0.33330896316818
11884,-0.381618,-1.96325,734633524.933083,-4461283945.03431,-0.915346582366712,0.777752503993725
11984,-0.347296,-1.96962,546029782.98451,-2868148042.81664,-0.909485669429565,-0.111102085145729
12084,-0.312869,-1.97538,39790802.5515104,-1489972107.07974,-0.919253778305011,-0.999999999895287
12084,-0.278346,-1.98054,79693885.52562,-1382126076.08735,-0.909485669430107,0.111102085358526
12184,-0.243739,-1.98509,-78113536.7523598,-1254405547.78398,-0.915346582363447,-0.777752503777644
12184,-0.209057,-1.98904,-84498128.1001068,-1436522307.37059,-0.910462498171781,0.333308963386432
12284,-0.174311,-1.99239,113079033.465817,-1571448750.81388,-0.912416143749663,-0.555523964001473
12284,-0.139513,-1.99513,138586930.718047,-1635662246.38005,-0.912416143752267,0.555523964238395
12384,-0.104672,-1.99726,589369664.19184,-1749395275.01617,-0.910462498170238,-0.333308963148834
12384,-0.069799,-1.99878,672514349.289943,-1836842516.03606,-0.915346582367131,0.777752504016471
12484,-0.0349048,-1.9997,1615127533.91227,-2087562380.3602,-0.909485669429557,-0.111102085121833
12584,-4.35203e-16,-2,3019739937.38905,-2314760232.50323,-0.919253778304537,-0.999999999870803
12584,0.0349048,-1.9997,3729525195.13919,-2903362917.89028,-0.909485669430058,0.111102085378513
12684,0.069799,-1.99878,6391906727.262,-3479488030.5431,-0.915346582363139,-0.777752503762792
12684,0.104672,-1.99726,7706963256.54665,-4346512344.02707,-0.9104624981717,0.333308963393593
12784,0.139513,-1.99513,12006480701.0016,-5127899881.89771,-0.912416143749591,-0.555523964001403
12784,0.174311,-1.99239,13964726126.7304,-6213272522.69792,-0.912416143752134,0.555523964232273
12884,0.209057,-1.98904,20488382178.3394,-7175907052.71252,-0.91046249817019,-0.333308963161724
12884,0.243739,-1.98509,23550260409.7189,-8727133990.51441,-0.915346582366752,0.777752503996427
12984,0.278346,-1.98054,32967971780.9157,-9794365890.09079,-0.909485669429543,-0.111102085145531
13084,0.312869,-1.97538,43499989597.2297,-10678344271.6446,-0.919253778305079,-0.999999999897294
13084,0.347296,-1.96962,47293583928.6856,-11865512572.8894,-0.909485669429971,0.111102085349981
13184,0.381618,-1.96325,55805254807.2868,-11749640790.8129,-0.915346582363621,-0.777752503792476
13184,0.415823,-1.9563,56731383931.9696,-11453975033.3967,-0.910462498171561,0.33330896336634
13284,0.449902,-1.94874,58843888131.1661,-9999234790.96681,-0.912416143749886,-0.555523964026324
13284,0.483844,-1.94059,56089881182.6184,-8411351611.67669,-0.912416143751904,0.555523964209538
13384,0.517638,-1.93185,51875237102.9435,-6499481504.93416,-0.910462498170363,-0.333308963182687
13384,0.551275,-1.92252,46614018441.5448,-4567542585.22811,-0.915346582366464,0.777752503976962
13484,0.584743,-1.91261,39437376971.1753,-3103545179.98059,-0.909485669429569,-0.111102085165906
13584,0.618034,-1.90211,32035741048.0265,-2029400322.65097,-0.919253778305519,-0.999999999919186
13584,0.651136,-1.89104,26400536832.1127,-777073940.860378,-0.909485669429928,0.111102085328226
13684,0.68404,-1.87939,20017927305.0789,-231677929.057383,-0.915346582363942,-0.777752503814258
13684,0.716736,-1.86716,15317926799.95,383188824.500104,-0.910462498171394,0.333308963343945
13784,0.749213,-1.85437,10490684388.9058,492271744.137073,-0.912416143750121,-0.555523964050058
13784,0.781462,-1.84101,6797500223.54834,587882480.320687,-0.91241614375158,0.555523964183364
13884,0.813473,-1.82709,3353299925.41685,378065180.470248,-0.91046249817049,-0.333308963212306
13884,0.845237,-1.81262,511642053.223996,80540974.9562394,-0.915346582365913,0.777752503943214
13984,0.876742,-1.79759,-1955361753.7369,-371523272.562257,-0.909485669429626,-0.1111020852007
14084,0.907981,-1.78201,-3977002500.80589,-893351107.044774,-0.919253778306215,-0.999999999954254
14084,0.938943,-1.7659,-6108560620.85042,-1752122302.64396,-0.909485669429858,0.111102085292581
14184,0.969619,-1.74924,-7480324246.04768,-2510967910.73083,-0.915346582364524,-0.777752503850263
14184,1,-1.73205,-9241615200.88312,-3804349826.85966,-0.910462498171194,0.333308963308465
14284,1.03008,-1.71433,-9731834743.07668,-4674145695.83555,-0.91241614375052,-0.55552396408445
14284,1.05984,-1.6961,-10860250403.0977,-6204776740.10019,-0.912416143751235,0.55552396415093
14384,1.08928,-1.67734,-10340806054.7423,-6869877811.63914,-0.910462498170724,-0.333308963242461
14384,1.11839,-1.65808,-10805116339.4482,-8290165603.61927,-0.915346582365498,0.777752503915531
14484,1.14715,-1.6383,-9591522641.58777,-8462600872.50321,-0.909485669429676,-0.111102085228531
14584,1.17557,-1.61803,-8444771154.6913,-8638608750.57834,-0.919253778306762,-0.999999999982903
14584,1.20363,-1.59727,-7966834061.84654,-8946589388.56991,-0.909485669429825,0.1111020852655
14684,1.23132,-1.57602,-6632038727.98384,-8514122137.6113,-0.91534658236492,-0.777752503876537
14684,1.25864,-1.55429,-6002132772.92494,-8346352881.51051,-0.910462498170955,0.333308963280004
14784,1.28558,-1.53209,-4800739140.43659,-7621468494.02512,-0.912416143750819,-0.555523964114867
14784,1.31212,-1.50942,-4185719817.42533,-7268814768.97411,-0.912416143750872,0.555523964118932
14884,1.33826,-1.48629,-3099648282.17575,-6520253034.38087,-0.910462498170903,-0.333308963276861
14884,1.364,-1.46271,-2519699475.44597,-6178551615.27419,-0.915346582364901,0.777752503878194
14984,1.38932,-1.43868,-1487835734.19607,-5540636989.3144,-0.909485669429939,-0.111102085257194
14984,1.41421,-1.41421,-1006776077.64474,-5353724824.24017,-0.919253778307102,0.999999999999985
5850,1.43868,-1.38932,-42651724.5820452,-4994502464.97999,0.909485669429985,-0.111102085260202
5849,1.46271,-1.364,862535178.484852,-4640814970.29332,0.915346582364833,0.777752503871339
5849,1.48629,-1.33826,1372354786.09548,-4940727331.8303,0.910462498171102,-0.333308963290407
5848,1.50942,-1.31212,2267057227.11579,-4821837786.49356,0.91241614375073,0.555523964099018
5848,1.53209,-1.28558,2795550558.58172,-5201400327.90838,0.912416143751186,-0.555523964140576
5847,1.55429,-1.25864,3559967550.36256,-5214931880.85584,0.91046249817085,0.333308963247604
5847,1.57602,-1.23132,4025571890.10052,-5535039749.66866,0.91534658236556,-0.777752503916265
5846,1.59727,-1.20363,4470905790.18911,-5492928435.78328,0.909485669429786,0.111102085221649
5845,1.61803,-1.17557,4757010789.78976,-5536841523.01522,0.919253778306525,0.999999999969829
5845,1.6383,-1.14715,4609692321.26009,-5225423838.39245,0.909485669429914,-0.11110208528211
5844,1.65808,-1.11839,4308908206.012,-4850119329.98089,0.915346582364627,0.777752503855747
5844,1.67734,-1.08928,3615005667.50746,-3999310605.49078,0.910462498171258,-0.333308963307527
5843,1.6961,-1.05984,2711604991.50476,-3059291223.35496,0.912416143750537,0.555523964080912
5843,1.71433,-1.03008,1628459509.79268,-1816086064.4632,0.912416143751378,-0.555523964158821
5842,1.73205,-1,373587791.021439,-429549507.128992,0.910462498170701,0.333308963230334
5842,1.74924,-0.969619,-949510213.700559,1083940000.805,0.915346582365767,-0.777752503931841
5841,1.7659,-0.938943,-2419771412.15286,2869309855.64936,0.909485669429766,0.111102085205045
5840,1.78201,-0.907981,-3872332076.26555,4737893683.37689,0.919253778306158,0.99999999995149
5840,1.79759,-0.876742,-5336119806.64856,6518264348.36457,0.909485669429983,-0.111102085301555
5839,1.81262,-0.845237,-6701992601.04051,8253514521.7715,0.915346582364319,0.777752503835052
5839,1.82709,-0.813473,-7923736117.35106,9774300359.18529,0.910462498171384,-0.333308963330046
5838,1.84101,-0.781462,-9150374553.02525,11103599662.7383,0.912416143750258,0.555523964056995
5838,1.85437,-0.749213,-10271025741.6458,12504184405.94,0.91241614375167,-0.555523964183538
5837,1.86716,-0.716736,-11492555744.183,13508005691.2801,0.91046249817059,0.333308963203332
5837,1.87939,-0.68404,-12532596878.8606,14797261266.1763,0.915346582366259,-0.777752503962114
5836,1.89104,-0.651136,-13682286275.0286,15271113707.2055,0.909485669429712,0.11110208517308
5835,1.90211,-0.618034,-14846463019.6387,15305880182.7686,0.919253778305505,0.999999999918216
5835,1.91261,-0.584743,-15586308704.8432,16199678183.0702,0.909485669430072,-0.111102085335106
5834,1.92252,-0.551275,-16649708851.6476,15745653813.4745,0.915346582363824,0.777752503801191
5834,1.93185,-0.517638,-17306562423.0653,16519546436.5761,0.910462498171638,-0.333308963364257
5833,1.94059,-0.483844,-18302012342.8862,15586436830.0624,0.912416143749874,0.555523964021932
5833,1.94874,-0.449902,-18790896551.9715,16178063772.1348,0.91241614375206,-0.555523964220175
5832,1.9563,-0.415823,-19622820933.2767,14527166353.0754,0.910462498170272,0.333308963168192
5832,1.96325,-0.381618,-19877787802.6479,14901881960.7912,0.915346582366721,-0.777752503993719
5831,1.96962,-0.347296,-20531397480.9286,12579786591.1129,0.909485669429573,0.111102085145735
5830,1.97538,-0.312869,-21079005670.5135,9974732677.44196,0.919253778305019,0.999999999895301
5830,1.98054,-0.278346,-21123983140.5176,10133394839.7576,0.909485669430095,-0.11110208535852
5829,1.98509,-0.243739,-21471875427.9756,7409827792.55732,0.915346582363408,0.777752503777643
5829,1.98904,-0.209057,-21365631654.3443,7466298287.40713,0.910462498171767,-0.333308963386425
5828,1.99239,-0.174311,-21437672904.5652,4713602551.63959,0.91241614374965,0.555523964001481
5828,1.99513,-0.139513,-21144638835.325,4697710277.50326,0.912416143752221,-0.555523964238393
5827,1.99726,-0.104672,-20949471418.2024,1988025503.01986,0.910462498170182,0.333308963148836
5827,1.99878,-0.069799,-20533332224.6176,1960941522.53963,0.915346582367075,-0.777752504016468
5826,1.9997,-0.0349048,-20169248724.6608,-609949524.179618,0.909485669429527,0.111102085121839
