origElemNum,globCoord-x,globCoord-y,acouIntensity-x,acouIntensity-y,locCoord-xi,locCoord-eta
5825,2,-2.20442e-18,4.02365747008294e-08,2.25234516318981e-09,0.919253778304535,0.999999999870795
5825,1.9997,0.0349048,2.99438118703472e-08,1.71382455421548e-09,0.909485669430051,-0.11110208537854
5824,1.99878,0.069799,2.02977565348845e-08,1.84023732951628e-09,0.915346582363134,0.7777525037628
5824,1.99726,0.104672,1.13503349450365e-08,1.04760867469356e-09,0.910462498171695,-0.333308963393583
5823,1.99513,0.139513,3.06225055251929e-09,3.85946820631178e-10,0.912416143749585,0.555523964001403
5823,1.99239,0.174311,-4.53328980047648e-09,-5.80901205893842e-10,0.912416143752112,-0.555523964232293
5822,1.98904,0.209057,-1.14244138073316e-08,-1.85432379699632e-09,0.910462498170195,0.33330896316169
5822,1.98509,0.243739,-1.76701157494051e-08,-2.91593899293937e-09,0.915346582366752,-0.777752503996411
5821,1.98054,0.278346,-2.31459268193018e-08,-4.62414683382042e-09,0.909485669429537,0.111102085145532
5820,1.97538,0.312869,-2.79107330402806e-08,-6.58023714544938e-09,0.91925377830504,0.999999999897275
5820,1.96962,0.347296,-3.21067536608637e-08,-7.66812585882979e-09,0.909485669429959,-0.111102085350008
5819,1.96325,0.381618,-3.5454885044693e-08,-9.78078295806722e-09,0.915346582363608,0.777752503792493
5819,1.9563,0.415823,-3.83290823445868e-08,-1.07331685043957e-08,0.910462498171543,-0.333308963366333
5818,1.94874,0.449902,-4.02824763293402e-08,-1.28304259890089e-08,0.912416143749872,0.555523964026318
5818,1.94059,0.483844,-4.18627957689496e-08,-1.35728985283496e-08,0.912416143751876,-0.555523964209557
5817,1.93185,0.517638,-4.24669535566916e-08,-1.54917060898592e-08,0.910462498170338,0.333308963182653
5817,1.92252,0.551275,-4.27929538664935e-08,-1.59546024350995e-08,0.915346582366455,-0.777752503976955
5816,1.91261,0.584743,-4.21143026777133e-08,-1.75437027662622e-08,0.909485669429567,0.111102085165898
5815,1.90211,0.618034,-4.0811136397802e-08,-1.89588094016672e-08,0.919253778305533,0.999999999919169
5815,1.89104,0.651136,-3.93519530731455e-08,-1.8779595447368e-08,0.909485669429933,-0.111102085328256
5814,1.87939,0.68404,-3.68914549588425e-08,-1.96392383177363e-08,0.915346582363941,0.777752503814277
5814,1.86716,0.716736,-3.43238643212281e-08,-1.90016792064661e-08,0.910462498171402,-0.333308963343933
5813,1.85437,0.749213,-3.08085841469033e-08,-1.91709594628419e-08,0.912416143750119,0.555523964050056
5813,1.84101,0.781462,-2.71905896754615e-08,-1.80223534655187e-08,0.912416143751575,-0.555523964183394
5812,1.82709,0.813473,-2.27344379669806e-08,-1.73782302420748e-08,0.910462498170486,0.333308963212263
5812,1.81262,0.845237,-1.81261065661841e-08,-1.56696784806882e-08,0.915346582365915,-0.777752503943209
5811,1.79759,0.876742,-1.28498400144186e-08,-1.41057926748649e-08,0.909485669429635,0.111102085200681
5810,1.78201,0.907981,-7.19238573062373e-09,-1.20285403249268e-08,0.919253778306195,0.999999999954235
5810,1.7659,0.938943,-1.3439673385845e-09,-9.21775463045848e-09,0.909485669429844,-0.111102085292603
5809,1.74924,0.969619,4.93678149939893e-09,-6.07637208967939e-09,0.915346582364538,0.777752503850291
5809,1.73205,1,1.15802644598632e-08,-2.59457935673575e-09,0.910462498171199,-0.333308963308445
5808,1.71433,1.03008,1.83391201304804e-08,1.6843262895914e-09,0.912416143750526,0.555523964084446
5808,1.6961,1.05984,2.57048648520284e-08,5.8640317998788e-09,0.912416143751246,-0.555523964150953
5807,1.67734,1.08928,3.27890544592818e-08,1.13357728978414e-08,0.910462498170725,0.333308963242434
5807,1.65808,1.11839,4.08013858346714e-08,1.62338430808557e-08,0.915346582365508,-0.777752503915519
5806,1.6383,1.14715,4.80566711939937e-08,2.29326908070222e-08,0.909485669429676,0.11110208522853
5805,1.61803,1.17557,5.5357436926372e-08,3.03288146598557e-08,0.919253778306765,0.999999999982884
5805,1.59727,1.20363,6.39110754943007e-08,3.65096158259859e-08,0.909485669429817,-0.111102085265541
5804,1.57602,1.23132,7.11460385520122e-08,4.51691509461723e-08,0.9153465823649,0.777752503876539
5804,1.55429,1.25864,8.0120614630012e-08,5.20866955708815e-08,0.910462498170939,-0.333308963279996
5803,1.53209,1.28558,8.71308311576996e-08,6.2015466974239e-08,0.912416143750815,0.555523964114853
5803,1.50942,1.31212,9.64539504500435e-08,6.96698842253024e-08,0.91241614375085,-0.555523964118972
5802,1.48629,1.33826,1.03080709533041e-07,8.08586381218387e-08,0.910462498170897,0.333308963276791
5802,1.46271,1.364,1.12679367647085e-07,8.92440658868432e-08,0.915346582364929,-0.77775250387822
5801,1.43868,1.38932,1.18763294850085e-07,1.01664752936467e-07,0.909485669429954,0.111102085257182
5801,1.41421,1.41421,1.28563038777826e-07,1.10767993285783e-07,0.919253778307104,-0.999999999999994
850,1.38932,1.43868,1.33944379990825e-07,1.24374353992822e-07,0.909485669429991,-0.111102085260227
849,1.364,1.46271,1.38903723532955e-07,1.38696580173711e-07,0.915346582364834,0.777752503871359
849,1.33826,1.48629,1.48392152231464e-07,1.48902539316839e-07,0.910462498171096,-0.333308963290402
848,1.31212,1.50942,1.52413892486041e-07,1.6431251791657e-07,0.912416143750729,0.555523964099008
848,1.28558,1.53209,1.61882941896004e-07,1.75136333314194e-07,0.912416143751184,-0.555523964140596
847,1.25864,1.55429,1.64823874021923e-07,1.91534877915224e-07,0.910462498170846,0.333308963247574
847,1.23132,1.57602,1.74200974777676e-07,2.02931426629066e-07,0.915346582365554,-0.777752503916259
846,1.20363,1.59727,1.7592334040787e-07,2.20197498633836e-07,0.90948566942978,0.111102085221654
845,1.17557,1.61803,1.76971767197955e-07,2.38043247137529e-07,0.919253778306528,0.999999999969813
845,1.14715,1.6383,1.8551257291095e-07,2.50105277002388e-07,0.909485669429915,-0.111102085282135
844,1.11839,1.65808,1.8516416939106e-07,2.68607642785512e-07,0.915346582364625,0.777752503855763
844,1.08928,1.67734,1.93417364056537e-07,2.81040877856131e-07,0.910462498171253,-0.333308963307521
843,1.05984,1.6961,1.9158214290058e-07,3.00034930736903e-07,0.912416143750542,0.555523964080906
843,1.03008,1.71433,1.99493185778723e-07,3.12768843269497e-07,0.912416143751377,-0.555523964158847
842,1,1.73205,1.9609559845297e-07,3.32080336568227e-07,0.910462498170698,0.333308963230309
842,0.969619,1.74924,2.03615273957632e-07,3.45039263778114e-07,0.915346582365766,-0.777752503931825
841,0.938943,1.7659,1.9857996289064e-07,3.64487753653106e-07,0.909485669429764,0.111102085205048
840,0.907981,1.78201,1.92683581888021e-07,3.84199812294364e-07,0.919253778306164,0.99999999995148
840,0.876742,1.79759,1.98923043826038e-07,3.96980663850957e-07,0.909485669429979,-0.11110208530158
839,0.845237,1.81262,1.91305876746403e-07,4.16546920864924e-07,0.91534658236432,0.777752503835068
839,0.813473,1.82709,1.97048203878371e-07,4.29264919135582e-07,0.91046249817139,-0.33330896333004
838,0.781462,1.84101,1.87704441855822e-07,4.48471712773312e-07,0.912416143750255,0.555523964056983
838,0.749213,1.85437,1.92927543805317e-07,4.61034133095147e-07,0.912416143751674,-0.555523964183563
837,0.716736,1.86716,1.81875979502167e-07,4.79665087315322e-07,0.910462498170584,0.333308963203304
837,0.68404,1.87939,1.86564883686632e-07,4.91976136400769e-07,0.915346582366261,-0.777752503962098
836,0.651136,1.89104,1.73832734134719e-07,5.09817344917661e-07,0.909485669429719,0.111102085173086
835,0.618034,1.90211,1.60268922318586e-07,5.27534574261633e-07,0.919253778305509,0.999999999918205
835,0.584743,1.91261,1.63610305409448e-07,5.38620474506718e-07,0.909485669430073,-0.111102085335132
834,0.551275,1.92252,1.48452598295511e-07,5.55243293797226e-07,0.915346582363819,0.777752503801204
834,0.517638,1.93185,1.51281595585906e-07,5.65764136201264e-07,0.910462498171637,-0.333308963364254
833,0.483844,1.94059,1.34625590818658e-07,5.81078543767574e-07,0.912416143749877,0.55552396402192
833,0.449902,1.94874,1.36960387771271e-07,5.90937415203119e-07,0.91241614375206,-0.555523964220202
832,0.415823,1.9563,1.18919764428141e-07,6.04740769906246e-07,0.910462498170279,0.333308963168166
832,0.381618,1.96325,1.20787635577998e-07,6.1384796142989e-07,0.915346582366717,-0.777752503993703
831,0.347296,1.96962,1.01489589105596e-07,6.25962170708123e-07,0.909485669429573,0.111102085145737
830,0.312869,1.97538,8.16082750994805e-08,6.37619413928424e-07,0.919253778305012,0.99999999989529
830,0.278346,1.98054,8.25207198030551e-08,6.44513111239359e-07,0.909485669430091,-0.111102085358547
829,0.243739,1.98509,6.1634177070248e-08,6.54265355761414e-07,0.915346582363415,0.77775250377766
829,0.209057,1.98904,6.22359903564676e-08,6.60186564843049e-07,0.910462498171767,-0.333308963386422
828,0.174311,1.99239,4.05334725443795e-08,6.67900306497319e-07,0.912416143749651,0.55552396400147
828,0.139513,1.99513,4.0879688384592e-08,6.72791171067028e-07,0.912416143752224,-0.555523964238419
827,0.104672,1.99726,1.85553167978412e-08,6.78350541042813e-07,0.910462498170184,0.33330896314881
827,0.069799,1.99878,1.87057996934629e-08,6.82163829283367e-07,0.915346582367074,-0.777752504016452
826,0.0349048,1.9997,-4.04399016049248e-09,6.85480108915414e-07,0.909485669429527,0.111102085121841
825,1.27747e-16,2,-2.69592883749577e-08,6.88180783947019e-07,0.919253778304535,0.999999999870799
825,-0.0349048,1.9997,-2.69924387288205e-08,6.89193275522588e-07,0.909485669430051,-0.111102085378537
824,-0.069799,1.99878,-5.00073664034636e-08,6.89582126487514e-07,0.915346582363134,0.777752503762801
824,-0.104672,1.99726,-5.00056584567834e-08,6.89434678138148e-07,0.910462498171695,-0.333308963393583
823,-0.139513,1.99513,-7.29057815059169e-08,6.87494097872985e-07,0.912416143749585,0.555523964001401
823,-0.174311,1.99239,-7.28009054568659e-08,6.8619167554811e-07,0.912416143752112,-0.555523964232297
822,-0.209057,1.98904,-9.53751149987203e-08,6.81936468315429e-07,0.910462498170195,0.333308963161685
822,-0.243739,1.98509,-9.51006760878316e-08,6.79499511978397e-07,0.915346582366744,-0.777752503996403
821,-0.278346,1.98054,-1.17130972324423e-07,6.72979733420417e-07,0.909485669429538,0.111102085145537
820,-0.312869,1.97538,-1.38877650209794e-07,6.65918913604478e-07,0.919253778305041,0.999999999897278
820,-0.347296,1.96962,-1.37891117531345e-07,6.60732165989614e-07,0.90948566942996,-0.111102085350006
819,-0.381618,1.96325,-1.58762278816776e-07,6.51529197717996e-07,0.915346582363608,0.777752503792493
819,-0.415823,1.9563,-1.57389517775215e-07,6.45317200471409e-07,0.910462498171543,-0.333308963366333
818,-0.449902,1.94874,-1.77204763127456e-07,6.34065119670488e-07,0.912416143749872,0.555523964026316
818,-0.483844,1.94059,-1.75392851588792e-07,6.26879995812684e-07,0.912416143751875,-0.555523964209561
817,-0.517638,1.93185,-1.93985018202011e-07,6.13702279185652e-07,0.910462498170336,0.333308963182646
817,-0.551275,1.92252,-1.91690143358261e-07,6.05616224425113e-07,0.915346582366457,-0.777752503976948
816,-0.584743,1.91261,-2.08894791527295e-07,5.90675752967705e-07,0.909485669429562,0.111102085165907
815,-0.618034,1.90211,-2.25469135606363e-07,5.75474347795713e-07,0.919253778305526,0.999999999919175
815,-0.651136,1.89104,-2.21749051167229e-07,5.65256233647013e-07,0.909485669429935,-0.111102085328253
814,-0.68404,1.87939,-2.36726581129233e-07,5.48567704403873e-07,0.915346582363941,0.777752503814277
814,-0.716736,1.86716,-2.32408705748206e-07,5.37720257443846e-07,0.910462498171402,-0.333308963343933
813,-0.749213,1.85437,-2.45700090196471e-07,5.19732423425596e-07,0.912416143750117,0.555523964050053
813,-0.781462,1.84101,-2.40773680204209e-07,5.0835099956651e-07,0.912416143751584,-0.555523964183396
812,-0.813473,1.82709,-2.52297791711018e-07,4.89268936065896e-07,0.910462498170484,0.33330896321226
812,-0.845237,1.81262,-2.46760873116222e-07,4.77451241915172e-07,0.91534658236591,-0.7777525039432
811,-0.876742,1.79759,-2.56434126609893e-07,4.57497894471479e-07,0.909485669429639,0.111102085200672
810,-0.907981,1.78201,-2.65311312374325e-07,4.37687464884097e-07,0.919253778306197,0.999999999954239
810,-0.938943,1.7659,-2.58058698406039e-07,4.24745880599357e-07,0.909485669429848,-0.111102085292613
809,-0.969619,1.74924,-2.65030359796545e-07,4.04392036590383e-07,0.915346582364533,0.777752503850298
809,-1,1.73205,-2.57189247235936e-07,3.91331389781512e-07,0.910462498171205,-0.333308963308436
808,-1.03008,1.71433,-2.62285503073977e-07,3.70641682951383e-07,0.912416143750522,0.55552396408444
808,-1.05984,1.6961,-2.53889484750003e-07,3.57559527999789e-07,0.912416143751243,-0.555523964150944
807,-1.08928,1.67734,-2.57144962810312e-07,3.36740140014092e-07,0.910462498170733,0.33330896324243
807,-1.11839,1.65808,-2.48231188087073e-07,3.23725237584801e-07,0.915346582365511,-0.777752503915504
806,-1.14715,1.6383,-2.49672484616622e-07,3.02993092634988e-07,0.909485669429678,0.11110208522852
805,-1.17557,1.61803,-2.50405913031422e-07,2.82781159241714e-07,0.91925377830677,0.999999999982889
805,-1.20363,1.59727,-2.39963469157094e-07,2.69707738524535e-07,0.909485669429819,-0.111102085265551
804,-1.23132,1.57602,-2.389668455004e-07,2.49895097234495e-07,0.915346582364893,0.777752503876544
804,-1.25864,1.55429,-2.28166700455066e-07,2.37183842916284e-07,0.910462498170937,-0.333308963279986
803,-1.28558,1.53209,-2.25555849761739e-07,2.17970474821354e-07,0.912416143750809,0.555523964114847
803,-1.31212,1.50942,-2.14477285004369e-07,2.05706378764837e-07,0.912416143750849,-0.555523964118962
802,-1.33826,1.48629,-2.10383852949786e-07,1.87278017125752e-07,0.910462498170897,0.333308963276791
802,-1.364,1.46271,-1.99106726913463e-07,1.75533314457482e-07,0.915346582364928,-0.77775250387821
801,-1.38932,1.43868,-1.93671754114384e-07,1.58054730191017e-07,0.909485669429954,0.111102085257172
801,-1.41421,1.41421,-1.82276981621269e-07,1.46891020365789e-07,0.919253778307104,-0.999999999999994
15850,-1.43868,1.38932,-1.75661240760818e-07,1.30505278044142e-07,0.909485669429991,-0.111102085260237
15849,-1.46271,1.364,-1.68685368188776e-07,1.14959697908479e-07,0.915346582364828,0.777752503871364
15849,-1.48629,1.33826,-1.56619643456269e-07,1.04809262740362e-07,0.910462498171103,-0.333308963290387
15848,-1.50942,1.31212,-1.48729633751264e-07,9.05158891834085e-08,0.912416143750729,0.555523964099008
15848,-1.53209,1.28558,-1.36829147701102e-07,8.11251544024776e-08,0.912416143751185,-0.555523964140586
15847,-1.55429,1.25864,-1.28215125281191e-07,6.81827535923016e-08,0.910462498170851,0.333308963247569
15847,-1.57602,1.23132,-1.16576486617906e-07,5.95814462049029e-08,0.915346582365555,-0.777752503916249
15846,-1.59727,1.20363,-1.07434234027949e-07,4.80604150383096e-08,0.909485669429784,0.111102085221639
15845,-1.61803,1.17557,-9.82303752424025e-08,3.74070763486545e-08,0.919253778306531,0.999999999969823
15845,-1.6383,1.14715,-8.66844574612254e-08,3.02143204034693e-08,0.909485669429917,-0.111102085282151
15844,-1.65808,1.11839,-7.72435451442763e-08,2.10294618860011e-08,0.915346582364627,0.777752503855772
15844,-1.67734,1.08928,-6.62685238684053e-08,1.46910609011299e-08,0.910462498171251,-0.333308963307506
15843,-1.6961,1.05984,-5.67936195072245e-08,7.00657863673393e-09,0.912416143750542,0.555523964080906
15843,-1.71433,1.03008,-4.64918872377812e-08,1.51761536916183e-09,0.912416143751375,-0.555523964158831
15842,-1.73205,1,-3.71931593716668e-08,-4.6627478355007e-09,0.910462498170697,0.333308963230296
15842,-1.74924,0.969619,-2.76650433842595e-08,-9.31609023634068e-09,0.915346582365764,-0.777752503931822
15841,-1.7659,0.938943,-1.87593417751528e-08,-1.40356581353627e-08,0.909485669429762,0.111102085205035
15840,-1.78201,0.907981,-1.01766921324739e-08,-1.80344303451149e-08,0.919253778306162,0.999999999951483
15840,-1.79759,0.876742,-1.7911833323011e-09,-2.1212880304396e-08,0.909485669429984,-0.111102085301589
15839,-1.81262,0.845237,6.10989369061409e-09,-2.38912536254839e-08,0.915346582364318,0.777752503835071
15839,-1.82709,0.813473,1.34396232468196e-08,-2.6315149894418e-08,0.910462498171391,-0.333308963330024
15838,-1.84101,0.781462,2.04859168151866e-08,-2.77513037526741e-08,0.912416143750253,0.555523964056986
15838,-1.85437,0.749213,2.66840124087636e-08,-2.94720428480227e-08,0.912416143751674,-0.555523964183544
15837,-1.86716,0.716736,3.27079767623808e-08,-2.97646876850726e-08,0.910462498170589,0.333308963203294
15837,-1.87939,0.68404,3.77027699297374e-08,-3.08393358297945e-08,0.915346582366259,-0.777752503962095
15836,-1.89104,0.651136,4.25438782094752e-08,-3.01216651692728e-08,0.909485669429715,0.111102085173074
15835,-1.90211,0.618034,4.6787820707929e-08,-2.90294732051031e-08,0.919253778305508,0.999999999918209
15835,-1.91261,0.584743,4.9791456584409e-08,-2.9045060773253e-08,0.909485669430068,-0.111102085335144
15834,-1.92252,0.551275,5.26691422998338e-08,-2.72026945931523e-08,0.915346582363818,0.777752503801208
15834,-1.93185,0.517638,5.42842263035878e-08,-2.67730550950009e-08,0.910462498171639,-0.333308963364235
15833,-1.94059,0.483844,5.56892067532162e-08,-2.4346198962752e-08,0.912416143749876,0.555523964021923
15833,-1.94874,0.449902,5.58764790648542e-08,-2.35511084599756e-08,0.912416143752063,-0.555523964220183
15832,-1.9563,0.415823,5.57130214192972e-08,-2.07203099418854e-08,0.910462498170272,0.333308963168156
15832,-1.96325,0.381618,5.44384889060303e-08,-1.96424258050326e-08,0.915346582366716,-0.7777525039937
15831,-1.96962,0.347296,5.26345144913824e-08,-1.6605958682182e-08,0.909485669429575,0.111102085145728
15830,-1.97538,0.312869,5.01415771929662e-08,-1.36849057931866e-08,0.91925377830502,0.999999999895294
15830,-1.98054,0.278346,4.63984859893124e-08,-1.22975108904281e-08,0.909485669430092,-0.111102085358556
15829,-1.98509,0.243739,4.22365010698607e-08,-9.49348914193343e-09,0.915346582363415,0.777752503777664
15829,-1.98904,0.209057,3.69889126732116e-08,-8.09023098741165e-09,0.910462498171765,-0.333308963386404
15828,-1.99239,0.174311,3.1151885202457e-08,-5.60894233633704e-09,0.912416143749651,0.555523964001473
15828,-1.99513,0.139513,2.44076746420048e-08,-4.27974497341354e-09,0.912416143752222,-0.5555239642384
15827,-1.99726,0.104672,1.69057543411617e-08,-2.33019797545922e-09,0.910462498170184,0.3333089631488
15827,-1.99878,0.069799,8.68235957103566e-09,-1.16464688603874e-09,0.915346582367074,-0.777752504016448
15826,-1.9997,0.0349048,-4.45881809290971e-10,4.34745717194208e-11,0.909485669429527,0.111102085121831
15825,-2,2.46315e-16,-1.01179088283008e-08,6.24714260090252e-10,0.919253778304535,0.999999999870803
15825,-1.9997,-0.0349048,-2.08060697696023e-08,1.21905643064498e-09,0.909485669430051,-0.111102085378547
15824,-1.99878,-0.069799,-3.19777937919777e-08,7.44794165495029e-10,0.915346582363134,0.777752503762804
15824,-1.99726,-0.104672,-4.40487929587602e-08,9.13413966407317e-10,0.910462498171696,-0.333308963393566
15823,-1.99513,-0.139513,-5.66230216803023e-08,-8.07659957326162e-10,0.912416143749586,0.555523964001405
15823,-1.99239,-0.174311,-7.00198137146862e-08,-1.14360679926616e-09,0.912416143752114,-0.555523964232279
15822,-1.98904,-0.209057,-8.38715227884068e-08,-4.29058382713969e-09,0.910462498170195,0.333308963161688
15822,-1.98509,-0.243739,-9.85218588843798e-08,-5.2044513755347e-09,0.915346582366744,-0.7777525039964
15821,-1.98054,-0.278346,-1.13494040002852e-07,-9.94337862215434e-09,0.909485669429545,0.111102085145526
15820,-1.97538,-0.312869,-1.28643268915567e-07,-1.57251911529238e-08,0.919253778305042,0.999999999897283
15820,-1.96962,-0.347296,-1.45237055612939e-07,-1.79864199757866e-08,0.909485669429957,-0.111102085350017
15819,-1.96325,-0.381618,-1.61236911283293e-07,-2.55895834054933e-08,0.915346582363609,0.777752503792499
15819,-1.9563,-0.415823,-1.78858519691251e-07,-2.86217058171753e-08,0.910462498171549,-0.333308963366345
15818,-1.94874,-0.449902,-1.95541486908992e-07,-3.81711994960199e-08,0.912416143749872,0.555523964026319
15818,-1.94059,-0.483844,-2.14110197951686e-07,-4.20248024141693e-08,0.91241614375188,-0.555523964209544
15817,-1.93185,-0.517638,-2.31279133869852e-07,-5.36232484670942e-08,0.910462498170337,0.33330896318265
15817,-1.92252,-0.551275,-2.50689304545298e-07,-5.83375150790391e-08,0.915346582366458,-0.777752503976945
15816,-1.91261,-0.584743,-2.68111811599851e-07,-7.20676020870201e-08,0.909485669429567,0.111102085165898
15815,-1.90211,-0.618034,-2.85197337747996e-07,-8.70632795621027e-08,0.919253778305528,0.999999999919178
15815,-1.89104,-0.651136,-3.05686683865688e-07,-9.359804667041e-08,0.90948566942994,-0.111102085328262
15814,-1.87939,-0.68404,-3.22661452855467e-07,-1.10805201572946e-07,0.915346582363942,0.77775250381428
15814,-1.86716,-0.716736,-3.43666341823663e-07,-1.18273097749712e-07,0.910462498171397,-0.333308963343943
15813,-1.85437,-0.749213,-3.60300975243406e-07,-1.37705193152261e-07,0.912416143750119,0.555523964050056
15813,-1.84101,-0.781462,-3.81706564276224e-07,-1.46109170284572e-07,0.912416143751582,-0.555523964183381
15812,-1.82709,-0.813473,-3.97753003392563e-07,-1.67756776747338e-07,0.910462498170486,0.333308963212263
15812,-1.81262,-0.845237,-4.19439900166119e-07,-1.77088787253478e-07,0.915346582365912,-0.777752503943197
15811,-1.79759,-0.876742,-4.34647718592997e-07,-2.00937729692269e-07,0.909485669429641,0.111102085200675
15810,-1.78201,-0.907981,-4.48948683468365e-07,-2.26027835552897e-07,0.919253778306197,0.999999999954239
15810,-1.7659,-0.938943,-4.70638596296041e-07,-2.37205722620747e-07,0.90948566942985,-0.11110208529261
15809,-1.74924,-0.969619,-4.83741528629183e-07,-2.64415793483313e-07,0.915346582364535,0.777752503850301
15809,-1.73205,-1,-5.05386829245798e-07,-2.76460391955263e-07,0.9104624981712,-0.333308963308458
15808,-1.71433,-1.03008,-5.17064416397291e-07,-3.0567536031094e-07,0.912416143750526,0.555523964084446
15808,-1.6961,-1.05984,-5.38551858279616e-07,-3.18542088692443e-07,0.912416143751243,-0.555523964150944
15807,-1.67734,-1.08928,-5.48583735536291e-07,-3.49630992136872e-07,0.910462498170725,0.333308963242434
15807,-1.65808,-1.11839,-5.69817420950092e-07,-3.632747578172e-07,0.915346582365503,-0.7777525039155
15806,-1.6383,-1.14715,-5.77993871092404e-07,-3.96119080258454e-07,0.90948566942967,0.111102085228524
15805,-1.61803,-1.17557,-5.84787572651607e-07,-4.29902710331448e-07,0.919253778306763,0.999999999982893
15805,-1.59727,-1.20363,-6.05012728235634e-07,-4.44965178482553e-07,0.909485669429812,-0.111102085265547
15804,-1.57602,-1.23132,-6.09660185816754e-07,-4.80286969172395e-07,0.915346582364898,0.777752503876549
15804,-1.55429,-1.25864,-6.29361171321944e-07,-4.95944389242641e-07,0.910462498170935,-0.333308963280012
15803,-1.53209,-1.28558,-6.31669844715103e-07,-5.32601285623821e-07,0.912416143750815,0.555523964114853
15803,-1.50942,-1.31212,-6.5074809026045e-07,-5.48764060404507e-07,0.912416143750855,-0.555523964118957
15802,-1.48629,-1.33826,-6.50538981386394e-07,-5.86532351468536e-07,0.910462498170897,0.333308963276791
15802,-1.46271,-1.364,-6.68918104224967e-07,-6.03116537991794e-07,0.915346582364928,-0.77775250387821
15801,-1.43868,-1.38932,-6.66054064179875e-07,-6.41779116962235e-07,0.909485669429954,0.111102085257172
15801,-1.41421,-1.41421,-6.83681175789971e-07,-6.58711417187917e-07,0.919253778307098,-0.999999999999989
10084,-1.38932,-1.43868,-6.78056057615311e-07,-6.98038814632293e-07,-0.909485669429983,0.111102085260242
10184,-1.364,-1.46271,-6.70714775125925e-07,-7.37678146163899e-07,-0.915346582364814,-0.777752503871363
10184,-1.33826,-1.48629,-6.86403805876511e-07,-7.54973807178813e-07,-0.910462498171062,0.333308963290425
10284,-1.31212,-1.50942,-6.76189959440706e-07,-7.94875595709312e-07,-0.912416143750702,-0.555523964098991
10284,-1.28558,-1.53209,-6.90966455673903e-07,-8.12219797995052e-07,-0.912416143751175,0.55552396414059
10384,-1.25864,-1.55429,-6.77819193401454e-07,-8.52122139118898e-07,-0.910462498170858,-0.333308963247603
10384,-1.23132,-1.57602,-6.91661229685919e-07,-8.69430719047317e-07,-0.915346582365569,0.777752503916277
10484,-1.20363,-1.59727,-6.7557090033075e-07,-9.09092864657589e-07,-0.909485669429755,-0.111102085221656
10584,-1.17557,-1.61803,-6.57771846125512e-07,-9.48612268947882e-07,-0.919253778306467,-0.999999999969833
10584,-1.14715,-1.6383,-6.69462325536116e-07,-9.65480625046976e-07,-0.909485669429891,0.111102085282108
10684,-1.11839,-1.65808,-6.48760663275171e-07,-1.00438629603394e-06,-0.915346582364624,-0.777752503855743
10684,-1.08928,-1.67734,-6.5949432289719e-07,-1.02094689702961e-06,-0.910462498171255,0.333308963307532
10784,-1.05984,-1.6961,-6.35884129968916e-07,-1.05898012783352e-06,-0.912416143750544,-0.555523964080908
10784,-1.03008,-1.71433,-6.45660161431348e-07,-1.0751382138057e-06,-0.912416143751393,0.555523964158839
10884,-1,-1.73205,-6.19166630035884e-07,-1.11204149118111e-06,-0.910462498170715,-0.333308963230315
10884,-0.969619,-1.74924,-6.27995990692428e-07,-1.12771145516787e-06,-0.915346582365772,0.777752503931858
10984,-0.938943,-1.7659,-5.98720560466132e-07,-1.16322884971835e-06,-0.909485669429763,-0.111102085205032
11084,-0.907981,-1.78201,-5.67963960025309e-07,-1.19805160303124e-06,-0.919253778306154,-0.99999999995149
11084,-0.876742,-1.79759,-5.74724018112742e-07,-1.21223294793325e-06,-0.909485669429981,0.111102085301552
11184,-0.845237,-1.81262,-5.41441067968119e-07,-1.2453020936182e-06,-0.915346582364332,-0.777752503835052
11184,-0.813473,-1.82709,-5.47351138348543e-07,-1.25875625230407e-06,-0.910462498171421,0.333308963330044
11284,-0.781462,-1.84101,-5.11646132835091e-07,-1.28986281229408e-06,-0.912416143750289,-0.555523964056998
11284,-0.749213,-1.85437,-5.16748643712018e-07,-1.30252931979418e-06,-0.912416143751684,0.555523964183542
11384,-0.716736,-1.86716,-4.7874506198402e-07,-1.33148919176508e-06,-0.910462498170579,-0.333308963203316
11384,-0.68404,-1.87939,-4.83093952309114e-07,-1.34333280971241e-06,-0.915346582366256,0.777752503962127
11484,-0.651136,-1.89104,-4.42973014717192e-07,-1.36997263435082e-06,-0.9094856694297,-0.111102085173069
11584,-0.618034,-1.90211,-4.01800025952275e-07,-1.3955251236281e-06,-0.919253778305473,-0.9999999999182
11584,-0.584743,-1.91261,-4.04596308879999e-07,-1.40510294015039e-06,-0.909485669430035,0.111102085335111
11684,-0.551275,-1.92252,-3.61651701344923e-07,-1.42808856790047e-06,-0.915346582363772,-0.777752503801188
11684,-0.517638,-1.93185,-3.63879687561632e-07,-1.4367064692076e-06,-0.910462498171642,0.333308963364261
11784,-0.483844,-1.94059,-3.19351824092163e-07,-1.45701993923105e-06,-0.912416143749915,-0.555523964021929
11784,-0.449902,-1.94874,-3.21080405708824e-07,-1.46468780717115e-06,-0.912416143752077,0.555523964220183
11884,-0.415823,-1.9563,-2.75177382758606e-07,-1.48224887665414e-06,-0.910462498170266,-0.33330896316818
11884,-0.381618,-1.96325,-2.76471668975455e-07,-1.48897412587298e-06,-0.915346582366712,0.777752503993725
11984,-0.347296,-1.96962,-2.29426454619392e-07,-1.50367481919182e-06,-0.909485669429565,-0.111102085145729
12084,-0.312869,-1.97538,-1.81894439739195e-07,-1.51710326420486e-06,-0.919253778305011,-0.999999999895287
12084,-0.278346,-1.98054,-1.82392691901186e-07,-1.52114975538817e-06,-0.909485669430107,0.111102085358526
12184,-0.243739,-1.98509,-1.34080624841131e-07,-1.53157670391352e-06,-0.915346582363447,-0.777752503777644
12184,-0.209057,-1.98904,-1.3435041169868e-07,-1.53457750980098e-06,-0.910462498171781,0.333308963386432
12284,-0.174311,-1.99239,-8.54681878421721e-08,-1.54196477717252e-06,-0.912416143749663,-0.555523964001473
12284,-0.139513,-1.99513,-8.55758756148801e-08,-1.54395826473496e-06,-0.912416143752267,0.555523964238395
12384,-0.104672,-1.99726,-3.63494967392061e-08,-1.54830475061264e-06,-0.910462498170238,-0.333308963148834
12384,-0.069799,-1.99878,-3.63569215048352e-08,-1.54932079350816e-06,-0.915346582367131,0.777752504016471
12484,-0.0349048,-1.9997,1.29720240347012e-08,-1.55061930571372e-06,-0.909485669429557,-0.111102085121833
12584,-4.35203e-16,-2,6.22485142057354e-08,-1.55067600932308e-06,-0.919253778304537,-0.999999999870803
12584,0.0349048,-1.9997,6.22051126418626e-08,-1.54892300842827e-06,-0.909485669430058,0.111102085378513
12684,0.069799,-1.99878,1.11225395729303e-07,-1.54595492477746e-06,-0.915346582363139,-0.777752503762792
12684,0.104672,-1.99726,1.11073351388575e-07,-1.5432484131226e-06,-0.9104624981717,0.333308963393593
12784,0.139513,-1.99513,1.5961348454145e-07,-1.537280867205e-06,-0.912416143749591,-0.555523964001403
12784,0.174311,-1.99239,1.59297881777481e-07,-1.53364649818498e-06,-0.912416143752134,0.555523964232273
12884,0.209057,-1.98904,2.07128616324977e-07,-1.524711391391e-06,-0.91046249817019,-0.333308963161724
12884,0.243739,-1.98509,2.06595265532721e-07,-1.52016696838864e-06,-0.915346582366752,0.777752503996427
12984,0.278346,-1.98054,2.5350389303629e-07,-1.50829938908692e-06,-0.909485669429543,-0.111102085145531
13084,0.312869,-1.97538,2.99881353766172e-07,-1.49538721005003e-06,-0.919253778305079,-0.999999999897294
13084,0.347296,-1.96962,2.98496147101656e-07,-1.48812997277705e-06,-0.909485669429971,0.111102085349981
13184,0.381618,-1.96325,3.43668216544913e-07,-1.47242088049519e-06,-0.915346582363621,-0.777752503792476
13184,0.415823,-1.9563,3.41879263840632e-07,-1.46435609191296e-06,-0.910462498171561,0.33330896336634
13284,0.449902,-1.94874,3.85649228455755e-07,-1.44597174979043e-06,-0.912416143749886,-0.555523964026324
13284,0.483844,-1.94059,3.83416791035289e-07,-1.4371530681747e-06,-0.912416143751904,0.555523964209538
13384,0.517638,-1.93185,4.25586944278531e-07,-1.41620106365974e-06,-0.910462498170363,-0.333308963182687
13384,0.551275,-1.92252,4.22865974792014e-07,-1.40665232871199e-06,-0.915346582366464,0.777752503976962
13484,0.584743,-1.91261,4.63256124213686e-07,-1.38322308782444e-06,-0.909485669429569,-0.111102085165906
13584,0.618034,-1.90211,5.02749048646546e-07,-1.35907691656644e-06,-0.919253778305519,-0.999999999919186
13584,0.651136,-1.89104,4.98452964854116e-07,-1.34717128618493e-06,-0.909485669429928,0.111102085328226
13684,0.68404,-1.87939,5.35920290691046e-07,-1.32074713009045e-06,-0.915346582363942,-0.777752503814258
13684,0.716736,-1.86716,5.30978973433616e-07,-1.308229483209e-06,-0.910462498171394,0.333308963343945
13784,0.749213,-1.85437,5.66256217242546e-07,-1.27968593523018e-06,-0.912416143750121,-0.555523964050058
13784,0.781462,-1.84101,5.60639131883272e-07,-1.26660589048518e-06,-0.91241614375158,0.555523964183364
13884,0.813473,-1.82709,5.93583137367721e-07,-1.23610511658423e-06,-0.91046249817049,-0.333308963212306
13884,0.845237,-1.81262,5.87263025933408e-07,-1.22251416725617e-06,-0.915346582365913,0.777752503943214
13984,0.876742,-1.79759,6.17771539512483e-07,-1.19022872574789e-06,-0.909485669429626,-0.1111020852007
14084,0.907981,-1.78201,6.47148580960726e-07,-1.15763360434314e-06,-0.919253778306215,-0.999999999954254
14084,0.938943,-1.7659,6.38716463786645e-07,-1.14230528452285e-06,-0.909485669429858,0.111102085292581
14184,0.969619,-1.74924,6.65511161572299e-07,-1.10822103294665e-06,-0.915346582364524,-0.777752503850263
14184,1,-1.73205,6.56297125954441e-07,-1.09258892675032e-06,-0.910462498171194,0.333308963308465
14284,1.03008,-1.71433,6.80397623220209e-07,-1.05721744177177e-06,-0.91241614375052,-0.55552396408445
14284,1.05984,-1.6961,6.70388961008819e-07,-1.04133480688397e-06,-0.912416143751235,0.55552396415093
14384,1.08928,-1.67734,6.91714380961619e-07,-1.00488678932188e-06,-0.910462498170724,-0.333308963242461
14384,1.11839,-1.65808,6.80910860467794e-07,-9.88820989187418e-07,-0.915346582365498,0.777752503915531
14484,1.14715,-1.6383,6.99432334063862e-07,-9.51513634866973e-07,-0.909485669429676,-0.111102085228531
14584,1.17557,-1.61803,7.16707518965804e-07,-9.1436535850282e-07,-0.919253778306762,-0.999999999982903
14584,1.20363,-1.59727,7.03557143984259e-07,-8.97390121404419e-07,-0.909485669429825,0.1111020852655
14684,1.23132,-1.57602,7.18022249844657e-07,-8.59710259735494e-07,-0.91534658236492,-0.777752503876537
14684,1.25864,-1.55429,7.04098291179096e-07,-8.4280042533943e-07,-0.910462498170955,0.333308963280004
14784,1.28558,-1.53209,7.15747392115513e-07,-8.04802131387067e-07,-0.912416143750819,-0.555523964114867
14784,1.31212,-1.50942,7.01062614763107e-07,-7.88013241378179e-07,-0.912416143750872,0.555523964118932
14884,1.33826,-1.48629,7.09908439250565e-07,-7.49910293314828e-07,-0.910462498170903,-0.333308963276861
14884,1.364,-1.46271,6.94487867204379e-07,-7.33306480810852e-07,-0.915346582364901,0.777752503878194
14984,1.38932,-1.43868,7.00576610287555e-07,-6.9532506306739e-07,-0.909485669429939,-0.111102085257194
14984,1.41421,-1.41421,6.84459152719003e-07,-6.78978320591022e-07,-0.919253778307102,0.999999999999985
5850,1.43868,-1.38932,6.87859907255128e-07,-6.41348985614199e-07,0.909485669429985,-0.111102085260202
5849,1.46271,-1.364,6.90112375910983e-07,-6.04437766186794e-07,0.915346582364833,0.777752503871339
5849,1.48629,-1.33826,6.71888129117514e-07,-5.88278337049087e-07,0.910462498171102,-0.333308963290407
5848,1.50942,-1.31212,6.7157830351797e-07,-5.52053327727082e-07,0.91241614375073,0.555523964099018
5848,1.53209,-1.28558,6.52818970714797e-07,-5.36398805554213e-07,0.912416143751186,-0.555523964140576
5847,1.55429,-1.25864,6.50072601642751e-07,-5.01075879018632e-07,0.91046249817085,0.333308963247604
5847,1.57602,-1.23132,6.30852791465038e-07,-4.85993272644436e-07,0.91534658236556,-0.777752503916265
5846,1.59727,-1.20363,6.25826194761879e-07,-4.51784793802905e-07,0.909485669429786,0.111102085221649
5845,1.61803,-1.17557,6.19853799419556e-07,-4.18590728123848e-07,0.919253778306525,0.999999999969829
5845,1.6383,-1.14715,5.99096674941383e-07,-4.04439660054249e-07,0.909485669429914,-0.11110208528211
5844,1.65808,-1.11839,5.91094258000073e-07,-3.72630720550843e-07,0.915346582364627,0.777752503855747
5844,1.67734,-1.08928,5.7014450153194e-07,-3.59256154528355e-07,0.910462498171258,-0.333308963307527
5843,1.6961,-1.05984,5.60296716090639e-07,-3.28976249719953e-07,0.912416143750537,0.555523964080912
5843,1.71433,-1.03008,5.3923618552475e-07,-3.16411523977128e-07,0.912416143751378,-0.555523964158821
5842,1.73205,-1,5.27737213654844e-07,-2.87786655128052e-07,0.910462498170701,0.333308963230334
5842,1.74924,-0.969619,5.06650964634028e-07,-2.76059893504559e-07,0.915346582365767,-0.777752503931841
5841,1.7659,-0.938943,4.93702899340467e-07,-2.49207780639519e-07,0.909485669429766,0.111102085205045
5840,1.78201,-0.907981,4.80198638433073e-07,-2.23591294725579e-07,0.919253778306158,0.99999999995149
5840,1.79759,-0.876742,4.58495930021504e-07,-2.13366355619731e-07,0.909485669429983,-0.111102085301555
5839,1.81262,-0.845237,4.43853313002528e-07,-1.89661450360523e-07,0.915346582364319,0.777752503835052
5839,1.82709,-0.813473,4.22432040207212e-07,-1.8035950218627e-07,0.910462498171384,-0.333308963330046
5838,1.84101,-0.781462,4.0688266269188e-07,-1.5863022501083e-07,0.912416143750258,0.555523964056995
5838,1.85437,-0.749213,3.85849019101854e-07,-1.50256078763864e-07,0.91241614375167,-0.555523964183538
5837,1.86716,-0.716736,3.6963931115553e-07,-1.30551765475692e-07,0.91046249817059,0.333308963203332
5837,1.87939,-0.68404,3.49108395584262e-07,-1.23105234945089e-07,0.915346582366259,-0.777752503962114
5836,1.89104,-0.651136,3.32488385895082e-07,-1.054585010414e-07,0.909485669429712,0.11110208517308
5835,1.90211,-0.618034,3.15766836090368e-07,-8.9095660363816e-08,0.919253778305505,0.999999999918216
5835,1.91261,-0.584743,2.95778920649456e-07,-8.33430584074609e-08,0.909485669430072,-0.111102085335106
5834,1.92252,-0.551275,2.78991214928278e-07,-6.9021492625425e-08,0.915346582363824,0.777752503801191
5834,1.93185,-0.517638,2.59834347455415e-07,-6.41508644400628e-08,0.910462498171638,-0.333308963364257
5833,1.94059,-0.483844,2.43199283447325e-07,-5.18171978203096e-08,0.912416143749874,0.555523964021932
5833,1.94874,-0.449902,2.24951928276676e-07,-4.77847457458766e-08,0.91241614375206,-0.555523964220175
5832,1.9563,-0.415823,2.08667211076704e-07,-3.73614242843751e-08,0.910462498170272,0.333308963168192
5832,1.96325,-0.381618,1.91395982655277e-07,-3.4116352353411e-08,0.915346582366721,-0.777752503993719
5831,1.96962,-0.347296,1.75635561103915e-07,-2.55092730737443e-08,0.909485669429573,0.111102085145735
5830,1.97538,-0.312869,1.60192297004848e-07,-1.79700797082202e-08,0.919253778305019,0.999999999895301
5830,1.98054,-0.278346,1.44320018077525e-07,-1.60974648225985e-08,0.909485669430095,-0.11110208535852
5829,1.98509,-0.243739,1.29639816555897e-07,-1.01991730734388e-08,0.915346582363408,0.777752503777643
5829,1.98904,-0.209057,1.14931356503215e-07,-8.94641965912837e-09,0.910462498171767,-0.333308963386425
5828,1.99239,-0.174311,1.0116621470497e-07,-4.56148092094497e-09,0.91241614374965,0.555523964001481
5828,1.99513,-0.139513,8.76742516489063e-08,-3.86031192744711e-09,0.912416143752221,-0.555523964238393
5827,1.99726,-0.104672,7.49610270605272e-08,-8.48364086600702e-10,0.910462498170182,0.333308963148836
5827,1.99878,-0.069799,6.27278071736417e-08,-6.2660851481737e-10,0.915346582367075,-0.777752504016468
5826,1.9997,-0.0349048,5.11793229944233e-08,1.16429253531165e-09,0.909485669429527,0.111102085121839
