origElemNum,globCoord-x,globCoord-y,acouPotentialD1-,locCoord-xi,locCoord-eta
5825,2,-2.20442e-18,2441061.66402094,0.919253778304535,0.999999999870795
5825,1.9997,0.0349048,2484680.03874295,0.909485669430051,-0.11110208537854
5824,1.99878,0.069799,2531578.23682813,0.915346582363134,0.7777525037628
5824,1.99726,0.104672,2573116.26061683,0.910462498171695,-0.333308963393583
5823,1.99513,0.139513,2620094.29467356,0.912416143749585,0.555523964001403
5823,1.99239,0.174311,2672204.56156168,0.912416143752112,-0.555523964232293
5822,1.98904,0.209057,2722885.24128718,0.910462498170195,0.33330896316169
5822,1.98509,0.243739,2774498.58101972,0.915346582366752,-0.777752503996411
5821,1.98054,0.278346,2807239.23797072,0.909485669429537,0.111102085145532
5820,1.97538,0.312869,2839420.78218369,0.91925377830504,0.999999999897275
5820,1.96962,0.347296,2852892.43373195,0.909485669429959,-0.111102085350008
5819,1.96325,0.381618,2870955.62659781,0.915346582363608,0.777752503792493
5819,1.9563,0.415823,2891207.59007267,0.910462498171543,-0.333308963366333
5818,1.94874,0.449902,2914601.30467741,0.912416143749872,0.555523964026318
5818,1.94059,0.483844,2940107.88342857,0.912416143751876,-0.555523964209557
5817,1.93185,0.517638,2955154.32549178,0.910462498170338,0.333308963182653
5817,1.92252,0.551275,2964812.70565167,0.915346582366455,-0.777752503976955
5816,1.91261,0.584743,2953658.99664118,0.909485669429567,0.111102085165898
5815,1.90211,0.618034,2940772.17756119,0.919253778305533,0.999999999919169
5815,1.89104,0.651136,2913699.49525537,0.909485669429933,-0.111102085328256
5814,1.87939,0.68404,2887743.78045404,0.915346582363941,0.777752503814277
5814,1.86716,0.716736,2852918.42572209,0.910462498171402,-0.333308963343933
5813,1.85437,0.749213,2812394.20116775,0.912416143750119,0.555523964050056
5813,1.84101,0.781462,2761169.26702845,0.912416143751575,-0.555523964183394
5812,1.82709,0.813473,2704848.87046222,0.910462498170486,0.333308963212263
5812,1.81262,0.845237,2646551.16761484,0.915346582365915,-0.777752503943209
5811,1.79759,0.876742,2590445.56875947,0.909485669429635,0.111102085200681
5810,1.78201,0.907981,2537882.64935602,0.919253778306195,0.999999999954235
5810,1.7659,0.938943,2467088.47500342,0.909485669429844,-0.111102085292603
5809,1.74924,0.969619,2390806.03980021,0.915346582364538,0.777752503850291
5809,1.73205,1,2280919.69639867,0.910462498171199,-0.333308963308445
5808,1.71433,1.03008,2163337.95052864,0.912416143750526,0.555523964084446
5808,1.6961,1.05984,2032293.49454717,0.912416143751246,-0.555523964150953
5807,1.67734,1.08928,1902009.19375651,0.910462498170725,0.333308963242434
5807,1.65808,1.11839,1773295.9452339,0.915346582365508,-0.777752503915519
5806,1.6383,1.14715,1641931.32049903,0.909485669429676,0.11110208522853
5805,1.61803,1.17557,1512067.06928521,0.919253778306765,0.999999999982884
5805,1.59727,1.20363,1387050.96686608,0.909485669429817,-0.111102085265541
5804,1.57602,1.23132,1265749.76899136,0.9153465823649,0.777752503876539
5804,1.55429,1.25864,1151712.68105488,0.910462498170939,-0.333308963279996
5803,1.53209,1.28558,1037961.88038088,0.912416143750815,0.555523964114853
5803,1.50942,1.31212,923625.816146828,0.91241614375085,-0.555523964118972
5802,1.48629,1.33826,820745.920759359,0.910462498170897,0.333308963276791
5802,1.46271,1.364,725824.216463425,0.915346582364929,-0.77775250387822
5801,1.43868,1.38932,629398.509734224,0.909485669429954,0.111102085257182
5801,1.41421,1.41421,533285.013004247,0.919253778307104,-0.999999999999994
850,1.38932,1.43868,418646.560466198,0.909485669429991,-0.111102085260227
849,1.364,1.46271,305089.444111619,0.915346582364834,0.777752503871359
849,1.33826,1.48629,193043.692405093,0.910462498171096,-0.333308963290402
848,1.31212,1.50942,77207.1772645613,0.912416143750729,0.555523964099008
848,1.28558,1.53209,-44790.0430596166,0.912416143751184,-0.555523964140596
847,1.25864,1.55429,-161481.856481421,0.910462498170846,0.333308963247574
847,1.23132,1.57602,-274181.36779144,0.915346582365554,-0.777752503916259
846,1.20363,1.59727,-385892.933824306,0.90948566942978,0.111102085221654
845,1.17557,1.61803,-496282.783207678,0.919253778306528,0.999999999969813
845,1.14715,1.6383,-624656.881249671,0.909485669429915,-0.111102085282135
844,1.11839,1.65808,-754913.95542037,0.915346582364625,0.777752503855763
844,1.08928,1.67734,-895817.582226316,0.910462498171253,-0.333308963307521
843,1.05984,1.6961,-1046649.8532966,0.912416143750542,0.555523964080906
843,1.03008,1.71433,-1212541.43966386,0.912416143751377,-0.555523964158847
842,1,1.73205,-1362614.63450684,0.910462498170698,0.333308963230309
842,0.969619,1.74924,-1502106.91915908,0.915346582365766,-0.777752503931825
841,0.938943,1.7659,-1608637.95774208,0.909485669429764,0.111102085205048
840,0.907981,1.78201,-1706576.7126479,0.919253778306164,0.99999999995148
840,0.876742,1.79759,-1811521.73173398,0.909485669429979,-0.11110208530158
839,0.845237,1.81262,-1920507.02622501,0.91534658236432,0.777752503835068
839,0.813473,1.82709,-2047722.66444677,0.91046249817139,-0.33330896333004
838,0.781462,1.84101,-2181388.71490473,0.912416143750255,0.555523964056983
838,0.749213,1.85437,-2325081.25979471,0.912416143751674,-0.555523964183563
837,0.716736,1.86716,-2465504.49019294,0.910462498170584,0.333308963203304
837,0.68404,1.87939,-2603258.27342597,0.915346582366261,-0.777752503962098
836,0.651136,1.89104,-2736303.58821459,0.909485669429719,0.111102085173086
835,0.618034,1.90211,-2866769.28113431,0.919253778305509,0.999999999918205
835,0.584743,1.91261,-2997462.91197341,0.909485669430073,-0.111102085335132
834,0.551275,1.92252,-3122271.26652157,0.915346582363819,0.777752503801204
834,0.517638,1.93185,-3230673.50497746,0.910462498171637,-0.333308963364254
833,0.483844,1.94059,-3324644.18397025,0.912416143749877,0.55552396402192
833,0.449902,1.94874,-3398436.78766675,0.91241614375206,-0.555523964220202
832,0.415823,1.9563,-3459102.410281,0.910462498170279,0.333308963168166
832,0.381618,1.96325,-3509564.47993592,0.915346582366717,-0.777752503993703
831,0.347296,1.96962,-3547945.304144,0.909485669429573,0.111102085145737
830,0.312869,1.97538,-3579624.22876602,0.919253778305012,0.99999999989529
830,0.278346,1.98054,-3602593.05786742,0.909485669430091,-0.111102085358547
829,0.243739,1.98509,-3623634.34487001,0.915346582363415,0.77775250377766
829,0.209057,1.98904,-3653675.5282922,0.910462498171767,-0.333308963386422
828,0.174311,1.99239,-3685507.68954215,0.912416143749651,0.55552396400147
828,0.139513,1.99513,-3723107.77421496,0.912416143752224,-0.555523964238419
827,0.104672,1.99726,-3747407.7218461,0.910462498170184,0.33330896314881
827,0.069799,1.99878,-3760501.07722674,0.915346582367074,-0.777752504016452
826,0.0349048,1.9997,-3747825.81671485,0.909485669429527,0.111102085121841
825,1.27747e-16,2,-3723286.85656739,0.919253778304535,0.999999999870799
825,-0.0349048,1.9997,-3697785.37518024,0.909485669430051,-0.111102085378537
824,-0.069799,1.99878,-3670718.96854419,0.915346582363134,0.777752503762801
824,-0.104672,1.99726,-3659776.3596052,0.910462498171695,-0.333308963393583
823,-0.139513,1.99513,-3644979.71029586,0.912416143749585,0.555523964001401
823,-0.174311,1.99239,-3628212.42866573,0.912416143752112,-0.555523964232297
822,-0.209057,1.98904,-3597321.00761443,0.910462498170195,0.333308963161685
822,-0.243739,1.98509,-3554600.9753385,0.915346582366744,-0.777752503996403
821,-0.278346,1.98054,-3512180.88482806,0.909485669429538,0.111102085145537
820,-0.312869,1.97538,-3464506.88372911,0.919253778305041,0.999999999897278
820,-0.347296,1.96962,-3443110.44341092,0.90948566942996,-0.111102085350006
819,-0.381618,1.96325,-3417523.72286742,0.915346582363608,0.777752503792493
819,-0.415823,1.9563,-3396226.68999969,0.910462498171543,-0.333308963366333
818,-0.449902,1.94874,-3358787.49194252,0.912416143749872,0.555523964026316
818,-0.483844,1.94059,-3300532.28726224,0.912416143751875,-0.555523964209561
817,-0.517638,1.93185,-3227155.16338598,0.910462498170336,0.333308963182646
817,-0.551275,1.92252,-3141761.60141406,0.915346582366457,-0.777752503976948
816,-0.584743,1.91261,-3072399.79646202,0.909485669429562,0.111102085165907
815,-0.618034,1.90211,-3002621.39454609,0.919253778305526,0.999999999919175
815,-0.651136,1.89104,-2952503.66609093,0.909485669429935,-0.111102085328253
814,-0.68404,1.87939,-2893270.68300984,0.915346582363941,0.777752503814277
814,-0.716736,1.86716,-2815350.59816305,0.910462498171402,-0.333308963343933
813,-0.749213,1.85437,-2720729.1845035,0.912416143750117,0.555523964050053
813,-0.781462,1.84101,-2603883.7477356,0.912416143751584,-0.555523964183396
812,-0.813473,1.82709,-2478594.00997725,0.910462498170484,0.33330896321226
812,-0.845237,1.81262,-2346127.64412977,0.91534658236591,-0.7777525039432
811,-0.876742,1.79759,-2207172.48783302,0.909485669429639,0.111102085200672
810,-0.907981,1.78201,-2063313.42806574,0.919253778306197,0.999999999954239
810,-0.938943,1.7659,-1893234.32723797,0.909485669429848,-0.111102085292613
809,-0.969619,1.74924,-1714795.74617776,0.915346582364533,0.777752503850298
809,-1,1.73205,-1514824.59421422,0.910462498171205,-0.333308963308436
808,-1.03008,1.71433,-1307823.04499021,0.912416143750522,0.55552396408444
808,-1.05984,1.6961,-1092130.16533709,0.912416143751243,-0.555523964150944
807,-1.08928,1.67734,-867004.236333583,0.910462498170733,0.33330896324243
807,-1.11839,1.65808,-634494.738783212,0.915346582365511,-0.777752503915504
806,-1.14715,1.6383,-390383.219474495,0.909485669429678,0.11110208522852
805,-1.17557,1.61803,-140783.241467702,0.91925377830677,0.999999999982889
805,-1.20363,1.59727,113086.769158804,0.909485669429819,-0.111102085265551
804,-1.23132,1.57602,371259.233728709,0.915346582364893,0.777752503876544
804,-1.25864,1.55429,635706.943883477,0.910462498170937,-0.333308963279986
803,-1.28558,1.53209,911322.347692073,0.912416143750809,0.555523964114847
803,-1.31212,1.50942,1201787.08925886,0.912416143750849,-0.555523964118962
802,-1.33826,1.48629,1511271.86061026,0.910462498170897,0.333308963276791
802,-1.364,1.46271,1834384.65598759,0.915346582364928,-0.77775250387821
801,-1.38932,1.43868,2172492.05606553,0.909485669429954,0.111102085257172
801,-1.41421,1.41421,2516302.82303509,0.919253778307104,-0.999999999999994
15850,-1.43868,1.38932,2858807.42106608,0.909485669429991,-0.111102085260237
15849,-1.46271,1.364,3200782.36013419,0.915346582364828,0.777752503871364
15849,-1.48629,1.33826,3534089.23142607,0.910462498171103,-0.333308963290387
15848,-1.50942,1.31212,3865914.82710913,0.912416143750729,0.555523964099008
15848,-1.53209,1.28558,4194616.93648689,0.912416143751185,-0.555523964140586
15847,-1.55429,1.25864,4523332.0920351,0.910462498170851,0.333308963247569
15847,-1.57602,1.23132,4852339.33825808,0.915346582365555,-0.777752503916249
15846,-1.59727,1.20363,5165602.13731026,0.909485669429784,0.111102085221639
15845,-1.61803,1.17557,5475543.66616451,0.919253778306531,0.999999999969823
15845,-1.6383,1.14715,5727432.58145862,0.909485669429917,-0.111102085282151
15844,-1.65808,1.11839,5965813.08443538,0.915346582364627,0.777752503855772
15844,-1.67734,1.08928,6148993.08487221,0.910462498171251,-0.333308963307506
15843,-1.6961,1.05984,6318305.27664995,0.912416143750542,0.555523964080906
15843,-1.71433,1.03008,6466885.24858322,0.912416143751375,-0.555523964158831
15842,-1.73205,1,6608629.86423181,0.910462498170697,0.333308963230296
15842,-1.74924,0.969619,6745731.39540305,0.915346582365764,-0.777752503931822
15841,-1.7659,0.938943,6847197.32043833,0.909485669429762,0.111102085205035
15840,-1.78201,0.907981,6939612.37298563,0.919253778306162,0.999999999951483
15840,-1.79759,0.876742,6947843.99666102,0.909485669429984,-0.111102085301589
15839,-1.81262,0.845237,6939960.19437406,0.915346582364318,0.777752503835071
15839,-1.82709,0.813473,6869405.45073684,0.910462498171391,-0.333308963330024
15838,-1.84101,0.781462,6773788.43679182,0.912416143750253,0.555523964056986
15838,-1.85437,0.749213,6641191.25124505,0.912416143751674,-0.555523964183544
15837,-1.86716,0.716736,6466797.36004714,0.910462498170589,0.333308963203294
15837,-1.87939,0.68404,6263613.68069615,0.915346582366259,-0.777752503962095
15836,-1.89104,0.651136,6004413.38635718,0.909485669429715,0.111102085173074
15835,-1.90211,0.618034,5728319.96379952,0.919253778305508,0.999999999918209
15835,-1.91261,0.584743,5415030.55315187,0.909485669430068,-0.111102085335144
15834,-1.92252,0.551275,5098453.56650034,0.915346582363818,0.777752503801208
15834,-1.93185,0.517638,4782692.33286021,0.910462498171639,-0.333308963364235
15833,-1.94059,0.483844,4477506.87010588,0.912416143749876,0.555523964021923
15833,-1.94874,0.449902,4190706.24710551,0.912416143752063,-0.555523964220183
15832,-1.9563,0.415823,3945708.56340311,0.910462498170272,0.333308963168156
15832,-1.96325,0.381618,3727302.00662082,0.915346582366716,-0.7777525039937
15831,-1.96962,0.347296,3593170.23782614,0.909485669429575,0.111102085145728
15830,-1.97538,0.312869,3477787.61624145,0.91925377830502,0.999999999895294
15830,-1.98054,0.278346,3455192.23340229,0.909485669430092,-0.111102085358556
15829,-1.98509,0.243739,3437141.98449487,0.915346582363415,0.777752503777664
15829,-1.98904,0.209057,3444087.99185253,0.910462498171765,-0.333308963386404
15828,-1.99239,0.174311,3439866.39873593,0.912416143749651,0.555523964001473
15828,-1.99513,0.139513,3419761.69699531,0.912416143752222,-0.5555239642384
15827,-1.99726,0.104672,3371341.52951063,0.910462498170184,0.3333089631488
15827,-1.99878,0.069799,3303419.21822882,0.915346582367074,-0.777752504016448
15826,-1.9997,0.0349048,3196214.17490551,0.909485669429527,0.111102085121831
15825,-2,2.46315e-16,3077359.19725096,0.919253778304535,0.999999999870803
15825,-1.9997,-0.0349048,2911258.3471621,0.909485669430051,-0.111102085378547
15824,-1.99878,-0.069799,2739831.95655747,0.915346582363134,0.777752503762804
15824,-1.99726,-0.104672,2556039.48655422,0.910462498171696,-0.333308963393566
15823,-1.99513,-0.139513,2394676.08035586,0.912416143749586,0.555523964001405
15823,-1.99239,-0.174311,2268572.18738149,0.912416143752114,-0.555523964232279
15822,-1.98904,-0.209057,2209047.23160878,0.910462498170195,0.333308963161688
15822,-1.98509,-0.243739,2193162.83010848,0.915346582366744,-0.7777525039964
15821,-1.98054,-0.278346,2226697.54174574,0.909485669429545,0.111102085145526
15820,-1.97538,-0.312869,2271194.58470543,0.919253778305042,0.999999999897283
15820,-1.96962,-0.347296,2255094.10346825,0.909485669429957,-0.111102085350017
15819,-1.96325,-0.381618,2208700.19064891,0.915346582363609,0.777752503792499
15819,-1.9563,-0.415823,2046603.36070149,0.910462498171549,-0.333308963366345
15818,-1.94874,-0.449902,1825758.25236107,0.912416143749872,0.555523964026319
15818,-1.94059,-0.483844,1518026.42544523,0.91241614375188,-0.555523964209544
15817,-1.93185,-0.517638,1157047.69368135,0.910462498170337,0.33330896318265
15817,-1.92252,-0.551275,758816.240618434,0.915346582366458,-0.777752503976945
15816,-1.91261,-0.584743,380721.567959453,0.909485669429567,0.111102085165898
15815,-1.90211,-0.618034,3491.47904365108,0.919253778305528,0.999999999919178
15815,-1.89104,-0.651136,-217783.196020047,0.90948566942994,-0.111102085328262
15814,-1.87939,-0.68404,-410926.975986199,0.915346582363942,0.77775250381428
15814,-1.86716,-0.716736,-478519.412437122,0.910462498171397,-0.333308963343943
15813,-1.85437,-0.749213,-538714.225438729,0.912416143750119,0.555523964050056
15813,-1.84101,-0.781462,-586340.703993003,0.912416143751582,-0.555523964183381
15812,-1.82709,-0.813473,-665646.748461232,0.910462498170486,0.333308963212263
15812,-1.81262,-0.845237,-767066.286007367,0.915346582365912,-0.777752503943197
15811,-1.79759,-0.876742,-915715.010467987,0.909485669429641,0.111102085200675
15810,-1.78201,-0.907981,-1078786.59307882,0.919253778306197,0.999999999954239
15810,-1.7659,-0.938943,-1417247.37015082,0.90948566942985,-0.11110208529261
15809,-1.74924,-0.969619,-1795341.66856069,0.915346582364535,0.777752503850301
15809,-1.73205,-1,-2317521.33599041,0.9104624981712,-0.333308963308458
15808,-1.71433,-1.03008,-2803325.8568147,0.912416143750526,0.555523964084446
15808,-1.6961,-1.05984,-3231396.31890474,0.912416143751243,-0.555523964150944
15807,-1.67734,-1.08928,-3615465.47505988,0.910462498170725,0.333308963242434
15807,-1.65808,-1.11839,-3972183.14941612,0.915346582365503,-0.7777525039155
15806,-1.6383,-1.14715,-4395763.03446982,0.90948566942967,0.111102085228524
15805,-1.61803,-1.17557,-4841401.12675466,0.919253778306763,0.999999999982893
15805,-1.59727,-1.20363,-5163406.66119613,0.909485669429812,-0.111102085265547
15804,-1.57602,-1.23132,-5489463.22874375,0.915346582364898,0.777752503876549
15804,-1.55429,-1.25864,-5809272.2581274,0.910462498170935,-0.333308963280012
15803,-1.53209,-1.28558,-6129438.00192942,0.912416143750815,0.555523964114853
15803,-1.50942,-1.31212,-6446367.53491591,0.912416143750855,-0.555523964118957
15802,-1.48629,-1.33826,-6768438.27991643,0.910462498170897,0.333308963276791
15802,-1.46271,-1.364,-7097061.65611852,0.915346582364928,-0.77775250387821
15801,-1.43868,-1.38932,-7364717.41022968,0.909485669429954,0.111102085257172
15801,-1.41421,-1.41421,-7625367.44845358,0.919253778307098,-0.999999999999989
10084,-1.38932,-1.43868,-7374404.84720412,-0.909485669429983,0.111102085260242
10184,-1.364,-1.46271,-7120184.12988451,-0.915346582364814,-0.777752503871363
10184,-1.33826,-1.48629,-6818960.63677603,-0.910462498171062,0.333308963290425
10284,-1.31212,-1.50942,-6440892.37477179,-0.912416143750702,-0.555523964098991
10284,-1.28558,-1.53209,-5942191.74781607,-0.912416143751175,0.55552396414059
10384,-1.25864,-1.55429,-5186418.39163246,-0.910462498170858,-0.333308963247603
10384,-1.23132,-1.57602,-4263334.7271966,-0.915346582365569,0.777752503916277
10484,-1.20363,-1.59727,-3833309.76091147,-0.909485669429755,-0.111102085221656
10584,-1.17557,-1.61803,-3535621.77141684,-0.919253778306467,-0.999999999969833
10584,-1.14715,-1.6383,-4013268.90193183,-0.909485669429891,0.111102085282108
10684,-1.11839,-1.65808,-4548325.19534381,-0.915346582364624,-0.777752503855743
10684,-1.08928,-1.67734,-5279927.91096069,-0.910462498171255,0.333308963307532
10784,-1.05984,-1.6961,-6052644.69853749,-0.912416143750544,-0.555523964080908
10784,-1.03008,-1.71433,-6882039.81808602,-0.912416143751393,0.555523964158839
10884,-1,-1.73205,-7602739.93140892,-0.910462498170715,-0.333308963230315
10884,-0.969619,-1.74924,-8253335.18026454,-0.915346582365772,0.777752503931858
10984,-0.938943,-1.7659,-8462672.40846371,-0.909485669429763,-0.111102085205032
11084,-0.907981,-1.78201,-8567595.21285079,-0.919253778306154,-0.99999999995149
11084,-0.876742,-1.79759,-8442822.9639523,-0.909485669429981,0.111102085301552
11184,-0.845237,-1.81262,-8307437.12825396,-0.915346582364332,-0.777752503835052
11184,-0.813473,-1.82709,-8106893.28989568,-0.910462498171421,0.333308963330044
11284,-0.781462,-1.84101,-7802881.17521918,-0.912416143750289,-0.555523964056998
11284,-0.749213,-1.85437,-7340293.12698155,-0.912416143751684,0.555523964183542
11384,-0.716736,-1.86716,-6906174.96658114,-0.910462498170579,-0.333308963203316
11384,-0.68404,-1.87939,-6493173.9494541,-0.915346582366256,0.777752503962127
11484,-0.651136,-1.89104,-6162454.45018546,-0.9094856694297,-0.111102085173069
11584,-0.618034,-1.90211,-5856198.88434752,-0.919253778305473,-0.9999999999182
11584,-0.584743,-1.91261,-5578040.42187296,-0.909485669430035,0.111102085335111
11684,-0.551275,-1.92252,-5292630.77460559,-0.915346582363772,-0.777752503801188
11684,-0.517638,-1.93185,-4967954.33970738,-0.910462498171642,0.333308963364261
11784,-0.483844,-1.94059,-4621918.10173558,-0.912416143749915,-0.555523964021929
11784,-0.449902,-1.94874,-4242975.30075904,-0.912416143752077,0.555523964220183
11884,-0.415823,-1.9563,-3929664.16916062,-0.910462498170266,-0.33330896316818
11884,-0.381618,-1.96325,-3660379.12813952,-0.915346582366712,0.777752503993725
11984,-0.347296,-1.96962,-3495204.80070108,-0.909485669429565,-0.111102085145729
12084,-0.312869,-1.97538,-3355295.58129752,-0.919253778305011,-0.999999999895287
12084,-0.278346,-1.98054,-3272009.97820024,-0.909485669430107,0.111102085358526
12184,-0.243739,-1.98509,-3200260.55726766,-0.915346582363447,-0.777752503777644
12184,-0.209057,-1.98904,-3180870.3148504,-0.910462498171781,0.333308963386432
12284,-0.174311,-1.99239,-3198148.14348342,-0.912416143749663,-0.555523964001473
12284,-0.139513,-1.99513,-3271659.930199,-0.912416143752267,0.555523964238395
12384,-0.104672,-1.99726,-3338908.6628524,-0.910462498170238,-0.333308963148834
12384,-0.069799,-1.99878,-3400196.1086181,-0.915346582367131,0.777752504016471
12484,-0.0349048,-1.9997,-3361327.57444429,-0.909485669429557,-0.111102085121833
12584,-4.35203e-16,-2,-3293386.28880453,-0.919253778304537,-0.999999999870803
12584,0.0349048,-1.9997,-3160249.91202945,-0.909485669430058,0.111102085378513
12684,0.069799,-1.99878,-3029965.93213451,-0.915346582363139,-0.777752503762792
12684,0.104672,-1.99726,-2928296.36809632,-0.9104624981717,0.333308963393593
12784,0.139513,-1.99513,-2834020.34052094,-0.912416143749591,-0.555523964001403
12784,0.174311,-1.99239,-2754063.33533143,-0.912416143752134,0.555523964232273
12884,0.209057,-1.98904,-2669295.86218619,-0.91046249817019,-0.333308963161724
12884,0.243739,-1.98509,-2579086.05534296,-0.915346582366752,0.777752503996427
12984,0.278346,-1.98054,-2502268.53508153,-0.909485669429543,-0.111102085145531
13084,0.312869,-1.97538,-2423472.96561765,-0.919253778305079,-0.999999999897294
13084,0.347296,-1.96962,-2345908.09549631,-0.909485669429971,0.111102085349981
13184,0.381618,-1.96325,-2252915.73086202,-0.915346582363621,-0.777752503792476
13184,0.415823,-1.9563,-2119145.25221203,-0.910462498171561,0.33330896336634
13284,0.449902,-1.94874,-1970971.87644751,-0.912416143749886,-0.555523964026324
13284,0.483844,-1.94059,-1804450.88439748,-0.912416143751904,0.555523964209538
13384,0.517638,-1.93185,-1672437.62578847,-0.910462498170363,-0.333308963182687
13384,0.551275,-1.92252,-1560920.60468855,-0.915346582366464,0.777752503976962
13484,0.584743,-1.91261,-1538615.27693724,-0.909485669429569,-0.111102085165906
13584,0.618034,-1.90211,-1532292.38078034,-0.919253778305519,-0.999999999919186
13584,0.651136,-1.89104,-1610177.36423215,-0.909485669429928,0.111102085328226
13684,0.68404,-1.87939,-1683326.64012312,-0.915346582363942,-0.777752503814258
13684,0.716736,-1.86716,-1762801.9622567,-0.910462498171394,0.333308963343945
13784,0.749213,-1.85437,-1811347.1880623,-0.912416143750121,-0.555523964050058
13784,0.781462,-1.84101,-1817277.45076683,-0.91241614375158,0.555523964183364
13884,0.813473,-1.82709,-1755206.0954441,-0.91046249817049,-0.333308963212306
13884,0.845237,-1.81262,-1646287.21441758,-0.915346582365913,0.777752503943214
13984,0.876742,-1.79759,-1455556.56023163,-0.909485669429626,-0.1111020852007
14084,0.907981,-1.78201,-1241946.66167116,-0.919253778306215,-0.999999999954254
14084,0.938943,-1.7659,-950548.234855446,-0.909485669429858,0.111102085292581
14184,0.969619,-1.74924,-644887.344850116,-0.915346582364524,-0.777752503850263
14184,1,-1.73205,-288526.347359087,-0.910462498171194,0.333308963308465
14284,1.03008,-1.71433,78383.5305909603,-0.91241614375052,-0.55552396408445
14284,1.05984,-1.6961,460371.368155523,-0.912416143751235,0.55552396415093
14384,1.08928,-1.67734,830016.472250743,-0.910462498170724,-0.333308963242461
14384,1.11839,-1.65808,1191650.56774038,-0.915346582365498,0.777752503915531
14484,1.14715,-1.6383,1519247.96886366,-0.909485669429676,-0.111102085228531
14584,1.17557,-1.61803,1838951.96672233,-0.919253778306762,-0.999999999982903
14584,1.20363,-1.59727,2100214.25108889,-0.909485669429825,0.1111020852655
14684,1.23132,-1.57602,2352213.73040644,-0.91534658236492,-0.777752503876537
14684,1.25864,-1.55429,2564751.67781311,-0.910462498170955,0.333308963280004
14784,1.28558,-1.53209,2761651.89265601,-0.912416143750819,-0.555523964114867
14784,1.31212,-1.50942,2934760.57533612,-0.912416143750872,0.555523964118932
14884,1.33826,-1.48629,3085551.00755869,-0.910462498170903,-0.333308963276861
14884,1.364,-1.46271,3221388.92389233,-0.915346582364901,0.777752503878194
14984,1.38932,-1.43868,3359309.04873147,-0.909485669429939,-0.111102085257194
14984,1.41421,-1.41421,3497174.09484135,-0.919253778307102,0.999999999999985
5850,1.43868,-1.38932,3633435.47323953,0.909485669429985,-0.111102085260202
5849,1.46271,-1.364,3762061.82326732,0.915346582364833,0.777752503871339
5849,1.48629,-1.33826,3863362.96360626,0.910462498171102,-0.333308963290407
5848,1.50942,-1.31212,3945010.65423456,0.91241614375073,0.555523964099018
5848,1.53209,-1.28558,3997619.78502885,0.912416143751186,-0.555523964140576
5847,1.55429,-1.25864,4012892.62761987,0.91046249817085,0.333308963247604
5847,1.57602,-1.23132,4003419.50842625,0.91534658236556,-0.777752503916265
5846,1.59727,-1.20363,3948171.05624831,0.909485669429786,0.111102085221649
5845,1.61803,-1.17557,3882540.26421076,0.919253778306525,0.999999999969829
5845,1.6383,-1.14715,3777785.09027315,0.909485669429914,-0.11110208528211
5844,1.65808,-1.11839,3669093.73117394,0.915346582364627,0.777752503855747
5844,1.67734,-1.08928,3537257.81530128,0.910462498171258,-0.333308963307527
5843,1.6961,-1.05984,3399600.58135574,0.912416143750537,0.555523964080912
5843,1.71433,-1.03008,3251609.35666418,0.912416143751378,-0.555523964158821
5842,1.73205,-1,3105213.30551982,0.910462498170701,0.333308963230334
5842,1.74924,-0.969619,2961176.63996147,0.915346582365767,-0.777752503931841
5841,1.7659,-0.938943,2822146.1368811,0.909485669429766,0.111102085205045
5840,1.78201,-0.907981,2687177.33705248,0.919253778306158,0.99999999995149
5840,1.79759,-0.876742,2568990.24057794,0.909485669429983,-0.111102085301555
5839,1.81262,-0.845237,2457976.95802581,0.915346582364319,0.777752503835052
5839,1.82709,-0.813473,2365049.04013453,0.910462498171384,-0.333308963330046
5838,1.84101,-0.781462,2281277.93087802,0.912416143750258,0.555523964056995
5838,1.85437,-0.749213,2209573.31678364,0.91241614375167,-0.555523964183538
5837,1.86716,-0.716736,2150105.96530976,0.91046249817059,0.333308963203332
5837,1.87939,-0.68404,2099920.13448538,0.915346582366259,-0.777752503962114
5836,1.89104,-0.651136,2052415.79293307,0.909485669429712,0.11110208517308
5835,1.90211,-0.618034,2008219.62863058,0.919253778305505,0.999999999918216
5835,1.91261,-0.584743,1961014.22243633,0.909485669430072,-0.111102085335106
5834,1.92252,-0.551275,1920505.58054411,0.915346582363824,0.777752503801191
5834,1.93185,-0.517638,1895288.27279756,0.910462498171638,-0.333308963364257
5833,1.94059,-0.483844,1881884.87110932,0.912416143749874,0.555523964021932
5833,1.94874,-0.449902,1884070.42512557,0.91241614375206,-0.555523964220175
5832,1.9563,-0.415823,1894602.04700892,0.910462498170272,0.333308963168192
5832,1.96325,-0.381618,1912473.66031728,0.915346582366721,-0.777752503993719
5831,1.96962,-0.347296,1938788.2816491,0.909485669429573,0.111102085145735
5830,1.97538,-0.312869,1971524.90599028,0.919253778305019,0.999999999895301
5830,1.98054,-0.278346,2011273.42317651,0.909485669430095,-0.11110208535852
5829,1.98509,-0.243739,2055588.22078947,0.915346582363408,0.777752503777643
5829,1.98904,-0.209057,2099888.85165719,0.910462498171767,-0.333308963386425
5828,1.99239,-0.174311,2148379.60472552,0.91241614374965,0.555523964001481
5828,1.99513,-0.139513,2199994.72571584,0.912416143752221,-0.555523964238393
5827,1.99726,-0.104672,2257249.6559963,0.910462498170182,0.333308963148836
5827,1.99878,-0.069799,2320382.06885383,0.915346582367075,-0.777752504016468
5826,1.9997,-0.0349048,2378939.80541078,0.909485669429527,0.111102085121839
