origElemNum,globCoord-x,globCoord-y,acouIntensity-x,acouIntensity-y,locCoord-xi,locCoord-eta
5825,2,-2.20442e-18,-39278656738.5473,6474947239.03335,0.919253778304535,0.999999999870795
5825,1.9997,0.0349048,-39852410039.0392,6604712818.60011,0.909485669430051,-0.11110208537854
5824,1.99878,0.069799,-40480870761.5668,6559418093.87957,0.915346582363134,0.7777525037628
5824,1.99726,0.104672,-41107162742.1456,6713429552.90847,0.910462498171695,-0.333308963393583
5823,1.99513,0.139513,-41672219120.7801,6372458348.97423,0.912416143749585,0.555523964001403
5823,1.99239,0.174311,-42184350081.3873,6511698266.94237,0.912416143752112,-0.555523964232293
5822,1.98904,0.209057,-42461459162.4535,6016735906.87115,0.910462498170195,0.33330896316169
5822,1.98509,0.243739,-42705399079.2702,6123939874.84441,0.915346582366752,-0.777752503996411
5821,1.98054,0.278346,-42826661050.9172,5585715663.85601,0.909485669429537,0.111102085145532
5820,1.97538,0.312869,-42901191705.2767,4598080131.15242,0.91925377830504,0.999999999897275
5820,1.96962,0.347296,-43217934853.161,4707774956.02354,0.909485669429959,-0.111102085350008
5819,1.96325,0.381618,-43262355453.9353,3372093667.52027,0.915346582363608,0.777752503792493
5819,1.9563,0.415823,-43379251756.8655,3451706630.82413,0.910462498171543,-0.333308963366333
5818,1.94874,0.449902,-43157520049.7369,2279486530.53781,0.912416143749872,0.555523964026318
5818,1.94059,0.483844,-43089435252.5162,2338912232.24926,0.912416143751876,-0.555523964209557
5817,1.93185,0.517638,-42736189162.9562,1204686919.77024,0.910462498170338,0.333308963182653
5817,1.92252,0.551275,-42720219773.1225,1242814375.19027,0.915346582366455,-0.777752503976955
5816,1.91261,0.584743,-42127952312.473,743064.295579617,0.909485669429567,0.111102085165898
5815,1.90211,0.618034,-41561301309.4526,-1017716319.63839,0.919253778305533,0.999999999919169
5815,1.89104,0.651136,-41030539453.5491,-963251054.505416,0.909485669429933,-0.111102085328256
5814,1.87939,0.68404,-40242527086.3782,-1689093116.97318,0.915346582363941,0.777752503814277
5814,1.86716,0.716736,-39651756581.5801,-1608640712.60463,0.910462498171402,-0.333308963343933
5813,1.85437,0.749213,-38717699959.9963,-2176424738.91418,0.912416143750119,0.555523964050056
5813,1.84101,0.781462,-37898575060.0061,-2054570668.54872,0.912416143751575,-0.555523964183394
5812,1.82709,0.813473,-36757409316.0362,-2661840440.95879,0.910462498170486,0.333308963212263
5812,1.81262,0.845237,-35936445894.3544,-2561000059.71198,0.915346582365915,-0.777752503943209
5811,1.79759,0.876742,-34716035481.2113,-3358411041.4962,0.909485669429635,0.111102085200681
5810,1.78201,0.907981,-33613655099.8888,-3936512278.70605,0.919253778306195,0.999999999954235
5810,1.7659,0.938943,-32361548229.5499,-3792063047.56319,0.909485669429844,-0.111102085292603
5809,1.74924,0.969619,-30931449613.1162,-3931928542.87241,0.915346582364538,0.777752503850291
5809,1.73205,1,-29448884986.5571,-3760475884.68988,0.910462498171199,-0.333308963308445
5808,1.71433,1.03008,-27834965855.2031,-3882858012.13304,0.912416143750526,0.555523964084446
5808,1.6961,1.05984,-26431994534.574,-3719118454.10106,0.912416143751246,-0.555523964150953
5807,1.67734,1.08928,-24738322761.2786,-3886526581.97057,0.910462498170725,0.333308963242434
5807,1.65808,1.11839,-23258749318.3908,-3658846221.72648,0.915346582365508,-0.777752503915519
5806,1.6383,1.14715,-21383213344.0043,-3701813431.29088,0.909485669429676,0.11110208522853
5805,1.61803,1.17557,-19534028250.8351,-3664069363.21504,0.919253778306765,0.999999999982884
5805,1.59727,1.20363,-17735593301.9537,-3335012492.71981,0.909485669429817,-0.111102085265541
5804,1.57602,1.23132,-15769127176.4767,-3269245117.3738,0.9153465823649,0.777752503876539
5804,1.55429,1.25864,-14036622734.6757,-2950918024.68559,0.910462498170939,-0.333308963279996
5803,1.53209,1.28558,-12069881157.4562,-2895693631.34689,0.912416143750815,0.555523964114853
5803,1.50942,1.31212,-10345139016.0875,-2515941337.14049,0.91241614375085,-0.555523964118972
5802,1.48629,1.33826,-8467131348.65847,-2389216439.63788,0.910462498170897,0.333308963276791
5802,1.46271,1.364,-6887162545.91558,-1968182473.91107,0.915346582364929,-0.77775250387822
5801,1.43868,1.38932,-5325373283.79479,-1837349139.82513,0.909485669429954,0.111102085257182
5801,1.41421,1.41421,-4076103800.85372,-1423821710.34259,0.919253778307104,-0.999999999999994
850,1.38932,1.43868,-2383757631.77799,-1019798236.30634,0.909485669429991,-0.111102085260227
849,1.364,1.46271,-756283298.850967,-387937907.325358,0.915346582364834,0.777752503871359
849,1.33826,1.48629,1047034767.74896,544644250.626976,0.910462498171096,-0.333308963290402
848,1.31212,1.50942,2738987079.42622,1715790482.15136,0.912416143750729,0.555523964099008
848,1.28558,1.53209,4598609103.64253,2919974746.96797,0.912416143751184,-0.555523964140596
847,1.25864,1.55429,5848540052.92919,4498602828.95268,0.910462498170846,0.333308963247574
847,1.23132,1.57602,7421228774.79446,5808047050.4176,0.915346582365554,-0.777752503916259
846,1.20363,1.59727,8118765124.33399,7396416015.95534,0.90948566942978,0.111102085221654
845,1.17557,1.61803,8654080923.08882,9024914239.10326,0.919253778306528,0.999999999969813
845,1.14715,1.6383,9712206371.937,10104376327.4453,0.909485669429915,-0.111102085282135
844,1.11839,1.65808,9778963195.0368,11909520141.8036,0.915346582364625,0.777752503855763
844,1.08928,1.67734,10895565600.6016,13263838463.0419,0.910462498171253,-0.333308963307521
843,1.05984,1.6961,10457394745.4324,15606468290.1601,0.912416143750542,0.555523964080906
843,1.03008,1.71433,11429529233.8066,17059978568.4011,0.912416143751377,-0.555523964158847
842,1,1.73205,10261074508.4234,19639547651.6455,0.910462498170698,0.333308963230309
842,0.969619,1.74924,10985335904.128,21018954789,0.915346582365766,-0.777752503931825
841,0.938943,1.7659,9275948382.38578,23547588985.8984,0.909485669429764,0.111102085205048
840,0.907981,1.78201,7750326896.75896,25869995006.1635,0.919253778306164,0.99999999995148
840,0.876742,1.79759,8139309663.60359,27044780858.7195,0.909485669429979,-0.11110208530158
839,0.845237,1.81262,6555129954.31147,29207474584.9696,0.91534658236432,0.777752503835068
839,0.813473,1.82709,6907042658.10061,30605941047.5058,0.91046249817139,-0.33330896333004
838,0.781462,1.84101,5043521158.9487,32943219988.2747,0.912416143750255,0.555523964056983
838,0.749213,1.85437,5297450330.0329,34319571530.4669,0.912416143751674,-0.555523964183563
837,0.716736,1.86716,3461401878.82941,36647375357.3473,0.910462498170584,0.333308963203304
837,0.68404,1.87939,3672839100.48816,38253533101.3373,0.915346582366261,-0.777752503962098
836,0.651136,1.89104,2010532874.50739,40639688875.6063,0.909485669429719,0.111102085173086
835,0.618034,1.90211,856683342.627044,42830521318.5516,0.919253778305509,0.999999999918205
835,0.584743,1.91261,971842827.119606,43934668626.0092,0.909485669430073,-0.111102085335132
834,0.551275,1.92252,188532717.65049,45170765898.5937,0.915346582363819,0.777752503801204
834,0.517638,1.93185,279357285.142159,45654783584.6699,0.910462498171637,-0.333308963364254
833,0.483844,1.94059,-45631713.2036019,46168820456.3079,0.912416143749877,0.55552396402192
833,0.449902,1.94874,16312920.1900791,46481007843.9603,0.91241614375206,-0.555523964220202
832,0.415823,1.9563,682565874.730448,46641654956.3586,0.910462498170279,0.333308963168166
832,0.381618,1.96325,728128136.93185,46913904465.9195,0.915346582366717,-0.777752503993703
831,0.347296,1.96962,2027669538.06521,46761836730.4079,0.909485669429573,0.111102085145737
830,0.312869,1.97538,3107831515.71296,46594504999.3742,0.919253778305012,0.99999999989529
830,0.278346,1.98054,3100417432.2839,46335960839.5397,0.909485669430091,-0.111102085358547
829,0.243739,1.98509,3843638472.47018,45948595340.0814,0.915346582363415,0.77775250377766
829,0.209057,1.98904,3825406927.30889,45731357116.4636,0.910462498171767,-0.333308963386422
828,0.174311,1.99239,4640094516.69356,45461370765.2117,0.912416143749651,0.55552396400147
828,0.139513,1.99513,4631184512.40196,45345866994.5492,0.912416143752224,-0.555523964238419
827,0.104672,1.99726,5295812734.69487,45106341284.6409,0.910462498170184,0.33330896314881
827,0.069799,1.99878,5278395063.003,44826011166.4688,0.915346582367074,-0.777752504016452
826,0.0349048,1.9997,5558625727.27251,44426679081.5022,0.909485669429527,0.111102085121841
825,1.27747e-16,2,5997164130.9811,43940077400.4126,0.919253778304535,0.999999999870799
825,-0.0349048,1.9997,6026229906.37471,43355631536.0466,0.909485669430051,-0.111102085378537
824,-0.069799,1.99878,6714416988.28823,42671002204.8237,0.915346582363134,0.777752503762801
824,-0.104672,1.99726,6745567024.54455,41772103914.469,0.910462498171695,-0.333308963393583
823,-0.139513,1.99513,6886338123.30051,40786067148.0506,0.912416143749585,0.555523964001401
823,-0.174311,1.99239,6942595161.39184,39699604537.8735,0.912416143752112,-0.555523964232297
822,-0.209057,1.98904,6705573409.30311,38635968037.5077,0.910462498170195,0.333308963161685
822,-0.243739,1.98509,6873493718.29766,37601680248.7292,0.915346582366744,-0.777752503996403
821,-0.278346,1.98054,6912649241.79187,36593225576.419,0.909485669429538,0.111102085145537
820,-0.312869,1.97538,6515780995.47402,35431112106.4967,0.919253778305041,0.999999999897278
820,-0.347296,1.96962,6814400696.92567,34318536316.3625,0.90948566942996,-0.111102085350006
819,-0.381618,1.96325,5262844863.07849,32779365486.5531,0.915346582363608,0.777752503792493
819,-0.415823,1.9563,5571010512.43921,31568033387.4215,0.910462498171543,-0.333308963366333
818,-0.449902,1.94874,3617434486.85292,29802498416.7097,0.912416143749872,0.555523964026316
818,-0.483844,1.94059,4011834802.93971,28515051177.8876,0.912416143751875,-0.555523964209561
817,-0.517638,1.93185,2325421491.2563,26568861683.327,0.910462498170336,0.333308963182646
817,-0.551275,1.92252,2777891994.2916,25070041704.2901,0.915346582366457,-0.777752503976948
816,-0.584743,1.91261,936730462.768889,22724528013.0631,0.909485669429562,0.111102085165907
815,-0.618034,1.90211,-1287636215.19603,20113901175.2513,0.919253778305526,0.999999999919175
815,-0.651136,1.89104,-693160252.480208,18208923625.5759,0.909485669429935,-0.111102085328253
814,-0.68404,1.87939,-2962646325.81969,15243222848.8234,0.915346582363941,0.777752503814277
814,-0.716736,1.86716,-2266415061.43768,13208404926.8193,0.910462498171402,-0.333308963343933
813,-0.749213,1.85437,-4333214174.99438,10090667072.4893,0.912416143750117,0.555523964050053
813,-0.781462,1.84101,-3513246685.79632,8126898004.95191,0.912416143751584,-0.555523964183396
812,-0.813473,1.82709,-5084860200.3659,5214952052.8248,0.910462498170484,0.33330896321226
812,-0.845237,1.81262,-4182060209.18262,3492901394.38885,0.91534658236591,-0.7777525039432
811,-0.876742,1.79759,-5211915974.93075,1030024519.47736,0.909485669429639,0.111102085200672
810,-0.907981,1.78201,-5812843776.77128,-1099867702.31262,0.919253778306197,0.999999999954239
810,-0.938943,1.7659,-4748019101.5433,-2153516671.13986,0.909485669429848,-0.111102085292613
809,-0.969619,1.74924,-4719092027.41474,-3525460886.63352,0.915346582364533,0.777752503850298
809,-1,1.73205,-3684376145.23265,-4066165958.16645,0.910462498171205,-0.333308963308436
808,-1.03008,1.71433,-3265960723.288,-4637307180.15443,0.912416143750522,0.55552396408444
808,-1.05984,1.6961,-2341453740.35508,-4528733758.01073,0.912416143751243,-0.555523964150944
807,-1.08928,1.67734,-1820238835.88075,-4277808422.81059,0.910462498170733,0.33330896324243
807,-1.11839,1.65808,-1078744939.25739,-3463615049.35758,0.915346582365511,-0.777752503915504
806,-1.14715,1.6383,-593789970.69557,-2404768288.52834,0.909485669429678,0.11110208522852
805,-1.17557,1.61803,-163190818.029047,-926132469.18221,0.91925377830677,0.999999999982889
805,-1.20363,1.59727,84688397.2353199,849181753.198664,0.909485669429819,-0.111102085265551
804,-1.23132,1.57602,72368762.8301668,2913625031.95985,0.915346582364893,0.777752503876544
804,-1.25864,1.55429,-178513662.981032,5235543600.53503,0.910462498170937,-0.333308963279986
803,-1.28558,1.53209,-862801831.366982,7727506665.8922,0.912416143750809,0.555523964114847
803,-1.31212,1.50942,-1681021068.7108,10648962043.2043,0.912416143750849,-0.555523964118962
802,-1.33826,1.48629,-3196614853.49168,13664078641.1597,0.910462498170897,0.333308963276791
802,-1.364,1.46271,-4721773029.64248,17376297713.1983,0.915346582364928,-0.77775250387821
801,-1.38932,1.43868,-7240028622.0248,21198083381.2016,0.909485669429954,0.111102085257172
801,-1.41421,1.41421,-9697283337.78858,25913831879.1734,0.919253778307104,-0.999999999999994
15850,-1.43868,1.38932,-13309688406.7373,30838348079.5,0.909485669429991,-0.111102085260237
15849,-1.46271,1.364,-17124530112.3623,36545470522.3385,0.915346582364828,0.777752503871364
15849,-1.48629,1.33826,-21536818230.5058,42991480714.8668,0.910462498171103,-0.333308963290387
15848,-1.50942,1.31212,-26179826891.9054,50399364506.4541,0.912416143750729,0.555523964099008
15848,-1.53209,1.28558,-31890749186.9581,57939810425.0322,0.912416143751185,-0.555523964140586
15847,-1.55429,1.25864,-37244816013.5884,66959456883.3634,0.910462498170851,0.333308963247569
15847,-1.57602,1.23132,-44036770530.3847,75329230020.3845,0.915346582365555,-0.777752503916249
15846,-1.59727,1.20363,-49795651181.041,84801866501.8345,0.909485669429784,0.111102085221639
15845,-1.61803,1.17557,-56421044303.3138,93886581219.6051,0.919253778306531,0.999999999969823
15845,-1.6383,1.14715,-62580682276.7466,100972082804.746,0.909485669429917,-0.111102085282151
15844,-1.65808,1.11839,-69103344067.6037,107369856761.842,0.915346582364627,0.777752503855772
15844,-1.67734,1.08928,-74134454314.4421,112916370665.722,0.910462498171251,-0.333308963307506
15843,-1.6961,1.05984,-79554101257.1673,116624743865.648,0.912416143750542,0.555523964080906
15843,-1.71433,1.03008,-83441172630.9543,120554830390.113,0.912416143751375,-0.555523964158831
15842,-1.73205,1,-87339230774.8419,122777408796.54,0.910462498170697,0.333308963230296
15842,-1.74924,0.969619,-90299914154.5787,125443783070.523,0.915346582365764,-0.777752503931822
15841,-1.7659,0.938943,-93062204472.9287,126111219060.069,0.909485669429762,0.111102085205035
15840,-1.78201,0.907981,-96133027414.5006,125476822184.768,0.919253778306162,0.999999999951483
15840,-1.79759,0.876742,-96864773654.5049,126043026212.232,0.909485669429984,-0.111102085301589
15839,-1.81262,0.845237,-98675621211.1751,123839779791.119,0.915346582364318,0.777752503835071
15839,-1.82709,0.813473,-98680507916.5581,123575441132.84,0.910462498171391,-0.333308963330024
15838,-1.84101,0.781462,-99395546700.0812,121143055953.017,0.912416143750253,0.555523964056986
15838,-1.85437,0.749213,-99023576110.6091,120437463616.229,0.912416143751674,-0.555523964183544
15837,-1.86716,0.716736,-98935840357.5658,116829274315.053,0.910462498170589,0.333308963203294
15837,-1.87939,0.68404,-97460854112.8338,115277087934.663,0.915346582366259,-0.777752503962095
15836,-1.89104,0.651136,-95893498720.8035,107384334179.71,0.909485669429715,0.111102085173074
15835,-1.90211,0.618034,-94817707663.1236,95784952539.367,0.919253778305508,0.999999999918209
15835,-1.91261,0.584743,-88498613761.5204,91214190272.783,0.909485669430068,-0.111102085335144
15834,-1.92252,0.551275,-84992940066.8952,76639654544.706,0.915346582363818,0.777752503801208
15834,-1.93185,0.517638,-77767920219.2888,71984685879.5866,0.910462498171639,-0.333308963364235
15833,-1.94059,0.483844,-73326625487.3757,57876930121.6055,0.912416143749876,0.555523964021923
15833,-1.94874,0.449902,-66641135896.3892,54055580591.4061,0.912416143752063,-0.555523964220183
15832,-1.9563,0.415823,-62431891518.3583,41741369472.4041,0.910462498170272,0.333308963168156
15832,-1.96325,0.381618,-56575308679.1712,38748636467.789,0.915346582366716,-0.7777525039937
15831,-1.96962,0.347296,-52857977228.9158,29177745551.469,0.909485669429575,0.111102085145728
15830,-1.97538,0.312869,-48741211798.1855,22603209554.0779,0.91925377830502,0.999999999895294
15830,-1.98054,0.278346,-45916329150.6992,21529904748.6489,0.909485669430092,-0.111102085358556
15829,-1.98509,0.243739,-43849415773.2498,19095766666.7435,0.915346582363415,0.777752503777664
15829,-1.98904,0.209057,-43717004917.929,19017125421.3568,0.910462498171765,-0.333308963386404
15828,-1.99239,0.174311,-44212581228.3373,19674919218.8539,0.912416143749651,0.555523964001473
15828,-1.99513,0.139513,-45816417317.2311,20064212291.9181,0.912416143752222,-0.5555239642384
15827,-1.99726,0.104672,-47266343094.2102,21513055421.8997,0.910462498170184,0.3333089631488
15827,-1.99878,0.069799,-48729750764.7333,21719863861.5916,0.915346582367074,-0.777752504016448
15826,-1.9997,0.0349048,-48969240903.6059,21169924489.9906,0.909485669429527,0.111102085121831
15825,-2,2.46315e-16,-48851699693.1671,18099423993.3779,0.919253778304535,0.999999999870803
15825,-1.9997,-0.0349048,-47205358120.3916,17529974770.8463,0.909485669430051,-0.111102085378547
15824,-1.99878,-0.069799,-45308752835.4129,13068673601.8587,0.915346582363134,0.777752503762804
15824,-1.99726,-0.104672,-43129978605.3863,12523072890.3444,0.910462498171696,-0.333308963393566
15823,-1.99513,-0.139513,-40845380867.4629,8312049718.53065,0.912416143749586,0.555523964001405
15823,-1.99239,-0.174311,-38993396425.6658,7963959216.42293,0.912416143752114,-0.555523964232279
15822,-1.98904,-0.209057,-37330774785.5235,4151821602.41117,0.910462498170195,0.333308963161688
15822,-1.98509,-0.243739,-36335143912.6009,4000889318.15915,0.915346582366744,-0.7777525039964
15821,-1.98054,-0.278346,-36375704782.1587,1065744090.41844,0.909485669429545,0.111102085145526
15820,-1.97538,-0.312869,-36976978171.0047,117610993.515112,0.919253778305042,0.999999999897283
15820,-1.96962,-0.347296,-39355237596.6485,-127132147.204142,0.909485669429957,-0.111102085350017
15819,-1.96325,-0.381618,-41543892544.2208,-356819682.194372,0.915346582363609,0.777752503792499
15819,-1.9563,-0.415823,-42698364909.1859,-593338297.898993,0.910462498171549,-0.333308963366345
15818,-1.94874,-0.449902,-41627914543.2872,-3390897935.749,0.912416143749872,0.555523964026319
15818,-1.94059,-0.483844,-38728857516.0198,-3185833768.77555,0.91241614375188,-0.555523964209544
15817,-1.93185,-0.517638,-32817053467.0179,-7958578257.84305,0.910462498170337,0.33330896318265
15817,-1.92252,-0.551275,-27398664807.0678,-6637127620.21097,0.915346582366458,-0.777752503976945
15816,-1.91261,-0.584743,-20533331856.8748,-9541369499.78591,0.909485669429567,0.111102085165898
15815,-1.90211,-0.618034,-14290475472.7928,-9995189815.00512,0.919253778305528,0.999999999919178
15815,-1.89104,-0.651136,-10335309989.6219,-7241673360.85396,0.90948566942994,-0.111102085328262
15814,-1.87939,-0.68404,-6333107433.84893,-5635725421.73464,0.915346582363942,0.77775250381428
15814,-1.86716,-0.716736,-3976218592.88204,-3525852296.41594,0.910462498171397,-0.333308963343943
15813,-1.85437,-0.749213,-1919259018.11942,-1929902442.44513,0.912416143750119,0.555523964050056
15813,-1.84101,-0.781462,-564069199.819038,-563691974.210157,0.912416143751582,-0.555523964183381
15812,-1.82709,-0.813473,16586801.6533147,17378968.3543375,0.910462498170486,0.333308963212263
15812,-1.81262,-0.845237,77633952.2499328,80290522.5768661,0.915346582365912,-0.777752503943197
15811,-1.79759,-0.876742,184413370.452933,191763457.334797,0.909485669429641,0.111102085200675
15810,-1.78201,-0.907981,318860728.795124,364979129.964347,0.919253778306197,0.999999999954239
15810,-1.7659,-0.938943,2590997845.80795,2950294021.61184,0.90948566942985,-0.11110208529261
15809,-1.74924,-0.969619,4716178567.54533,6539700020.56465,0.915346582364535,0.777752503850301
15809,-1.73205,-1,7787403611.8068,10722348893.4231,0.9104624981712,-0.333308963308458
15808,-1.71433,-1.03008,10319876143.8075,18726363477.5855,0.912416143750526,0.555523964084446
15808,-1.6961,-1.05984,14977223227.8395,27209967529.6172,0.912416143751243,-0.555523964150944
15807,-1.67734,-1.08928,15461650057.2565,42468214417.6351,0.910462498170725,0.333308963242434
15807,-1.65808,-1.11839,18877832394.8549,52946730426.1128,0.915346582365503,-0.7777525039155
15806,-1.6383,-1.14715,16297308779.7054,67963996101.1323,0.90948566942967,0.111102085228524
15805,-1.61803,-1.17557,12889331760.6596,82793571923.4822,0.919253778306763,0.999999999982893
15805,-1.59727,-1.20363,14213730108.3957,91687018742.8629,0.909485669429812,-0.111102085265547
15804,-1.57602,-1.23132,9634673406.65015,108023095843.821,0.915346582364898,0.777752503876549
15804,-1.55429,-1.25864,10744017150.6275,115963380644.19,0.910462498170935,-0.333308963280012
15803,-1.53209,-1.28558,4250296946.90468,135157131722.731,0.912416143750815,0.555523964114853
15803,-1.50942,-1.31212,4860330045.19485,148677827952.459,0.912416143750855,-0.555523964118957
15802,-1.48629,-1.33826,-7792822926.68104,175940440015.769,0.910462498170897,0.333308963276791
15802,-1.46271,-1.364,-9379889541.68146,189597251540.651,0.915346582364928,-0.77775250387821
15801,-1.43868,-1.38932,-24859562063.0254,214665322818.516,0.909485669429954,0.111102085257172
15801,-1.41421,-1.41421,-27827890193.7008,225512305970.007,0.919253778307098,-0.999999999999989
10084,-1.38932,-1.43868,-46516451543.4775,240628150916.466,-0.909485669429983,0.111102085260242
10184,-1.364,-1.46271,-39564450965.7105,229050683140.68,-0.915346582364814,-0.777752503871363
10184,-1.33826,-1.48629,-43587424803.5029,220963021537.188,-0.910462498171062,0.333308963290425
10284,-1.31212,-1.50942,-46442138502.0459,209356411082.397,-0.912416143750702,-0.555523964098991
10284,-1.28558,-1.53209,-47969276307.4374,193093968970.945,-0.912416143751175,0.55552396414059
10384,-1.25864,-1.55429,-55129161938.41,172254727778.021,-0.910462498170858,-0.333308963247603
10384,-1.23132,-1.57602,-52402077903.8381,139889673932.71,-0.915346582365569,0.777752503916277
10484,-1.20363,-1.59727,-3004027535.12457,87639969791.9951,-0.909485669429755,-0.111102085221656
10584,-1.17557,-1.61803,40381247812.3288,46458038274.5761,-0.919253778306467,-0.999999999969833
10584,-1.14715,-1.6383,46809616188.6654,53894204254.5189,-0.909485669429891,0.111102085282108
10684,-1.11839,-1.65808,63901899538.8247,54075204334.9338,-0.915346582364624,-0.777752503855743
10684,-1.08928,-1.67734,71102899402.6497,59982801473.8529,-0.910462498171255,0.333308963307532
10784,-1.05984,-1.6961,90517620209.9742,56685060899.1883,-0.912416143750544,-0.555523964080908
10784,-1.03008,-1.71433,97052721047.1054,58957927223.7924,-0.912416143751393,0.555523964158839
10884,-1,-1.73205,114474497162.785,51519644519.8339,-0.910462498170715,-0.333308963230315
10884,-0.969619,-1.74924,117831754393.409,50192406072.5596,-0.915346582365772,0.777752503931858
10984,-0.938943,-1.7659,115031999859.391,47672829056.8455,-0.909485669429763,-0.111102085205032
11084,-0.907981,-1.78201,98206718275.1128,51286039900.3337,-0.919253778306154,-0.99999999995149
11084,-0.876742,-1.79759,93562857950.511,46811971355.7441,-0.909485669429981,0.111102085301552
11184,-0.845237,-1.81262,68875798014.1622,52157700042.1544,-0.915346582364332,-0.777752503835052
11184,-0.813473,-1.82709,64771422233.2414,48324402560.4307,-0.910462498171421,0.333308963330044
11284,-0.781462,-1.84101,45745620233.3294,51729104790.4828,-0.912416143750289,-0.555523964056998
11284,-0.749213,-1.85437,43726593943.3245,48796240566.7683,-0.912416143751684,0.555523964183542
11384,-0.716736,-1.86716,29046025865.8245,50503878610.1511,-0.910462498170579,-0.333308963203316
11384,-0.68404,-1.87939,27221035595.206,46955044794.3133,-0.915346582366256,0.777752503962127
11484,-0.651136,-1.89104,13212145666.11,46638239604.7673,-0.9094856694297,-0.111102085173069
11584,-0.618034,-1.90211,5047208938.04439,43973042451.7378,-0.919253778305473,-0.9999999999182
11584,-0.584743,-1.91261,3707037190.12191,38399598275.3762,-0.909485669430035,0.111102085335111
11684,-0.551275,-1.92252,-3385755877.68977,34572169768.2104,-0.915346582363772,-0.777752503801188
11684,-0.517638,-1.93185,-4420068032.21898,28245042893.9365,-0.910462498171642,0.333308963364261
11784,-0.483844,-1.94059,-9573413277.0567,23850905561.8371,-0.912416143749915,-0.555523964021929
11784,-0.449902,-1.94874,-10141768174.5035,19154807057.3919,-0.912416143752077,0.555523964220183
11884,-0.415823,-1.9563,-15181060905.2743,15630293396.26,-0.910462498170266,-0.33330896316818
11884,-0.381618,-1.96325,-14963673729.5221,11279135521.2121,-0.915346582366712,0.777752503993725
11984,-0.347296,-1.96962,-16503724652.6975,5913725001.61325,-0.909485669429565,-0.111102085145729
12084,-0.312869,-1.97538,-9327049884.37741,-1010250619.90376,-0.919253778305011,-0.999999999895287
12084,-0.278346,-1.98054,-10272308703.235,-5553593201.21142,-0.909485669430107,0.111102085358526
12184,-0.243739,-1.98509,-4639375400.89829,-10663037342.6344,-0.915346582363447,-0.777752503777644
12184,-0.209057,-1.98904,-4873515612.8808,-12821294151.2571,-0.910462498171781,0.333308963386432
12284,-0.174311,-1.99239,-3057888981.44289,-15614071062.4571,-0.912416143749663,-0.555523964001473
12284,-0.139513,-1.99513,-3330384749.24418,-18897595215.3558,-0.912416143752267,0.555523964238395
12384,-0.104672,-1.99726,1105768859.96218,-23081145470.1203,-0.910462498170238,-0.333308963148834
12384,-0.069799,-1.99878,954264843.695308,-27539696962.3627,-0.915346582367131,0.777752504016471
12484,-0.0349048,-1.9997,4098263022.66168,-29971031791.7187,-0.909485669429557,-0.111102085121833
12584,-4.35203e-16,-2,2381295896.86447,-31680328322.7367,-0.919253778304537,-0.999999999870803
12584,0.0349048,-1.9997,2320060685.48378,-31937787862.4004,-0.909485669430058,0.111102085378513
12684,0.069799,-1.99878,2107214607.42499,-32398416573.1425,-0.915346582363139,-0.777752503762792
12684,0.104672,-1.99726,2189622376.58809,-34125956540.3102,-0.9104624981717,0.333308963393593
12784,0.139513,-1.99513,6193696356.42418,-35747945666.5795,-0.912416143749591,-0.555523964001403
12784,0.174311,-1.99239,6393711392.81381,-37912447032.537,-0.912416143752134,0.555523964232273
12884,0.209057,-1.98904,10812825927.269,-38797193021.3673,-0.91046249817019,-0.333308963161724
12884,0.243739,-1.98509,10814054601.9758,-39468794696.0832,-0.915346582366752,0.777752503996427
12984,0.278346,-1.98054,13263448639.6389,-38995513643.1392,-0.909485669429543,-0.111102085145531
13084,0.312869,-1.97538,15390668563.5047,-38223171126.2318,-0.919253778305079,-0.999999999897294
13084,0.347296,-1.96962,15104698076.3863,-37748125518.1659,-0.909485669429971,0.111102085349981
13184,0.381618,-1.96325,17595401814.4839,-36639646187.4161,-0.915346582363621,-0.777752503792476
13184,0.415823,-1.9563,17176328128.9394,-35854003917.8567,-0.910462498171561,0.33330896336634
13284,0.449902,-1.94874,19226317737.3114,-34282335533.1215,-0.912416143749886,-0.555523964026324
13284,0.483844,-1.94059,18519462547.3455,-33006603646.2836,-0.912416143751904,0.555523964209538
13384,0.517638,-1.93185,20334748032.7605,-31267108566.7814,-0.910462498170363,-0.333308963182687
13384,0.551275,-1.92252,19673984468.7212,-30267372232.5061,-0.915346582366464,0.777752503976962
13484,0.584743,-1.91261,22990906837.6715,-29210090025.5132,-0.909485669429569,-0.111102085165906
13584,0.618034,-1.90211,27948129192.2057,-27732965152.1383,-0.919253778305519,-0.999999999919186
13584,0.651136,-1.89104,28566531558.5967,-28672782691.2059,-0.909485669429928,0.111102085328226
13684,0.68404,-1.87939,34545081134.8681,-27436621822.886,-0.915346582363942,-0.777752503814258
13684,0.716736,-1.86716,34600146401.7343,-27470011080.6128,-0.910462498171394,0.333308963343945
13784,0.749213,-1.85437,37758648172.0485,-25060169717.899,-0.912416143750121,-0.555523964050058
13784,0.781462,-1.84101,35680420796.825,-22999775941.6554,-0.91241614375158,0.555523964183364
13884,0.813473,-1.82709,33871108061.3575,-19349701786.5013,-0.91046249817049,-0.333308963212306
13884,0.845237,-1.81262,29727471927.3837,-15976613001.9781,-0.915346582365913,0.777752503943214
13984,0.876742,-1.79759,24751887158.7376,-12420122843.1267,-0.909485669429626,-0.1111020852007
14084,0.907981,-1.78201,19253472604.1551,-9448744522.28901,-0.919253778306215,-0.999999999954254
14084,0.938943,-1.7659,14247898715.8011,-6302302994.12896,-0.909485669429858,0.111102085292581
14184,0.969619,-1.74924,9008737789.82498,-3965892169.69247,-0.915346582364524,-0.777752503850263
14184,1,-1.73205,4639473752.97845,-1752823122.65423,-0.910462498171194,0.333308963308465
14284,1.03008,-1.71433,576284433.533354,-214147025.12306,-0.91241614375052,-0.55552396408445
14284,1.05984,-1.6961,-2858184434.01338,849362739.391443,-0.912416143751235,0.55552396415093
14384,1.08928,-1.67734,-5459879702.27871,1481684580.06981,-0.910462498170724,-0.333308963242461
14384,1.11839,-1.65808,-7787889681.09609,1524139771.70656,-0.915346582365498,0.777752503915531
14484,1.14715,-1.6383,-9279962079.77539,1443961665.52723,-0.909485669429676,-0.111102085228531
14584,1.17557,-1.61803,-10902215176.2204,862792713.65671,-0.919253778306762,-0.999999999982903
14584,1.20363,-1.59727,-12021592460.8638,440627171.52632,-0.909485669429825,0.1111020852655
14684,1.23132,-1.57602,-13610106087.0715,-596624757.030235,-0.91534658236492,-0.777752503876537
14684,1.25864,-1.55429,-14320259029.3936,-1319242282.33546,-0.910462498170955,0.333308963280004
14784,1.28558,-1.53209,-15457190305.4952,-2662492102.3272,-0.912416143750819,-0.555523964114867
14784,1.31212,-1.50942,-15884564382.4506,-3747389714.34247,-0.912416143750872,0.555523964118932
14884,1.33826,-1.48629,-16507273552.1757,-5261662378.07911,-0.910462498170903,-0.333308963276861
14884,1.364,-1.46271,-16710303103.3974,-6670907765.42215,-0.915346582364901,0.777752503878194
14984,1.38932,-1.43868,-16721121756.2104,-7802511960.30116,-0.909485669429939,-0.111102085257194
14984,1.41421,-1.41421,-16819644256.2311,-9115988224.87623,-0.919253778307102,0.999999999999985
5850,1.43868,-1.38932,-16969365262.5277,-9484693996.0638,0.909485669429985,-0.111102085260202
5849,1.46271,-1.364,-17446841071.8802,-9995837698.11055,0.915346582364833,0.777752503871339
5849,1.48629,-1.33826,-18247654120.1014,-9898556455.02897,0.910462498171102,-0.333308963290407
5848,1.50942,-1.31212,-19586116259.4687,-10003031430.1828,0.91241614375073,0.555523964099018
5848,1.53209,-1.28558,-20639677745.4233,-9205923323.09585,0.912416143751186,-0.555523964140576
5847,1.55429,-1.25864,-22502019733.7891,-9030179285.12389,0.91046249817085,0.333308963247604
5847,1.57602,-1.23132,-23646907735.2399,-7803962200.20051,0.91534658236556,-0.777752503916265
5846,1.59727,-1.20363,-25458768720.313,-7253998291.27412,0.909485669429786,0.111102085221649
5845,1.61803,-1.17557,-27049476466.5674,-6519071631.94591,0.919253778306525,0.999999999969829
5845,1.6383,-1.14715,-27990657194.7899,-5153508152.88706,0.909485669429914,-0.11110208528211
5844,1.65808,-1.11839,-29178714049.2559,-4428364545.11063,0.915346582364627,0.777752503855747
5844,1.67734,-1.08928,-29718499345.3956,-3329348791.99488,0.910462498171258,-0.333308963307527
5843,1.6961,-1.05984,-30431078511.0314,-2781570465.18721,0.912416143750537,0.555523964080912
5843,1.71433,-1.03008,-30766102672.5693,-1940556603.88703,0.912416143751378,-0.555523964158821
5842,1.73205,-1,-31104496662.3851,-1357898783.85052,0.910462498170701,0.333308963230334
5842,1.74924,-0.969619,-31301247786.2181,-712808513.674186,0.915346582365767,-0.777752503931841
5841,1.7659,-0.938943,-31301407625.9588,-31233738.9084152,0.909485669429766,0.111102085205045
5840,1.78201,-0.907981,-31033137903.5283,1069536496.00265,0.919253778306158,0.99999999995149
5840,1.79759,-0.876742,-31202382948.2776,1441466905.55572,0.909485669429983,-0.111102085301555
5839,1.81262,-0.845237,-30939716048.3914,2716000520.67816,0.915346582364319,0.777752503835052
5839,1.82709,-0.813473,-31143560296.2069,3010798329.07307,0.910462498171384,-0.333308963330046
5838,1.84101,-0.781462,-30960443871.7068,4164742092.32246,0.912416143750258,0.555523964056995
5838,1.85437,-0.749213,-31147436225.0521,4408807385.17878,0.91241614375167,-0.555523964183538
5837,1.86716,-0.716736,-31023108103.0644,5358794145.8398,0.91046249817059,0.333308963203332
5837,1.87939,-0.68404,-31168503451.6892,5560208889.24241,0.915346582366259,-0.777752503962114
5836,1.89104,-0.651136,-31113150262.0008,6266496184.47682,0.909485669429712,0.11110208517308
5835,1.90211,-0.618034,-31141353348.0962,6755646174.33021,0.919253778305505,0.999999999918216
5835,1.91261,-0.584743,-31302209927.065,6866378195.72014,0.909485669430072,-0.111102085335106
5834,1.92252,-0.551275,-31430230140.1948,7111594012.39302,0.915346582363824,0.777752503801191
5834,1.93185,-0.517638,-31603962210.2523,7188691442.77882,0.910462498171638,-0.333308963364257
5833,1.94059,-0.483844,-31759103356.4923,7348607532.41421,0.912416143749874,0.555523964021932
5833,1.94874,-0.449902,-31939922377.2666,7397329274.89745,0.91241614375206,-0.555523964220175
5832,1.9563,-0.415823,-32096883874.9794,7455361039.7553,0.910462498170272,0.333308963168192
5832,1.96325,-0.381618,-32270220739.8168,7481139692.73466,0.915346582366721,-0.777752503993719
5831,1.96962,-0.347296,-32572143451.1003,7314432579.32444,0.909485669429573,0.111102085145735
5830,1.97538,-0.312869,-32974624616.8158,6990619093.7856,0.919253778305019,0.999999999895301
5830,1.98054,-0.278346,-33459546530.4405,7062725327.62214,0.909485669430095,-0.11110208535852
5829,1.98509,-0.243739,-34066726947.0484,6769325871.68927,0.915346582363408,0.777752503777643
5829,1.98904,-0.209057,-34659655983.4021,6863020577.44443,0.910462498171767,-0.333308963386425
5828,1.99239,-0.174311,-35367503363.9174,6661448172.47507,0.91241614374965,0.555523964001481
5828,1.99513,-0.139513,-36126024840.7259,6790308279.95447,0.912416143752221,-0.555523964238393
5827,1.99726,-0.104672,-36949803025.1975,6600251289.67866,0.910462498170182,0.333308963148836
5827,1.99878,-0.069799,-37811219342.212,6752276849.93913,0.915346582367075,-0.777752504016468
5826,1.9997,-0.0349048,-38536380750.5632,6533505579.31462,0.909485669429527,0.111102085121839
