origElemNum,globCoord-x,globCoord-y,acouIntensity-x,acouIntensity-y,locCoord-xi,locCoord-eta
5825,2,-2.20442e-18,-175151.455845009,65110.8984244102,0.919253778304535,0.999999999870795
5825,1.9997,0.0349048,-175430.586828762,64061.5103621764,0.909485669430051,-0.11110208537854
5824,1.99878,0.069799,-175243.544801207,56461.5153975261,0.915346582363134,0.7777525037628
5824,1.99726,0.104672,-174886.803290792,55375.7267126025,0.910462498171695,-0.333308963393583
5823,1.99513,0.139513,-174507.651743526,48328.868132938,0.912416143749585,0.555523964001403
5823,1.99239,0.174311,-175200.729242645,47727.6822085878,0.912416143752112,-0.555523964232293
5822,1.98904,0.209057,-174216.706984253,41436.5124651951,0.910462498170195,0.33330896316169
5822,1.98509,0.243739,-172873.448958771,40340.2767147041,0.915346582366752,-0.777752503996411
5821,1.98054,0.278346,-169553.501609846,34131.8689272396,0.909485669429537,0.111102085145532
5820,1.97538,0.312869,-165611.155940097,28291.0894255899,0.91925377830504,0.999999999897275
5820,1.96962,0.347296,-163752.655584572,27288.4979793919,0.909485669429959,-0.111102085350008
5819,1.96325,0.381618,-160822.747884423,22731.1994589928,0.915346582363608,0.777752503792493
5819,1.9563,0.415823,-157540.394731264,21640.9988707726,0.910462498171543,-0.333308963366333
5818,1.94874,0.449902,-152706.14816198,17752.2161523905,0.912416143749872,0.555523964026318
5818,1.94059,0.483844,-147152.452857248,16516.7222902466,0.912416143751876,-0.555523964209557
5817,1.93185,0.517638,-141431.415924805,12815.7568507074,0.910462498170338,0.333308963182653
5817,1.92252,0.551275,-136677.588227642,11910.4820741809,0.915346582366455,-0.777752503976955
5816,1.91261,0.584743,-130293.464139946,9204.02487393037,0.909485669429567,0.111102085165898
5815,1.90211,0.618034,-123785.892261128,7850.77818218878,0.919253778305533,0.999999999919169
5815,1.89104,0.651136,-116428.542380828,6964.57736251049,0.909485669429933,-0.111102085328256
5814,1.87939,0.68404,-108783.52738122,5742.92566331243,0.915346582363941,0.777752503814277
5814,1.86716,0.716736,-101721.715400704,5043.92089879991,0.910462498171402,-0.333308963343933
5813,1.85437,0.749213,-93034.9175287884,4338.03857408653,0.912416143750119,0.555523964050056
5813,1.84101,0.781462,-82080.6406216478,3646.9406563025,0.912416143751575,-0.555523964183394
5812,1.82709,0.813473,-72740.2888794992,3698.3391467965,0.910462498170486,0.333308963212263
5812,1.81262,0.845237,-63983.0445533492,3172.61185302662,0.915346582365915,-0.777752503943209
5811,1.79759,0.876742,-57950.32657727,3305.13019463278,0.909485669429635,0.111102085200681
5810,1.78201,0.907981,-52553.8849026341,3633.79840592426,0.919253778306195,0.999999999954235
5810,1.7659,0.938943,-39615.2497667129,2806.04609466681,0.909485669429844,-0.111102085292603
5809,1.74924,0.969619,-26797.0610772311,2462.80558841354,0.915346582364538,0.777752503850291
5809,1.73205,1,-13038.1476762648,1236.03129695937,0.910462498171199,-0.333308963308445
5808,1.71433,1.03008,1001.12580079596,-121.500159384433,0.912416143750526,0.555523964084446
5808,1.6961,1.05984,15535.7442754895,-1972.32926395998,0.912416143751246,-0.555523964150953
5807,1.67734,1.08928,31413.5181755293,-5185.89447167408,0.910462498170725,0.333308963242434
5807,1.65808,1.11839,47284.9573109561,-8286.75314573388,0.915346582365508,-0.777752503915519
5806,1.6383,1.14715,60216.6186356546,-13109.4095627128,0.909485669429676,0.11110208522853
5805,1.61803,1.17557,72330.1600059014,-18592.0681882557,0.919253778306765,0.999999999982884
5805,1.59727,1.20363,82673.4958501609,-23269.455249187,0.909485669429817,-0.111102085265541
5804,1.57602,1.23132,94049.6336413668,-30947.791481135,0.9153465823649,0.777752503876539
5804,1.55429,1.25864,101243.7791533,-36932.9114070341,0.910462498170939,-0.333308963279996
5803,1.53209,1.28558,111669.379878411,-47434.6993207047,0.912416143750815,0.555523964114853
5803,1.50942,1.31212,120997.024796812,-57652.2952181065,0.91241614375085,-0.555523964118972
5802,1.48629,1.33826,132984.282507055,-73648.8779734232,0.910462498170897,0.333308963276791
5802,1.46271,1.364,141110.654971135,-88385.4740614955,0.915346582364929,-0.77775250387822
5801,1.43868,1.38932,147826.502920649,-106804.988737409,0.909485669429954,0.111102085257182
5801,1.41421,1.41421,150869.04442561,-124791.338789628,0.919253778307104,-0.999999999999994
850,1.38932,1.43868,147531.062569111,-141499.130932828,0.909485669429991,-0.111102085260227
849,1.364,1.46271,136708.347338501,-153616.260354303,0.915346582364834,0.777752503871359
849,1.33826,1.48629,131379.549027109,-172812.308568587,0.910462498171096,-0.333308963290402
848,1.31212,1.50942,112046.802109138,-179878.01897597,0.912416143750729,0.555523964099008
848,1.28558,1.53209,107399.411164938,-199104.799217229,0.912416143751184,-0.555523964140596
847,1.25864,1.55429,88987.389969894,-198996.114499551,0.910462498170846,0.333308963247574
847,1.23132,1.57602,91431.8666817218,-210364.585639808,0.915346582365554,-0.777752503916259
846,1.20363,1.59727,78443.1803840985,-205680.183313231,0.90948566942978,0.111102085221654
845,1.17557,1.61803,68177.3779739176,-202733.952123538,0.919253778306528,0.999999999969813
845,1.14715,1.6383,66639.5120473557,-211897.255004474,0.909485669429915,-0.111102085282135
844,1.11839,1.65808,49659.8909891406,-210261.108675727,0.915346582364625,0.777752503855763
844,1.08928,1.67734,48582.6268274495,-216915.564239943,0.910462498171253,-0.333308963307521
843,1.05984,1.6961,32653.8825892097,-213865.61451119,0.912416143750542,0.555523964080906
843,1.03008,1.71433,32036.4610552572,-219954.897987584,0.912416143751377,-0.555523964158847
842,1,1.73205,18742.1670916547,-218836.032779438,0.910462498170698,0.333308963230309
842,0.969619,1.74924,18408.9073577898,-225645.422358677,0.915346582365766,-0.777752503931825
841,0.938943,1.7659,6437.951360944,-223427.132908428,0.909485669429764,0.111102085205048
840,0.907981,1.78201,-6449.42952954156,-220668.147109405,0.919253778306164,0.99999999995148
840,0.876742,1.79759,-7107.20896892326,-221337.354002511,0.909485669429979,-0.11110208530158
839,0.845237,1.81262,-19049.0849895347,-216517.228794067,0.91534658236432,0.777752503835068
839,0.813473,1.82709,-19412.5646674799,-216037.760318422,0.91046249817139,-0.33330896333004
838,0.781462,1.84101,-29246.5442588437,-213301.43192082,0.912416143750255,0.555523964056983
838,0.749213,1.85437,-30071.2123691144,-217209.121332699,0.912416143751674,-0.555523964183563
837,0.716736,1.86716,-38476.8377458582,-216259.010320951,0.910462498170584,0.333308963203304
837,0.68404,1.87939,-38773.5068613574,-217310.121763519,0.915346582366261,-0.777752503962098
836,0.651136,1.89104,-44902.2116221519,-213233.726630604,0.909485669429719,0.111102085173086
835,0.618034,1.90211,-52180.4650822109,-208337.205161431,0.919253778305509,0.999999999918205
835,0.584743,1.91261,-52082.2065972168,-207783.332982362,0.909485669430073,-0.111102085335132
834,0.551275,1.92252,-57095.4473857643,-205766.92419472,0.915346582363819,0.777752503801204
834,0.517638,1.93185,-56888.4896883043,-205044.388820498,0.910462498171637,-0.333308963364254
833,0.483844,1.94059,-58377.9534015678,-204073.535606583,0.912416143749877,0.55552396402192
833,0.449902,1.94874,-58265.2914284725,-203752.132756312,0.91241614375206,-0.555523964220202
832,0.415823,1.9563,-60360.5174162722,-202087.004830233,0.910462498170279,0.333308963168166
832,0.381618,1.96325,-59832.2834417003,-200464.429751567,0.915346582366717,-0.777752503993703
831,0.347296,1.96962,-61857.2318326161,-197989.61438813,0.909485669429573,0.111102085145737
830,0.312869,1.97538,-62315.9987077912,-195790.705185533,0.919253778305012,0.99999999989529
830,0.278346,1.98054,-62510.6816956554,-196746.552512858,0.909485669430091,-0.111102085358547
829,0.243739,1.98509,-62442.938387723,-197850.594537146,0.915346582363415,0.77775250377766
829,0.209057,1.98904,-62745.1324131506,-199264.113987068,0.910462498171767,-0.333308963386422
828,0.174311,1.99239,-63658.1443097481,-200299.732809032,0.912416143749651,0.55552396400147
828,0.139513,1.99513,-63628.3638119275,-200924.938330782,0.912416143752224,-0.555523964238419
827,0.104672,1.99726,-66036.4628284847,-202211.424439865,0.910462498170184,0.33330896314881
827,0.069799,1.99878,-66286.1416773512,-204181.278324742,0.915346582367074,-0.777752504016452
826,0.0349048,1.9997,-66995.8086915157,-207570.102431877,0.909485669429527,0.111102085121841
825,1.27747e-16,2,-67045.9693056462,-211338.640228697,0.919253778304535,0.999999999870799
825,-0.0349048,1.9997,-67746.3115623578,-215841.403489659,0.909485669430051,-0.111102085378537
824,-0.069799,1.99878,-71241.5206217632,-220394.243358721,0.915346582363134,0.777752503762801
824,-0.104672,1.99726,-71714.6036663486,-224583.721286968,0.910462498171695,-0.333308963393583
823,-0.139513,1.99513,-75041.6104841307,-229287.092236395,0.912416143749585,0.555523964001401
823,-0.174311,1.99239,-75496.336726683,-234307.055186234,0.912416143752112,-0.555523964232297
822,-0.209057,1.98904,-76188.846118316,-240463.257808786,0.910462498170195,0.333308963161685
822,-0.243739,1.98509,-77103.5685235194,-247422.235088134,0.915346582366744,-0.777752503996403
821,-0.278346,1.98054,-80210.6020483375,-254110.722069037,0.909485669429538,0.111102085145537
820,-0.312869,1.97538,-87016.9256615233,-261338.639875667,0.919253778305041,0.999999999897278
820,-0.347296,1.96962,-87322.6548931842,-266542.693360057,0.90948566942996,-0.111102085350006
819,-0.381618,1.96325,-91540.4645110954,-272762.761796712,0.915346582363608,0.777752503792493
819,-0.415823,1.9563,-91829.9409135226,-279402.54315036,0.910462498171543,-0.333308963366333
818,-0.449902,1.94874,-94783.7119705143,-286236.067860757,0.912416143749872,0.555523964026316
818,-0.483844,1.94059,-94912.6909702661,-291832.170484482,0.912416143751875,-0.555523964209561
817,-0.517638,1.93185,-101776.680910828,-297704.497945348,0.910462498170336,0.333308963182646
817,-0.551275,1.92252,-101432.454102191,-300695.613378726,0.915346582366457,-0.777752503976948
816,-0.584743,1.91261,-109584.00030496,-306767.547462442,0.909485669429562,0.111102085165907
815,-0.618034,1.90211,-115084.761980652,-312325.270872886,0.919253778305526,0.999999999919175
815,-0.651136,1.89104,-114192.731189223,-314927.957577081,0.909485669429935,-0.111102085328253
814,-0.68404,1.87939,-119348.953222934,-318910.200348675,0.915346582363941,0.777752503814277
814,-0.716736,1.86716,-117984.522204059,-317826.069770754,0.910462498171402,-0.333308963343933
813,-0.749213,1.85437,-125064.681473224,-319653.838649136,0.912416143750117,0.555523964050053
813,-0.781462,1.84101,-123754.206751589,-317599.127071717,0.912416143751584,-0.555523964183396
812,-0.813473,1.82709,-131096.265607844,-318089.866491893,0.910462498170484,0.33330896321226
812,-0.845237,1.81262,-128772.772941654,-313537.391656543,0.91534658236591,-0.7777525039432
811,-0.876742,1.79759,-134029.468638667,-309239.189831542,0.909485669429639,0.111102085200672
810,-0.907981,1.78201,-138531.953275647,-303964.838606529,0.919253778306197,0.999999999954239
810,-0.938943,1.7659,-132939.991319849,-291822.993277231,0.909485669429848,-0.111102085292613
809,-0.969619,1.74924,-136146.161955134,-284094.694470888,0.915346582364533,0.777752503850298
809,-1,1.73205,-130545.810118188,-270428.724537421,0.910462498171205,-0.333308963308436
808,-1.03008,1.71433,-133577.965163272,-261026.20977451,0.912416143750522,0.55552396408444
808,-1.05984,1.6961,-127710.637543838,-245248.302470459,0.912416143751243,-0.555523964150944
807,-1.08928,1.67734,-129370.192965512,-233886.235614404,0.910462498170733,0.33330896324243
807,-1.11839,1.65808,-123528.645300809,-217714.643843877,0.915346582365511,-0.777752503915504
806,-1.14715,1.6383,-122791.244392165,-204179.894469822,0.909485669429678,0.11110208522852
805,-1.17557,1.61803,-120408.993273515,-189984.186703779,0.91925377830677,0.999999999982889
805,-1.20363,1.59727,-111805.717364493,-169700.831877999,0.909485669429819,-0.111102085265551
804,-1.23132,1.57602,-105772.979049943,-152004.632467444,0.915346582364893,0.777752503876544
804,-1.25864,1.55429,-94141.5103870306,-129773.95188754,0.910462498170937,-0.333308963279986
803,-1.28558,1.53209,-84070.8013102384,-109794.77492315,0.912416143750809,0.555523964114847
803,-1.31212,1.50942,-70015.2001364657,-87496.0395151054,0.912416143750849,-0.555523964118962
802,-1.33826,1.48629,-57289.5416135683,-67960.3087180009,0.910462498170897,0.333308963276791
802,-1.364,1.46271,-42544.3005007672,-48186.070866965,0.915346582364928,-0.77775250387821
801,-1.38932,1.43868,-29090.133549978,-31355.4883903632,0.909485669429954,0.111102085257172
801,-1.41421,1.41421,-14632.291110096,-15039.1403435184,0.919253778307104,-0.999999999999994
15850,-1.43868,1.38932,399.725363204616,391.399016167485,0.909485669429991,-0.111102085260237
15849,-1.46271,1.364,16587.147245167,15465.8196108272,0.915346582364828,0.777752503871364
15849,-1.48629,1.33826,35083.2208103344,31216.9881739176,0.910462498171103,-0.333308963290387
15848,-1.50942,1.31212,54568.4636936637,46374.3207759146,0.912416143750729,0.555523964099008
15848,-1.53209,1.28558,75836.8189682241,61986.0391497422,0.912416143751185,-0.555523964140586
15847,-1.55429,1.25864,97608.0411504603,77068.9592317065,0.910462498170851,0.333308963247569
15847,-1.57602,1.23132,120489.912005546,92489.3140447828,0.915346582365555,-0.777752503916249
15846,-1.59727,1.20363,143788.884070897,107634.605517473,0.909485669429784,0.111102085221639
15845,-1.61803,1.17557,167212.715533815,121811.736947451,0.919253778306531,0.999999999969823
15845,-1.6383,1.14715,191211.723979833,137210.533137321,0.909485669429917,-0.111102085282151
15844,-1.65808,1.11839,213642.170994156,149961.393758343,0.915346582364627,0.777752503855772
15844,-1.67734,1.08928,235822.291480932,164372.903446937,0.910462498171251,-0.333308963307506
15843,-1.6961,1.05984,255877.198997931,176245.837607351,0.912416143750542,0.555523964080906
15843,-1.71433,1.03008,276028.871662929,190059.060275153,0.912416143751375,-0.555523964158831
15842,-1.73205,1,293434.552478505,200953.025724232,0.910462498170697,0.333308963230296
15842,-1.74924,0.969619,311122.084643269,213452.278357728,0.915346582365764,-0.777752503931822
15841,-1.7659,0.938943,324609.609477897,220917.883239884,0.909485669429762,0.111102085205035
15840,-1.78201,0.907981,337429.375187825,227324.977396564,0.919253778306162,0.999999999951483
15840,-1.79759,0.876742,347619.628065588,234057.616897173,0.909485669429984,-0.111102085301589
15839,-1.81262,0.845237,356616.057145564,238933.845796086,0.915346582364318,0.777752503835071
15839,-1.82709,0.813473,364392.521874645,245143.52561275,0.910462498171391,-0.333308963330024
15838,-1.84101,0.781462,373392.150333248,252639.530400334,0.912416143750253,0.555523964056986
15838,-1.85437,0.749213,384178.608223102,262289.740114078,0.912416143751674,-0.555523964183544
15837,-1.86716,0.716736,394901.654140883,272424.306356279,0.910462498170589,0.333308963203294
15837,-1.87939,0.68404,405882.852073432,283876.297537023,0.915346582366259,-0.777752503962095
15836,-1.89104,0.651136,410997.35489473,292177.845016714,0.909485669429715,0.111102085173074
15835,-1.90211,0.618034,414462.651428344,299239.33961468,0.919253778305508,0.999999999918209
15835,-1.91261,0.584743,414558.103076706,303707.678074023,0.909485669430068,-0.111102085335144
15834,-1.92252,0.551275,412687.732593804,300920.557666976,0.915346582363818,0.777752503801208
15834,-1.93185,0.517638,412454.886061037,301480.3779689,0.910462498171639,-0.333308963364235
15833,-1.94059,0.483844,407300.761485499,288311.125029544,0.912416143749876,0.555523964021923
15833,-1.94874,0.449902,401837.820701693,282301.983394683,0.912416143752063,-0.555523964220183
15832,-1.9563,0.415823,393094.819114924,265939.417530227,0.910462498170272,0.333308963168156
15832,-1.96325,0.381618,385584.781786816,258527.870219395,0.915346582366716,-0.7777525039937
15831,-1.96962,0.347296,383803.250135938,251657.787788446,0.909485669429575,0.111102085145728
15830,-1.97538,0.312869,384499.696049426,250191.147235047,0.91925377830502,0.999999999895294
15830,-1.98054,0.278346,391075.209394629,256948.195600869,0.909485669430092,-0.111102085358556
15829,-1.98509,0.243739,396735.277726822,264548.051132773,0.915346582363415,0.777752503777664
15829,-1.98904,0.209057,398208.457178651,269849.390707857,0.910462498171765,-0.333308963386404
15828,-1.99239,0.174311,397767.550422288,272537.298570585,0.912416143749651,0.555523964001473
15828,-1.99513,0.139513,394835.968567848,273684.445408787,0.912416143752222,-0.5555239642384
15827,-1.99726,0.104672,393421.352925818,269394.88200008,0.910462498170184,0.3333089631488
15827,-1.99878,0.069799,393562.740378363,270535.600284878,0.915346582367074,-0.777752504016448
15826,-1.9997,0.0349048,397290.894515642,268845.128093987,0.909485669429527,0.111102085121831
15825,-2,2.46315e-16,402042.719040431,270890.920088649,0.919253778304535,0.999999999870803
15825,-1.9997,-0.0349048,406753.49105799,278519.009191571,0.909485669430051,-0.111102085378547
15824,-1.99878,-0.069799,410393.74495204,282888.461204271,0.915346582363134,0.777752503762804
15824,-1.99726,-0.104672,410212.400477481,287674.840303725,0.910462498171696,-0.333308963393566
15823,-1.99513,-0.139513,408876.669203355,281405.510179405,0.912416143749586,0.555523964001405
15823,-1.99239,-0.174311,404713.573788026,280090.480152677,0.912416143752114,-0.555523964232279
15822,-1.98904,-0.209057,402472.445221008,264771.638666411,0.910462498170195,0.333308963161688
15822,-1.98509,-0.243739,399361.32512253,263099.740772833,0.915346582366744,-0.7777525039964
15821,-1.98054,-0.278346,400463.240269365,253684.417831307,0.909485669429545,0.111102085145526
15820,-1.97538,-0.312869,402218.721253634,247842.038861133,0.919253778305042,0.999999999897283
15820,-1.96962,-0.347296,399881.649280372,248094.174725658,0.909485669429957,-0.111102085350017
15819,-1.96325,-0.381618,399128.044163317,232787.94963775,0.915346582363609,0.777752503792499
15819,-1.9563,-0.415823,390469.12952469,227417.073777888,0.910462498171549,-0.333308963366345
15818,-1.94874,-0.449902,385671.651018333,203743.536023562,0.912416143749872,0.555523964026319
15818,-1.94059,-0.483844,376337.868986575,198862.592264368,0.91241614375188,-0.555523964209544
15817,-1.93185,-0.517638,371951.306404554,175459.954550585,0.910462498170337,0.33330896318265
15817,-1.92252,-0.551275,362803.755138124,171513.868473163,0.915346582366458,-0.777752503976945
15816,-1.91261,-0.584743,357598.389001989,139408.137098857,0.909485669429567,0.111102085165898
15815,-1.90211,-0.618034,352420.795612156,106549.707049528,0.919253778305528,0.999999999919178
15815,-1.89104,-0.651136,338837.110064742,102478.91645919,0.90948566942994,-0.111102085328262
15814,-1.87939,-0.68404,331881.741131986,81132.9399547616,0.915346582363942,0.77775250381428
15814,-1.86716,-0.716736,320113.858757719,77934.338556046,0.910462498171397,-0.333308963343943
15813,-1.85437,-0.749213,314534.207625319,57372.1424217399,0.912416143750119,0.555523964050056
15813,-1.84101,-0.781462,300804.661413394,54410.5438253596,0.912416143751582,-0.555523964183381
15812,-1.82709,-0.813473,299191.174019089,31784.6275964605,0.910462498170486,0.333308963212263
15812,-1.81262,-0.845237,290929.634733949,30153.0800269165,0.915346582365912,-0.777752503943197
15811,-1.79759,-0.876742,289102.307679206,9427.72406169895,0.909485669429641,0.111102085200675
15810,-1.78201,-0.907981,289074.572410227,-14177.5772879487,0.919253778306197,0.999999999954239
15810,-1.7659,-0.938943,263763.298050041,-13632.9191994992,0.90948566942985,-0.11110208529261
15809,-1.74924,-0.969619,249716.070324976,-33856.9264099063,0.915346582364535,0.777752503850301
15809,-1.73205,-1,221235.981287383,-30659.7690748384,0.9104624981712,-0.333308963308458
15808,-1.71433,-1.03008,201856.59644127,-45130.1034874016,0.912416143750526,0.555523964084446
15808,-1.6961,-1.05984,167639.352329303,-38089.2400758761,0.912416143751243,-0.555523964150944
15807,-1.67734,-1.08928,142444.098437919,-45386.1257205812,0.910462498170725,0.333308963242434
15807,-1.65808,-1.11839,105133.739609158,-33725.872140884,0.915346582365503,-0.7777525039155
15806,-1.6383,-1.14715,77036.3649959573,-30742.1468310796,0.90948566942967,0.111102085228524
15805,-1.61803,-1.17557,45558.7765527937,-21165.7838668537,0.919253778306763,0.999999999982893
15805,-1.59727,-1.20363,1078.24363187435,-500.495975304807,0.909485669429812,-0.111102085265547
15804,-1.57602,-1.23132,-46922.1922873359,24297.4764186103,0.915346582364898,0.777752503876549
15804,-1.55429,-1.25864,-96512.551567781,49846.2325060855,0.910462498170935,-0.333308963280012
15803,-1.53209,-1.28558,-160177.800217285,90043.9357366137,0.912416143750815,0.555523964114853
15803,-1.50942,-1.31212,-221523.768563478,123690.387028662,0.912416143750855,-0.555523964118957
15802,-1.48629,-1.33826,-307817.292262416,183829.328674869,0.910462498170897,0.333308963276791
15802,-1.46271,-1.364,-376570.487768445,222035.436893143,0.915346582364928,-0.77775250387821
15801,-1.43868,-1.38932,-481501.19751337,297345.64377327,0.909485669429954,0.111102085257172
15801,-1.41421,-1.41421,-553950.684686154,336097.375399466,0.919253778307098,-0.999999999999989
10084,-1.38932,-1.43868,-653956.694374101,402009.85339068,-0.909485669429983,0.111102085260242
10184,-1.364,-1.46271,-692691.645997257,407938.664447522,-0.915346582364814,-0.777752503871363
10184,-1.33826,-1.48629,-745394.691496999,431326.182922564,-0.910462498171062,0.333308963290425
10284,-1.31212,-1.50942,-756201.901186754,421137.833148713,-0.912416143750702,-0.555523964098991
10284,-1.28558,-1.53209,-792403.594334175,439682.219831864,-0.912416143751175,0.55552396414059
10384,-1.25864,-1.55429,-776419.491425435,430277.823277743,-0.910462498170858,-0.333308963247603
10384,-1.23132,-1.57602,-783535.577990972,450826.311670085,-0.915346582365569,0.777752503916277
10484,-1.20363,-1.59727,73558.4207323979,-201930.023891072,-0.909485669429755,-0.111102085221656
10584,-1.17557,-1.61803,911802.316677904,-799537.369748348,-0.919253778306467,-0.999999999969833
10584,-1.14715,-1.6383,937046.004944561,-827391.112538988,-0.909485669429891,0.111102085282108
10684,-1.11839,-1.65808,883693.210277473,-802300.611137749,-0.915346582364624,-0.777752503855743
10684,-1.08928,-1.67734,898058.713299805,-823904.619911197,-0.910462498171255,0.333308963307532
10784,-1.05984,-1.6961,831502.044134821,-794476.511188128,-0.912416143750544,-0.555523964080908
10784,-1.03008,-1.71433,843977.777544195,-815497.302367146,-0.912416143751393,0.555523964158839
10884,-1,-1.73205,765634.620686293,-779697.192454783,-0.910462498170715,-0.333308963230315
10884,-0.969619,-1.74924,768296.786472227,-789687.107780888,-0.915346582365772,0.777752503931858
10984,-0.938943,-1.7659,664334.931256424,-734605.830075988,-0.909485669429763,-0.111102085205032
11084,-0.907981,-1.78201,550392.098100283,-676605.344574264,-0.919253778306154,-0.99999999995149
11084,-0.876742,-1.79759,536335.81042929,-662583.035356756,-0.909485669429981,0.111102085301552
11184,-0.845237,-1.81262,423945.050742138,-601466.550253774,-0.915346582364332,-0.777752503835052
11184,-0.813473,-1.82709,412038.747924378,-584312.08019672,-0.910462498171421,0.333308963330044
11284,-0.781462,-1.84101,313462.608325398,-529378.089798922,-0.912416143750289,-0.555523964056998
11284,-0.749213,-1.85437,304394.312157581,-512699.533893933,-0.912416143751684,0.555523964183542
11384,-0.716736,-1.86716,218530.56349681,-467679.364583382,-0.910462498170579,-0.333308963203316
11384,-0.68404,-1.87939,213342.13706531,-456036.610942912,-0.915346582366256,0.777752503962127
11484,-0.651136,-1.89104,141847.594055182,-424801.043524861,-0.9094856694297,-0.111102085173069
11584,-0.618034,-1.90211,78328.5769634002,-399830.708461124,-0.919253778305473,-0.9999999999182
11584,-0.584743,-1.91261,77289.0220293011,-395392.159692326,-0.909485669430035,0.111102085335111
11684,-0.551275,-1.92252,22087.7466420014,-376665.921697625,-0.915346582363772,-0.777752503801188
11684,-0.517638,-1.93185,20613.7047492862,-378615.024232833,-0.910462498171642,0.333308963364261
11784,-0.483844,-1.94059,-24142.4538157877,-361416.327120043,-0.912416143749915,-0.555523964021929
11784,-0.449902,-1.94874,-21083.1164498136,-344678.469619224,-0.912416143752077,0.555523964220183
11884,-0.415823,-1.9563,-84019.9378382391,-350982.698204881,-0.910462498170266,-0.33330896316818
11884,-0.381618,-1.96325,-93114.4915642723,-394259.556754884,-0.915346582366712,0.777752503993725
11984,-0.347296,-1.96962,-81163.2996228255,-522071.98769604,-0.909485669429565,-0.111102085145729
12084,-0.312869,-1.97538,67988.2951068141,-691588.978657315,-0.919253778305011,-0.999999999895287
12084,-0.278346,-1.98054,55226.68563252,-771071.506974173,-0.909485669430107,0.111102085358526
12184,-0.243739,-1.98509,158427.782270476,-853775.027395795,-0.915346582363447,-0.777752503777644
12184,-0.209057,-1.98904,157683.561971253,-884172.115221893,-0.910462498171781,0.333308963386432
12284,-0.174311,-1.99239,188193.756211924,-914339.202177447,-0.912416143749663,-0.555523964001473
12284,-0.139513,-1.99513,188564.988362256,-936274.974371852,-0.912416143752267,0.555523964238395
12384,-0.104672,-1.99726,202546.926280619,-937887.558113108,-0.910462498170238,-0.333308963148834
12384,-0.069799,-1.99878,198911.277299483,-924223.074623148,-0.915346582367131,0.777752504016471
12484,-0.0349048,-1.9997,202373.257116555,-922777.139143493,-0.909485669429557,-0.111102085121833
12584,-4.35203e-16,-2,210108.090939636,-924400.727135122,-0.919253778304537,-0.999999999870803
12584,0.0349048,-1.9997,210141.00122206,-923265.67667303,-0.909485669430058,0.111102085378513
12684,0.069799,-1.99878,207406.161322874,-917381.585725569,-0.915346582363139,-0.777752503762792
12684,0.104672,-1.99726,202450.446603477,-891576.040118187,-0.9104624981717,0.333308963393593
12784,0.139513,-1.99513,194813.694191952,-871760.420203675,-0.912416143749591,-0.555523964001403
12784,0.174311,-1.99239,192732.924315477,-859891.678425763,-0.912416143752134,0.555523964232273
12884,0.209057,-1.98904,198511.977853501,-860586.691233863,-0.91046249817019,-0.333308963161724
12884,0.243739,-1.98509,201120.081818065,-870455.803188084,-0.915346582366752,0.777752503996427
12984,0.278346,-1.98054,204534.541998172,-865570.202990033,-0.909485669429543,-0.111102085145531
13084,0.312869,-1.97538,197912.722333,-859003.357409008,-0.919253778305079,-0.999999999897294
13084,0.347296,-1.96962,189869.701821073,-822356.105131651,-0.909485669429971,0.111102085349981
13184,0.381618,-1.96325,177840.302805244,-790424.219250735,-0.915346582363621,-0.777752503792476
13184,0.415823,-1.9563,172896.536156891,-768174.331984839,-0.910462498171561,0.33330896336634
13284,0.449902,-1.94874,172280.238845614,-756178.712079935,-0.912416143749886,-0.555523964026324
13284,0.483844,-1.94059,173133.708806695,-760043.164013583,-0.912416143751904,0.555523964209538
13384,0.517638,-1.93185,175092.28873724,-751359.891237234,-0.910462498170363,-0.333308963182687
13384,0.551275,-1.92252,171395.080134171,-736374.273462347,-0.915346582366464,0.777752503976962
13484,0.584743,-1.91261,162349.348884563,-696196.402881822,-0.909485669429569,-0.111102085165906
13584,0.618034,-1.90211,150267.640513017,-651914.629040742,-0.919253778305519,-0.999999999919186
13584,0.651136,-1.89104,139834.858089016,-610096.474882397,-0.909485669429928,0.111102085328226
13684,0.68404,-1.87939,131479.700248886,-571676.747656394,-0.915346582363942,-0.777752503814258
13684,0.716736,-1.86716,124461.211140223,-543842.905538136,-0.910462498171394,0.333308963343945
13784,0.749213,-1.85437,120579.839278493,-516640.450593214,-0.912416143750121,-0.555523964050058
13784,0.781462,-1.84101,114372.83652034,-492609.421818277,-0.91241614375158,0.555523964183364
13884,0.813473,-1.82709,108020.55740858,-466982.506297451,-0.91046249817049,-0.333308963212306
13884,0.845237,-1.81262,101250.338504785,-440868.198063421,-0.915346582365913,0.777752503943214
13984,0.876742,-1.79759,91493.304850493,-408816.383699068,-0.909485669429626,-0.1111020852007
14084,0.907981,-1.78201,81683.7343366064,-376233.535152941,-0.919253778306215,-0.999999999954254
14084,0.938943,-1.7659,72376.651109058,-338084.509267006,-0.909485669429858,0.111102085292581
14184,0.969619,-1.74924,61405.0140786463,-300728.990270338,-0.915346582364524,-0.777752503850263
14184,1,-1.73205,51417.0975948741,-256657.862024085,-0.910462498171194,0.333308963308465
14284,1.03008,-1.71433,40384.3202227805,-211716.220969083,-0.91241614375052,-0.55552396408445
14284,1.05984,-1.6961,30387.0283559575,-162879.59010245,-0.912416143751235,0.55552396415093
14384,1.08928,-1.67734,21624.8171779061,-120299.904540868,-0.910462498170724,-0.333308963242461
14384,1.11839,-1.65808,14399.6654375535,-81715.0133455653,-0.915346582365498,0.777752503915531
14484,1.14715,-1.6383,9122.79751092374,-52032.0305254694,-0.909485669429676,-0.111102085228531
14584,1.17557,-1.61803,4461.44143664202,-24998.844708847,-0.919253778306762,-0.999999999982903
14584,1.20363,-1.59727,1655.97191913597,-9366.04845452384,-0.909485669429825,0.1111020852655
14684,1.23132,-1.57602,-1017.72044719678,5721.82755065701,-0.91534658236492,-0.777752503876537
14684,1.25864,-1.55429,-3512.05217395823,19977.7484534286,-0.910462498170955,0.333308963280004
14784,1.28558,-1.53209,-6327.55581577654,36437.9431998501,-0.912416143750819,-0.555523964114867
14784,1.31212,-1.50942,-9593.42241336563,56424.9563899775,-0.912416143750872,0.555523964118932
14884,1.33826,-1.48629,-12807.3119977031,78290.1542097278,-0.910462498170903,-0.333308963276861
14884,1.364,-1.46271,-15941.4414043394,100881.97764238,-0.915346582364901,0.777752503878194
14984,1.38932,-1.43868,-18785.2055175345,124458.253388603,-0.909485669429939,-0.111102085257194
14984,1.41421,-1.41421,-21107.6523867089,147555.171675177,-0.919253778307102,0.999999999999985
5850,1.43868,-1.38932,-21892.9640209668,161831.048873662,0.909485669429985,-0.111102085260202
5849,1.46271,-1.364,-22691.2482800397,173309.267670797,0.915346582364833,0.777752503871339
5849,1.48629,-1.33826,-20982.146070836,180392.29631854,0.910462498171102,-0.333308963290407
5848,1.50942,-1.31212,-21029.1771737931,182355.535106916,0.91241614375073,0.555523964099018
5848,1.53209,-1.28558,-17968.7462757512,183859.938156753,0.912416143751186,-0.555523964140576
5847,1.55429,-1.25864,-18935.8352165671,180367.536797625,0.91046249817085,0.333308963247604
5847,1.57602,-1.23132,-15847.556376686,181497.479040605,0.91534658236556,-0.777752503916265
5846,1.59727,-1.20363,-19397.9990909136,177957.976996514,0.909485669429786,0.111102085221649
5845,1.61803,-1.17557,-24313.6400930129,172480.775706487,0.919253778306525,0.999999999969829
5845,1.6383,-1.14715,-23533.8633215065,177395.338417151,0.909485669429914,-0.11110208528211
5844,1.65808,-1.11839,-30277.9198529861,171307.921004431,0.915346582364627,0.777752503855747
5844,1.67734,-1.08928,-30774.4337250968,176245.751013286,0.910462498171258,-0.333308963307527
5843,1.6961,-1.05984,-38437.0555606953,169402.189431117,0.912416143750537,0.555523964080912
5843,1.71433,-1.03008,-39602.7409666652,172249.453015301,0.912416143751378,-0.555523964158821
5842,1.73205,-1,-47548.2769292499,164625.140149828,0.910462498170701,0.333308963230334
5842,1.74924,-0.969619,-49511.8201346309,167782.680581745,0.915346582365767,-0.777752503931841
5841,1.7659,-0.938943,-57805.1402588694,161011.311316122,0.909485669429766,0.111102085205045
5840,1.78201,-0.907981,-65909.9443903662,154211.036153266,0.919253778306158,0.99999999995149
5840,1.79759,-0.876742,-69193.5916787633,158811.503079604,0.909485669429983,-0.111102085301555
5839,1.81262,-0.845237,-77371.2097181788,153144.405506856,0.915346582364319,0.777752503835052
5839,1.82709,-0.813473,-80969.6328115826,157579.430039042,0.910462498171384,-0.333308963330046
5838,1.84101,-0.781462,-88888.1339887864,151734.721950872,0.912416143750258,0.555523964056995
5838,1.85437,-0.749213,-92486.3720187458,155379.178373119,0.91241614375167,-0.555523964183538
5837,1.86716,-0.716736,-100527.158872785,149944.102501101,0.91046249817059,0.333308963203332
5837,1.87939,-0.68404,-105258.652803143,154396.615330519,0.915346582366259,-0.777752503962114
5836,1.89104,-0.651136,-113372.479608197,148245.043718369,0.909485669429712,0.11110208517308
5835,1.90211,-0.618034,-121211.204407084,141702.619288541,0.919253778305505,0.999999999918216
5835,1.91261,-0.584743,-125812.12953293,144571.001231884,0.909485669430072,-0.111102085335106
5834,1.92252,-0.551275,-133056.032582744,137718.59615793,0.915346582363824,0.777752503801191
5834,1.93185,-0.517638,-136878.794877117,139284.461157102,0.910462498171638,-0.333308963364257
5833,1.94059,-0.483844,-142631.631694407,130669.905793981,0.912416143749874,0.555523964021932
5833,1.94874,-0.449902,-145082.347348559,130652.440091809,0.91241614375206,-0.555523964220175
5832,1.9563,-0.415823,-149771.012432557,121859.997797421,0.910462498170272,0.333308963168192
5832,1.96325,-0.381618,-152603.033068294,122055.830121228,0.915346582366721,-0.777752503993719
5831,1.96962,-0.347296,-156386.222583716,113633.290700622,0.909485669429573,0.111102085145735
5830,1.97538,-0.312869,-159605.333608941,105189.093098114,0.919253778305019,0.999999999895301
5830,1.98054,-0.278346,-161183.56016006,104525.947776584,0.909485669430095,-0.11110208535852
5829,1.98509,-0.243739,-163668.384826709,96715.1091889653,0.915346582363408,0.777752503777643
5829,1.98904,-0.209057,-165891.76909275,96376.3443072527,0.910462498171767,-0.333308963386425
5828,1.99239,-0.174311,-168248.138018088,89044.81092666,0.91241614374965,0.555523964001481
5828,1.99513,-0.139513,-169293.154135206,88052.1750511469,0.912416143752221,-0.555523964238393
5827,1.99726,-0.104672,-170712.766789517,80116.4406013077,0.910462498170182,0.333308963148836
5827,1.99878,-0.069799,-171574.30959791,79216.8087800744,0.915346582367075,-0.777752504016468
5826,1.9997,-0.0349048,-173434.858699836,71988.332107023,0.909485669429527,0.111102085121839
