origElemNum,globCoord-x,globCoord-y,acouIntensity-x,acouIntensity-y,locCoord-xi,locCoord-eta
5825,2,-2.20442e-18,-13197230345.8512,10585400447.6517,0.919253778304535,0.999999999870795
5825,1.9997,0.0349048,-13430900376.3169,10557597901.5627,0.909485669430051,-0.11110208537854
5824,1.99878,0.069799,-13785168370.7734,13196734350.9866,0.915346582363134,0.7777525037628
5824,1.99726,0.104672,-14152484275.5958,13067557995.9897,0.910462498171695,-0.333308963393583
5823,1.99513,0.139513,-14725369136.0622,15441586469.0795,0.912416143749585,0.555523964001403
5823,1.99239,0.174311,-15195266974.1769,15198917047.7886,0.912416143752112,-0.555523964232293
5822,1.98904,0.209057,-15915116530.2284,17057780501.5151,0.910462498170195,0.33330896316169
5822,1.98509,0.243739,-16455780006.0485,16717766054.129,0.915346582366752,-0.777752503996411
5821,1.98054,0.278346,-17238329299.8479,17966396980.0308,0.909485669429537,0.111102085145532
5820,1.97538,0.312869,-18012237068.5349,18809195295.3791,0.91925377830504,0.999999999897275
5820,1.96962,0.347296,-18567482720.5069,18268461543.3145,0.909485669429959,-0.111102085350008
5819,1.96325,0.381618,-19296923344.8698,18765172268.79,0.915346582363608,0.777752503792493
5819,1.9563,0.415823,-19756899259.9811,18132526568.8041,0.910462498171543,-0.333308963366333
5818,1.94874,0.449902,-20364675347.8867,18387652778.0327,0.912416143749872,0.555523964026318
5818,1.94059,0.483844,-20689386921.9509,17685921900.1821,0.912416143751876,-0.555523964209557
5817,1.93185,0.517638,-21132452240.571,17680339519.0026,0.910462498170338,0.333308963182653
5817,1.92252,0.551275,-21353110506.1567,16983474356.7713,0.915346582366455,-0.777752503976955
5816,1.91261,0.584743,-21648715026.3644,16654886500.3745,0.909485669429567,0.111102085165898
5815,1.90211,0.618034,-21814463641.247,15929988672.8501,0.919253778305533,0.999999999919169
5815,1.89104,0.651136,-22015353047.1058,15373574803.5238,0.909485669429933,-0.111102085328256
5814,1.87939,0.68404,-22055863115.3266,14419705894.5449,0.915346582363941,0.777752503814277
5814,1.86716,0.716736,-22178178998.967,13919683997.1744,0.910462498171402,-0.333308963343933
5813,1.85437,0.749213,-22020839145.7791,12912029873.4543,0.912416143750119,0.555523964050056
5813,1.84101,0.781462,-21948275441.4173,12429284098.515,0.912416143751575,-0.555523964183394
5812,1.82709,0.813473,-21563148939.0405,11489193048.2559,0.910462498170486,0.333308963212263
5812,1.81262,0.845237,-21328170993.7123,11050797281.9448,0.915346582365915,-0.777752503943209
5811,1.79759,0.876742,-20844251702.1337,10144188226.0363,0.909485669429635,0.111102085200681
5810,1.78201,0.907981,-20276220729.7338,9084644937.88666,0.919253778306195,0.999999999954235
5810,1.7659,0.938943,-20215424519.3986,8812194314.37365,0.909485669429844,-0.111102085292603
5809,1.74924,0.969619,-19717464103.1687,7669832748.83917,0.915346582364538,0.777752503850291
5809,1.73205,1,-19791905161.7642,7447086003.56297,0.910462498171199,-0.333308963308445
5808,1.71433,1.03008,-19297160442.4808,6289648164.58469,0.912416143750526,0.555523964084446
5808,1.6961,1.05984,-19321144201.2058,6081770588.53764,0.912416143751246,-0.555523964150953
5807,1.67734,1.08928,-18655906168.5789,4975577787.3357,0.910462498170725,0.333308963242434
5807,1.65808,1.11839,-18515048560.3309,4800511617.2612,0.915346582365508,-0.777752503915519
5806,1.6383,1.14715,-17603289095.0832,3765416149.47938,0.909485669429676,0.11110208522853
5805,1.61803,1.17557,-16708051215.9785,2832677504.72982,0.919253778306765,0.999999999982884
5805,1.59727,1.20363,-16198948098.686,2671148827.47477,0.909485669429817,-0.111102085265541
5804,1.57602,1.23132,-15197952119.3014,1834900890.18961,0.9153465823649,0.777752503876539
5804,1.55429,1.25864,-14714277017.2923,1647829805.94033,0.910462498170939,-0.333308963279996
5803,1.53209,1.28558,-13754439386.8648,802066926.366341,0.912416143750815,0.555523964114853
5803,1.50942,1.31212,-13425670503.7549,611888122.063933,0.91241614375085,-0.555523964118972
5802,1.48629,1.33826,-12475425105.9128,-201889149.473645,0.910462498170897,0.333308963276791
5802,1.46271,1.364,-12068125550.2742,-344690128.553036,0.915346582364929,-0.77775250387822
5801,1.43868,1.38932,-10951244492.9254,-901585709.813409,0.909485669429954,0.111102085257182
5801,1.41421,1.41421,-10216816696.2051,-953228435.688109,0.919253778307104,-0.999999999999994
850,1.38932,1.43868,-9088748105.58606,-1304576906.61341,0.909485669429991,-0.111102085260227
849,1.364,1.46271,-7945579820.53094,-1603003397.90757,0.915346582364834,0.777752503871359
849,1.33826,1.48629,-7091780263.93164,-1554352171.8952,0.910462498171096,-0.333308963290402
848,1.31212,1.50942,-5819126335.59807,-1649652964.99471,0.912416143750729,0.555523964099008
848,1.28558,1.53209,-4592464415.08675,-1379149375.01184,0.912416143751184,-0.555523964140596
847,1.25864,1.55429,-3062104598.95526,-1114809736.49122,0.910462498170846,0.333308963247574
847,1.23132,1.57602,-1526548875.04413,-592874333.479463,0.915346582365554,-0.777752503916259
846,1.20363,1.59727,178466238.548416,76779986.8012618,0.90948566942978,0.111102085221654
845,1.17557,1.61803,1939380187.75211,877953392.682073,0.919253778306528,0.999999999969813
845,1.14715,1.6383,3661495414.87608,1684148132.74038,0.909485669429915,-0.111102085282135
844,1.11839,1.65808,5374617427.37522,2494736311.59259,0.915346582364625,0.777752503855763
844,1.08928,1.67734,6893799885.95873,3271622646.30367,0.910462498171253,-0.333308963307521
843,1.05984,1.6961,8493873137.31458,4041928509.75131,0.912416143750542,0.555523964080906
843,1.03008,1.71433,10030319544.265,4887948101.5753,0.912416143751377,-0.555523964158847
842,1,1.73205,11685406168.6746,5799640860.0877,0.910462498170698,0.333308963230309
842,0.969619,1.74924,13408904262.3516,6782159645.36013,0.915346582365766,-0.777752503931825
841,0.938943,1.7659,15074995540.1636,7857921078.91184,0.909485669429764,0.111102085205048
840,0.907981,1.78201,16721847766.5709,9001300938.20759,0.919253778306164,0.99999999995148
840,0.876742,1.79759,18482464196.9241,10087272182.8521,0.909485669429979,-0.11110208530158
839,0.845237,1.81262,20031043069.5017,11321911639.4395,0.91534658236432,0.777752503835068
839,0.813473,1.82709,21795817832.0198,12453467995.5314,0.91046249817139,-0.33330896333004
838,0.781462,1.84101,23032333351.0929,13832272250.52,0.912416143750255,0.555523964056983
838,0.749213,1.85437,24784026309.1306,14976690337.0321,0.912416143751674,-0.555523964183563
837,0.716736,1.86716,25410545429.3677,16474682892.1564,0.910462498170584,0.333308963203304
837,0.68404,1.87939,26972608965.5805,17551550954.2002,0.915346582366261,-0.777752503962098
836,0.651136,1.89104,26812039670.7848,18947999389.5581,0.909485669429719,0.111102085173086
835,0.618034,1.90211,26198772159.7425,20399175316.7722,0.919253778305509,0.999999999918205
835,0.584743,1.91261,26963707991.7916,20974144025.6924,0.909485669430073,-0.111102085335132
834,0.551275,1.92252,25064177590.7491,22291327391.2201,0.915346582363819,0.777752503801204
834,0.517638,1.93185,25632471638.1417,22660530855.5404,0.910462498171637,-0.333308963364254
833,0.483844,1.94059,22258370043.9397,23968656465.093,0.912416143749877,0.55552396402192
833,0.449902,1.94874,22675574703.8708,24176208106.4996,0.91241614375206,-0.555523964220202
832,0.415823,1.9563,18186248227.9662,25291186634.6401,0.910462498170279,0.333308963168166
832,0.381618,1.96325,18378770876.3367,25240076347.1458,0.915346582366717,-0.777752503993703
831,0.347296,1.96962,13586161524.4144,25789835049.0432,0.909485669429573,0.111102085145737
830,0.312869,1.97538,9158991244.46856,26059271817.1949,0.919253778305012,0.99999999989529
830,0.278346,1.98054,9033434458.13223,25250162996.664,0.909485669430091,-0.111102085358547
829,0.243739,1.98509,4596356064.96375,24961143187.5898,0.915346582363415,0.77775250377766
829,0.209057,1.98904,4475442734.65231,23938053950.6037,0.910462498171767,-0.333308963386422
828,0.174311,1.99239,-406830828.023123,23325667162.6209,0.912416143749651,0.55552396400147
828,0.139513,1.99513,-481360537.457943,22184904027.2175,0.912416143752224,-0.555523964238419
827,0.104672,1.99726,-5873333490.54667,21288408019.6506,0.910462498170184,0.33330896314881
827,0.069799,1.99878,-5872106479.67424,20008280612.3043,0.915346582367074,-0.777752504016452
826,0.0349048,1.9997,-11215777295.3912,18711689499.6445,0.909485669429527,0.111102085121841
825,1.27747e-16,2,-15949000540.0632,17236275647.4994,0.919253778304535,0.999999999870799
825,-0.0349048,1.9997,-15561425747.6376,15519754967.4349,0.909485669430051,-0.111102085378537
824,-0.069799,1.99878,-18999220571.7963,13706292233.9215,0.915346582363134,0.777752503762801
824,-0.104672,1.99726,-18439564470.7031,11913482366.647,0.910462498171695,-0.333308963393583
823,-0.139513,1.99513,-20691595531.282,9977659224.28453,0.912416143749585,0.555523964001401
823,-0.174311,1.99239,-20076806850.1071,8231762245.20912,0.912416143752112,-0.555523964232297
822,-0.209057,1.98904,-21607948106.4365,6338200893.63019,0.910462498170195,0.333308963161685
822,-0.243739,1.98509,-21012282690.9701,4698022277.34665,0.915346582366744,-0.777752503996403
821,-0.278346,1.98054,-22186758964.5939,2899749798.43402,0.909485669429538,0.111102085145537
820,-0.312869,1.97538,-23207466542.5856,1126263642.81932,0.919253778305041,0.999999999897278
820,-0.347296,1.96962,-22423305008.0925,-282619459.833399,0.90948566942996,-0.111102085350006
819,-0.381618,1.96325,-22984190324.7784,-1879966330.93334,0.915346582363608,0.777752503792493
819,-0.415823,1.9563,-21986541474.5069,-3096749785.40827,0.910462498171543,-0.333308963366333
818,-0.449902,1.94874,-21778081680.3881,-4411913217.25123,0.912416143749872,0.555523964026316
818,-0.483844,1.94059,-20604112995.5708,-5424252103.54136,0.912416143751875,-0.555523964209561
817,-0.517638,1.93185,-19568512608.3536,-6391033299.9728,0.910462498170336,0.333308963182646
817,-0.551275,1.92252,-18349795523.3819,-7212605025.09499,0.915346582366457,-0.777752503976948
816,-0.584743,1.91261,-16736129793.0104,-7817041746.79122,0.909485669429562,0.111102085165907
815,-0.618034,1.90211,-14850241396.6766,-8203892973.86911,0.919253778305526,0.999999999919175
815,-0.651136,1.89104,-13782822566.1829,-8676466368.7571,0.909485669429935,-0.111102085328253
814,-0.68404,1.87939,-12028196817.1039,-8758536211.70581,0.915346582363941,0.777752503814277
814,-0.716736,1.86716,-11069244833.2667,-8890702230.84651,0.910462498171402,-0.333308963343933
813,-0.749213,1.85437,-9610267979.26545,-8644982526.06108,0.912416143750117,0.555523964050053
813,-0.781462,1.84101,-8751689047.28016,-8429274267.61997,0.912416143751584,-0.555523964183396
812,-0.813473,1.82709,-7562969693.15284,-7908422293.72242,0.910462498170484,0.33330896321226
812,-0.845237,1.81262,-6816822791.00401,-7465097154.70312,0.91534658236591,-0.7777525039432
811,-0.876742,1.79759,-5799386203.99655,-6814860955.79763,0.909485669429639,0.111102085200672
810,-0.907981,1.78201,-4791337849.53662,-6110574393.59714,0.919253778306197,0.999999999954239
810,-0.938943,1.7659,-4277613884.26326,-5642153170.72469,0.909485669429848,-0.111102085292613
809,-0.969619,1.74924,-3408873246.81702,-4949985466.59989,0.915346582364533,0.777752503850298
809,-1,1.73205,-2984807065.43981,-4474593521.70924,0.910462498171205,-0.333308963308436
808,-1.03008,1.71433,-2274650008.78526,-3792425568.79611,0.912416143750522,0.55552396408444
808,-1.05984,1.6961,-1909334270.36576,-3272891313.93061,0.912416143751243,-0.555523964150944
807,-1.08928,1.67734,-1360771753.39932,-2604360808.6028,0.910462498170733,0.33330896324243
807,-1.11839,1.65808,-1046771159.88975,-2058040422.63388,0.915346582365511,-0.777752503915504
806,-1.14715,1.6383,-652997804.180641,-1455350972.09644,0.909485669429678,0.11110208522852
805,-1.17557,1.61803,-348247744.217187,-891099044.122341,0.91925377830677,0.999999999982889
805,-1.20363,1.59727,-154160502.9218,-422602964.139891,0.909485669429819,-0.111102085265551
804,-1.23132,1.57602,18838534.9798372,62497698.5569207,0.915346582364893,0.777752503876544
804,-1.25864,1.55429,143796129.574333,535639683.914427,0.910462498170937,-0.333308963279986
803,-1.28558,1.53209,211533467.490778,1025459752.22586,0.912416143750809,0.555523964114847
803,-1.31212,1.50942,269201998.682987,1587638271.89087,0.912416143750849,-0.555523964118962
802,-1.33826,1.48629,258534677.750918,2219342227.25951,0.910462498170897,0.333308963276791
802,-1.364,1.46271,229614842.472731,2967036762.60771,0.915346582364928,-0.77775250387821
801,-1.38932,1.43868,139082742.669017,3901656084.24833,0.909485669429954,0.111102085257172
801,-1.41421,1.41421,-31511166.5878407,4940426439.35174,0.919253778307104,-0.999999999999994
15850,-1.43868,1.38932,-242726778.460534,6362366245.53078,0.909485669429991,-0.111102085260237
15849,-1.46271,1.364,-434509184.088548,8104787547.90469,0.915346582364828,0.777752503871364
15849,-1.48629,1.33826,-1059509825.60057,9929813181.47725,0.910462498171103,-0.333308963290387
15848,-1.50942,1.31212,-1461987567.49774,12498753074.2832,0.912416143750729,0.555523964099008
15848,-1.53209,1.28558,-2532102910.79776,14953141330.8769,0.912416143751185,-0.555523964140586
15847,-1.55429,1.25864,-3256486178.83019,18521998345.0332,0.910462498170851,0.333308963247569
15847,-1.57602,1.23132,-4863060118.66261,21706091013.8142,0.915346582365555,-0.777752503916249
15846,-1.59727,1.20363,-6006827331.39387,26273644328.2032,0.909485669429784,0.111102085221639
15845,-1.61803,1.17557,-7412718129.06789,31222870727.5374,0.919253778306531,0.999999999969823
15845,-1.6383,1.14715,-9771677090.31122,35442836598.2404,0.909485669429917,-0.111102085282151
15844,-1.65808,1.11839,-11704100899.4094,40825182390.759,0.915346582364627,0.777752503855772
15844,-1.67734,1.08928,-14424042914.5405,45233120388.2485,0.910462498171251,-0.333308963307506
15843,-1.6961,1.05984,-16742462003.1634,50453512384.7618,0.912416143750542,0.555523964080906
15843,-1.71433,1.03008,-19669124877.5735,54612415864.6195,0.912416143751375,-0.555523964158831
15842,-1.73205,1,-22189859324.544,59136457371.066,0.910462498170697,0.333308963230296
15842,-1.74924,0.969619,-25149748634.8497,62750623231.7592,0.915346582365764,-0.777752503931822
15841,-1.7659,0.938943,-27787257742.8771,66247036319.3871,0.909485669429762,0.111102085205035
15840,-1.78201,0.907981,-30819803189.8746,68970899198.7387,0.919253778306162,0.999999999951483
15840,-1.79759,0.876742,-33515935720.2631,71694184358.7486,0.909485669429984,-0.111102085301589
15839,-1.81262,0.845237,-36876080053.1069,73136958264.9117,0.915346582364318,0.777752503835071
15839,-1.82709,0.813473,-39634721276.9097,75855317926.2906,0.910462498171391,-0.333308963330024
15838,-1.84101,0.781462,-43449990486.3942,76462360944.0631,0.912416143750253,0.555523964056986
15838,-1.85437,0.749213,-46480688090.002,79303326892.2482,0.912416143751674,-0.555523964183544
15837,-1.86716,0.716736,-50739510517.8452,79630006092.334,0.910462498170589,0.333308963203294
15837,-1.87939,0.68404,-54166638464.9902,82533712320.2919,0.915346582366259,-0.777752503962095
15836,-1.89104,0.651136,-58663185125.4427,82938416003.2065,0.909485669429715,0.111102085173074
15835,-1.90211,0.618034,-63084445771.4415,83644982117.2265,0.919253778305508,0.999999999918209
15835,-1.91261,0.584743,-66774457674.2061,86040191803.2807,0.909485669430068,-0.111102085335144
15834,-1.92252,0.551275,-71056018571.4059,86085208230.2498,0.915346582363818,0.777752503801208
15834,-1.93185,0.517638,-74271028799.3206,87854137083.9415,0.910462498171639,-0.333308963364235
15833,-1.94059,0.483844,-77936942314.1595,86015260612.1729,0.912416143749876,0.555523964021923
15833,-1.94874,0.449902,-80149901932.0918,86910998719.9879,0.912416143752063,-0.555523964220183
15832,-1.9563,0.415823,-82706064197.1848,82215888008.1178,0.910462498170272,0.333308963168156
15832,-1.96325,0.381618,-83580916361.9747,82159199648.206,0.915346582366716,-0.7777525039937
15831,-1.96962,0.347296,-84800391808.0665,74585747990.109,0.909485669429575,0.111102085145728
15830,-1.97538,0.312869,-85692187073.0364,65537732478.2272,0.91925377830502,0.999999999895294
15830,-1.98054,0.278346,-84526125032.9355,64432890114.5905,0.909485669430092,-0.111102085358556
15829,-1.98509,0.243739,-84333755940.545,54877628493.2468,0.915346582363415,0.777752503777664
15829,-1.98904,0.209057,-82954904624.7898,53830242298.43,0.910462498171765,-0.333308963386404
15828,-1.99239,0.174311,-82367968918.4086,45245327222.2781,0.912416143749651,0.555523964001473
15828,-1.99513,0.139513,-81205061997.2686,44437989712.8321,0.912416143752222,-0.5555239642384
15827,-1.99726,0.104672,-80522809867.7555,37280052540.7317,0.910462498170184,0.3333089631488
15827,-1.99878,0.069799,-79461074205.3161,36627879977.8004,0.915346582367074,-0.777752504016448
15826,-1.9997,0.0349048,-78064753513.2627,30107005999.3274,0.909485669429527,0.111102085121831
15825,-2,2.46315e-16,-76309992491.8811,22897333657.7741,0.919253778304535,0.999999999870803
15825,-1.9997,-0.0349048,-72682820760.5988,21942727792.1801,0.909485669430051,-0.111102085378547
15824,-1.99878,-0.069799,-68183450216.7017,12575505345.578,0.915346582363134,0.777752503762804
15824,-1.99726,-0.104672,-61684354065.9169,11660598261.5153,0.910462498171696,-0.333308963393566
15823,-1.99513,-0.139513,-53439883033.555,782274122.501403,0.912416143749586,0.555523964001405
15823,-1.99239,-0.174311,-44383927977.1931,813133217.813418,0.912416143752114,-0.555523964232279
15822,-1.98904,-0.209057,-33662233302.0198,-8127235453.16882,0.910462498170195,0.333308963161688
15822,-1.98509,-0.243739,-23958879884.8235,-5994628196.8903,0.915346582366744,-0.7777525039964
15821,-1.98054,-0.278346,-14102558961.2018,-8931212929.78076,0.909485669429545,0.111102085145526
15820,-1.97538,-0.312869,-5896263192.79436,-6681802633.40417,0.919253778305042,0.999999999897283
15820,-1.96962,-0.347296,-275823122.789516,-343269887.973362,0.909485669429957,-0.111102085350017
15819,-1.96325,-0.381618,3703858851.89265,7245287240.43752,0.915346582363609,0.777752503792499
15819,-1.9563,-0.415823,6025668217.98111,13331438408.9472,0.910462498171549,-0.333308963366345
15818,-1.94874,-0.449902,6682853333.3567,21561644127.9998,0.912416143749872,0.555523964026319
15818,-1.94059,-0.483844,6998436559.78453,26311697877.7067,0.91241614375188,-0.555523964209544
15817,-1.93185,-0.517638,6204096016.86119,32753554469.8662,0.910462498170337,0.33330896318265
15817,-1.92252,-0.551275,5660585231.72676,36446530797.3655,0.915346582366458,-0.777752503976945
15816,-1.91261,-0.584743,4362290428.4444,41903835457.3056,0.909485669429567,0.111102085165898
15815,-1.90211,-0.618034,2721026572.59256,47473689894.1059,0.919253778305528,0.999999999919178
15815,-1.89104,-0.651136,1477905178.54716,51314065213.8212,0.90948566942994,-0.111102085328262
15814,-1.87939,-0.68404,-829100996.963415,57251388749.2331,0.915346582363942,0.77775250381428
15814,-1.86716,-0.716736,-2650481482.29147,60699059343.2491,0.910462498171397,-0.333308963343943
15813,-1.85437,-0.749213,-5246223143.8325,64898414973.5452,0.912416143750119,0.555523964050056
15813,-1.84101,-0.781462,-7513173913.97762,66919995763.3256,0.912416143751582,-0.555523964183381
15812,-1.82709,-0.813473,-9747507250.08272,67446838624.6679,0.910462498170486,0.333308963212263
15812,-1.81262,-0.845237,-12340396074.5995,67861847972.4058,0.915346582365912,-0.777752503943197
15811,-1.79759,-0.876742,-14145710006.7651,65583009947.8473,0.909485669429641,0.111102085200675
15810,-1.78201,-0.907981,-15710512644.3057,62656092864.3706,0.919253778306197,0.999999999954239
15810,-1.7659,-0.938943,-18099303505.618,61701147806.124,0.90948566942985,-0.11110208529261
15809,-1.74924,-0.969619,-18617694437.4829,57656486252.0871,0.915346582364535,0.777752503850301
15809,-1.73205,-1,-19855933502.192,56322765817.1694,0.9104624981712,-0.333308963308458
15808,-1.71433,-1.03008,-18899995330.6323,51916230327.5493,0.912416143750526,0.555523964084446
15808,-1.6961,-1.05984,-19496166424.437,51032725228.2613,0.912416143751243,-0.555523964150944
15807,-1.67734,-1.08928,-20387913727.0836,50774515692.3001,0.910462498170725,0.333308963242434
15807,-1.65808,-1.11839,-22168689100.9265,51886206078.4853,0.915346582365503,-0.7777525039155
15806,-1.6383,-1.14715,-28769015696.7601,59611855519.711,0.90948566942967,0.111102085228524
15805,-1.61803,-1.17557,-38526419401.5211,70857693925.4137,0.919253778306763,0.999999999982893
15805,-1.59727,-1.20363,-42343904725.5166,73751426605.0673,0.909485669429812,-0.111102085265547
15804,-1.57602,-1.23132,-49010777331.1995,80086104068.0523,0.915346582364898,0.777752503876549
15804,-1.55429,-1.25864,-50348862052.3071,79853354049.6952,0.910462498170935,-0.333308963280012
15803,-1.53209,-1.28558,-49916964209.8551,77446252449.8069,0.912416143750815,0.555523964114853
15803,-1.50942,-1.31212,-49838647746.6452,75481988053.3757,0.912416143750855,-0.555523964118957
15802,-1.48629,-1.33826,-47579201806.8852,71399836889.6644,0.910462498170897,0.333308963276791
15802,-1.46271,-1.364,-47225018389.3992,69722224204.9869,0.915346582364928,-0.77775250387821
15801,-1.43868,-1.38932,-42119466709.6432,63798913195.3049,0.909485669429954,0.111102085257172
15801,-1.41421,-1.41421,-39721158708.5122,60905582291.516,0.919253778307098,-0.999999999999989
10084,-1.38932,-1.43868,-32958125606.9159,53970185030.8595,-0.909485669429983,0.111102085260242
10184,-1.364,-1.46271,-31713994775.8422,52420323893.4705,-0.915346582364814,-0.777752503871363
10184,-1.33826,-1.48629,-33110788564.0311,52615771717.5612,-0.910462498171062,0.333308963290425
10284,-1.31212,-1.50942,-40066380947.782,57675992993.9242,-0.912416143750702,-0.555523964098991
10284,-1.28558,-1.53209,-40218940249.4614,56758061042.4384,-0.912416143751175,0.55552396414059
10384,-1.25864,-1.55429,-20679095649.0233,40142201386.9023,-0.910462498170858,-0.333308963247603
10384,-1.23132,-1.57602,-18646499900.4217,38250553541.8403,-0.915346582365569,0.777752503916277
10484,-1.20363,-1.59727,-5494742445.92854,27256802119.7939,-0.909485669429755,-0.111102085221656
10584,-1.17557,-1.61803,-11009205902.8711,30415633290.2517,-0.919253778306467,-0.999999999969833
10584,-1.14715,-1.6383,-14347824367.0863,30477493644.9684,-0.909485669429891,0.111102085282108
10684,-1.11839,-1.65808,-15165128098.8206,27817570555.6907,-0.915346582364624,-0.777752503855743
10684,-1.08928,-1.67734,-18376855326.7098,25575794967.4541,-0.910462498171255,0.333308963307532
10784,-1.05984,-1.6961,-22489595115.9084,23796216224.6763,-0.912416143750544,-0.555523964080908
10784,-1.03008,-1.71433,-24299318122.1185,21001484332.0133,-0.912416143751393,0.555523964158839
10884,-1,-1.73205,-29459326754.7074,20262333808.0643,-0.910462498170715,-0.333308963230315
10884,-0.969619,-1.74924,-31119454548.9968,17503315592.0983,-0.915346582365772,0.777752503931858
10984,-0.938943,-1.7659,-30581620317.5538,13618921963.413,-0.909485669429763,-0.111102085205032
11084,-0.907981,-1.78201,-28607062589.4697,8953237097.52324,-0.919253778306154,-0.99999999995149
11084,-0.876742,-1.79759,-29942503364.145,7159203175.65452,-0.909485669429981,0.111102085301552
11184,-0.845237,-1.81262,-27786551300.7582,3364188293.8577,-0.915346582364332,-0.777752503835052
11184,-0.813473,-1.82709,-30024594198.1086,329378385.266689,-0.910462498171421,0.333308963330044
11284,-0.781462,-1.84101,-22596576546.7168,-8254634916.34295,-0.912416143750289,-0.555523964056998
11284,-0.749213,-1.85437,-26015266254.3616,-14347390372.4063,-0.912416143751684,0.555523964183542
11384,-0.716736,-1.86716,-16774428662.9937,-25243255106.1605,-0.910462498170579,-0.333308963203316
11384,-0.68404,-1.87939,-19206337531.401,-31283042679.8163,-0.915346582366256,0.777752503962127
11484,-0.651136,-1.89104,-16318218381.678,-36717091356.9002,-0.9094856694297,-0.111102085173069
11584,-0.618034,-1.90211,-17058682298.9033,-40113902737.9941,-0.919253778305473,-0.9999999999182
11584,-0.584743,-1.91261,-17833156081.9969,-42860933871.3216,-0.909485669430035,0.111102085335111
11684,-0.551275,-1.92252,-13763357729.9756,-47038551687.4079,-0.915346582363772,-0.777752503801188
11684,-0.517638,-1.93185,-14571572314.2636,-50032168952.7778,-0.910462498171642,0.333308963364261
11784,-0.483844,-1.94059,-5772636663.06222,-55042224381.4952,-0.912416143749915,-0.555523964021929
11784,-0.449902,-1.94874,-6192531287.44096,-56998974050.4403,-0.912416143752077,0.555523964220183
11884,-0.415823,-1.9563,3631759658.42178,-61398501713.0555,-0.910462498170266,-0.33330896316818
11884,-0.381618,-1.96325,3226178758.63492,-63634696045.736,-0.915346582366712,0.777752503993725
11984,-0.347296,-1.96962,15280706939.3641,-70227357223.2962,-0.909485669429565,-0.111102085145729
12084,-0.312869,-1.97538,31486967844.5059,-77649132027.539,-0.919253778305011,-0.999999999895287
12084,-0.278346,-1.98054,31600899459.2776,-84117037064.1703,-0.909485669430107,0.111102085358526
12184,-0.243739,-1.98509,49252143078.4486,-93088111159.2895,-0.915346582363447,-0.777752503777644
12184,-0.209057,-1.98904,50221667140.2395,-100399043167.404,-0.910462498171781,0.333308963386432
12284,-0.174311,-1.99239,66587917999.7128,-109235351117.624,-0.912416143749663,-0.555523964001473
12284,-0.139513,-1.99513,67768304393.6926,-116573174339.739,-0.912416143752267,0.555523964238395
12384,-0.104672,-1.99726,81293840110.7616,-123456318450.485,-0.910462498170238,-0.333308963148834
12384,-0.069799,-1.99878,82301105560.7131,-128706371309.237,-0.915346582367131,0.777752504016471
12484,-0.0349048,-1.9997,90389901193.1754,-130856807605.297,-0.909485669429557,-0.111102085121833
12584,-4.35203e-16,-2,93125170086.7932,-131920406696.504,-0.919253778304537,-0.999999999870803
12584,0.0349048,-1.9997,91767176280.3669,-129273040721.84,-0.909485669430058,0.111102085378513
12684,0.069799,-1.99878,89023399261.3771,-126248350745.128,-0.915346582363139,-0.777752503762792
12684,0.104672,-1.99726,86667158477.789,-121404656713.925,-0.9104624981717,0.333308963393593
12784,0.139513,-1.99513,79959728312.8397,-116022943396.237,-0.912416143749591,-0.555523964001403
12784,0.174311,-1.99239,76739391661.1378,-109217879330.867,-0.912416143752134,0.555523964232273
12884,0.209057,-1.98904,66525970052.589,-101877173246.031,-0.91046249817019,-0.333308963161724
12884,0.243739,-1.98509,62605113760.2802,-93351794955.3788,-0.915346582366752,0.777752503996427
12984,0.278346,-1.98054,50407505533.1391,-85194254538.6512,-0.909485669429543,-0.111102085145531
13084,0.312869,-1.97538,38593835964.9059,-77464063453.9481,-0.919253778305079,-0.999999999897294
13084,0.347296,-1.96962,35175768070.1941,-69111811369.125,-0.909485669429971,0.111102085349981
13184,0.381618,-1.96325,26204167733.9715,-62526486268.4834,-0.915346582363621,-0.777752503792476
13184,0.415823,-1.9563,23798246125.4622,-56085475259.9723,-0.910462498171561,0.33330896336634
13284,0.449902,-1.94874,18497198083.94,-51146481894.7817,-0.912416143749886,-0.555523964026324
13284,0.483844,-1.94059,16884945251.4331,-46436925802.758,-0.912416143751904,0.555523964209538
13384,0.517638,-1.93185,14530731443.3555,-42642426146.0459,-0.910462498170363,-0.333308963182687
13384,0.551275,-1.92252,13335075148.7532,-39037280792.8492,-0.915346582366464,0.777752503976962
13484,0.584743,-1.91261,12694502563.9592,-35662387092.3488,-0.909485669429569,-0.111102085165906
13584,0.618034,-1.90211,12773039221.8492,-32198058682.9193,-0.919253778305519,-0.999999999919186
13584,0.651136,-1.89104,11601418555.5752,-29185180812.5995,-0.909485669429928,0.111102085328226
13684,0.68404,-1.87939,11682367574.6498,-25787435413.9043,-0.915346582363942,-0.777752503814258
13684,0.716736,-1.86716,10385849996.3798,-22844976469.882,-0.910462498171394,0.333308963343945
13784,0.749213,-1.85437,10130357288.447,-19559416631.6817,-0.912416143750121,-0.555523964050058
13784,0.781462,-1.84101,8733225236.15489,-16774075943.5651,-0.91241614375158,0.555523964183364
13884,0.813473,-1.82709,8129910781.34905,-13749871669.7338,-0.91046249817049,-0.333308963212306
13884,0.845237,-1.81262,6677014489.87639,-11216102477.42,-0.915346582365913,0.777752503943214
13984,0.876742,-1.79759,5814590721.86674,-8563189077.44098,-0.909485669429626,-0.1111020852007
14084,0.907981,-1.78201,4791674541.58259,-6113669822.17265,-0.919253778306215,-0.999999999954254
14084,0.938943,-1.7659,3292976247.53931,-4165865618.55607,-0.909485669429858,0.111102085292581
14184,0.969619,-1.74924,2071454463.80133,-2241201402.38463,-0.915346582364524,-0.777752503850263
14184,1,-1.73205,676741674.845971,-724869147.931735,-0.910462498171194,0.333308963308465
14284,1.03008,-1.71433,-663048449.42536,601355381.328826,-0.91241614375052,-0.55552396408445
14284,1.05984,-1.6961,-1911741413.70378,1714104511.66272,-0.912416143751235,0.55552396415093
14384,1.08928,-1.67734,-3314175362.35697,2487271932.24412,-0.910462498170724,-0.333308963242461
14384,1.11839,-1.65808,-4423563502.38396,3277351660.58129,-0.915346582365498,0.777752503915531
14484,1.14715,-1.6383,-5859039908.48652,3572084909.0323,-0.909485669429676,-0.111102085228531
14584,1.17557,-1.61803,-7418484806.87549,3665012239.87637,-0.919253778306762,-0.999999999982903
14584,1.20363,-1.59727,-8160396690.77598,3973479371.55227,-0.909485669429825,0.1111020852655
14684,1.23132,-1.57602,-9493531367.00989,3728715022.98743,-0.91534658236492,-0.777752503876537
14684,1.25864,-1.55429,-9934844027.83422,3842086322.49547,-0.910462498170955,0.333308963280004
14784,1.28558,-1.53209,-10906091730.3284,3397972927.96619,-0.912416143750819,-0.555523964114867
14784,1.31212,-1.50942,-11109360605.1296,3414155273.36263,-0.912416143750872,0.555523964118932
14884,1.33826,-1.48629,-11831944633.1043,2880835210.6497,-0.910462498170903,-0.333308963276861
14884,1.364,-1.46271,-11905105600.1526,2871983830.94806,-0.915346582364901,0.777752503878194
14984,1.38932,-1.43868,-12326226743.8986,2281041160.48457,-0.909485669429939,-0.111102085257194
14984,1.41421,-1.41421,-12152454237.4335,2220344133.29616,-0.919253778307102,0.999999999999985
5850,1.43868,-1.38932,-12023766106.4469,1631147985.52835,0.909485669429985,-0.111102085260202
5849,1.46271,-1.364,-11775912976.5288,1139298558.12342,0.915346582364833,0.777752503871339
5849,1.48629,-1.33826,-10991507811.6938,1008505002.99035,0.910462498171102,-0.333308963290407
5848,1.50942,-1.31212,-10511692452.4502,557488240.146286,0.91241614375073,0.555523964099018
5848,1.53209,-1.28558,-9710259587.89288,464722237.743601,0.912416143751186,-0.555523964140576
5847,1.55429,-1.25864,-9167449228.8129,61685531.5203625,0.91046249817085,0.333308963247604
5847,1.57602,-1.23132,-8374866717.93227,1694704.75328604,0.91534658236556,-0.777752503916265
5846,1.59727,-1.20363,-7810630919.76358,-344003768.935429,0.909485669429786,0.111102085221649
5845,1.61803,-1.17557,-7261435245.65051,-630197654.345373,0.919253778306525,0.999999999969829
5845,1.6383,-1.14715,-6731955002.68235,-640671722.757706,0.909485669429914,-0.11110208528211
5844,1.65808,-1.11839,-6467814508.16278,-838303088.184282,0.915346582364627,0.777752503855747
5844,1.67734,-1.08928,-6375846185.03227,-869433331.245767,0.910462498171258,-0.333308963307527
5843,1.6961,-1.05984,-6476793432.79389,-1040928336.22957,0.912416143750537,0.555523964080912
5843,1.71433,-1.03008,-6628408002.4596,-1112574091.8777,0.912416143751378,-0.555523964158821
5842,1.73205,-1,-6882378241.07071,-1301901886.06349,0.910462498170701,0.333308963230334
5842,1.74924,-0.969619,-7132346977.92454,-1419595462.55125,0.915346582365767,-0.777752503931841
5841,1.7659,-0.938943,-7574975240.50521,-1644982274.17554,0.909485669429766,0.111102085205045
5840,1.78201,-0.907981,-8049121711.82942,-1811438430.00405,0.919253778306158,0.99999999995149
5840,1.79759,-0.876742,-8831690446.12801,-2099982110.05943,0.909485669429983,-0.111102085301555
5839,1.81262,-0.845237,-9596022710.56423,-2268744434.95638,0.915346582364319,0.777752503835052
5839,1.82709,-0.813473,-10541219786.1586,-2653384599.12568,0.910462498171384,-0.333308963330046
5838,1.84101,-0.781462,-11372426353.494,-2822887650.1558,0.912416143750258,0.555523964056995
5838,1.85437,-0.749213,-12285194637.0235,-3281953893.84424,0.91241614375167,-0.555523964183538
5837,1.86716,-0.716736,-13038746367.2335,-3441162387.89978,0.91046249817059,0.333308963203332
5837,1.87939,-0.68404,-13886095025.6171,-3976153573.20423,0.915346582366259,-0.777752503962114
5836,1.89104,-0.651136,-14528500771.0094,-4041385374.78206,0.909485669429712,0.11110208517308
5835,1.90211,-0.618034,-15060941376.1444,-3925005787.70448,0.919253778305505,0.999999999918216
5835,1.91261,-0.584743,-15710446870.1985,-4484193566.64895,0.909485669430072,-0.111102085335106
5834,1.92252,-0.551275,-15986142429.5048,-4126099447.09185,0.915346582363824,0.777752503801191
5834,1.93185,-0.517638,-16354975416.9314,-4647144885.12061,0.910462498171638,-0.333308963364257
5833,1.94059,-0.483844,-16300066469.4811,-4006788987.6336,0.912416143749874,0.555523964021932
5833,1.94874,-0.449902,-16389559348.5395,-4452664339.25574,0.91241614375206,-0.555523964220175
5832,1.9563,-0.415823,-16060914577.7076,-3464857323.72606,0.910462498170272,0.333308963168192
5832,1.96325,-0.381618,-15955176032.9572,-3818088809.8943,0.915346582366721,-0.777752503993719
5831,1.96962,-0.347296,-15469657677.1028,-2415094909.29646,0.909485669429573,0.111102085145735
5830,1.97538,-0.312869,-14952192646.1904,-741935631.012953,0.919253778305019,0.999999999895301
5830,1.98054,-0.278346,-14724638901.3246,-866085455.856005,0.909485669430095,-0.11110208535852
5829,1.98509,-0.243739,-14215876847.2356,1096890211.54718,0.915346582363408,0.777752503777643
5829,1.98904,-0.209057,-13989070768.1597,1061325124.37496,0.910462498171767,-0.333308963386425
5828,1.99239,-0.174311,-13576749227.4126,3192938313.79048,0.91241614374965,0.555523964001481
5828,1.99513,-0.139513,-13410295326.5558,3221740300.96615,0.912416143752221,-0.555523964238393
5827,1.99726,-0.104672,-13168288183.4903,5483769483.60347,0.910462498170182,0.333308963148836
5827,1.99878,-0.069799,-13117054958.7945,5542254440.66129,0.915346582367075,-0.777752504016468
5826,1.9997,-0.0349048,-13099999151.2201,7960980977.29595,0.909485669429527,0.111102085121839
