origElemNum,globCoord-x,globCoord-y,acouIntensity-x,acouIntensity-y,locCoord-xi,locCoord-eta
5825,2,-2.20442e-18,21750.0126640759,-27519.7890487445,0.919253778304535,0.999999999870795
5825,1.9997,0.0349048,24533.0462221954,-28493.3752604003,0.909485669430051,-0.11110208537854
5824,1.99878,0.069799,27448.1243707027,-26416.360948975,0.915346582363134,0.7777525037628
5824,1.99726,0.104672,30649.0522694819,-27223.7471053978,0.910462498171695,-0.333308963393583
5823,1.99513,0.139513,34061.4659346496,-25416.9410482607,0.912416143749585,0.555523964001403
5823,1.99239,0.174311,38117.845202896,-26297.8682853272,0.912416143752112,-0.555523964232293
5822,1.98904,0.209057,41752.9979363001,-24088.8736372098,0.910462498170195,0.33330896316169
5822,1.98509,0.243739,45615.8030317889,-24526.288170176,0.915346582366752,-0.777752503996411
5821,1.98054,0.278346,49084.9460431812,-22534.1284194407,0.909485669429537,0.111102085145532
5820,1.97538,0.312869,52855.7741614707,-21751.3103173002,0.91925377830504,0.999999999897275
5820,1.96962,0.347296,57529.3995365663,-21923.968484254,0.909485669429959,-0.111102085350008
5819,1.96325,0.381618,62297.7164345595,-21505.8828005797,0.915346582363608,0.777752503792493
5819,1.9563,0.415823,66862.0206568637,-21398.8247968824,0.910462498171543,-0.333308963366333
5818,1.94874,0.449902,71579.3979116784,-21610.3966173467,0.912416143749872,0.555523964026318
5818,1.94059,0.483844,76139.5953847061,-21356.3850163455,0.912416143751876,-0.555523964209557
5817,1.93185,0.517638,81434.3194942541,-23034.2689051219,0.910462498170338,0.333308963182653
5817,1.92252,0.551275,86486.6785085069,-22698.2852912169,0.915346582366455,-0.777752503976955
5816,1.91261,0.584743,91325.4465347749,-24058.7681591278,0.909485669429567,0.111102085165898
5815,1.90211,0.618034,96533.9476873921,-26306.4344443615,0.919253778305533,0.999999999919169
5815,1.89104,0.651136,100941.151365405,-25858.0249991263,0.909485669429933,-0.111102085328256
5814,1.87939,0.68404,107525.18841757,-30971.841774903,0.915346582363941,0.777752503814277
5814,1.86716,0.716736,111851.014914608,-30421.3703386899,0.910462498171402,-0.333308963343933
5813,1.85437,0.749213,118326.09278698,-35975.6311273466,0.912416143750119,0.555523964050056
5813,1.84101,0.781462,121733.519182881,-35267.6193659428,0.912416143751575,-0.555523964183394
5812,1.82709,0.813473,128484.392527114,-42271.5401612831,0.910462498170486,0.333308963212263
5812,1.81262,0.845237,132277.032824653,-42199.9012147143,0.915346582365915,-0.777752503943209
5811,1.79759,0.876742,137148.340718188,-50628.3625117722,0.909485669429635,0.111102085200681
5810,1.78201,0.907981,141616.020329312,-58741.9236197538,0.919253778306195,0.999999999954235
5810,1.7659,0.938943,138906.947524664,-57933.7750960862,0.909485669429844,-0.111102085292603
5809,1.74924,0.969619,141946.353377966,-67212.0570139032,0.915346582364538,0.777752503850291
5809,1.73205,1,140238.406189163,-67473.1662108926,0.910462498171199,-0.333308963308445
5808,1.71433,1.03008,144303.480335143,-78189.7105918881,0.912416143750526,0.555523964084446
5808,1.6961,1.05984,141521.965895576,-78500.2374687644,0.912416143751246,-0.555523964150953
5807,1.67734,1.08928,146119.879590552,-91382.0542403301,0.910462498170725,0.333308963242434
5807,1.65808,1.11839,143368.355574873,-93253.8299342955,0.915346582365508,-0.777752503915519
5806,1.6383,1.14715,146627.258327876,-107794.348981896,0.909485669429676,0.11110208522853
5805,1.61803,1.17557,149000.117098902,-120847.321978511,0.919253778306765,0.999999999982884
5805,1.59727,1.20363,140138.911059055,-122373.443786406,0.909485669429817,-0.111102085265541
5804,1.57602,1.23132,138960.828745977,-133913.049265359,0.9153465823649,0.777752503876539
5804,1.55429,1.25864,128382.44947148,-135407.352002101,0.910462498170939,-0.333308963279996
5803,1.53209,1.28558,125116.598898943,-146107.406715153,0.912416143750815,0.555523964114853
5803,1.50942,1.31212,114458.970241538,-148810.020490984,0.91241614375085,-0.555523964118972
5802,1.48629,1.33826,111620.639748454,-161448.109167624,0.910462498170897,0.333308963276791
5802,1.46271,1.364,101577.850713936,-166586.440303069,0.915346582364929,-0.77775250387822
5801,1.43868,1.38932,95979.4959036896,-177368.999110635,0.909485669429954,0.111102085257182
5801,1.41421,1.41421,84273.0070780568,-181107.618480822,0.919253778307104,-0.999999999999994
850,1.38932,1.43868,73613.0747452906,-185605.2268968,0.909485669429991,-0.111102085260227
849,1.364,1.46271,59251.5898327082,-184774.588057413,0.915346582364834,0.777752503871359
849,1.33826,1.48629,46720.5704442448,-183253.853211925,0.910462498171096,-0.333308963290402
848,1.31212,1.50942,30837.0819085222,-176277.223802394,0.912416143750729,0.555523964099008
848,1.28558,1.53209,22183.1321377916,-173268.338498998,0.912416143751184,-0.555523964140596
847,1.25864,1.55429,10035.231628531,-162504.701689965,0.910462498170846,0.333308963247574
847,1.23132,1.57602,6790.78968487082,-156309.202456043,0.915346582365554,-0.777752503916259
846,1.20363,1.59727,-324.967527171348,-142006.133169641,0.90948566942978,0.111102085221654
845,1.17557,1.61803,-4987.91514864067,-128827.641124588,0.919253778306528,0.999999999969813
845,1.14715,1.6383,-5259.06328621981,-117403.255467188,0.909485669429915,-0.111102085282135
844,1.11839,1.65808,-7825.84927178149,-104485.206638758,0.915346582364625,0.777752503855763
844,1.08928,1.67734,-7389.48332677399,-93322.0885964788,0.910462498171253,-0.333308963307521
843,1.05984,1.6961,-7975.57738132412,-82987.9942501438,0.912416143750542,0.555523964080906
843,1.03008,1.71433,-7518.01630069542,-75472.0227368058,0.912416143751377,-0.555523964158847
842,1,1.73205,-7349.79644905715,-67547.2344162448,0.910462498170698,0.333308963230309
842,0.969619,1.74924,-6719.66691308735,-59861.031913828,0.915346582365766,-0.777752503931825
841,0.938943,1.7659,-5845.97880058606,-48693.8361226319,0.909485669429764,0.111102085205048
840,0.907981,1.78201,-4799.9127410809,-36939.8442263475,0.919253778306164,0.99999999995148
840,0.876742,1.79759,-3368.40984914291,-25347.5844252051,0.909485669429979,-0.11110208530158
839,0.845237,1.81262,-2079.99388699548,-15000.2160758986,0.91534658236432,0.777752503835068
839,0.813473,1.82709,-1237.77776575577,-8777.16110759544,0.91046249817139,-0.33330896333004
838,0.781462,1.84101,-520.795003310174,-3589.32343337396,0.912416143750255,0.555523964056983
838,0.749213,1.85437,34.3253176445101,233.758346642843,0.912416143751674,-0.555523964183563
837,0.716736,1.86716,1081.59401320164,7142.59171592866,0.910462498170584,0.333308963203304
837,0.68404,1.87939,2440.99371063445,15973.6802407033,0.915346582366261,-0.777752503962098
836,0.651136,1.89104,3543.13569908573,21917.9389581797,0.909485669429719,0.111102085173086
835,0.618034,1.90211,4513.37993283041,26722.0877264666,0.919253778305509,0.999999999918205
835,0.584743,1.91261,5421.81496272114,31957.552962619,0.909485669430073,-0.111102085335132
834,0.551275,1.92252,6264.57716594368,36765.1740146806,0.915346582363819,0.777752503801204
834,0.517638,1.93185,7104.91650466823,41590.8706326479,0.910462498171637,-0.333308963364254
833,0.483844,1.94059,8134.70997024242,45778.6686704279,0.912416143749877,0.55552396402192
833,0.449902,1.94874,8803.48741351664,49473.6509990794,0.91241614375206,-0.555523964220202
832,0.415823,1.9563,10050.2392428863,54024.2947388439,0.910462498170279,0.333308963168166
832,0.381618,1.96325,11000.452650709,59108.2428669711,0.915346582366717,-0.777752503993703
831,0.347296,1.96962,11374.7870427289,60013.0170066893,0.909485669429573,0.111102085145737
830,0.312869,1.97538,11538.093749631,59460.4824045759,0.919253778305012,0.99999999989529
830,0.278346,1.98054,11688.2019455921,60244.2945517944,0.909485669430091,-0.111102085358547
829,0.243739,1.98509,12290.6804347663,61435.6995709555,0.915346582363415,0.77775250377766
829,0.209057,1.98904,13224.007473724,66101.913399552,0.910462498171767,-0.333308963386422
828,0.174311,1.99239,14133.9229783224,69143.4288971795,0.912416143749651,0.55552396400147
828,0.139513,1.99513,14327.4512192479,70077.502144869,0.912416143752224,-0.555523964238419
827,0.104672,1.99726,14504.4649749521,70937.9123044812,0.910462498170184,0.33330896314881
827,0.069799,1.99878,14645.7741406948,71580.0265913172,0.915346582367074,-0.777752504016452
826,0.0349048,1.9997,15523.403016289,75800.4437384637,0.909485669429527,0.111102085121841
825,1.27747e-16,2,16611.8504137989,80534.9305172983,0.919253778304535,0.999999999870799
825,-0.0349048,1.9997,17738.2916266948,85752.1762972264,0.909485669430051,-0.111102085378537
824,-0.069799,1.99878,18300.4645584791,90078.8860752216,0.915346582363134,0.777752503762801
824,-0.104672,1.99726,18818.5076064428,92290.6791113776,0.910462498171695,-0.333308963393583
823,-0.139513,1.99513,18874.8984736433,94416.9055521258,0.912416143749585,0.555523964001401
823,-0.174311,1.99239,19460.8091363322,96683.6554837447,0.912416143752112,-0.555523964232297
822,-0.209057,1.98904,20261.6201202359,99995.3501586338,0.910462498170195,0.333308963161685
822,-0.243739,1.98509,21246.1313856902,103864.536966451,0.915346582366744,-0.777752503996403
821,-0.278346,1.98054,21288.7218982817,105472.560402195,0.909485669429538,0.111102085145537
820,-0.312869,1.97538,20787.2272369039,106215.497788051,0.919253778305041,0.999999999897278
820,-0.347296,1.96962,20715.3457086653,104250.095560534,0.90948566942996,-0.111102085350006
819,-0.381618,1.96325,20496.8459655623,102334.204681865,0.915346582363608,0.777752503792493
819,-0.415823,1.9563,20760.0193241175,101619.605997234,0.910462498171543,-0.333308963366333
818,-0.449902,1.94874,20855.5090218537,100843.901165487,0.912416143749872,0.555523964026316
818,-0.483844,1.94059,21115.3732024899,100218.360188887,0.912416143751875,-0.555523964209561
817,-0.517638,1.93185,20649.6885644497,98837.3564816886,0.910462498170336,0.333308963182646
817,-0.551275,1.92252,20709.0076353538,97140.7906650483,0.915346582366457,-0.777752503976948
816,-0.584743,1.91261,20890.8268948982,95345.8747993183,0.909485669429562,0.111102085165907
815,-0.618034,1.90211,21622.9175570467,93528.4805033887,0.919253778305526,0.999999999919175
815,-0.651136,1.89104,21423.3307290154,90407.7168968872,0.909485669429935,-0.111102085328253
814,-0.68404,1.87939,21489.7519796861,87250.491650812,0.915346582363941,0.777752503814277
814,-0.716736,1.86716,21220.0868051401,83989.7278379293,0.910462498171402,-0.333308963343933
813,-0.749213,1.85437,21115.4546813996,79911.9969241536,0.912416143750117,0.555523964050053
813,-0.781462,1.84101,20321.3196298256,74383.3147074999,0.912416143751584,-0.555523964183396
812,-0.813473,1.82709,19209.3090812047,65538.4985824483,0.910462498170484,0.33330896321226
812,-0.845237,1.81262,16478.535416181,54047.6119218213,0.91534658236591,-0.7777525039432
811,-0.876742,1.79759,13992.0787064237,42340.9801528651,0.909485669429639,0.111102085200672
810,-0.907981,1.78201,10926.897193594,30516.697396394,0.919253778306197,0.999999999954239
810,-0.938943,1.7659,7896.95867823264,21057.6671259114,0.909485669429848,-0.111102085292613
809,-0.969619,1.74924,4717.82664666285,11549.1841895857,0.915346582364533,0.777752503850298
809,-1,1.73205,362.923586327255,845.420896851994,0.910462498171205,-0.333308963308436
808,-1.03008,1.71433,-5114.42646145897,-10820.5188091455,0.912416143750522,0.55552396408444
808,-1.05984,1.6961,-11840.8821089419,-23680.6995300749,0.912416143751243,-0.555523964150944
807,-1.08928,1.67734,-21110.3306612548,-38137.9500712198,0.910462498170733,0.33330896324243
807,-1.11839,1.65808,-30824.4247777266,-52309.2186940526,0.915346582365511,-0.777752503915504
806,-1.14715,1.6383,-44325.4625923001,-68200.6234130233,0.909485669429678,0.11110208522852
805,-1.17557,1.61803,-59535.0033889939,-83878.071798018,0.91925377830677,0.999999999982889
805,-1.20363,1.59727,-74792.8899713643,-97104.1847351377,0.909485669429819,-0.111102085265551
804,-1.23132,1.57602,-94137.6595952433,-111185.037554547,0.915346582364893,0.777752503876544
804,-1.25864,1.55429,-112539.392539701,-121412.216194199,0.910462498170937,-0.333308963279986
803,-1.28558,1.53209,-135945.790904529,-132984.627664308,0.912416143750809,0.555523964114847
803,-1.31212,1.50942,-156686.136691006,-139419.328727268,0.912416143750849,-0.555523964118962
802,-1.33826,1.48629,-182363.098765283,-147678.096448832,0.910462498170897,0.333308963276791
802,-1.364,1.46271,-204434.813350544,-150438.541884977,0.915346582364928,-0.77775250387821
801,-1.38932,1.43868,-230647.405594632,-154860.526868077,0.909485669429954,0.111102085257172
801,-1.41421,1.41421,-254338.510112579,-154769.14916588,0.919253778307104,-0.999999999999994
15850,-1.43868,1.38932,-281922.7065477,-155566.554844978,0.909485669429991,-0.111102085260237
15849,-1.46271,1.364,-308965.190011029,-153313.681548971,0.915346582364828,0.777752503871364
15849,-1.48629,1.33826,-339866.393685653,-151926.277093309,0.910462498171103,-0.333308963290387
15848,-1.50942,1.31212,-369685.723630234,-147331.690414177,0.912416143750729,0.555523964099008
15848,-1.53209,1.28558,-402206.104298346,-144313.052195169,0.912416143751185,-0.555523964140586
15847,-1.55429,1.25864,-430310.850246052,-136236.665766356,0.910462498170851,0.333308963247569
15847,-1.57602,1.23132,-461097.742559627,-131290.559025135,0.915346582365555,-0.777752503916249
15846,-1.59727,1.20363,-486388.011807319,-120234.58382654,0.909485669429784,0.111102085221639
15845,-1.61803,1.17557,-510924.941670529,-106945.45849136,0.919253778306531,0.999999999969823
15845,-1.6383,1.14715,-540158.591996799,-103397.086716305,0.909485669429917,-0.111102085282151
15844,-1.65808,1.11839,-561913.324998867,-90217.3722420403,0.915346582364627,0.777752503855772
15844,-1.67734,1.08928,-583731.323408696,-86153.2558034062,0.910462498171251,-0.333308963307506
15843,-1.6961,1.05984,-596636.132324151,-72131.6636218558,0.912416143750542,0.555523964080906
15843,-1.71433,1.03008,-611512.461978383,-67783.1192754712,0.912416143751375,-0.555523964158831
15842,-1.73205,1,-620952.65798654,-54883.8576635068,0.910462498170697,0.333308963230296
15842,-1.74924,0.969619,-635561.265229767,-51413.2840449981,0.915346582365764,-0.777752503931822
15841,-1.7659,0.938943,-645072.337108842,-40037.289135852,0.909485669429762,0.111102085205035
15840,-1.78201,0.907981,-654555.922816593,-29076.7386543104,0.919253778306162,0.999999999951483
15840,-1.79759,0.876742,-662453.61326374,-26868.2007032289,0.909485669429984,-0.111102085301589
15839,-1.81262,0.845237,-665043.815960197,-18917.6003771667,0.915346582364318,0.777752503835071
15839,-1.82709,0.813473,-662345.294507352,-17480.7545439706,0.910462498171391,-0.333308963330024
15838,-1.84101,0.781462,-654287.11055072,-13949.7670164714,0.912416143750253,0.555523964056986
15838,-1.85437,0.749213,-641310.257365698,-13408.5413146416,0.912416143751674,-0.555523964183544
15837,-1.86716,0.716736,-624666.153248676,-13967.6534277457,0.910462498170589,0.333308963203294
15837,-1.87939,0.68404,-604828.366429703,-14026.8603792518,0.915346582366259,-0.777752503962095
15836,-1.89104,0.651136,-582688.139041385,-16611.5316024803,0.909485669429715,0.111102085173074
15835,-1.90211,0.618034,-559158.629651488,-19802.5060868356,0.919253778305508,0.999999999918209
15835,-1.91261,0.584743,-536889.398337829,-19326.9690181531,0.909485669430068,-0.111102085335144
15834,-1.92252,0.551275,-515826.06979383,-23581.2331371573,0.915346582363818,0.777752503801208
15834,-1.93185,0.517638,-495640.498199017,-23013.9637635429,0.910462498171639,-0.333308963364235
15833,-1.94059,0.483844,-471777.420775664,-28772.0397033448,0.912416143749876,0.555523964021923
15833,-1.94874,0.449902,-438812.295405904,-27442.5191264641,0.912416143752063,-0.555523964220183
15832,-1.9563,0.415823,-399123.853333542,-33540.9961813459,0.910462498170272,0.333308963168156
15832,-1.96325,0.381618,-351868.335310222,-30516.9132874134,0.915346582366716,-0.7777525039937
15831,-1.96962,0.347296,-312324.561530637,-36393.9459350506,0.909485669429575,0.111102085145728
15830,-1.97538,0.312869,-273251.848270482,-39805.286218144,0.91925377830502,0.999999999895294
15830,-1.98054,0.278346,-247161.067696959,-36513.5642854626,0.909485669430092,-0.111102085358556
15829,-1.98509,0.243739,-220883.791283815,-36869.4387060274,0.915346582363415,0.777752503777664
15829,-1.98904,0.209057,-193240.106071367,-32424.0166783702,0.910462498171765,-0.333308963386404
15828,-1.99239,0.174311,-162059.486761308,-30545.5073656578,0.912416143749651,0.555523964001473
15828,-1.99513,0.139513,-125190.113453471,-23746.8535151538,0.912416143752222,-0.5555239642384
15827,-1.99726,0.104672,-88492.1218143852,-19573.9043519036,0.910462498170184,0.3333089631488
15827,-1.99878,0.069799,-51557.5601116479,-11532.1068995868,0.915346582367074,-0.777752504016448
15826,-1.9997,0.0349048,-25710.9674388626,-6417.85393851581,0.909485669429527,0.111102085121831
15825,-2,2.46315e-16,-1984.07218768551,-512.126913408481,0.919253778304535,0.999999999870803
15825,-1.9997,-0.0349048,5441.69285693385,1404.09069540766,0.909485669430051,-0.111102085378547
15824,-1.99878,-0.069799,13246.7496170194,3444.94192692339,0.915346582363134,0.777752503762804
15824,-1.99726,-0.104672,19843.0304747802,5143.19353956882,0.910462498171696,-0.333308963393566
15823,-1.99513,-0.139513,30785.2823354886,8345.52171602112,0.912416143749586,0.555523964001405
15823,-1.99239,-0.174311,47804.5775264177,12971.1154727091,0.912416143752114,-0.555523964232279
15822,-1.98904,-0.209057,64543.2878955059,18533.2131218193,0.910462498170195,0.333308963161688
15822,-1.98509,-0.243739,81462.4253231075,23433.5832100226,0.915346582366744,-0.7777525039964
15821,-1.98054,-0.278346,94633.8551192026,28010.8811823328,0.909485669429545,0.111102085145526
15820,-1.97538,-0.312869,107435.442219877,32804.4930546432,0.919253778305042,0.999999999897283
15820,-1.96962,-0.347296,128264.714673465,39182.1610706288,0.909485669429957,-0.111102085350017
15819,-1.96325,-0.381618,148993.098582574,47699.2885120311,0.915346582363609,0.777752503792499
15819,-1.9563,-0.415823,168976.820158465,54173.8646437436,0.910462498171549,-0.333308963366345
15818,-1.94874,-0.449902,183964.419827687,59869.7457511596,0.912416143749872,0.555523964026319
15818,-1.94059,-0.483844,191707.832636582,62369.2192799727,0.91241614375188,-0.555523964209544
15817,-1.93185,-0.517638,203584.221211184,65904.3583427885,0.910462498170337,0.33330896318265
15817,-1.92252,-0.551275,218330.646176888,70656.3483644997,0.915346582366458,-0.777752503976945
15816,-1.91261,-0.584743,237772.708419443,78109.7207692616,0.909485669429567,0.111102085165898
15815,-1.90211,-0.618034,259077.753147196,85386.3742199069,0.919253778305528,0.999999999919178
15815,-1.89104,-0.651136,272036.863328004,89661.3561753265,0.90948566942994,-0.111102085328262
15814,-1.87939,-0.68404,286457.261675289,95212.72269406,0.915346582363942,0.77775250381428
15814,-1.86716,-0.716736,306015.336531961,101732.275846829,0.910462498171397,-0.333308963343943
15813,-1.85437,-0.749213,324987.003993089,111888.546179787,0.912416143750119,0.555523964050056
15813,-1.84101,-0.781462,345936.744337446,119069.833544494,0.912416143751582,-0.555523964183381
15812,-1.82709,-0.813473,361685.604432248,123975.877279504,0.910462498170486,0.333308963212263
15812,-1.81262,-0.845237,373920.302088724,128155.512029085,0.915346582365912,-0.777752503943197
15811,-1.79759,-0.876742,389004.931781657,128496.887443899,0.909485669429641,0.111102085200675
15810,-1.78201,-0.907981,405599.80126574,127983.779648493,0.919253778306197,0.999999999954239
15810,-1.7659,-0.938943,406706.37541488,128449.2136484,0.90948566942985,-0.11110208529261
15809,-1.74924,-0.969619,411343.23863675,120411.604858615,0.915346582364535,0.777752503850301
15809,-1.73205,-1,404944.384280493,118925.678978906,0.9104624981712,-0.333308963308458
15808,-1.71433,-1.03008,406745.218419151,110152.84094588,0.912416143750526,0.555523964084446
15808,-1.6961,-1.05984,408395.378948048,110850.827121192,0.912416143751243,-0.555523964150944
15807,-1.67734,-1.08928,417144.085033787,102149.646569482,0.910462498170725,0.333308963242434
15807,-1.65808,-1.11839,420752.803597317,103317.90719782,0.915346582365503,-0.7777525039155
15806,-1.6383,-1.14715,436455.60563271,95937.2042656342,0.90948566942967,0.111102085228524
15805,-1.61803,-1.17557,453489.021624081,90842.6619748636,0.919253778306763,0.999999999982893
15805,-1.59727,-1.20363,459844.949961795,92888.0733124498,0.909485669429812,-0.111102085265547
15804,-1.57602,-1.23132,473678.326965786,85969.5528946241,0.915346582364898,0.777752503876549
15804,-1.55429,-1.25864,478301.085653301,88323.2680408802,0.910462498170935,-0.333308963280012
15803,-1.53209,-1.28558,492472.193076144,78804.2664017754,0.912416143750815,0.555523964114853
15803,-1.50942,-1.31212,495662.3328034,81208.5029549222,0.912416143750855,-0.555523964118957
15802,-1.48629,-1.33826,511950.409181528,65916.1495580164,0.910462498170897,0.333308963276791
15802,-1.46271,-1.364,510967.392852274,68711.891766826,0.915346582364928,-0.77775250387821
15801,-1.43868,-1.38932,530783.595839204,52053.7270555096,0.909485669429954,0.111102085257172
15801,-1.41421,-1.41421,532273.263918825,56659.232347397,0.919253778307098,-0.999999999999989
10084,-1.38932,-1.43868,522990.718559501,59789.0204435046,-0.909485669429983,0.111102085260242
10184,-1.364,-1.46271,495456.257042154,79279.3811805842,-0.915346582364814,-0.777752503871363
10184,-1.33826,-1.48629,482452.326717472,78394.0377736074,-0.910462498171062,0.333308963290425
10284,-1.31212,-1.50942,418093.347742548,115805.620500402,-0.912416143750702,-0.555523964098991
10284,-1.28558,-1.53209,392153.775771777,108246.169982773,-0.912416143751175,0.55552396414059
10384,-1.25864,-1.55429,306599.373236103,133367.827677749,-0.910462498170858,-0.333308963247603
10384,-1.23132,-1.57602,268968.682335733,111024.484622411,-0.915346582365569,0.777752503916277
10484,-1.20363,-1.59727,24336.0008719463,281504.616650642,-0.909485669429755,-0.111102085221656
10584,-1.17557,-1.61803,-198489.788470029,432889.854998191,-0.919253778306467,-0.999999999969833
10584,-1.14715,-1.6383,-224451.510910692,482580.742858801,-0.909485669429891,0.111102085282108
10684,-1.11839,-1.65808,-217712.742535386,507165.865433783,-0.915346582364624,-0.777752503855743
10684,-1.08928,-1.67734,-232155.587850693,532633.504267608,-0.910462498171255,0.333308963307532
10784,-1.05984,-1.6961,-212594.289905642,528436.810901683,-0.912416143750544,-0.555523964080908
10784,-1.03008,-1.71433,-215703.521540766,526280.060439582,-0.912416143751393,0.555523964158839
10884,-1,-1.73205,-189846.896596547,503238.993181712,-0.910462498170715,-0.333308963230315
10884,-0.969619,-1.74924,-189705.520396209,493486.7473376,-0.915346582365772,0.777752503931858
10984,-0.938943,-1.7659,-162876.685974205,466349.392514907,-0.909485669429763,-0.111102085205032
11084,-0.907981,-1.78201,-137110.173746755,441289.221493955,-0.919253778306154,-0.99999999995149
11084,-0.876742,-1.79759,-138719.173773481,432387.065050368,-0.909485669429981,0.111102085301552
11184,-0.845237,-1.81262,-115725.630696854,413803.274113689,-0.915346582364332,-0.777752503835052
11184,-0.813473,-1.82709,-119771.238515801,411350.099192773,-0.910462498171421,0.333308963330044
11284,-0.781462,-1.84101,-97727.2406331451,395620.047622564,-0.912416143750289,-0.555523964056998
11284,-0.749213,-1.85437,-100420.708288187,387262.740240172,-0.912416143751684,0.555523964183542
11384,-0.716736,-1.86716,-78287.8823571853,364255.913697939,-0.910462498170579,-0.333308963203316
11384,-0.68404,-1.87939,-79088.1165046765,347762.03317549,-0.915346582366256,0.777752503962127
11484,-0.651136,-1.89104,-59106.3423403554,326455.19565207,-0.9094856694297,-0.111102085173069
11584,-0.618034,-1.90211,-40546.1263349796,307876.812344985,-0.919253778305473,-0.9999999999182
11584,-0.584743,-1.91261,-42047.3539573695,295294.731388806,-0.909485669430035,0.111102085335111
11684,-0.551275,-1.92252,-25144.0287625994,277895.165231203,-0.915346582363772,-0.777752503801188
11684,-0.517638,-1.93185,-25975.0258902808,264497.31050026,-0.910462498171642,0.333308963364261
11784,-0.483844,-1.94059,-10567.3997275207,246222.032133325,-0.912416143749915,-0.555523964021929
11784,-0.449902,-1.94874,-12966.4132784019,230963.115619362,-0.912416143752077,0.555523964220183
11884,-0.415823,-1.9563,10637.318680122,223089.41405386,-0.910462498170266,-0.33330896316818
11884,-0.381618,-1.96325,12645.7298600829,228400.188741479,-0.915346582366712,0.777752503993725
11984,-0.347296,-1.96962,8853.864917533,266312.934144225,-0.909485669429565,-0.111102085145729
12084,-0.312869,-1.97538,-46471.5484056239,319492.978533471,-0.919253778305011,-0.999999999895287
12084,-0.278346,-1.98054,-41942.3526981396,340380.308093767,-0.909485669430107,0.111102085358526
12184,-0.243739,-1.98509,-78324.7231729053,360606.403194831,-0.915346582363447,-0.777752503777644
12184,-0.209057,-1.98904,-76532.0802457442,355130.098777061,-0.910462498171781,0.333308963386432
12284,-0.174311,-1.99239,-82553.2300623207,354073.797271336,-0.912416143749663,-0.555523964001473
12284,-0.139513,-1.99513,-83617.5890746397,358039.427681387,-0.912416143752267,0.555523964238395
12384,-0.104672,-1.99726,-88052.7543564334,353768.702860722,-0.910462498170238,-0.333308963148834
12384,-0.069799,-1.99878,-86308.8619672878,343585.953693236,-0.915346582367131,0.777752504016471
12484,-0.0349048,-1.9997,-86118.6945560264,332812.535914653,-0.909485669429557,-0.111102085121833
12584,-4.35203e-16,-2,-81887.9557345366,321877.09041639,-0.919253778304537,-0.999999999870803
12584,0.0349048,-1.9997,-85163.98243272,330324.817012451,-0.909485669430058,0.111102085378513
12684,0.069799,-1.99878,-84097.3720360864,336200.059437783,-0.915346582363139,-0.777752503762792
12684,0.104672,-1.99726,-84117.8513303961,333088.422999539,-0.9104624981717,0.333308963393593
12784,0.139513,-1.99513,-81692.6767162978,325995.100051059,-0.912416143749591,-0.555523964001403
12784,0.174311,-1.99239,-79135.1094717337,312914.169756198,-0.912416143752134,0.555523964232273
12884,0.209057,-1.98904,-75481.5595738151,310919.900421768,-0.91046249817019,-0.333308963161724
12884,0.243739,-1.98509,-77304.1943151988,315281.013449011,-0.915346582366752,0.777752503996427
12984,0.278346,-1.98054,-72309.6911445366,316141.960348555,-0.909485669429543,-0.111102085145531
13084,0.312869,-1.97538,-69375.9227100313,315700.990658563,-0.919253778305079,-0.999999999897294
13084,0.347296,-1.96962,-65508.9721403722,297577.06541801,-0.909485669429971,0.111102085349981
13184,0.381618,-1.96325,-58662.0277795892,281998.10009868,-0.915346582363621,-0.777752503792476
13184,0.415823,-1.9563,-56620.7076589634,272230.186305915,-0.910462498171561,0.33330896336634
13284,0.449902,-1.94874,-49541.4828689212,266964.691917292,-0.912416143749886,-0.555523964026324
13284,0.483844,-1.94059,-49009.2488557593,265116.266279362,-0.912416143751904,0.555523964209538
13384,0.517638,-1.93185,-41405.0708802408,258098.789942808,-0.910462498170363,-0.333308963182687
13384,0.551275,-1.92252,-39158.3132491725,245207.565575816,-0.915346582366464,0.777752503976962
13484,0.584743,-1.91261,-32335.4672827469,224355.989549728,-0.909485669429569,-0.111102085165906
13584,0.618034,-1.90211,-28005.6163225317,200674.883886922,-0.919253778305519,-0.999999999919186
13584,0.651136,-1.89104,-23821.0900457192,170708.640474025,-0.909485669429928,0.111102085328226
13684,0.68404,-1.87939,-19536.566456128,141131.32343147,-0.915346582363942,-0.777752503814258
13684,0.716736,-1.86716,-15400.6902148413,112044.228061218,-0.910462498171394,0.333308963343945
13784,0.749213,-1.85437,-11729.483784253,86778.9779274259,-0.912416143750121,-0.555523964050058
13784,0.781462,-1.84101,-8960.72332219366,66893.5560976098,-0.91241614375158,0.555523964183364
13884,0.813473,-1.82709,-6016.41340854949,45466.2402919819,-0.91046249817049,-0.333308963212306
13884,0.845237,-1.81262,-3046.80122170057,22988.5098830699,-0.915346582365913,0.777752503943214
13984,0.876742,-1.79759,1404.28985244633,-10543.9859985951,-0.909485669429626,-0.1111020852007
14084,0.907981,-1.78201,6413.00813304057,-46752.110218162,-0.919253778306215,-0.999999999954254
14084,0.938943,-1.7659,12534.1253031687,-89820.3852720322,-0.909485669429858,0.111102085292581
14184,0.969619,-1.74924,18618.0044679865,-131926.338309806,-0.915346582364524,-0.777752503850263
14184,1,-1.73205,24166.7116872105,-169773.811610833,-0.910462498171194,0.333308963308465
14284,1.03008,-1.71433,27531.0258340234,-202035.226633214,-0.91241614375052,-0.55552396408445
14284,1.05984,-1.6961,30548.2249409135,-223995.461823355,-0.912416143751235,0.55552396415093
14384,1.08928,-1.67734,30892.9229474208,-242971.149161597,-0.910462498170724,-0.333308963242461
14384,1.11839,-1.65808,32698.2696510511,-257808.226418226,-0.915346582365498,0.777752503915531
14484,1.14715,-1.6383,32533.2659891902,-275794.022379168,-0.909485669429676,-0.111102085228531
14584,1.17557,-1.61803,32489.7071152942,-294030.892470687,-0.919253778306762,-0.999999999982903
14584,1.20363,-1.59727,34527.8848038784,-313557.704444507,-0.909485669429825,0.1111020852655
14684,1.23132,-1.57602,32887.3851400776,-335415.245047394,-0.91534658236492,-0.777752503876537
14684,1.25864,-1.55429,34239.3342336404,-353730.52941943,-0.910462498170955,0.333308963280004
14784,1.28558,-1.53209,29242.1832922525,-373468.51296713,-0.912416143750819,-0.555523964114867
14784,1.31212,-1.50942,28805.4309757017,-383799.277153611,-0.912416143750872,0.555523964118932
14884,1.33826,-1.48629,20333.3369108919,-395817.053528177,-0.910462498170903,-0.333308963276861
14884,1.364,-1.46271,17757.1803840769,-398949.480597197,-0.915346582364901,0.777752503878194
14984,1.38932,-1.43868,6967.24327134718,-400499.622695671,-0.909485669429939,-0.111102085257194
14984,1.41421,-1.41421,1823.50928023669,-394484.523224608,-0.919253778307102,0.999999999999985
5850,1.43868,-1.38932,-10733.9668902524,-387471.39897973,0.909485669429985,-0.111102085260202
5849,1.46271,-1.364,-21882.5489926727,-378029.479088552,0.915346582364833,0.777752503871339
5849,1.48629,-1.33826,-31717.671016036,-361190.350823347,0.910462498171102,-0.333308963290407
5848,1.50942,-1.31212,-41653.5460332975,-343865.59155898,0.91241614375073,0.555523964099018
5848,1.53209,-1.28558,-51450.0012282501,-325167.929082126,0.912416143751186,-0.555523964140576
5847,1.55429,-1.25864,-56475.0152863697,-302478.662909539,0.91046249817085,0.333308963247604
5847,1.57602,-1.23132,-64084.2126905156,-284695.090063113,0.91534658236556,-0.777752503916265
5846,1.59727,-1.20363,-62220.3210143008,-259604.287169276,0.909485669429786,0.111102085221649
5845,1.61803,-1.17557,-57628.3871308351,-232394.801578329,0.919253778306525,0.999999999969829
5845,1.6383,-1.14715,-60435.4058477789,-223317.837651258,0.909485669429914,-0.11110208528211
5844,1.65808,-1.11839,-53963.463053667,-202352.830975622,0.915346582364627,0.777752503855747
5844,1.67734,-1.08928,-55476.1909954074,-197892.55043766,0.910462498171258,-0.333308963307527
5843,1.6961,-1.05984,-48876.0573427026,-182253.546215007,0.912416143750537,0.555523964080912
5843,1.71433,-1.03008,-49657.8164079971,-180396.53144408,0.912416143751378,-0.555523964158821
5842,1.73205,-1,-42981.4541528926,-166167.598732451,0.910462498170701,0.333308963230334
5842,1.74924,-0.969619,-42741.9567680533,-163087.255517065,0.915346582365767,-0.777752503931841
5841,1.7659,-0.938943,-36044.5548689636,-148175.027334533,0.909485669429766,0.111102085205045
5840,1.78201,-0.907981,-30272.2691791687,-134424.973187604,0.919253778306158,0.99999999995149
5840,1.79759,-0.876742,-29102.060706541,-130173.131998725,0.909485669429983,-0.111102085301555
5839,1.81262,-0.845237,-24095.2692760085,-118254.467309628,0.915346582364319,0.777752503835052
5839,1.82709,-0.813473,-23012.9090382307,-115968.341522918,0.910462498171384,-0.333308963330046
5838,1.84101,-0.781462,-18614.2110042604,-106464.414485841,0.912416143750258,0.555523964056995
5838,1.85437,-0.749213,-17403.2905155502,-104895.687931022,0.91241614375167,-0.555523964183538
5837,1.86716,-0.716736,-13327.236635089,-96126.337884766,0.91046249817059,0.333308963203332
5837,1.87939,-0.68404,-12119.1892793612,-94663.5738595964,0.915346582366259,-0.777752503962114
5836,1.89104,-0.651136,-8485.64001274843,-86211.526564816,0.909485669429712,0.11110208517308
5835,1.90211,-0.618034,-5385.73402408027,-78671.4545047511,0.919253778305505,0.999999999918216
5835,1.91261,-0.584743,-4436.08848975296,-77233.6147507542,0.909485669430072,-0.111102085335106
5834,1.92252,-0.551275,-1802.81122643316,-70121.8725437531,0.915346582363824,0.777752503801191
5834,1.93185,-0.517638,-936.22783576549,-69205.2165511176,0.910462498171638,-0.333308963364257
5833,1.94059,-0.483844,1359.78852750147,-62301.7025757676,0.912416143749874,0.555523964021932
5833,1.94874,-0.449902,2086.94454911317,-60747.3284858848,0.91241614375206,-0.555523964220175
5832,1.9563,-0.415823,3877.26357969782,-53835.6074241287,0.910462498170272,0.333308963168192
5832,1.96325,-0.381618,4370.87503415757,-52373.9045810624,0.915346582366721,-0.777752503993719
5831,1.96962,-0.347296,5863.98988347949,-46371.1296397471,0.909485669429573,0.111102085145735
5830,1.97538,-0.312869,7114.85788973839,-41192.1404916855,0.919253778305019,0.999999999895301
5830,1.98054,-0.278346,7814.74799445192,-40709.0551506559,0.909485669430095,-0.11110208535852
5829,1.98509,-0.243739,9100.0864605391,-36250.7938359538,0.915346582363408,0.777752503777643
5829,1.98904,-0.209057,10054.6168709019,-36480.0777024532,0.910462498171767,-0.333308963386425
5828,1.99239,-0.174311,11534.7168632989,-32697.7080610911,0.91241614374965,0.555523964001481
5828,1.99513,-0.139513,12801.5489894215,-33402.4858355689,0.912416143752221,-0.555523964238393
5827,1.99726,-0.104672,14619.7083088429,-30592.0401875249,0.910462498170182,0.333308963148836
5827,1.99878,-0.069799,16488.7576101062,-31641.9840805499,0.915346582367075,-0.777752504016468
5826,1.9997,-0.0349048,19007.5401779703,-29582.1877849617,0.909485669429527,0.111102085121839
