origElemNum,globCoord-x,globCoord-y,acouPotentialD1-,locCoord-xi,locCoord-eta
5825,2,-2.20442e-18,-0.046071845283735,0.919253778304535,0.999999999870795
5825,1.9997,0.0349048,-0.0458883523029056,0.909485669430051,-0.11110208537854
5824,1.99878,0.069799,-0.0456978466025796,0.915346582363134,0.7777525037628
5824,1.99726,0.104672,-0.0455092167790765,0.910462498171695,-0.333308963393583
5823,1.99513,0.139513,-0.0453176360599285,0.912416143749585,0.555523964001403
5823,1.99239,0.174311,-0.0451257352990281,0.912416143752112,-0.555523964232293
5822,1.98904,0.209057,-0.0449341854936445,0.910462498170195,0.33330896316169
5822,1.98509,0.243739,-0.044741533829975,0.915346582366752,-0.777752503996411
5821,1.98054,0.278346,-0.04455053236198,0.909485669429537,0.111102085145532
5820,1.97538,0.312869,-0.0443583218732505,0.91925377830504,0.999999999897275
5820,1.96962,0.347296,-0.0441674576139185,0.909485669429959,-0.111102085350008
5819,1.96325,0.381618,-0.0439763959438481,0.915346582363608,0.777752503792493
5819,1.9563,0.415823,-0.0437848105804672,0.910462498171543,-0.333308963366333
5818,1.94874,0.449902,-0.0435944640599092,0.912416143749872,0.555523964026318
5818,1.94059,0.483844,-0.0434050613548521,0.912416143751876,-0.555523964209557
5817,1.93185,0.517638,-0.0432159899981449,0.910462498170338,0.333308963182653
5817,1.92252,0.551275,-0.0430292910998288,0.915346582366455,-0.777752503976955
5816,1.91261,0.584743,-0.042839983006155,0.909485669429567,0.111102085165898
5815,1.90211,0.618034,-0.0426563711948182,0.919253778305533,0.999999999919169
5815,1.89104,0.651136,-0.0424665388489396,0.909485669429933,-0.111102085328256
5814,1.87939,0.68404,-0.0422836188233176,0.915346582363941,0.777752503814277
5814,1.86716,0.716736,-0.0420962387228919,0.910462498171402,-0.333308963343933
5813,1.85437,0.749213,-0.041912184215979,0.912416143750119,0.555523964050056
5813,1.84101,0.781462,-0.0417267298687165,0.912416143751575,-0.555523964183394
5812,1.82709,0.813473,-0.0415390504807687,0.910462498170486,0.333308963212263
5812,1.81262,0.845237,-0.0413557494671649,0.915346582365915,-0.777752503943209
5811,1.79759,0.876742,-0.0411636946368776,0.909485669429635,0.111102085200681
5810,1.78201,0.907981,-0.040984106449123,0.919253778306195,0.999999999954235
5810,1.7659,0.938943,-0.0407880710685892,0.909485669429844,-0.111102085292603
5809,1.74924,0.969619,-0.0406056400761283,0.915346582364538,0.777752503850291
5809,1.73205,1,-0.0404128456613332,0.910462498171199,-0.333308963308445
5808,1.71433,1.03008,-0.040226942857074,0.912416143750526,0.555523964084446
5808,1.6961,1.05984,-0.0400397012663465,0.912416143751246,-0.555523964150953
5807,1.67734,1.08928,-0.039852686020365,0.910462498170725,0.333308963242434
5807,1.65808,1.11839,-0.0396748313142634,0.915346582365508,-0.777752503915519
5806,1.6383,1.14715,-0.0394888159292551,0.909485669429676,0.11110208522853
5805,1.61803,1.17557,-0.0393220318202912,0.919253778306765,0.999999999982884
5805,1.59727,1.20363,-0.0391400769897971,0.909485669429817,-0.111102085265541
5804,1.57602,1.23132,-0.0389793908419825,0.9153465823649,0.777752503876539
5804,1.55429,1.25864,-0.0388145804971191,0.910462498170939,-0.333308963279996
5803,1.53209,1.28558,-0.0386643196870272,0.912416143750815,0.555523964114853
5803,1.50942,1.31212,-0.0385204307656562,0.91241614375085,-0.555523964118972
5802,1.48629,1.33826,-0.0383829364177605,0.910462498170897,0.333308963276791
5802,1.46271,1.364,-0.0382609967714469,0.915346582364929,-0.77775250387822
5801,1.43868,1.38932,-0.0381345404971324,0.909485669429954,0.111102085257182
5801,1.41421,1.41421,-0.0380335168522073,0.919253778307104,-0.999999999999994
850,1.38932,1.43868,-0.0379156497620367,0.909485669429991,-0.111102085260227
849,1.364,1.46271,-0.0378228918660906,0.915346582364834,0.777752503871359
849,1.33826,1.48629,-0.0377183567259663,0.910462498171096,-0.333308963290402
848,1.31212,1.50942,-0.0376260939143263,0.912416143750729,0.555523964099008
848,1.28558,1.53209,-0.0375324784777333,0.912416143751184,-0.555523964140596
847,1.25864,1.55429,-0.0374346628920862,0.910462498170846,0.333308963247574
847,1.23132,1.57602,-0.0373490947374886,0.915346582365554,-0.777752503916259
846,1.20363,1.59727,-0.0372375818387847,0.90948566942978,0.111102085221654
845,1.17557,1.61803,-0.0371555657405424,0.919253778306528,0.999999999969813
845,1.14715,1.6383,-0.0370202344512563,0.909485669429915,-0.111102085282135
844,1.11839,1.65808,-0.0369134775901344,0.915346582364625,0.777752503855763
844,1.08928,1.67734,-0.0367676529439481,0.910462498171253,-0.333308963307521
843,1.05984,1.6961,-0.0366287490107987,0.912416143750542,0.555523964080906
843,1.03008,1.71433,-0.0364732284288264,0.912416143751377,-0.555523964158847
842,1,1.73205,-0.0363009387959813,0.910462498170698,0.333308963230309
842,0.969619,1.74924,-0.0361374049996613,0.915346582365766,-0.777752503931825
841,0.938943,1.7659,-0.0359335011294673,0.909485669429764,0.111102085205048
840,0.907981,1.78201,-0.0357658790001112,0.919253778306164,0.99999999995148
840,0.876742,1.79759,-0.0355362527452235,0.909485669429979,-0.11110208530158
839,0.845237,1.81262,-0.0353460196044869,0.91534658236432,0.777752503835068
839,0.813473,1.82709,-0.0351222897792654,0.91046249817139,-0.33330896333004
838,0.781462,1.84101,-0.0349161867110546,0.912416143750255,0.555523964056983
838,0.749213,1.85437,-0.034703993564007,0.912416143751674,-0.555523964183563
837,0.716736,1.86716,-0.0344873947312318,0.910462498170584,0.333308963203304
837,0.68404,1.87939,-0.0342903470367224,0.915346582366261,-0.777752503962098
836,0.651136,1.89104,-0.03406724570407,0.909485669429719,0.111102085173086
835,0.618034,1.90211,-0.0338886701580333,0.919253778305509,0.999999999918205
835,0.584743,1.91261,-0.0336626808764112,0.909485669430073,-0.111102085335132
834,0.551275,1.92252,-0.033482275226412,0.915346582363819,0.777752503801204
834,0.517638,1.93185,-0.0332782643841478,0.910462498171637,-0.333308963364254
833,0.483844,1.94059,-0.0330979730352935,0.912416143749877,0.55552396402192
833,0.449902,1.94874,-0.0329187102648993,0.91241614375206,-0.555523964220202
832,0.415823,1.9563,-0.0327408363065293,0.910462498170279,0.333308963168166
832,0.381618,1.96325,-0.0325873521462711,0.915346582366717,-0.777752503993703
831,0.347296,1.96962,-0.0324090954363037,0.909485669429573,0.111102085145737
830,0.312869,1.97538,-0.0322777723796273,0.919253778305012,0.99999999989529
830,0.278346,1.98054,-0.0320975687521235,0.909485669430091,-0.111102085358547
829,0.243739,1.98509,-0.0319643227187947,0.915346582363415,0.77775250377766
829,0.209057,1.98904,-0.031804770263257,0.910462498171767,-0.333308963386422
828,0.174311,1.99239,-0.031667701612056,0.912416143749651,0.55552396400147
828,0.139513,1.99513,-0.0315284236596019,0.912416143752224,-0.555523964238419
827,0.104672,1.99726,-0.0313861003773116,0.910462498170184,0.33330896314881
827,0.069799,1.99878,-0.0312661382939695,0.915346582367074,-0.777752504016452
826,0.0349048,1.9997,-0.0311173530989234,0.909485669429527,0.111102085121841
825,1.27747e-16,2,-0.0310165062645332,0.919253778304535,0.999999999870799
825,-0.0349048,1.9997,-0.0308605011521782,0.909485669430051,-0.111102085378537
824,-0.069799,1.99878,-0.0307528843999751,0.915346582363134,0.777752503762801
824,-0.104672,1.99726,-0.0306172442193887,0.910462498171695,-0.333308963393583
823,-0.139513,1.99513,-0.0305039928843402,0.912416143749585,0.555523964001401
823,-0.174311,1.99239,-0.0303872923441906,0.912416143752112,-0.555523964232297
822,-0.209057,1.98904,-0.030267410258403,0.910462498170195,0.333308963161685
822,-0.243739,1.98509,-0.030170197555169,0.915346582366744,-0.777752503996403
821,-0.278346,1.98054,-0.0300439650111024,0.909485669429538,0.111102085145537
820,-0.312869,1.97538,-0.0299661835164037,0.919253778305041,0.999999999897278
820,-0.347296,1.96962,-0.0298330078414973,0.90948566942996,-0.111102085350006
819,-0.381618,1.96325,-0.0297479396996446,0.915346582363608,0.777752503792493
819,-0.415823,1.9563,-0.0296330548094113,0.910462498171543,-0.333308963366333
818,-0.449902,1.94874,-0.0295421153796627,0.912416143749872,0.555523964026316
818,-0.483844,1.94059,-0.0294502276416571,0.912416143751875,-0.555523964209561
817,-0.517638,1.93185,-0.0293574917209237,0.910462498170336,0.333308963182646
817,-0.551275,1.92252,-0.0292884037714448,0.915346582366457,-0.777752503976948
816,-0.584743,1.91261,-0.029194356303359,0.909485669429562,0.111102085165907
815,-0.618034,1.90211,-0.0291479501274625,0.919253778305526,0.999999999919175
815,-0.651136,1.89104,-0.0290548548592063,0.909485669429935,-0.111102085328253
814,-0.68404,1.87939,-0.0290092811343891,0.915346582363941,0.777752503814277
814,-0.716736,1.86716,-0.02894105413853,0.910462498171402,-0.333308963343933
813,-0.749213,1.85437,-0.0288967794031786,0.912416143750117,0.555523964050053
813,-0.781462,1.84101,-0.0288534585716002,0.912416143751584,-0.555523964183396
812,-0.813473,1.82709,-0.0288119407616834,0.910462498170484,0.33330896321226
812,-0.845237,1.81262,-0.0287941653467732,0.91534658236591,-0.7777525039432
811,-0.876742,1.79759,-0.0287565189996938,0.909485669429639,0.111102085200672
810,-0.907981,1.78201,-0.0287637210861358,0.919253778306197,0.999999999954239
810,-0.938943,1.7659,-0.0287304471601596,0.909485669429848,-0.111102085292613
809,-0.969619,1.74924,-0.0287409413172267,0.915346582364533,0.777752503850298
809,-1,1.73205,-0.028731059599916,0.910462498171205,-0.333308963308436
808,-1.03008,1.71433,-0.0287428884484973,0.912416143750522,0.55552396408444
808,-1.05984,1.6961,-0.0287553078429489,0.912416143751243,-0.555523964150944
807,-1.08928,1.67734,-0.0287691575368228,0.910462498170733,0.33330896324243
807,-1.11839,1.65808,-0.0288043955819097,0.915346582365511,-0.777752503915504
806,-1.14715,1.6383,-0.0288194065086279,0.909485669429678,0.11110208522852
805,-1.17557,1.61803,-0.0288744481462809,0.91925377830677,0.999999999982889
805,-1.20363,1.59727,-0.0288898600832801,0.909485669429819,-0.111102085265551
804,-1.23132,1.57602,-0.0289442908597404,0.915346582364893,0.777752503876544
804,-1.25864,1.55429,-0.0289782569093783,0.910462498170937,-0.333308963279986
803,-1.28558,1.53209,-0.0290304124959663,0.912416143750809,0.555523964114847
803,-1.31212,1.50942,-0.0290810102987163,0.912416143750849,-0.555523964118962
802,-1.33826,1.48629,-0.0291294954593466,0.910462498170897,0.333308963276791
802,-1.364,1.46271,-0.0291949212292559,0.915346582364928,-0.77775250387821
801,-1.38932,1.43868,-0.0292386528826714,0.909485669429954,0.111102085257172
801,-1.41421,1.41421,-0.0293173432340607,0.919253778307104,-0.999999999999994
15850,-1.43868,1.38932,-0.0293594445024491,0.909485669429991,-0.111102085260237
15849,-1.46271,1.364,-0.0294355632962513,0.915346582364828,0.777752503871364
15849,-1.48629,1.33826,-0.0294900873143388,0.910462498171103,-0.333308963290387
15848,-1.50942,1.31212,-0.0295598324110747,0.912416143750729,0.555523964099008
15848,-1.53209,1.28558,-0.0296267222665761,0.912416143751185,-0.555523964140586
15847,-1.55429,1.25864,-0.0296912204300805,0.910462498170851,0.333308963247569
15847,-1.57602,1.23132,-0.0297702965494325,0.915346582365555,-0.777752503916249
15846,-1.59727,1.20363,-0.0298308123747166,0.909485669429784,0.111102085221639
15845,-1.61803,1.17557,-0.0299220668406535,0.919253778306531,0.999999999969823
15845,-1.6383,1.14715,-0.0299797580567316,0.909485669429917,-0.111102085282151
15844,-1.65808,1.11839,-0.0300673118623035,0.915346582364627,0.777752503855772
15844,-1.67734,1.08928,-0.030137324783414,0.910462498171251,-0.333308963307506
15843,-1.6961,1.05984,-0.0302218531183804,0.912416143750542,0.555523964080906
15843,-1.71433,1.03008,-0.0303060428318173,0.912416143751375,-0.555523964158831
15842,-1.73205,1,-0.0303890574771179,0.910462498170697,0.333308963230296
15842,-1.74924,0.969619,-0.0304848866445891,0.915346582365764,-0.777752503931822
15841,-1.7659,0.938943,-0.0305653641445466,0.909485669429762,0.111102085205035
15840,-1.78201,0.907981,-0.0306713883975705,0.919253778306162,0.999999999951483
15840,-1.79759,0.876742,-0.0307518574484848,0.909485669429984,-0.111102085301589
15839,-1.81262,0.845237,-0.0308574084637801,0.915346582364318,0.777752503835071
15839,-1.82709,0.813473,-0.0309511530363911,0.910462498171391,-0.333308963330024
15838,-1.84101,0.781462,-0.0310570019439547,0.912416143750253,0.555523964056986
15838,-1.85437,0.749213,-0.0311631549551372,0.912416143751674,-0.555523964183544
15837,-1.86716,0.716736,-0.031268752180705,0.910462498170589,0.333308963203294
15837,-1.87939,0.68404,-0.0313845477820191,0.915346582366259,-0.777752503962095
15836,-1.89104,0.651136,-0.0314895732871867,0.909485669429715,0.111102085173074
15835,-1.90211,0.618034,-0.0316142849388349,0.919253778305508,0.999999999918209
15835,-1.91261,0.584743,-0.0317208017411532,0.909485669430068,-0.111102085335144
15834,-1.92252,0.551275,-0.0318459801899385,0.915346582363818,0.777752503801208
15834,-1.93185,0.517638,-0.0319624463208886,0.910462498171639,-0.333308963364235
15833,-1.94059,0.483844,-0.0320885140590831,0.912416143749876,0.555523964021923
15833,-1.94874,0.449902,-0.0322160400047879,0.912416143752063,-0.555523964220183
15832,-1.9563,0.415823,-0.032346142458196,0.910462498170272,0.333308963168156
15832,-1.96325,0.381618,-0.0324851194566238,0.915346582366716,-0.7777525039937
15831,-1.96962,0.347296,-0.0326161547147973,0.909485669429575,0.111102085145728
15830,-1.97538,0.312869,-0.032759822636691,0.91925377830502,0.999999999895294
15830,-1.98054,0.278346,-0.0328927532140746,0.909485669430092,-0.111102085358556
15829,-1.98509,0.243739,-0.0330377517874044,0.915346582363415,0.777752503777664
15829,-1.98904,0.209057,-0.0331791289666008,0.910462498171765,-0.333308963386404
15828,-1.99239,0.174311,-0.0333266778507364,0.912416143749651,0.555523964001473
15828,-1.99513,0.139513,-0.0334758423692555,0.912416143752222,-0.5555239642384
15827,-1.99726,0.104672,-0.0336258110098599,0.910462498170184,0.3333089631488
15827,-1.99878,0.069799,-0.0337798834443905,0.915346582367074,-0.777752504016448
15826,-1.9997,0.0349048,-0.0339320992398997,0.909485669429527,0.111102085121831
15825,-2,2.46315e-16,-0.0340903465192206,0.919253778304535,0.999999999870803
15825,-1.9997,-0.0349048,-0.0342432488242114,0.909485669430051,-0.111102085378547
15824,-1.99878,-0.069799,-0.0344010330520885,0.915346582363134,0.777752503762804
15824,-1.99726,-0.104672,-0.0345590400268299,0.910462498171696,-0.333308963393566
15823,-1.99513,-0.139513,-0.0347188825180986,0.912416143749586,0.555523964001405
15823,-1.99239,-0.174311,-0.0348792747464018,0.912416143752114,-0.555523964232279
15822,-1.98904,-0.209057,-0.0350415850737774,0.910462498170195,0.333308963161688
15822,-1.98509,-0.243739,-0.0352050489780895,0.915346582366744,-0.7777525039964
15821,-1.98054,-0.278346,-0.0353715015230526,0.909485669429545,0.111102085145526
15820,-1.97538,-0.312869,-0.0355369101947159,0.919253778305042,0.999999999897283
15820,-1.96962,-0.347296,-0.0357073282236101,0.909485669429957,-0.111102085350017
15819,-1.96325,-0.381618,-0.0358748886166996,0.915346582363609,0.777752503792499
15819,-1.9563,-0.415823,-0.0360447192148667,0.910462498171549,-0.333308963366345
15818,-1.94874,-0.449902,-0.0362149058491155,0.912416143749872,0.555523964026319
15818,-1.94059,-0.483844,-0.0363889059404273,0.91241614375188,-0.555523964209544
15817,-1.93185,-0.517638,-0.036565920312731,0.910462498170337,0.33330896318265
15817,-1.92252,-0.551275,-0.0367412285335728,0.915346582366458,-0.777752503976945
15816,-1.91261,-0.584743,-0.0369233847961078,0.909485669429567,0.111102085165898
15815,-1.90211,-0.618034,-0.0370974514249009,0.919253778305528,0.999999999919178
15815,-1.89104,-0.651136,-0.0372867218745681,0.90948566942994,-0.111102085328262
15814,-1.87939,-0.68404,-0.0374670070326319,0.915346582363942,0.77775250381428
15814,-1.86716,-0.716736,-0.0376567386033683,0.910462498171397,-0.333308963343943
15813,-1.85437,-0.749213,-0.0378428730597011,0.912416143750119,0.555523964050056
15813,-1.84101,-0.781462,-0.0380320900435842,0.912416143751582,-0.555523964183381
15812,-1.82709,-0.813473,-0.0382257157591491,0.910462498170486,0.333308963212263
15812,-1.81262,-0.845237,-0.0384151958479745,0.915346582365912,-0.777752503943197
15811,-1.79759,-0.876742,-0.0386178988195271,0.909485669429641,0.111102085200675
15810,-1.78201,-0.907981,-0.038806641503544,0.919253778306197,0.999999999954239
15810,-1.7659,-0.938943,-0.0390191913219439,0.90948566942985,-0.11110208529261
15809,-1.74924,-0.969619,-0.0392162629509432,0.915346582364535,0.777752503850301
15809,-1.73205,-1,-0.0394261040736824,0.9104624981712,-0.333308963308458
15808,-1.71433,-1.03008,-0.0396295649920913,0.912416143750526,0.555523964084446
15808,-1.6961,-1.05984,-0.0398367303425204,0.912416143751243,-0.555523964150944
15807,-1.67734,-1.08928,-0.040049171278957,0.910462498170725,0.333308963242434
15807,-1.65808,-1.11839,-0.0402549848647789,0.915346582365503,-0.7777525039155
15806,-1.6383,-1.14715,-0.0404761923697406,0.90948566942967,0.111102085228524
15805,-1.61803,-1.17557,-0.0406772691553028,0.919253778306763,0.999999999982893
15805,-1.59727,-1.20363,-0.0409076653807089,0.909485669429812,-0.111102085265547
15804,-1.57602,-1.23132,-0.0411171327737228,0.915346582364898,0.777752503876549
15804,-1.55429,-1.25864,-0.0413438480255484,0.910462498170935,-0.333308963280012
15803,-1.53209,-1.28558,-0.0415613141978689,0.912416143750815,0.555523964114853
15803,-1.50942,-1.31212,-0.0417824756198383,0.912416143750855,-0.555523964118957
15802,-1.48629,-1.33826,-0.0420069242488141,0.910462498170897,0.333308963276791
15802,-1.46271,-1.364,-0.0422206393932968,0.915346582364928,-0.77775250387821
15801,-1.43868,-1.38932,-0.0424506432743823,0.909485669429954,0.111102085257172
15801,-1.41421,-1.41421,-0.0426544923793137,0.919253778307098,-0.999999999999989
10084,-1.38932,-1.43868,-0.0428938082620238,-0.909485669429983,0.111102085260242
10184,-1.364,-1.46271,-0.0431055945681859,-0.915346582364814,-0.777752503871363
10184,-1.33826,-1.48629,-0.0433332591710919,-0.910462498171062,0.333308963290425
10284,-1.31212,-1.50942,-0.0435468908963191,-0.912416143750702,-0.555523964098991
10284,-1.28558,-1.53209,-0.04376124110469,-0.912416143751175,0.55552396414059
10384,-1.25864,-1.55429,-0.0439757450934035,-0.910462498170858,-0.333308963247603
10384,-1.23132,-1.57602,-0.0441744877904168,-0.915346582365569,0.777752503916277
10484,-1.20363,-1.59727,-0.0443886196909789,-0.909485669429755,-0.111102085221656
10584,-1.17557,-1.61803,-0.0445695070348328,-0.919253778306467,-0.999999999969833
10584,-1.14715,-1.6383,-0.0447818283853232,-0.909485669429891,0.111102085282108
10684,-1.11839,-1.65808,-0.0449588734115058,-0.915346582364624,-0.777752503855743
10684,-1.08928,-1.67734,-0.0451496988021069,-0.910462498171255,0.333308963307532
10784,-1.05984,-1.6961,-0.0453209890399933,-0.912416143750544,-0.555523964080908
10784,-1.03008,-1.71433,-0.0454898391628976,-0.912416143751393,0.555523964158839
10884,-1,-1.73205,-0.0456544721651774,-0.910462498170715,-0.333308963230315
10884,-0.969619,-1.74924,-0.0457966720350707,-0.915346582365772,0.777752503931858
10984,-0.938943,-1.7659,-0.0459519705195067,-0.909485669429763,-0.111102085205032
11084,-0.907981,-1.78201,-0.0460646477057787,-0.919253778306154,-0.99999999995149
11084,-0.876742,-1.79759,-0.0462134859302611,-0.909485669429981,0.111102085301552
11184,-0.845237,-1.81262,-0.0463189887488334,-0.915346582364332,-0.777752503835052
11184,-0.813473,-1.82709,-0.0464423342460777,-0.910462498171421,0.333308963330044
11284,-0.781462,-1.84101,-0.0465426083925173,-0.912416143750289,-0.555523964056998
11284,-0.749213,-1.85437,-0.0466412682843699,-0.912416143751684,0.555523964183542
11384,-0.716736,-1.86716,-0.0467392179384971,-0.910462498170579,-0.333308963203316
11384,-0.68404,-1.87939,-0.0468131884823613,-0.915346582366256,0.777752503962127
11484,-0.651136,-1.89104,-0.0469129974745779,-0.9094856694297,-0.111102085173069
11584,-0.618034,-1.90211,-0.0469651525001698,-0.919253778305473,-0.9999999999182
11584,-0.584743,-1.91261,-0.0470741582067262,-0.909485669430035,0.111102085335111
11684,-0.551275,-1.92252,-0.0471363804432009,-0.915346582363772,-0.777752503801188
11684,-0.517638,-1.93185,-0.0472321032273211,-0.910462498171642,0.333308963364261
11784,-0.483844,-1.94059,-0.0473099232995868,-0.912416143749915,-0.555523964021929
11784,-0.449902,-1.94874,-0.0473981038631916,-0.912416143752077,0.555523964220183
11884,-0.415823,-1.9563,-0.0475006271320369,-0.910462498170266,-0.33330896316818
11884,-0.381618,-1.96325,-0.047587705227458,-0.915346582366712,0.777752503993725
11984,-0.347296,-1.96962,-0.0477169937552719,-0.909485669429565,-0.111102085145729
12084,-0.312869,-1.97538,-0.0478009112000035,-0.919253778305011,-0.999999999895287
12084,-0.278346,-1.98054,-0.0479596727331611,-0.909485669430107,0.111102085358526
12184,-0.243739,-1.98509,-0.0480743252283777,-0.915346582363447,-0.777752503777644
12184,-0.209057,-1.98904,-0.0482339340378843,-0.910462498171781,0.333308963386432
12284,-0.174311,-1.99239,-0.0483783676106382,-0.912416143749663,-0.555523964001473
12284,-0.139513,-1.99513,-0.0485364379120223,-0.912416143752267,0.555523964238395
12384,-0.104672,-1.99726,-0.0487041150499717,-0.910462498170238,-0.333308963148834
12384,-0.069799,-1.99878,-0.048854649814575,-0.915346582367131,0.777752504016471
12484,-0.0349048,-1.9997,-0.0490382600442988,-0.909485669429557,-0.111102085121833
12584,-4.35203e-16,-2,-0.0491778423542835,-0.919253778304537,-0.999999999870803
12584,0.0349048,-1.9997,-0.0493660958989315,-0.909485669430058,0.111102085378513
12684,0.069799,-1.99878,-0.0495078087131815,-0.915346582363139,-0.777752503762792
12684,0.104672,-1.99726,-0.0496705449889997,-0.9104624981717,0.333308963393593
12784,0.139513,-1.99513,-0.0498071987351444,-0.912416143749591,-0.555523964001403
12784,0.174311,-1.99239,-0.0499390812321468,-0.912416143752134,0.555523964232273
12884,0.209057,-1.98904,-0.0500643040928487,-0.91046249817019,-0.333308963161724
12884,0.243739,-1.98509,-0.0501619257355461,-0.915346582366752,0.777752503996427
12984,0.278346,-1.98054,-0.0502704111776662,-0.909485669429543,-0.111102085145531
13084,0.312869,-1.97538,-0.0503289685690552,-0.919253778305079,-0.999999999897294
13084,0.347296,-1.96962,-0.0504173564615588,-0.909485669429971,0.111102085349981
13184,0.381618,-1.96325,-0.0504544616431505,-0.915346582363621,-0.777752503792476
13184,0.415823,-1.9563,-0.0505000479952344,-0.910462498171561,0.33330896336634
13284,0.449902,-1.94874,-0.0505168799414825,-0.912416143749886,-0.555523964026324
13284,0.483844,-1.94059,-0.0505267273575711,-0.912416143751904,0.555523964209538
13384,0.517638,-1.93185,-0.0505319119373708,-0.910462498170363,-0.333308963182687
13384,0.551275,-1.92252,-0.0505091516136911,-0.915346582366464,0.777752503976962
13484,0.584743,-1.91261,-0.050508091186691,-0.909485669429569,-0.111102085165906
13584,0.618034,-1.90211,-0.0504560932642137,-0.919253778305519,-0.999999999919186
13584,0.651136,-1.89104,-0.0504574155189955,-0.909485669429928,0.111102085328226
13684,0.68404,-1.87939,-0.0504098691797623,-0.915346582363942,-0.777752503814258
13684,0.716736,-1.86716,-0.0503932719843835,-0.910462498171394,0.333308963343945
13784,0.749213,-1.85437,-0.0503559496321389,-0.912416143750121,-0.555523964050058
13784,0.781462,-1.84101,-0.0503252496501937,-0.91241614375158,0.555523964183364
13884,0.813473,-1.82709,-0.0503042635095948,-0.91046249817049,-0.333308963212306
13884,0.845237,-1.81262,-0.0502650603887801,-0.915346582365913,0.777752503943214
13984,0.876742,-1.79759,-0.050265619900135,-0.909485669429626,-0.1111020852007
14084,0.907981,-1.78201,-0.0502214122348002,-0.919253778306215,-0.999999999954254
14084,0.938943,-1.7659,-0.0502456192591139,-0.909485669429858,0.111102085292581
14184,0.969619,-1.74924,-0.0502259532590495,-0.915346582364524,-0.777752503850263
14184,1,-1.73205,-0.0502449381506501,-0.910462498171194,0.333308963308465
14284,1.03008,-1.71433,-0.0502488095693402,-0.91241614375052,-0.55552396408445
14284,1.05984,-1.6961,-0.0502648379282379,-0.912416143751235,0.55552396415093
14384,1.08928,-1.67734,-0.050293127580093,-0.910462498170724,-0.333308963242461
14384,1.11839,-1.65808,-0.0503078112530832,-0.915346582365498,0.777752503915531
14484,1.14715,-1.6383,-0.0503567709105457,-0.909485669429676,-0.111102085228531
14584,1.17557,-1.61803,-0.050366914363496,-0.919253778306762,-0.999999999982903
14584,1.20363,-1.59727,-0.0504313037509687,-0.909485669429825,0.1111020852655
14684,1.23132,-1.57602,-0.0504567148313229,-0.91534658236492,-0.777752503876537
14684,1.25864,-1.55429,-0.0505089074792692,-0.910462498170955,0.333308963280004
14784,1.28558,-1.53209,-0.0505430340586497,-0.912416143750819,-0.555523964114867
14784,1.31212,-1.50942,-0.0505794726307561,-0.912416143750872,0.555523964118932
14884,1.33826,-1.48629,-0.0506160945000149,-0.910462498170903,-0.333308963276861
14884,1.364,-1.46271,-0.0506345633825828,-0.915346582364901,0.777752503878194
14984,1.38932,-1.43868,-0.0506699553105591,-0.909485669429939,-0.111102085257194
14984,1.41421,-1.41421,-0.0506697168416994,-0.919253778307102,0.999999999999985
5850,1.43868,-1.38932,-0.0507044923886383,0.909485669429985,-0.111102085260202
5849,1.46271,-1.364,-0.050703874091206,0.915346582364833,0.777752503871339
5849,1.48629,-1.33826,-0.0507160517159837,0.910462498171102,-0.333308963290407
5848,1.50942,-1.31212,-0.0507082651126313,0.91241614375073,0.555523964099018
5848,1.53209,-1.28558,-0.0506955176737759,0.912416143751186,-0.555523964140576
5847,1.55429,-1.25864,-0.0506773755751569,0.91046249817085,0.333308963247604
5847,1.57602,-1.23132,-0.0506399194228388,0.91534658236556,-0.777752503916265
5846,1.59727,-1.20363,-0.050612422878448,0.909485669429786,0.111102085221649
5845,1.61803,-1.17557,-0.0505529568659523,0.919253778306525,0.999999999969829
5845,1.6383,-1.14715,-0.0505190408353258,0.909485669429914,-0.11110208528211
5844,1.65808,-1.11839,-0.0504545187117289,0.915346582364627,0.777752503855747
5844,1.67734,-1.08928,-0.0504014482872571,0.910462498171258,-0.333308963307527
5843,1.6961,-1.05984,-0.0503326382487273,0.912416143750537,0.555523964080912
5843,1.71433,-1.03008,-0.0502619062271043,0.912416143751378,-0.555523964158821
5842,1.73205,-1,-0.0501884157166704,0.910462498170701,0.333308963230334
5842,1.74924,-0.969619,-0.0500996377347988,0.915346582365767,-0.777752503931841
5841,1.7659,-0.938943,-0.0500211029458924,0.909485669429766,0.111102085205045
5840,1.78201,-0.907981,-0.0499159431570119,0.919253778306158,0.99999999995149
5840,1.79759,-0.876742,-0.0498351000265432,0.909485669429983,-0.111102085301555
5839,1.81262,-0.845237,-0.0497291218789632,0.915346582364319,0.777752503835052
5839,1.82709,-0.813473,-0.0496344736652445,0.910462498171384,-0.333308963330046
5838,1.84101,-0.781462,-0.0495275056244547,0.912416143750258,0.555523964056995
5838,1.85437,-0.749213,-0.0494199179236569,0.91241614375167,-0.555523964183538
5837,1.86716,-0.716736,-0.0493105373231414,0.91046249817059,0.333308963203332
5837,1.87939,-0.68404,-0.0491893019561671,0.915346582366259,-0.777752503962114
5836,1.89104,-0.651136,-0.0490749158825431,0.909485669429712,0.11110208517308
5835,1.90211,-0.618034,-0.0489394651524211,0.919253778305505,0.999999999918216
5835,1.91261,-0.584743,-0.0488193606907243,0.909485669430072,-0.111102085335106
5834,1.92252,-0.551275,-0.0486793112780785,0.915346582363824,0.777752503801191
5834,1.93185,-0.517638,-0.0485453093424981,0.910462498171638,-0.333308963364257
5833,1.94059,-0.483844,-0.04840153943389,0.912416143749874,0.555523964021932
5833,1.94874,-0.449902,-0.0482566056133995,0.91241614375206,-0.555523964220175
5832,1.9563,-0.415823,-0.0481107156419514,0.910462498170272,0.333308963168192
5832,1.96325,-0.381618,-0.0479565141555867,0.915346582366721,-0.777752503993719
5831,1.96962,-0.347296,-0.0478056855230257,0.909485669429573,0.111102085145735
5830,1.97538,-0.312869,-0.0476397167860117,0.919253778305019,0.999999999895301
5830,1.98054,-0.278346,-0.0474831419715435,0.909485669430095,-0.11110208535852
5829,1.98509,-0.243739,-0.0473129495682171,0.915346582363408,0.777752503777643
5829,1.98904,-0.209057,-0.0471466458433875,0.910462498171767,-0.333308963386425
5828,1.99239,-0.174311,-0.0469734073203284,0.91241614374965,0.555523964001481
5828,1.99513,-0.139513,-0.0467986436667846,0.912416143752221,-0.555523964238393
5827,1.99726,-0.104672,-0.0466220553730738,0.910462498170182,0.333308963148836
5827,1.99878,-0.069799,-0.0464397023177493,0.915346582367075,-0.777752504016468
5826,1.9997,-0.0349048,-0.0462599167565731,0.909485669429527,0.111102085121839
