origElemNum,globCoord-x,globCoord-y,acouIntensity-x,acouIntensity-y,locCoord-xi,locCoord-eta
5825,2,-2.20442e-18,-2200.9454466876,-7114.9926342244,0.919253778304535,0.999999999870795
5825,1.9997,0.0349048,-1702.89399987992,-6770.74108664819,0.909485669430051,-0.11110208537854
5824,1.99878,0.069799,-1209.37026841917,-6807.52031357355,0.915346582363134,0.7777525037628
5824,1.99726,0.104672,-797.187482004289,-6495.37237818589,0.910462498171695,-0.333308963393583
5823,1.99513,0.139513,-388.36177969552,-6713.07825073425,0.912416143749585,0.555523964001403
5823,1.99239,0.174311,-22.9509888666004,-6701.74076889633,0.912416143752112,-0.555523964232293
5822,1.98904,0.209057,385.764060619945,-6908.53028492491,0.910462498170195,0.33330896316169
5822,1.98509,0.243739,685.794590178185,-6289.12815584226,0.915346582366752,-0.777752503996411
5821,1.98054,0.278346,961.073159969985,-5995.83149860911,0.909485669429537,0.111102085145532
5820,1.97538,0.312869,1117.54013071119,-5391.7815020594,0.91925377830504,0.999999999897275
5820,1.96962,0.347296,1422.04307046331,-5506.15928506293,0.909485669429959,-0.111102085350008
5819,1.96325,0.381618,1778.5845951259,-5900.30861504537,0.915346582363608,0.777752503792493
5819,1.9563,0.415823,2057.02311169559,-5820.55668491379,0.910462498171543,-0.333308963366333
5818,1.94874,0.449902,2301.32795136242,-5865.97863593783,0.912416143749872,0.555523964026318
5818,1.94059,0.483844,2230.10858436619,-5042.73644588094,0.912416143751876,-0.555523964209557
5817,1.93185,0.517638,2572.41632015552,-5395.83477581354,0.910462498170338,0.333308963182653
5817,1.92252,0.551275,3053.19791459886,-5804.01074366299,0.915346582366455,-0.777752503976955
5816,1.91261,0.584743,3454.19316489545,-6211.88726004414,0.909485669429567,0.111102085165898
5815,1.90211,0.618034,3653.72642628865,-6243.65528491757,0.919253778305533,0.999999999919169
5815,1.89104,0.651136,2751.18764492211,-4373.85312368716,0.909485669429933,-0.111102085328256
5814,1.87939,0.68404,2001.28997069131,-3072.04049692663,0.915346582363941,0.777752503814277
5814,1.86716,0.716736,2629.00858675737,-3786.04566083611,0.910462498171402,-0.333308963343933
5813,1.85437,0.749213,3377.27158228555,-4731.74623797333,0.912416143750119,0.555523964050056
5813,1.84101,0.781462,4070.3424952418,-5374.59273949237,0.912416143751575,-0.555523964183394
5812,1.82709,0.813473,4208.15366619553,-5431.32553877594,0.910462498170486,0.333308963212263
5812,1.81262,0.845237,3518.77800083446,-4324.47988510653,0.915346582365915,-0.777752503943209
5811,1.79759,0.876742,3434.84478638327,-4183.31064034792,0.909485669429635,0.111102085200681
5810,1.78201,0.907981,3193.36188984926,-3849.67300143623,0.919253778306195,0.999999999954235
5810,1.7659,0.938943,615.479592675811,-720.778212308105,0.909485669429844,-0.111102085292603
5809,1.74924,0.969619,-2194.55141751098,2555.98210871973,0.915346582364538,0.777752503850291
5809,1.73205,1,-4117.99948977576,4704.11326525406,0.910462498171199,-0.333308963308445
5808,1.71433,1.03008,-6019.92128623642,6903.75061273569,0.912416143750526,0.555523964084446
5808,1.6961,1.05984,-7054.39573708208,7989.45280937676,0.912416143751246,-0.555523964150953
5807,1.67734,1.08928,-8829.52042296563,10084.5216582718,0.910462498170725,0.333308963242434
5807,1.65808,1.11839,-10652.4194194989,12083.799849307,0.915346582365508,-0.777752503915519
5806,1.6383,1.14715,-11152.8602561452,12843.3744484952,0.909485669429676,0.11110208522853
5805,1.61803,1.17557,-11462.373496714,13352.9248877155,0.919253778306765,0.999999999982884
5805,1.59727,1.20363,-12856.968505086,15204.3838292021,0.909485669429817,-0.111102085265541
5804,1.57602,1.23132,-15126.339382201,18263.3657785679,0.9153465823649,0.777752503876539
5804,1.55429,1.25864,-16623.4195557627,20643.8145119594,0.910462498170939,-0.333308963279996
5803,1.53209,1.28558,-19141.0779585824,24504.6079458746,0.912416143750815,0.555523964114853
5803,1.50942,1.31212,-21118.3623717045,28087.1103042633,0.91241614375085,-0.555523964118972
5802,1.48629,1.33826,-21429.7857381337,29580.9939006368,0.910462498170897,0.333308963276791
5802,1.46271,1.364,-19348.2671108177,28009.7921451412,0.915346582364929,-0.77775250387822
5801,1.43868,1.38932,-15455.3645008074,23400.6785522549,0.909485669429954,0.111102085257182
5801,1.41421,1.41421,-10643.9232222491,17089.5549921997,0.919253778307104,-0.999999999999994
850,1.38932,1.43868,-6265.15323091715,10747.0470048005,0.909485669429991,-0.111102085260227
849,1.364,1.46271,-2400.51140319669,4469.87373455399,0.915346582364834,0.777752503871359
849,1.33826,1.48629,317.517806184497,-652.884341484315,0.910462498171096,-0.333308963290402
848,1.31212,1.50942,3142.07559726408,-7354.70265916177,0.912416143750729,0.555523964099008
848,1.28558,1.53209,6500.82474034438,-16850.3623236355,0.912416143751184,-0.555523964140596
847,1.25864,1.55429,10100.5945901996,-30299.1153042593,0.910462498170846,0.333308963247574
847,1.23132,1.57602,15000.2925807133,-47382.9288348593,0.915346582365554,-0.777752503916259
846,1.20363,1.59727,18369.3931996304,-64349.1707308274,0.90948566942978,0.111102085221654
845,1.17557,1.61803,21107.6291417268,-80579.7477895558,0.919253778306528,0.999999999969813
845,1.14715,1.6383,25500.8353939409,-94004.5121760601,0.909485669429915,-0.111102085282135
844,1.11839,1.65808,27046.5813210725,-104539.828157045,0.915346582364625,0.777752503855763
844,1.08928,1.67734,30496.1850846624,-115149.321011064,0.910462498171253,-0.333308963307521
843,1.05984,1.6961,32008.9632936617,-126541.383191925,0.912416143750542,0.555523964080906
843,1.03008,1.71433,36547.2638854799,-143250.786536549,0.912416143751377,-0.555523964158847
842,1,1.73205,39395.4060607918,-160450.589098359,0.910462498170698,0.333308963230309
842,0.969619,1.74924,44250.4941005209,-179746.865637749,0.915346582365766,-0.777752503931825
841,0.938943,1.7659,46481.2245654303,-197447.306891855,0.909485669429764,0.111102085205048
840,0.907981,1.78201,47039.2734064062,-214129.752547768,0.919253778306164,0.99999999995148
840,0.876742,1.79759,50282.3446697099,-229643.309739793,0.909485669429979,-0.11110208530158
839,0.845237,1.81262,48170.3291935082,-243145.282259175,0.91534658236432,0.777752503835068
839,0.813473,1.82709,51713.4951548237,-262129.37039504,0.91046249817139,-0.33330896333004
838,0.781462,1.84101,49587.3886892888,-278791.05585496,0.912416143750255,0.555523964056983
838,0.749213,1.85437,52901.24099346,-298098.028215473,0.912416143751674,-0.555523964183563
837,0.716736,1.86716,49648.1296875997,-315265.660572046,0.910462498170584,0.333308963203304
837,0.68404,1.87939,52541.2835782007,-335131.508923923,0.915346582366261,-0.777752503962098
836,0.651136,1.89104,44768.8674754598,-345980.071379567,0.909485669429719,0.111102085173086
835,0.618034,1.90211,36342.3525854115,-355523.483717892,0.919253778305509,0.999999999918205
835,0.584743,1.91261,37186.2744044399,-365642.530334317,0.909485669430073,-0.111102085335132
834,0.551275,1.92252,27402.8423035627,-373752.030094378,0.915346582363819,0.777752503801204
834,0.517638,1.93185,28383.2620162291,-389797.050725131,0.910462498171637,-0.333308963364254
833,0.483844,1.94059,16963.0176058134,-400024.485884146,0.912416143749877,0.55552396402192
833,0.449902,1.94874,17304.5991320416,-409345.650754287,0.91241614375206,-0.555523964220202
832,0.415823,1.9563,3641.18491031903,-412814.299381531,0.910462498170279,0.333308963168166
832,0.381618,1.96325,3703.67055858668,-417483.448878008,0.915346582366717,-0.777752503993703
831,0.347296,1.96962,-12592.4826391963,-420866.263068181,0.909485669429573,0.111102085145737
830,0.312869,1.97538,-28198.4684741155,-425255.545298171,0.919253778305012,0.99999999989529
830,0.278346,1.98054,-28532.4092730936,-430230.375602942,0.909485669430091,-0.111102085358547
829,0.243739,1.98509,-44810.7827119463,-432188.657189953,0.915346582363415,0.77775250377766
829,0.209057,1.98904,-44832.7817815406,-432403.085832203,0.910462498171767,-0.333308963386422
828,0.174311,1.99239,-62818.5056185733,-429667.071509233,0.912416143749651,0.55552396400147
828,0.139513,1.99513,-62368.4672306069,-426804.584763251,0.912416143752224,-0.555523964238419
827,0.104672,1.99726,-78947.0609193954,-423888.687403108,0.910462498170184,0.33330896314881
827,0.069799,1.99878,-78612.8757484387,-422724.725953184,0.915346582367074,-0.777752504016452
826,0.0349048,1.9997,-93394.864739308,-419199.639437606,0.909485669429527,0.111102085121841
825,1.27747e-16,2,-108579.804433576,-415728.317367717,0.919253778304535,0.999999999870799
825,-0.0349048,1.9997,-105791.479167202,-405946.361485682,0.909485669430051,-0.111102085378537
824,-0.069799,1.99878,-119041.563043004,-397309.688694953,0.915346582363134,0.777752503762801
824,-0.104672,1.99726,-116581.017151596,-390673.27902443,0.910462498171695,-0.333308963393583
823,-0.139513,1.99513,-128676.041833346,-386039.375297278,0.912416143749585,0.555523964001401
823,-0.174311,1.99239,-126795.228124301,-382172.301327886,0.912416143752112,-0.555523964232297
822,-0.209057,1.98904,-136073.170891285,-375079.483737246,0.910462498170195,0.333308963161685
822,-0.243739,1.98509,-131379.571913675,-363778.644050109,0.915346582366744,-0.777752503996403
821,-0.278346,1.98054,-138635.056413292,-354328.311546491,0.909485669429538,0.111102085145537
820,-0.312869,1.97538,-144604.788353482,-345096.330006359,0.919253778305041,0.999999999897278
820,-0.347296,1.96962,-142002.689950441,-341780.473177359,0.90948566942996,-0.111102085350006
819,-0.381618,1.96325,-148264.900610452,-339209.913284769,0.915346582363608,0.777752503792493
819,-0.415823,1.9563,-143310.832810846,-330782.402692937,0.910462498171543,-0.333308963366333
818,-0.449902,1.94874,-145436.648886357,-321683.922067621,0.912416143749872,0.555523964026316
818,-0.483844,1.94059,-137387.17717063,-306898.809963038,0.912416143751875,-0.555523964209561
817,-0.517638,1.93185,-138378.514914698,-297952.233223129,0.910462498170336,0.333308963182646
817,-0.551275,1.92252,-132753.337118615,-289620.499560639,0.915346582366457,-0.777752503976948
816,-0.584743,1.91261,-134179.640901443,-283753.578095211,0.909485669429562,0.111102085165907
815,-0.618034,1.90211,-135252.252644596,-277994.760957312,0.919253778305526,0.999999999919175
815,-0.651136,1.89104,-125335.87922503,-261585.810022081,0.909485669429935,-0.111102085328253
814,-0.68404,1.87939,-121132.701949258,-247188.406622032,0.915346582363941,0.777752503814277
814,-0.716736,1.86716,-111671.901587643,-231665.572269981,0.910462498171402,-0.333308963343933
813,-0.749213,1.85437,-108390.648780526,-220193.029239757,0.912416143750117,0.555523964050053
813,-0.781462,1.84101,-101978.020517053,-210164.427334708,0.912416143751584,-0.555523964183396
812,-0.813473,1.82709,-100879.633194139,-202494.205737156,0.910462498170484,0.33330896321226
812,-0.845237,1.81262,-95022.2219063713,-192817.625286424,0.91534658236591,-0.7777525039432
811,-0.876742,1.79759,-92839.4188665821,-183861.322151303,0.909485669429639,0.111102085200672
810,-0.907981,1.78201,-89916.9987779943,-174414.492588848,0.919253778306197,0.999999999954239
810,-0.938943,1.7659,-82392.1115915252,-160874.408976561,0.909485669429848,-0.111102085292613
809,-0.969619,1.74924,-78644.4812184847,-149429.265478943,0.915346582364533,0.777752503850298
809,-1,1.73205,-71551.0294423221,-136414.566206601,0.910462498171205,-0.333308963308436
808,-1.03008,1.71433,-68313.0924367138,-126079.519316439,0.912416143750522,0.55552396408444
808,-1.05984,1.6961,-62081.6050007606,-114639.891718259,0.912416143751243,-0.555523964150944
807,-1.08928,1.67734,-58326.6420779524,-104132.497059321,0.910462498170733,0.33330896324243
807,-1.11839,1.65808,-51291.4896828895,-91158.5504581442,0.915346582365511,-0.777752503915504
806,-1.14715,1.6383,-47361.5676113487,-81299.5991336788,0.909485669429678,0.11110208522852
805,-1.17557,1.61803,-42875.384398303,-71459.8700523071,0.91925377830677,0.999999999982889
805,-1.20363,1.59727,-41114.9852355209,-67176.2210424566,0.909485669429819,-0.111102085265551
804,-1.23132,1.57602,-40780.4426680392,-64338.9822171761,0.915346582364893,0.777752503876544
804,-1.25864,1.55429,-41176.7791088294,-63210.3156463581,0.910462498170937,-0.333308963279986
803,-1.28558,1.53209,-41627.3079116741,-61455.3392302067,0.912416143750809,0.555523964114847
803,-1.31212,1.50942,-39772.4589906134,-56907.8337460811,0.912416143750849,-0.555523964118962
802,-1.33826,1.48629,-35753.7984471427,-49208.7799077778,0.910462498170897,0.333308963276791
802,-1.364,1.46271,-29004.6854097239,-38610.4742862642,0.915346582364928,-0.77775250387821
801,-1.38932,1.43868,-21153.8207791121,-27121.9322177463,0.909485669429954,0.111102085257172
801,-1.41421,1.41421,-12419.2423719578,-15370.2440974739,0.919253778307104,-0.999999999999994
15850,-1.43868,1.38932,-7355.68102814949,-8775.66461663728,0.909485669429991,-0.111102085260237
15849,-1.46271,1.364,-2780.07018436585,-3199.83931922528,0.915346582364828,0.777752503871364
15849,-1.48629,1.33826,-1004.85208906049,-1115.38973754442,0.910462498171103,-0.333308963290387
15848,-1.50942,1.31212,1220.9755555976,1307.30952144324,0.912416143750729,0.555523964099008
15848,-1.53209,1.28558,4146.03864121199,4289.72460884691,0.912416143751185,-0.555523964140586
15847,-1.55429,1.25864,7983.28846160354,7980.31353176125,0.910462498170851,0.333308963247569
15847,-1.57602,1.23132,12589.4300873247,12222.4374062336,0.915346582365555,-0.777752503916249
15846,-1.59727,1.20363,17183.0340845192,16198.3115887621,0.909485669429784,0.111102085221639
15845,-1.61803,1.17557,21551.3460556274,19679.4337827819,0.919253778306531,0.999999999969823
15845,-1.6383,1.14715,30118.308140762,27071.1051530555,0.909485669429917,-0.111102085282151
15844,-1.65808,1.11839,38815.6547791295,33850.090009218,0.915346582364627,0.777752503855772
15844,-1.67734,1.08928,52333.1957160068,45102.1365013106,0.910462498171251,-0.333308963307506
15843,-1.6961,1.05984,65039.7604378422,54514.5989755817,0.912416143750542,0.555523964080906
15843,-1.71433,1.03008,79635.4071735775,66353.7263120075,0.912416143751375,-0.555523964158831
15842,-1.73205,1,92137.3065651061,75052.3197806523,0.910462498170697,0.333308963230296
15842,-1.74924,0.969619,105828.31533256,86114.096603314,0.915346582365764,-0.777752503931822
15841,-1.7659,0.938943,115418.006962311,91825.3185698336,0.909485669429762,0.111102085205035
15840,-1.78201,0.907981,123931.128305639,95849.1936384237,0.919253778306162,0.999999999951483
15840,-1.79759,0.876742,131784.482481943,102095.188252545,0.909485669429984,-0.111102085301589
15839,-1.81262,0.845237,136559.379169623,102278.67303935,0.915346582364318,0.777752503835071
15839,-1.82709,0.813473,143093.091012288,107376.643594221,0.910462498171391,-0.333308963330024
15838,-1.84101,0.781462,146376.145341666,105773.691566306,0.912416143750253,0.555523964056986
15838,-1.85437,0.749213,151736.623380061,110018.893922654,0.912416143751674,-0.555523964183544
15837,-1.86716,0.716736,154103.512790873,107136.915305728,0.910462498170589,0.333308963203294
15837,-1.87939,0.68404,158977.719380399,111053.623981532,0.915346582366259,-0.777752503962095
15836,-1.89104,0.651136,158679.705798466,105345.870863932,0.909485669429715,0.111102085173074
15835,-1.90211,0.618034,157841.571535515,98893.6838634147,0.919253778305508,0.999999999918209
15835,-1.91261,0.584743,151594.11032085,95160.7685554381,0.909485669430068,-0.111102085335144
15834,-1.92252,0.551275,141815.022239784,82685.5955440234,0.915346582363818,0.777752503801208
15834,-1.93185,0.517638,130205.722505907,75543.7837784868,0.910462498171639,-0.333308963364235
15833,-1.94059,0.483844,116421.23232735,60626.8417779465,0.912416143749876,0.555523964021923
15833,-1.94874,0.449902,104640.852570702,53977.3692973817,0.912416143752063,-0.555523964220183
15832,-1.9563,0.415823,92468.3332733251,42144.5938736189,0.910462498170272,0.333308963168156
15832,-1.96325,0.381618,82305.1122174305,37348.5182752789,0.915346582366716,-0.7777525039937
15831,-1.96962,0.347296,74837.9650532698,30535.2078995331,0.909485669429575,0.111102085145728
15830,-1.97538,0.312869,68282.6414077392,24662.0229964099,0.91925377830502,0.999999999895294
15830,-1.98054,0.278346,60835.9846112056,21994.1788098862,0.909485669430092,-0.111102085358556
15829,-1.98509,0.243739,49997.1182044322,14829.6301496782,0.915346582363415,0.777752503777664
15829,-1.98904,0.209057,28564.7345483691,8391.32268169584,0.910462498171765,-0.333308963386404
15828,-1.99239,0.174311,2899.09620550662,632.154810341727,0.912416143749651,0.555523964001473
15828,-1.99513,0.139513,-28921.8655037405,-6175.48973787006,0.912416143752222,-0.5555239642384
15827,-1.99726,0.104672,-56396.5416202223,-8161.00345466254,0.910462498170184,0.3333089631488
15827,-1.99878,0.069799,-81606.404293633,-11554.9384178735,0.915346582367074,-0.777752504016448
15826,-1.9997,0.0349048,-99937.8707957762,-8284.64084663678,0.909485669429527,0.111102085121831
15825,-2,2.46315e-16,-117138.391333512,-3095.59157019216,0.919253778304535,0.999999999870803
15825,-1.9997,-0.0349048,-142544.430536508,-3762.60733024231,0.909485669430051,-0.111102085378547
15824,-1.99878,-0.069799,-171322.890897886,5367.95679810874,0.915346582363134,0.777752503762804
15824,-1.99726,-0.104672,-210734.086787602,6331.79054421287,0.910462498171696,-0.333308963393566
15823,-1.99513,-0.139513,-251216.182206524,21156.050986127,0.912416143749586,0.555523964001405
15823,-1.99239,-0.174311,-290536.658785481,23629.279043392,0.912416143752114,-0.555523964232279
15822,-1.98904,-0.209057,-326755.844686856,40839.1654529164,0.910462498170195,0.333308963161688
15822,-1.98509,-0.243739,-358684.247679102,43836.1834456266,0.915346582366744,-0.7777525039964
15821,-1.98054,-0.278346,-400789.474820599,65140.6790807398,0.909485669429545,0.111102085145526
15820,-1.97538,-0.312869,-447761.553054861,94599.5794403411,0.919253778305042,0.999999999897283
15820,-1.96962,-0.347296,-506269.512675492,103094.049685342,0.909485669429957,-0.111102085350017
15819,-1.96325,-0.381618,-571517.611575051,141417.543912285,0.915346582363609,0.777752503792499
15819,-1.9563,-0.415823,-627530.99235877,150474.728099802,0.910462498171549,-0.333308963366345
15818,-1.94874,-0.449902,-691904.900842674,191298.331689863,0.912416143749872,0.555523964026319
15818,-1.94059,-0.483844,-750185.777797953,201806.351239637,0.91241614375188,-0.555523964209544
15817,-1.93185,-0.517638,-824185.456430412,252577.328787368,0.910462498170337,0.33330896318265
15817,-1.92252,-0.551275,-892956.112854956,264479.570745036,0.915346582366458,-0.777752503976945
15816,-1.91261,-0.584743,-957087.111164992,312375.810332003,0.909485669429567,0.111102085165898
15815,-1.90211,-0.618034,-1015449.97025937,346140.217061526,0.919253778305528,0.999999999919178
15815,-1.89104,-0.651136,-1050955.505682,349769.489958179,0.90948566942994,-0.111102085328262
15814,-1.87939,-0.68404,-1096304.88709316,376264.514843564,0.915346582363942,0.77775250381428
15814,-1.86716,-0.716736,-1136474.09015353,379351.437424121,0.910462498171397,-0.333308963343943
15813,-1.85437,-0.749213,-1174326.99701371,397441.056875642,0.912416143750119,0.555523964050056
15813,-1.84101,-0.781462,-1189384.40639638,392144.244091676,0.912416143751582,-0.555523964183381
15812,-1.82709,-0.813473,-1204007.83545296,397487.363827187,0.910462498170486,0.333308963212263
15812,-1.81262,-0.845237,-1209627.54521666,389780.058935848,0.915346582365912,-0.777752503943197
15811,-1.79759,-0.876742,-1228586.98752599,397170.98100908,0.909485669429641,0.111102085200675
15810,-1.78201,-0.907981,-1245921.91766149,396523.643579601,0.919253778306197,0.999999999954239
15810,-1.7659,-0.938943,-1246149.14975322,385002.434531093,0.90948566942985,-0.11110208529261
15809,-1.74924,-0.969619,-1245695.90259344,372834.299387521,0.915346582364535,0.777752503850301
15809,-1.73205,-1,-1243277.75015921,359825.429378941,0.9104624981712,-0.333308963308458
15808,-1.71433,-1.03008,-1235175.76151045,346669.913283626,0.912416143750526,0.555523964084446
15808,-1.6961,-1.05984,-1215480.9353234,328746.55741479,0.912416143751243,-0.555523964150944
15807,-1.67734,-1.08928,-1187155.51401518,307982.994636863,0.910462498170725,0.333308963242434
15807,-1.65808,-1.11839,-1154223.77697586,287847.444685104,0.915346582365503,-0.7777525039155
15806,-1.6383,-1.14715,-1130975.73041096,269317.066351211,0.90948566942967,0.111102085228524
15805,-1.61803,-1.17557,-1110432.37603748,252313.569964208,0.919253778306763,0.999999999982893
15805,-1.59727,-1.20363,-1091290.55982746,235746.597790711,0.909485669429812,-0.111102085265547
15804,-1.57602,-1.23132,-1077773.87576727,224884.202645486,0.915346582364898,0.777752503876549
15804,-1.55429,-1.25864,-1068719.46044637,210398.224541533,0.910462498170935,-0.333308963280012
15803,-1.53209,-1.28558,-1067207.25427875,208165.54272826,0.912416143750815,0.555523964114853
15803,-1.50942,-1.31212,-1050112.94107315,191844.990747856,0.912416143750855,-0.555523964118957
15802,-1.48629,-1.33826,-1047259.9229105,192310.577129599,0.910462498170897,0.333308963276791
15802,-1.46271,-1.364,-1028069.87429033,175069.116137278,0.915346582364928,-0.77775250387821
15801,-1.43868,-1.38932,-1025966.91755576,176747.050936225,0.909485669429954,0.111102085257172
15801,-1.41421,-1.41421,-1003535.41016193,157957.650987011,0.919253778307098,-0.999999999999989
10084,-1.38932,-1.43868,-962182.339612146,114982.472176692,-0.909485669429983,0.111102085260242
10184,-1.364,-1.46271,-896750.415021613,53209.9615177765,-0.915346582364814,-0.777752503871363
10184,-1.33826,-1.48629,-874598.941213748,37557.784005278,-0.910462498171062,0.333308963290425
10284,-1.31212,-1.50942,-812065.960308075,-3450.88827666218,-0.912416143750702,-0.555523964098991
10284,-1.28558,-1.53209,-772226.267130386,-10114.444470805,-0.912416143751175,0.55552396414059
10384,-1.25864,-1.55429,-566377.722458922,-132509.570400202,-0.910462498170858,-0.333308963247603
10384,-1.23132,-1.57602,-507055.162692046,-119737.339083386,-0.915346582365569,0.777752503916277
10484,-1.20363,-1.59727,-155536.465961484,-348666.082817798,-0.909485669429755,-0.111102085221656
10584,-1.17557,-1.61803,39155.564432887,-451530.203897222,-0.919253778306467,-0.999999999969833
10584,-1.14715,-1.6383,41553.567838302,-466444.44924299,-0.909485669429891,0.111102085282108
10684,-1.11839,-1.65808,29633.5803165138,-472525.701974987,-0.915346582364624,-0.777752503855743
10684,-1.08928,-1.67734,31910.7270025624,-490577.736510771,-0.910462498171255,0.333308963307532
10784,-1.05984,-1.6961,22859.5908635691,-501953.521185613,-0.912416143750544,-0.555523964080908
10784,-1.03008,-1.71433,24681.5283559277,-520828.725496013,-0.912416143751393,0.555523964158839
10884,-1,-1.73205,17570.7421221625,-538652.476890715,-0.910462498170715,-0.333308963230315
10884,-0.969619,-1.74924,19080.3687143465,-564430.23202689,-0.915346582365772,0.777752503931858
10984,-0.938943,-1.7659,13632.0413352815,-585722.124953338,-0.909485669429763,-0.111102085205032
11084,-0.907981,-1.78201,7546.93545245813,-606829.08762125,-0.919253778306154,-0.99999999995149
11084,-0.876742,-1.79759,8700.18427484433,-619006.716061692,-0.909485669429981,0.111102085301552
11184,-0.845237,-1.81262,2456.48532347724,-625932.4806078,-0.915346582364332,-0.777752503835052
11184,-0.813473,-1.82709,3772.28078491849,-629257.390709942,-0.910462498171421,0.333308963330044
11284,-0.781462,-1.84101,1090.610982985,-630243.225182481,-0.912416143750289,-0.555523964056998
11284,-0.749213,-1.85437,2932.76211364243,-632250.992461653,-0.912416143751684,0.555523964183542
11384,-0.716736,-1.86716,3762.80297086682,-633907.405268914,-0.910462498170579,-0.333308963203316
11384,-0.68404,-1.87939,5748.34461998773,-635984.932150091,-0.915346582366256,0.777752503962127
11484,-0.651136,-1.89104,8312.59858463736,-641003.901198911,-0.9094856694297,-0.111102085173069
11584,-0.618034,-1.90211,18025.0813301934,-648789.622485774,-0.919253778305473,-0.9999999999182
11584,-0.584743,-1.91261,20611.7613164732,-661827.212387915,-0.909485669430035,0.111102085335111
11684,-0.551275,-1.92252,36342.561251168,-677888.883103014,-0.915346582363772,-0.777752503801188
11684,-0.517638,-1.93185,38541.0791091916,-688653.414751816,-0.910462498171642,0.333308963364261
11784,-0.483844,-1.94059,58806.6480140966,-702360.900900315,-0.912416143749915,-0.555523964021929
11784,-0.449902,-1.94874,63243.3168989727,-709404.062433812,-0.912416143752077,0.555523964220183
11884,-0.415823,-1.9563,70850.1277663244,-730217.561251113,-0.910462498170266,-0.33330896316818
11884,-0.381618,-1.96325,68180.012408498,-758048.756945782,-0.915346582366712,0.777752503993725
11984,-0.347296,-1.96962,111351.21343913,-836011.164038976,-0.909485669429565,-0.111102085145729
12084,-0.312869,-1.97538,232730.87347773,-935733.254304127,-0.919253778305011,-0.999999999895287
12084,-0.278346,-1.98054,232255.811723448,-994171.268999733,-0.909485669430107,0.111102085358526
12184,-0.243739,-1.98509,322473.344827927,-1054823.04746573,-0.915346582363447,-0.777752503777644
12184,-0.209057,-1.98904,326429.523070338,-1064515.90268367,-0.910462498171781,0.333308963386432
12284,-0.174311,-1.99239,364495.993761747,-1080048.60268714,-0.912416143749663,-0.555523964001473
12284,-0.139513,-1.99513,370927.559060947,-1096988.67186306,-0.912416143752267,0.555523964238395
12384,-0.104672,-1.99726,413055.66847569,-1107953.8685328,-0.910462498170238,-0.333308963148834
12384,-0.069799,-1.99878,417317.945820954,-1110682.34844905,-0.915346582367131,0.777752504016471
12484,-0.0349048,-1.9997,432690.745405153,-1083826.41658992,-0.909485669429557,-0.111102085121833
12584,-4.35203e-16,-2,434763.870444421,-1048665.80821356,-0.919253778304537,-0.999999999870803
12584,0.0349048,-1.9997,426676.957410319,-1019779.12085837,-0.909485669430058,0.111102085378513
12684,0.069799,-1.99878,432006.201487374,-989795.318610581,-0.915346582363139,-0.777752503762792
12684,0.104672,-1.99726,422654.97400801,-958838.454571991,-0.9104624981717,0.333308963393593
12784,0.139513,-1.99513,415965.290338274,-913625.482359109,-0.912416143749591,-0.555523964001403
12784,0.174311,-1.99239,391724.814656601,-849364.8765724,-0.912416143752134,0.555523964232273
12884,0.209057,-1.98904,372409.922184191,-793041.952381648,-0.91046249817019,-0.333308963161724
12884,0.243739,-1.98509,352324.122875945,-742262.87110128,-0.915346582366752,0.777752503996427
12984,0.278346,-1.98054,347759.15662245,-709043.918954073,-0.909485669429543,-0.111102085145531
13084,0.312869,-1.97538,347063.596904039,-679351.940324277,-0.919253778305079,-0.999999999897294
13084,0.347296,-1.96962,329537.576665413,-639301.244143766,-0.909485669429971,0.111102085349981
13184,0.381618,-1.96325,315122.840476414,-597101.933828301,-0.915346582363621,-0.777752503792476
13184,0.415823,-1.9563,293242.911099827,-550470.468231759,-0.910462498171561,0.33330896336634
13284,0.449902,-1.94874,275187.180527305,-508540.864062116,-0.912416143749886,-0.555523964026324
13284,0.483844,-1.94059,258262.06738051,-474124.606858823,-0.912416143751904,0.555523964209538
13384,0.517638,-1.93185,249224.694800658,-447460.06707827,-0.910462498170363,-0.333308963182687
13384,0.551275,-1.92252,238856.434159872,-427161.087254051,-0.915346582366464,0.777752503976962
13484,0.584743,-1.91261,232708.046891414,-407651.899333983,-0.909485669429569,-0.111102085165906
13584,0.618034,-1.90211,224590.159852338,-388657.191863192,-0.919253778305519,-0.999999999919186
13584,0.651136,-1.89104,206144.591869335,-354743.721011417,-0.909485669429928,0.111102085328226
13684,0.68404,-1.87939,187261.544043739,-319469.503372823,-0.915346582363942,-0.777752503814258
13684,0.716736,-1.86716,164438.518180539,-279105.355178285,-0.910462498171394,0.333308963343945
13784,0.749213,-1.85437,144277.718502742,-243610.961760045,-0.912416143750121,-0.555523964050058
13784,0.781462,-1.84101,127709.61133358,-214957.673158573,-0.91241614375158,0.555523964183364
13884,0.813473,-1.82709,116390.463153357,-193870.398654968,-0.91046249817049,-0.333308963212306
13884,0.845237,-1.81262,107035.458870608,-177928.414740006,-0.915346582365913,0.777752503943214
13984,0.876742,-1.79759,102732.333827684,-168555.245688137,-0.909485669429626,-0.1111020852007
14084,0.907981,-1.78201,98028.0410311065,-160776.066253984,-0.919253778306215,-0.999999999954254
14084,0.938943,-1.7659,90893.6603171921,-148861.689597606,-0.909485669429858,0.111102085292581
14184,0.969619,-1.74924,81499.3774488498,-135873.401848743,-0.915346582364524,-0.777752503850263
14184,1,-1.73205,70005.2560623298,-116645.121460547,-0.910462498171194,0.333308963308465
14284,1.03008,-1.71433,57199.3900226213,-98940.3629541251,-0.91241614375052,-0.55552396408445
14284,1.05984,-1.6961,46768.2522709309,-80963.428600293,-0.912416143751235,0.55552396415093
14384,1.08928,-1.67734,36275.9090865736,-65546.000551185,-0.910462498170724,-0.333308963242461
14384,1.11839,-1.65808,27811.8373366744,-50371.7597407119,-0.915346582365498,0.777752503915531
14484,1.14715,-1.6383,22187.4610368759,-41826.1170435159,-0.909485669429676,-0.111102085228531
14584,1.17557,-1.61803,17401.3271152712,-34267.459227718,-0.919253778306762,-0.999999999982903
14584,1.20363,-1.59727,16169.3118960222,-32050.0019516884,-0.909485669429825,0.1111020852655
14684,1.23132,-1.57602,14872.5457538468,-31256.6666459189,-0.91534658236492,-0.777752503876537
14684,1.25864,-1.55429,17144.863285697,-36378.410590357,-0.910462498170955,0.333308963280004
14784,1.28558,-1.53209,19428.6392991989,-44890.1594188587,-0.912416143750819,-0.555523964114867
14784,1.31212,-1.50942,24242.7122886092,-56880.8651103346,-0.912416143750872,0.555523964118932
14884,1.33826,-1.48629,27512.4333217429,-72066.7715532374,-0.910462498170903,-0.333308963276861
14884,1.364,-1.46271,32026.2818282212,-86341.9454163055,-0.915346582364901,0.777752503878194
14984,1.38932,-1.43868,32435.8055202194,-101487.372177265,-0.909485669429939,-0.111102085257194
14984,1.41421,-1.41421,33951.1719250219,-112757.768973719,-0.919253778307102,0.999999999999985
5850,1.43868,-1.38932,29126.1968101984,-120689.728630884,0.909485669429985,-0.111102085260202
5849,1.46271,-1.364,23452.9611800415,-126855.703644724,0.915346582364833,0.777752503871339
5849,1.48629,-1.33826,17977.169097918,-128811.787779021,0.910462498171102,-0.333308963290407
5848,1.50942,-1.31212,10188.1270294737,-131366.007301968,0.91241614375073,0.555523964099018
5848,1.53209,-1.28558,2018.22668983336,-132334.580948811,0.912416143751186,-0.555523964140576
5847,1.55429,-1.25864,-5766.58997043779,-131993.456766936,0.91046249817085,0.333308963247604
5847,1.57602,-1.23132,-15787.7268239237,-132703.356068045,0.91534658236556,-0.777752503916265
5846,1.59727,-1.20363,-21190.901154042,-127680.588880463,0.909485669429786,0.111102085221649
5845,1.61803,-1.17557,-24559.3665337114,-117906.110817183,0.919253778306525,0.999999999969829
5845,1.6383,-1.14715,-32498.537066877,-116201.075927348,0.909485669429914,-0.11110208528211
5844,1.65808,-1.11839,-32960.315146113,-103243.112802624,0.915346582364627,0.777752503855747
5844,1.67734,-1.08928,-39007.7646808584,-101083.988838245,0.910462498171258,-0.333308963307527
5843,1.6961,-1.05984,-37977.964825788,-88722.5591836517,0.912416143750537,0.555523964080912
5843,1.71433,-1.03008,-42356.2493988348,-86712.2153683836,0.912416143751378,-0.555523964158821
5842,1.73205,-1,-40677.0512061958,-76079.5922685946,0.910462498170701,0.333308963230334
5842,1.74924,-0.969619,-43451.5644988165,-74137.6466839059,0.915346582365767,-0.777752503931841
5841,1.7659,-0.938943,-40924.8327384031,-64461.5497918029,0.909485669429766,0.111102085205045
5840,1.78201,-0.907981,-38859.0451280872,-55787.0603858377,0.919253778306158,0.99999999995149
5840,1.79759,-0.876742,-39335.9126281366,-53898.8713818838,0.909485669429983,-0.111102085301555
5839,1.81262,-0.845237,-37160.9226374305,-46799.1274755287,0.915346582364319,0.777752503835052
5839,1.82709,-0.813473,-37325.2256458243,-45535.1082805639,0.910462498171384,-0.333308963330046
5838,1.84101,-0.781462,-35652.0001549339,-40585.1012859412,0.912416143750258,0.555523964056995
5838,1.85437,-0.749213,-35392.6599338267,-39601.1396333166,0.91241614375167,-0.555523964183538
5837,1.86716,-0.716736,-33777.434983341,-35828.7353017927,0.91046249817059,0.333308963203332
5837,1.87939,-0.68404,-33112.708307716,-34918.2388559653,0.915346582366259,-0.777752503962114
5836,1.89104,-0.651136,-31043.6189379503,-31492.9115716259,0.909485669429712,0.11110208517308
5835,1.90211,-0.618034,-29075.6085460535,-28662.061572737,0.919253778305505,0.999999999918216
5835,1.91261,-0.584743,-27501.983304359,-27333.0135165974,0.909485669430072,-0.111102085335106
5834,1.92252,-0.551275,-25602.5668806293,-25123.9238936128,0.915346582363824,0.777752503801191
5834,1.93185,-0.517638,-23832.2960779995,-23781.3583830652,0.910462498171638,-0.333308963364257
5833,1.94059,-0.483844,-21882.6509687552,-22135.2588054287,0.912416143749874,0.555523964021932
5833,1.94874,-0.449902,-19856.6496126312,-20631.94821186,0.91241614375206,-0.555523964220175
5832,1.9563,-0.415823,-17886.6063138492,-19046.4614189408,0.910462498170272,0.333308963168192
5832,1.96325,-0.381618,-15985.6979666079,-17548.4737099554,0.915346582366721,-0.777752503993719
5831,1.96962,-0.347296,-13982.0880903468,-15881.8922384345,0.909485669429573,0.111102085145735
5830,1.97538,-0.312869,-11974.8557095497,-14312.0918141125,0.919253778305019,0.999999999895301
5830,1.98054,-0.278346,-10257.4396476521,-12769.5328185077,0.909485669430095,-0.11110208535852
5829,1.98509,-0.243739,-8656.51306254548,-11568.4625963647,0.915346582363408,0.777752503777643
5829,1.98904,-0.209057,-7333.08908926252,-10377.7485730498,0.910462498171767,-0.333308963386425
5828,1.99239,-0.174311,-6074.09910614545,-9526.28011554391,0.91241614374965,0.555523964001481
5828,1.99513,-0.139513,-4826.41906288408,-8143.01032069139,0.912416143752221,-0.555523964238393
5827,1.99726,-0.104672,-3906.06413687168,-7538.51999158426,0.910462498170182,0.333308963148836
5827,1.99878,-0.069799,-3138.9432755937,-6688.58089012521,0.915346582367075,-0.777752504016468
5826,1.9997,-0.0349048,-2663.21512763335,-6840.04401909695,0.909485669429527,0.111102085121839
