origElemNum,globCoord-x,globCoord-y,acouIntensity-x,acouIntensity-y,locCoord-xi,locCoord-eta
5825,2,-2.20442e-18,-167080.11341277,62907.3113653392,0.919253778304535,0.999999999870795
5825,1.9997,0.0349048,-166285.285186495,61442.9172383278,0.909485669430051,-0.11110208537854
5824,1.99878,0.069799,-164934.641533872,53548.7515095842,0.915346582363134,0.7777525037628
5824,1.99726,0.104672,-163554.964856568,52065.3160403644,0.910462498171695,-0.333308963393583
5823,1.99513,0.139513,-161338.89928418,44975.2602242505,0.912416143749585,0.555523964001403
5823,1.99239,0.174311,-158929.550918443,43359.4237149285,0.912416143752112,-0.555523964232293
5822,1.98904,0.209057,-156765.257638025,36524.7020881224,0.910462498170195,0.33330896316169
5822,1.98509,0.243739,-155552.70968196,35472.6727607423,0.915346582366752,-0.777752503996411
5821,1.98054,0.278346,-153107.354999154,29393.9320429418,0.909485669429537,0.111102085145532
5820,1.97538,0.312869,-150221.840962041,24204.6287812505,0.91925377830504,0.999999999897275
5820,1.96962,0.347296,-146783.185987991,22941.9989926636,0.909485669429959,-0.111102085350008
5819,1.96325,0.381618,-142372.932425217,18009.6249995724,0.915346582363608,0.777752503792493
5819,1.9563,0.415823,-138828.457854207,16958.5677608423,0.910462498171543,-0.333308963366333
5818,1.94874,0.449902,-133811.870276743,13263.6153490633,0.912416143749872,0.555523964026318
5818,1.94059,0.483844,-128226.014901328,12196.6102460131,0.912416143751876,-0.555523964209557
5817,1.93185,0.517638,-122522.048159023,9238.42817339788,0.910462498170338,0.333308963182653
5817,1.92252,0.551275,-117510.805823394,8435.55462266459,0.915346582366455,-0.777752503976955
5816,1.91261,0.584743,-112000.055863259,6020.98375255488,0.909485669429567,0.111102085165898
5815,1.90211,0.618034,-106540.37322553,4798.46779360813,0.919253778305533,0.999999999919169
5815,1.89104,0.651136,-99687.386668191,4185.46507013126,0.909485669429933,-0.111102085328256
5814,1.87939,0.68404,-92410.1264495652,3428.41594773734,0.915346582363941,0.777752503814277
5814,1.86716,0.716736,-84951.6908623822,2903.27089736372,0.910462498171402,-0.333308963343933
5813,1.85437,0.749213,-77305.8080244387,2570.2193672397,0.912416143750119,0.555523964050056
5813,1.84101,0.781462,-69463.1820510955,2150.33657979974,0.912416143751575,-0.555523964183394
5812,1.82709,0.813473,-63699.953174696,2235.74440455672,0.910462498170486,0.333308963212263
5812,1.81262,0.845237,-58986.8489254651,2018.97194332766,0.915346582365915,-0.777752503943209
5811,1.79759,0.876742,-52173.8109539699,2207.34349297012,0.909485669429635,0.111102085200681
5810,1.78201,0.907981,-44777.888120933,2656.33522493705,0.919253778306195,0.999999999954235
5810,1.7659,0.938943,-34363.7824799745,2105.39591903896,0.909485669429844,-0.111102085292603
5809,1.74924,0.969619,-24426.5496998264,2093.50285823067,0.915346582364538,0.777752503850291
5809,1.73205,1,-15457.1712632443,1378.44912203289,0.910462498171199,-0.333308963308445
5808,1.71433,1.03008,-6634.3772835637,794.83528417924,0.912416143750526,0.555523964084446
5808,1.6961,1.05984,2199.66495869481,-278.921357253095,0.912416143751246,-0.555523964150953
5807,1.67734,1.08928,9815.73741903263,-1586.48591154125,0.910462498170725,0.333308963242434
5807,1.65808,1.11839,16451.7588949484,-2873.88357864377,0.915346582365508,-0.777752503915519
5806,1.6383,1.14715,25432.9379421892,-5587.47373778936,0.909485669429676,0.11110208522853
5805,1.61803,1.17557,35327.5571090816,-9582.42039246183,0.919253778306765,0.999999999982884
5805,1.59727,1.20363,45961.7771951274,-13768.9202903169,0.909485669429817,-0.111102085265541
5804,1.57602,1.23132,57916.6736359001,-20821.5018700543,0.9153465823649,0.777752503876539
5804,1.55429,1.25864,67939.9934855331,-27157.3871191143,0.910462498170939,-0.333308963279996
5803,1.53209,1.28558,77654.7552002375,-36417.0734637712,0.912416143750815,0.555523964114853
5803,1.50942,1.31212,82155.5869861294,-43470.3000245526,0.91241614375085,-0.555523964118972
5802,1.48629,1.33826,86687.1592776352,-53452.3433410964,0.910462498170897,0.333308963276791
5802,1.46271,1.364,88076.8585351216,-62308.7816097694,0.915346582364929,-0.77775250387822
5801,1.43868,1.38932,91437.9256516872,-75484.2736718179,0.909485669429954,0.111102085257182
5801,1.41421,1.41421,92886.6211129423,-89010.5410782132,0.919253778307104,-0.999999999999994
850,1.38932,1.43868,92958.045264374,-104433.909500082,0.909485669429991,-0.111102085260227
849,1.364,1.46271,87612.2013927796,-117174.972502947,0.915346582364834,0.777752503871359
849,1.33826,1.48629,84045.3763254171,-133113.083602578,0.910462498171096,-0.333308963290402
848,1.31212,1.50942,70091.0129176372,-140103.227124404,0.912416143750729,0.555523964099008
848,1.28558,1.53209,65375.2036578055,-154125.764737949,0.912416143751184,-0.555523964140596
847,1.25864,1.55429,50945.8795742863,-154674.641434835,0.910462498170846,0.333308963247574
847,1.23132,1.57602,51600.0897123231,-163888.537383995,0.915346582365554,-0.777752503916259
846,1.20363,1.59727,41535.4592044487,-162348.87086486,0.90948566942978,0.111102085221654
845,1.17557,1.61803,33883.8692683401,-162709.210822797,0.919253778306528,0.999999999969813
845,1.14715,1.6383,32056.1791127974,-169752.683691574,0.909485669429915,-0.111102085282135
844,1.11839,1.65808,21188.9809176838,-170332.215031335,0.915346582364625,0.777752503855763
844,1.08928,1.67734,19957.7691846817,-174530.101198098,0.910462498171253,-0.333308963307521
843,1.05984,1.6961,10454.0577773575,-173203.796284815,0.912416143750542,0.555523964080906
843,1.03008,1.71433,9643.23034827593,-176780.773854989,0.912416143751377,-0.555523964158847
842,1,1.73205,1592.55786893679,-174705.972485804,0.910462498170698,0.333308963230309
842,0.969619,1.74924,1067.39900456221,-176243.566465366,0.915346582365766,-0.777752503931825
841,0.938943,1.7659,-7010.64168555441,-172795.237327792,0.909485669429764,0.111102085205048
840,0.907981,1.78201,-14337.9190322275,-170028.61445604,0.919253778306164,0.99999999995148
840,0.876742,1.79759,-14767.4569626235,-170519.212493844,0.909485669429979,-0.11110208530158
839,0.845237,1.81262,-20558.6360139937,-168354.601509377,0.91534658236432,0.777752503835068
839,0.813473,1.82709,-20703.4961071245,-167481.544367459,0.91046249817139,-0.33330896333004
838,0.781462,1.84101,-25299.1133077415,-163514.058583062,0.912416143750255,0.555523964056983
838,0.749213,1.85437,-24903.0196876311,-159801.543254861,0.912416143751674,-0.555523964183563
837,0.716736,1.86716,-28796.8165838159,-154435.520257972,0.910462498170584,0.333308963203304
837,0.68404,1.87939,-28252.724128135,-150940.363089945,0.915346582366261,-0.777752503962098
836,0.651136,1.89104,-30767.6376312282,-146029.438402765,0.909485669429719,0.111102085173086
835,0.618034,1.90211,-32655.7490428725,-141548.378287276,0.919253778305509,0.999999999918205
835,0.584743,1.91261,-31804.9024258662,-137827.443135024,0.909485669430073,-0.111102085335132
834,0.551275,1.92252,-33529.479831278,-133228.585527138,0.915346582363819,0.777752503801204
834,0.517638,1.93185,-32270.9129363336,-128212.941346612,0.910462498171637,-0.333308963364254
833,0.483844,1.94059,-32633.7937143197,-123383.408201478,0.912416143749877,0.55552396402192
833,0.449902,1.94874,-31651.2532629335,-119686.391400138,0.91241614375206,-0.555523964220202
832,0.415823,1.9563,-31802.3340806741,-115837.303203215,0.910462498170279,0.333308963168166
832,0.381618,1.96325,-30848.9088167803,-112391.033185806,0.915346582366717,-0.777752503993703
831,0.347296,1.96962,-30299.2590808252,-107778.541665767,0.909485669429573,0.111102085145737
830,0.312869,1.97538,-29720.0220806715,-103098.812151546,0.919253778305012,0.99999999989529
830,0.278346,1.98054,-29559.3155346523,-102628.40462428,0.909485669430091,-0.111102085358547
829,0.243739,1.98509,-30160.6096894634,-102180.24661325,0.915346582363415,0.77775250377766
829,0.209057,1.98904,-29960.1074384538,-101596.712091583,0.910462498171767,-0.333308963386422
828,0.174311,1.99239,-30326.108748586,-101196.220519297,0.912416143749651,0.55552396400147
828,0.139513,1.99513,-30238.1728374576,-101077.690480175,0.912416143752224,-0.555523964238419
827,0.104672,1.99726,-31612.3533438117,-102976.164122091,0.910462498170184,0.33330896314881
827,0.069799,1.99878,-32547.7138686821,-106407.47414807,0.915346582367074,-0.777752504016452
826,0.0349048,1.9997,-33647.148538107,-108795.172504816,0.909485669429527,0.111102085121841
825,1.27747e-16,2,-34791.7321077262,-111131.111616838,0.919253778304535,0.999999999870799
825,-0.0349048,1.9997,-35427.4041014285,-113938.939075811,0.909485669430051,-0.111102085378537
824,-0.069799,1.99878,-37262.6372087057,-117355.579930619,0.915346582363134,0.777752503762801
824,-0.104672,1.99726,-38483.5632348526,-122303.396295087,0.910462498171695,-0.333308963393583
823,-0.139513,1.99513,-40437.2261672649,-127115.089708528,0.912416143749585,0.555523964001401
823,-0.174311,1.99239,-41424.785910259,-131447.742517756,0.912416143752112,-0.555523964232297
822,-0.209057,1.98904,-44023.3129187131,-136712.454475967,0.910462498170195,0.333308963161685
822,-0.243739,1.98509,-45421.3679432983,-142467.935542599,0.915346582366744,-0.777752503996403
821,-0.278346,1.98054,-48819.2761185411,-149847.791920619,0.909485669429538,0.111102085145537
820,-0.312869,1.97538,-52158.9147712564,-157797.245015664,0.919253778305041,0.999999999897278
820,-0.347296,1.96962,-53765.2364599944,-164274.827454441,0.90948566942996,-0.111102085350006
819,-0.381618,1.96325,-57341.5660898398,-171344.376431762,0.915346582363608,0.777752503792493
819,-0.415823,1.9563,-59093.208599464,-178310.485699688,0.910462498171543,-0.333308963366333
818,-0.449902,1.94874,-62547.0964827014,-185734.675888437,0.912416143749872,0.555523964026316
818,-0.483844,1.94059,-64262.1936356629,-192783.610966238,0.912416143751875,-0.555523964209561
817,-0.517638,1.93185,-67380.6605710686,-198487.223370165,0.910462498170336,0.333308963182646
817,-0.551275,1.92252,-68109.6603701548,-202468.253529725,0.915346582366457,-0.777752503976948
816,-0.584743,1.91261,-71197.7112817209,-206486.48254126,0.909485669429562,0.111102085165907
815,-0.618034,1.90211,-74181.1152223874,-210493.392791746,0.919253778305526,0.999999999919175
815,-0.651136,1.89104,-73944.9354162812,-211882.047716364,0.909485669429935,-0.111102085328253
814,-0.68404,1.87939,-77039.7837502551,-214069.063902713,0.915346582363941,0.777752503814277
814,-0.716736,1.86716,-76189.1608968188,-212949.934161745,0.910462498171402,-0.333308963343933
813,-0.749213,1.85437,-78961.0892373298,-213302.340695753,0.912416143750117,0.555523964050053
813,-0.781462,1.84101,-78272.7462139257,-212310.372756251,0.912416143751584,-0.555523964183396
812,-0.813473,1.82709,-80722.1886285917,-211854.567723736,0.910462498170484,0.33330896321226
812,-0.845237,1.81262,-79924.7067230159,-209468.619981291,0.91534658236591,-0.7777525039432
811,-0.876742,1.79759,-82887.0189446069,-207439.658068405,0.909485669429639,0.111102085200672
810,-0.907981,1.78201,-86642.3571180983,-205678.110320334,0.919253778306197,0.999999999954239
810,-0.938943,1.7659,-84298.368147433,-197535.496876902,0.909485669429848,-0.111102085292613
809,-0.969619,1.74924,-86688.4091529814,-191479.936315844,0.915346582364533,0.777752503850298
809,-1,1.73205,-82729.7276216104,-179535.525968428,0.910462498171205,-0.333308963308436
808,-1.03008,1.71433,-83743.8391485213,-170892.857494473,0.912416143750522,0.55552396408444
808,-1.05984,1.6961,-80452.0603624811,-160165.255889136,0.912416143751243,-0.555523964150944
807,-1.08928,1.67734,-82083.279012292,-152840.401860607,0.910462498170733,0.33330896324243
807,-1.11839,1.65808,-79620.2018289564,-143221.369002281,0.915346582365511,-0.777752503915504
806,-1.14715,1.6383,-80401.7859881219,-134957.255220475,0.909485669429678,0.11110208522852
805,-1.17557,1.61803,-80059.1243460243,-126209.403819677,0.91925377830677,0.999999999982889
805,-1.20363,1.59727,-75620.9796456697,-113364.183869456,0.909485669429819,-0.111102085265551
804,-1.23132,1.57602,-73350.1210818645,-102758.544970767,0.915346582364893,0.777752503876544
804,-1.25864,1.55429,-68264.7901638851,-90193.3357782703,0.910462498170937,-0.333308963279986
803,-1.28558,1.53209,-64246.1585885659,-79051.1401518192,0.912416143750809,0.555523964114847
803,-1.31212,1.50942,-57154.119161946,-65925.5113687312,0.912416143750849,-0.555523964118962
802,-1.33826,1.48629,-49093.5205256676,-52746.8926363222,0.910462498170897,0.333308963276791
802,-1.364,1.46271,-38216.8385102092,-38336.9507581083,0.915346582364928,-0.77775250387821
801,-1.38932,1.43868,-27479.7391276681,-25664.0509538874,0.909485669429954,0.111102085257172
801,-1.41421,1.41421,-15486.4185575454,-13459.9731729519,0.919253778307104,-0.999999999999994
15850,-1.43868,1.38932,-6915.76262866104,-5601.36806098608,0.909485669429991,-0.111102085260237
15849,-1.46271,1.364,2517.20753992479,1900.65780260669,0.915346582364828,0.777752503871364
15849,-1.48629,1.33826,12153.4749352458,8592.54996553526,0.910462498171103,-0.333308963290387
15848,-1.50942,1.31212,24267.6879144248,16080.3058623744,0.912416143750729,0.555523964099008
15848,-1.53209,1.28558,39906.9841142856,24989.2664307091,0.912416143751185,-0.555523964140586
15847,-1.55429,1.25864,57126.0023608572,33864.6248535692,0.910462498170851,0.333308963247569
15847,-1.57602,1.23132,76182.0794643876,43179.5294806854,0.915346582365555,-0.777752503916249
15846,-1.59727,1.20363,92900.593834082,50474.0708275776,0.909485669429784,0.111102085221639
15845,-1.61803,1.17557,109773.729242509,57245.4355361484,0.919253778306531,0.999999999969823
15845,-1.6383,1.14715,124348.716079752,63133.4197240243,0.909485669429917,-0.111102085282151
15844,-1.65808,1.11839,139472.667987588,68597.0920405506,0.915346582364627,0.777752503855772
15844,-1.67734,1.08928,156405.682823096,75505.1634746345,0.910462498171251,-0.333308963307506
15843,-1.6961,1.05984,174258.057349083,82274.7505483306,0.912416143750542,0.555523964080906
15843,-1.71433,1.03008,194180.456169488,90621.5570712534,0.912416143751375,-0.555523964158831
15842,-1.73205,1,212364.979214301,97709.9848782226,0.910462498170697,0.333308963230296
15842,-1.74924,0.969619,230360.478850784,105403.812612858,0.915346582365764,-0.777752503931822
15841,-1.7659,0.938943,245683.540297687,112623.483147129,0.909485669429762,0.111102085205035
15840,-1.78201,0.907981,261653.118075612,121701.385021643,0.919253778306162,0.999999999951483
15840,-1.79759,0.876742,279043.641839808,130983.940024635,0.909485669429984,-0.111102085301589
15839,-1.81262,0.845237,297689.488845883,143207.700629082,0.915346582364318,0.777752503835071
15839,-1.82709,0.813473,313480.468628334,152687.877069386,0.910462498171391,-0.333308963330024
15838,-1.84101,0.781462,328068.683582057,163402.512055084,0.912416143750253,0.555523964056986
15838,-1.85437,0.749213,338524.692338853,170797.0167418,0.912416143751674,-0.555523964183544
15837,-1.86716,0.716736,350511.265339512,179248.807848528,0.910462498170589,0.333308963203294
15837,-1.87939,0.68404,363367.07788191,187836.73693466,0.915346582366259,-0.777752503962095
15836,-1.89104,0.651136,377480.992405564,199054.32377312,0.909485669429715,0.111102085173074
15835,-1.90211,0.618034,392775.989996339,213393.864560788,0.919253778305508,0.999999999918209
15835,-1.91261,0.584743,402947.682600543,222595.362728061,0.909485669430068,-0.111102085335144
15834,-1.92252,0.551275,413172.107219025,234095.92224156,0.915346582363818,0.777752503801208
15834,-1.93185,0.517638,419087.314416543,241160.316458735,0.910462498171639,-0.333308963364235
15833,-1.94059,0.483844,422686.854561645,245814.316197085,0.912416143749876,0.555523964021923
15833,-1.94874,0.449902,423110.338682178,248053.274019684,0.912416143752063,-0.555523964220183
15832,-1.9563,0.415823,421556.694111209,244867.542401919,0.910462498170272,0.333308963168156
15832,-1.96325,0.381618,420212.385018539,244433.054039956,0.915346582366716,-0.7777525039937
15831,-1.96962,0.347296,420684.820856382,240379.993575216,0.909485669429575,0.111102085145728
15830,-1.97538,0.312869,422842.617310208,240241.815694217,0.91925377830502,0.999999999895294
15830,-1.98054,0.278346,427888.381548747,246410.653281789,0.909485669430092,-0.111102085358556
15829,-1.98509,0.243739,431544.532131699,249831.380154493,0.915346582363415,0.777752503777664
15829,-1.98904,0.209057,430262.982443676,251257.838744724,0.910462498171765,-0.333308963386404
15828,-1.99239,0.174311,427114.409364624,243969.013913777,0.912416143749651,0.555523964001473
15828,-1.99513,0.139513,422657.205691799,241081.504228999,0.912416143752222,-0.5555239642384
15827,-1.99726,0.104672,424815.573845984,237977.581779082,0.910462498170184,0.3333089631488
15827,-1.99878,0.069799,431949.963613935,242528.690956286,0.915346582367074,-0.777752504016448
15826,-1.9997,0.0349048,441767.712835394,255139.233443382,0.909485669429527,0.111102085121831
15825,-2,2.46315e-16,452074.907004887,267611.625784692,0.919253778304535,0.999999999870803
15825,-1.9997,-0.0349048,451812.588478827,269987.732669432,0.909485669430051,-0.111102085378547
15824,-1.99878,-0.069799,452372.398455093,267560.762034531,0.915346582363134,0.777752503762804
15824,-1.99726,-0.104672,454458.28830866,269823.748740007,0.910462498171696,-0.333308963393566
15823,-1.99513,-0.139513,458143.532581525,269685.833079092,0.912416143749586,0.555523964001405
15823,-1.99239,-0.174311,463431.86343063,274712.775015668,0.912416143752114,-0.555523964232279
15822,-1.98904,-0.209057,463817.079132202,272690.35734555,0.910462498170195,0.333308963161688
15822,-1.98509,-0.243739,460517.998045744,272422.05454819,0.915346582366744,-0.7777525039964
15821,-1.98054,-0.278346,460494.448356905,262771.385528793,0.909485669429545,0.111102085145526
15820,-1.97538,-0.312869,461101.718373214,256150.868700274,0.919253778305042,0.999999999897283
15820,-1.96962,-0.347296,465529.322494267,260170.392458487,0.909485669429957,-0.111102085350017
15819,-1.96325,-0.381618,469537.436905551,257642.288560554,0.915346582363609,0.777752503792499
15819,-1.9563,-0.415823,465851.402162471,256969.823639736,0.910462498171549,-0.333308963366345
15818,-1.94874,-0.449902,464763.402542178,245252.266396587,0.912416143749872,0.555523964026319
15818,-1.94059,-0.483844,461307.419420259,244099.856046512,0.91241614375188,-0.555523964209544
15817,-1.93185,-0.517638,462286.666784562,230541.604512194,0.910462498170337,0.33330896318265
15817,-1.92252,-0.551275,460758.760808254,230454.733913557,0.915346582366458,-0.777752503976945
15816,-1.91261,-0.584743,457288.110105961,207024.496766989,0.909485669429567,0.111102085165898
15815,-1.90211,-0.618034,454424.663939048,178171.3733527,0.919253778305528,0.999999999919178
15815,-1.89104,-0.651136,441139.54657452,173010.420055886,0.90948566942994,-0.111102085328262
15814,-1.87939,-0.68404,437209.259350805,144125.447842141,0.915346582363942,0.77775250381428
15814,-1.86716,-0.716736,426004.443623423,140358.5889857,0.910462498171397,-0.333308963343943
15813,-1.85437,-0.749213,425110.832148864,110510.261583346,0.912416143750119,0.555523964050056
15813,-1.84101,-0.781462,413432.953142321,107239.773743247,0.912416143751582,-0.555523964183381
15812,-1.82709,-0.813473,411844.814937143,81913.2198154063,0.910462498170486,0.333308963212263
15812,-1.81262,-0.845237,401094.48980235,79113.4861144422,0.915346582365912,-0.777752503943197
15811,-1.79759,-0.876742,398461.017568752,57011.4401113516,0.909485669429641,0.111102085200675
15810,-1.78201,-0.907981,397581.57634756,33346.1585899224,0.919253778306197,0.999999999954239
15810,-1.7659,-0.938943,386194.859522244,31302.2177434403,0.90948566942985,-0.11110208529261
15809,-1.74924,-0.969619,386934.916870141,6249.4624414017,0.915346582364535,0.777752503850301
15809,-1.73205,-1,370978.341679052,4777.40267110643,0.9104624981712,-0.333308963308458
15808,-1.71433,-1.03008,367768.373894251,-22088.5430615134,0.912416143750526,0.555523964084446
15808,-1.6961,-1.05984,344909.678326941,-21919.927094915,0.912416143751243,-0.555523964150944
15807,-1.67734,-1.08928,334436.21065787,-46824.4990849701,0.910462498170725,0.333308963242434
15807,-1.65808,-1.11839,304694.497919287,-44355.3076786772,0.915346582365503,-0.7777525039155
15806,-1.6383,-1.14715,287587.974223028,-64401.347780532,0.90948566942967,0.111102085228524
15805,-1.61803,-1.17557,268095.084428389,-79531.6870679725,0.919253778306763,0.999999999982893
15805,-1.59727,-1.20363,231188.455330385,-69069.2639173017,0.909485669429812,-0.111102085265547
15804,-1.57602,-1.23132,207054.269747745,-75307.0281547453,0.915346582364898,0.777752503876549
15804,-1.55429,-1.25864,162945.878394699,-59145.1626537867,0.910462498170935,-0.333308963280012
15803,-1.53209,-1.28558,126980.615092261,-53232.9902621194,0.912416143750815,0.555523964114853
15803,-1.50942,-1.31212,77925.2183348403,-32451.9153235078,0.912416143750855,-0.555523964118957
15802,-1.48629,-1.33826,25871.3595085095,-12002.5142260058,0.910462498170897,0.333308963276791
15802,-1.46271,-1.364,-35829.2340825401,16431.6855150562,0.915346582364928,-0.77775250387821
15801,-1.43868,-1.38932,-111984.979951415,55840.348674701,0.909485669429954,0.111102085257172
15801,-1.41421,-1.41421,-186911.912870148,91610.3077529646,0.919253778307098,-0.999999999999989
10084,-1.38932,-1.43868,-282214.676081507,143934.807111075,-0.909485669429983,0.111102085260242
10184,-1.364,-1.46271,-354593.604654413,173685.154746106,-0.915346582364814,-0.777752503871363
10184,-1.33826,-1.48629,-424411.748874392,205244.469542524,-0.910462498171062,0.333308963290425
10284,-1.31212,-1.50942,-471569.662070561,219234.730299211,-0.912416143750702,-0.555523964098991
10284,-1.28558,-1.53209,-528868.449332843,247238.012889996,-0.912416143751175,0.55552396414059
10384,-1.25864,-1.55429,-559252.262893605,265711.657797634,-0.910462498170858,-0.333308963247603
10384,-1.23132,-1.57602,-598469.014974954,302759.156424806,-0.915346582365569,0.777752503916277
10484,-1.20363,-1.59727,71465.8651030077,-208455.030502809,-0.909485669429755,-0.111102085221656
10584,-1.17557,-1.61803,768033.803606361,-705358.931699752,-0.919253778306467,-0.999999999969833
10584,-1.14715,-1.6383,780258.274147722,-724289.588057862,-0.909485669429891,0.111102085282108
10684,-1.11839,-1.65808,720718.213637331,-693918.727144727,-0.915346582364624,-0.777752503855743
10684,-1.08928,-1.67734,716566.277622495,-698056.138033778,-0.910462498171255,0.333308963307532
10784,-1.05984,-1.6961,634927.78677498,-651612.469187631,-0.912416143750544,-0.555523964080908
10784,-1.03008,-1.71433,621460.170678838,-646168.700848567,-0.912416143751393,0.555523964158839
10884,-1,-1.73205,530172.287603495,-592849.886631651,-0.910462498170715,-0.333308963230315
10884,-0.969619,-1.74924,515138.611799031,-583285.552780553,-0.915346582365772,0.777752503931858
10984,-0.938943,-1.7659,423758.249188831,-527415.685291606,-0.909485669429763,-0.111102085205032
11084,-0.907981,-1.78201,335911.108010542,-475207.488651925,-0.919253778306154,-0.99999999995149
11084,-0.876742,-1.79759,320097.046456865,-453870.286995984,-0.909485669429981,0.111102085301552
11184,-0.845237,-1.81262,242990.802793657,-404437.742182648,-0.915346582364332,-0.777752503835052
11184,-0.813473,-1.82709,234998.163659172,-390309.643187734,-0.910462498171421,0.333308963330044
11284,-0.781462,-1.84101,173839.669745919,-355127.570019441,-0.912416143750289,-0.555523964056998
11284,-0.749213,-1.85437,169950.245459627,-347495.219253717,-0.912416143751684,0.555523964183542
11384,-0.716736,-1.86716,121065.404113817,-326011.125849454,-0.910462498170579,-0.333308963203316
11384,-0.68404,-1.87939,120636.352487784,-326418.520149179,-0.915346582366256,0.777752503962127
11484,-0.651136,-1.89104,79814.5916026325,-313656.898281667,-0.9094856694297,-0.111102085173069
11584,-0.618034,-1.90211,40560.6179872594,-303324.640881343,-0.919253778305473,-0.9999999999182
11584,-0.584743,-1.91261,40491.2641157379,-304459.129139237,-0.909485669430035,0.111102085335111
11684,-0.551275,-1.92252,2573.93120753425,-295674.459264094,-0.915346582363772,-0.777752503801188
11684,-0.517638,-1.93185,1992.70202419895,-301502.252680045,-0.910462498171642,0.333308963364261
11784,-0.483844,-1.94059,-27140.9660640202,-294773.004245096,-0.912416143749915,-0.555523964021929
11784,-0.449902,-1.94874,-25091.5631148927,-287893.79947184,-0.912416143752077,0.555523964220183
11884,-0.415823,-1.9563,-69397.9201382319,-296355.814481672,-0.910462498170266,-0.33330896316818
11884,-0.381618,-1.96325,-76656.5550559955,-330656.814965354,-0.915346582366712,0.777752503993725
11984,-0.347296,-1.96962,-66370.8524925637,-435677.477509076,-0.909485669429565,-0.111102085145729
12084,-0.312869,-1.97538,58171.1915783364,-578787.552847896,-0.919253778305011,-0.999999999895287
12084,-0.278346,-1.98054,48887.1923695314,-655018.984042196,-0.909485669430107,0.111102085358526
12184,-0.243739,-1.98509,135912.436264125,-732448.070075867,-0.915346582363447,-0.777752503777644
12184,-0.209057,-1.98904,134106.768010131,-748647.991320229,-0.910462498171781,0.333308963386432
12284,-0.174311,-1.99239,154244.695246136,-767175.906684843,-0.912416143749663,-0.555523964001473
12284,-0.139513,-1.99513,154586.659857048,-783957.121148365,-0.912416143752267,0.555523964238395
12384,-0.104672,-1.99726,167216.870751402,-787278.752191264,-0.910462498170238,-0.333308963148834
12384,-0.069799,-1.99878,165336.132446081,-780404.623297982,-0.915346582367131,0.777752504016471
12484,-0.0349048,-1.9997,165697.696034086,-778422.781697967,-0.909485669429557,-0.111102085121833
12584,-4.35203e-16,-2,167117.673397886,-778344.30694601,-0.919253778304537,-0.999999999870803
12584,0.0349048,-1.9997,167998.38430098,-780240.77617513,-0.909485669430058,0.111102085378513
12684,0.069799,-1.99878,167115.867543822,-779205.710997899,-0.915346582363139,-0.777752503762792
12684,0.104672,-1.99726,164371.140526986,-763246.97681026,-0.9104624981717,0.333308963393593
12784,0.139513,-1.99513,161226.674795069,-754021.868058922,-0.912416143749591,-0.555523964001403
12784,0.174311,-1.99239,161663.756673825,-753906.026988069,-0.912416143752134,0.555523964232273
12884,0.209057,-1.98904,162302.890583844,-749383.951656175,-0.91046249817019,-0.333308963161724
12884,0.243739,-1.98509,161468.5384968,-742472.21022816,-0.915346582366752,0.777752503996427
12984,0.278346,-1.98054,154553.113594437,-719131.729032667,-0.909485669429543,-0.111102085145531
13084,0.312869,-1.97538,145941.090484132,-692924.324054379,-0.919253778305079,-0.999999999897294
13084,0.347296,-1.96962,144171.76644764,-683958.218620834,-0.909485669429971,0.111102085349981
13184,0.381618,-1.96325,142159.6003094,-675206.235055977,-0.915346582363621,-0.777752503792476
13184,0.415823,-1.9563,139856.054881208,-664270.017894473,-0.910462498171561,0.33330896336634
13284,0.449902,-1.94874,134269.951695345,-648898.678604646,-0.912416143749886,-0.555523964026324
13284,0.483844,-1.94059,129206.810756049,-625250.84936874,-0.912416143751904,0.555523964209538
13384,0.517638,-1.93185,123074.598183731,-611073.064538672,-0.910462498170363,-0.333308963182687
13384,0.551275,-1.92252,121091.493243615,-602164.95654325,-0.915346582366464,0.777752503976962
13484,0.584743,-1.91261,120820.462495657,-595020.083423267,-0.909485669429569,-0.111102085165906
13584,0.618034,-1.90211,120468.438437363,-589145.681685911,-0.919253778305519,-0.999999999919186
13584,0.651136,-1.89104,113833.136466865,-560696.193385034,-0.909485669429928,0.111102085328226
13684,0.68404,-1.87939,104160.614282522,-530787.272440074,-0.915346582363942,-0.777752503814258
13684,0.716736,-1.86716,94403.6894240582,-486151.713892902,-0.910462498171394,0.333308963343945
13784,0.749213,-1.85437,83149.7391083363,-447329.363075921,-0.912416143750121,-0.555523964050058
13784,0.781462,-1.84101,76085.6149919141,-413336.413274888,-0.91241614375158,0.555523964183364
13884,0.813473,-1.82709,68869.126551342,-387701.771989333,-0.91046249817049,-0.333308963212306
13884,0.845237,-1.81262,64520.0818385115,-366575.136782108,-0.915346582365913,0.777752503943214
13984,0.876742,-1.79759,57382.2505438427,-340466.997907421,-0.909485669429626,-0.1111020852007
14084,0.907981,-1.78201,49882.8346804538,-314211.514406476,-0.919253778306215,-0.999999999954254
14084,0.938943,-1.7659,42387.8813180562,-273438.828821362,-0.909485669429858,0.111102085292581
14184,0.969619,-1.74924,34257.6691816435,-234044.206116601,-0.915346582364524,-0.777752503850263
14184,1,-1.73205,27413.4999914662,-191774.978467696,-0.910462498171194,0.333308963308465
14284,1.03008,-1.71433,21907.4136830076,-156035.82803869,-0.91241614375052,-0.55552396408445
14284,1.05984,-1.6961,17859.0362547417,-129197.972148403,-0.912416143751235,0.55552396415093
14384,1.08928,-1.67734,15551.6809421468,-111021.702411674,-0.910462498170724,-0.333308963242461
14384,1.11839,-1.65808,13732.3759058051,-99055.4423652692,-0.915346582365498,0.777752503915531
14484,1.14715,-1.6383,12547.2083710671,-88674.2631659056,-0.909485669429676,-0.111102085228531
14584,1.17557,-1.61803,11342.1636183378,-79177.4939096029,-0.919253778306762,-0.999999999982903
14584,1.20363,-1.59727,8430.06191792126,-59930.4567110846,-0.909485669429825,0.1111020852655
14684,1.23132,-1.57602,5564.26542347322,-39280.4845259703,-0.91534658236492,-0.777752503876537
14684,1.25864,-1.55429,1642.08255660317,-11866.1807439705,-0.910462498170955,0.333308963280004
14784,1.28558,-1.53209,-1930.53980624511,13879.2295662796,-0.912416143750819,-0.555523964114867
14784,1.31212,-1.50942,-5061.66760415994,37457.1341096292,-0.912416143750872,0.555523964118932
14884,1.33826,-1.48629,-7536.54347849769,56102.7021072409,-0.910462498170903,-0.333308963276861
14884,1.364,-1.46271,-9265.43370543541,71595.6314921246,-0.915346582364901,0.777752503878194
14984,1.38932,-1.43868,-10600.0205511969,84860.6317636853,-0.909485669429939,-0.111102085257194
14984,1.41421,-1.41421,-11473.7991860272,97445.5686181548,-0.919253778307102,0.999999999999985
5850,1.43868,-1.38932,-12318.8017493605,111880.690156432,0.909485669429985,-0.111102085260202
5849,1.46271,-1.364,-13488.8911531744,124593.636931655,0.915346582364833,0.777752503871339
5849,1.48629,-1.33826,-12664.033804127,136636.881199578,0.910462498171102,-0.333308963290407
5848,1.50942,-1.31212,-13673.4140560708,142981.372440655,0.91241614375073,0.555523964099018
5848,1.53209,-1.28558,-11427.4980320833,148337.174787246,0.912416143751186,-0.555523964140576
5847,1.55429,-1.25864,-12841.3275024494,148009.832880257,0.91046249817085,0.333308963247604
5847,1.57602,-1.23132,-10329.2997743853,151474.427140499,0.91534658236556,-0.777752503916265
5846,1.59727,-1.20363,-13437.5603792789,152859.886933175,0.909485669429786,0.111102085221649
5845,1.61803,-1.17557,-17682.3328878924,152837.878072754,0.919253778306525,0.999999999969829
5845,1.6383,-1.14715,-17228.0962615003,164685.632755959,0.909485669429914,-0.11110208528211
5844,1.65808,-1.11839,-23723.7416410539,165365.024650997,0.915346582364627,0.777752503855747
5844,1.67734,-1.08928,-24043.6751074469,174170.101637177,0.910462498171258,-0.333308963307527
5843,1.6961,-1.05984,-31594.4719475202,170590.723295715,0.912416143750537,0.555523964080912
5843,1.71433,-1.03008,-32565.1652580312,176249.92215848,0.912416143751378,-0.555523964158821
5842,1.73205,-1,-40723.7052549415,171336.507693375,0.910462498170701,0.333308963230334
5842,1.74924,-0.969619,-42663.5862560199,178005.152129643,0.915346582365767,-0.777752503931841
5841,1.7659,-0.938943,-51865.8563268837,174616.893804823,0.909485669429766,0.111102085205045
5840,1.78201,-0.907981,-60919.2057444475,171416.539021277,0.919253778306158,0.99999999995149
5840,1.79759,-0.876742,-64191.648215446,178224.512922843,0.909485669429983,-0.111102085301555
5839,1.81262,-0.845237,-72905.3741997102,173078.887469257,0.915346582364319,0.777752503835052
5839,1.82709,-0.813473,-76269.3726558839,177829.244396242,0.910462498171384,-0.333308963330046
5838,1.84101,-0.781462,-84876.5775028533,170827.219317871,0.912416143750258,0.555523964056995
5838,1.85437,-0.749213,-88807.8383032642,175227.410565233,0.91241614375167,-0.555523964183538
5837,1.86716,-0.716736,-97588.4139123466,167046.342625031,0.91046249817059,0.333308963203332
5837,1.87939,-0.68404,-101644.081478968,170523.604271225,0.915346582366259,-0.777752503962114
5836,1.89104,-0.651136,-109415.005355694,161481.954256927,0.909485669429712,0.11110208517308
5835,1.90211,-0.618034,-116353.774130257,152907.25599994,0.919253778305505,0.999999999918216
5835,1.91261,-0.584743,-119636.217984409,153575.375054511,0.909485669430072,-0.111102085335106
5834,1.92252,-0.551275,-125790.380867389,144003.970995038,0.915346582363824,0.777752503801191
5834,1.93185,-0.517638,-129206.54848964,144709.98632614,0.910462498171638,-0.333308963364257
5833,1.94059,-0.483844,-134686.940537605,135162.28054465,0.912416143749874,0.555523964021932
5833,1.94874,-0.449902,-137065.965984778,134670.914981299,0.91241614375206,-0.555523964220175
5832,1.9563,-0.415823,-141444.044033409,125453.21895353,0.910462498170272,0.333308963168192
5832,1.96325,-0.381618,-143800.023765088,124861.879872252,0.915346582366721,-0.777752503993719
5831,1.96962,-0.347296,-148301.382994633,116509.568955026,0.909485669429573,0.111102085145735
5830,1.97538,-0.312869,-152554.055843097,107704.087048725,0.919253778305019,0.999999999895301
5830,1.98054,-0.278346,-154890.66469466,107352.842492411,0.909485669430095,-0.11110208535852
5829,1.98509,-0.243739,-158011.827294774,98586.7205388411,0.915346582363408,0.777752503777643
5829,1.98904,-0.209057,-159844.788998735,98045.8015119669,0.910462498171767,-0.333308963386425
5828,1.99239,-0.174311,-162342.905764295,89244.8281084613,0.91241614374965,0.555523964001481
5828,1.99513,-0.139513,-164030.349392987,88796.9117988746,0.912416143752221,-0.555523964238393
5827,1.99726,-0.104672,-166017.081447908,80065.9757479227,0.910462498170182,0.333308963148836
5827,1.99878,-0.069799,-167251.239850127,79486.3193956373,0.915346582367075,-0.777752504016468
5826,1.9997,-0.0349048,-167560.859790014,71156.2631062114,0.909485669429527,0.111102085121839
