origElemNum,globCoord-x,globCoord-y,acouPotentialD1-,locCoord-xi,locCoord-eta
5825,2,-2.20442e-18,6002.5063599614,0.919253778304535,0.999999999870795
5825,1.9997,0.0349048,5988.19252829872,0.909485669430051,-0.11110208537854
5824,1.99878,0.069799,5982.0420370362,0.915346582363134,0.7777525037628
5824,1.99726,0.104672,5988.38503692479,0.910462498171695,-0.333308963393583
5823,1.99513,0.139513,5984.23587462817,0.912416143749585,0.555523964001403
5823,1.99239,0.174311,5960.98160792765,0.912416143752112,-0.555523964232293
5822,1.98904,0.209057,5954.20008473801,0.910462498170195,0.33330896316169
5822,1.98509,0.243739,5960.60078075324,0.915346582366752,-0.777752503996411
5821,1.98054,0.278346,5940.19246717446,0.909485669429537,0.111102085145532
5820,1.97538,0.312869,5918.08846280478,0.91925377830504,0.999999999897275
5820,1.96962,0.347296,5828.41273141859,0.909485669429959,-0.111102085350008
5819,1.96325,0.381618,5748.01909652749,0.915346582363608,0.777752503792493
5819,1.9563,0.415823,5684.80320831102,0.910462498171543,-0.333308963366333
5818,1.94874,0.449902,5606.3126100082,0.912416143749872,0.555523964026318
5818,1.94059,0.483844,5501.57120993695,0.912416143751876,-0.555523964209557
5817,1.93185,0.517638,5380.10115002533,0.910462498170338,0.333308963182653
5817,1.92252,0.551275,5249.64376270309,0.915346582366455,-0.777752503976955
5816,1.91261,0.584743,5125.779790291,0.909485669429567,0.111102085165898
5815,1.90211,0.618034,5008.11051216332,0.919253778305533,0.999999999919169
5815,1.89104,0.651136,4812.91960791832,0.909485669429933,-0.111102085328256
5814,1.87939,0.68404,4620.55987013894,0.915346582363941,0.777752503814277
5814,1.86716,0.716736,4422.24505735052,0.910462498171402,-0.333308963343933
5813,1.85437,0.749213,4227.57579620772,0.912416143750119,0.555523964050056
5813,1.84101,0.781462,4035.55469960773,0.912416143751575,-0.555523964183394
5812,1.82709,0.813473,3842.69620108873,0.910462498170486,0.333308963212263
5812,1.81262,0.845237,3651.15784446047,0.915346582365915,-0.777752503943209
5811,1.79759,0.876742,3424.92687302338,0.909485669429635,0.111102085200681
5810,1.78201,0.907981,3193.9317275458,0.919253778306195,0.999999999954235
5810,1.7659,0.938943,2878.73096686074,0.909485669429844,-0.111102085292603
5809,1.74924,0.969619,2578.75968044741,0.915346582364538,0.777752503850291
5809,1.73205,1,2326.52187618792,0.910462498171199,-0.333308963308445
5808,1.71433,1.03008,2083.52045933662,0.912416143750526,0.555523964084446
5808,1.6961,1.05984,1852.60160100817,0.912416143751246,-0.555523964150953
5807,1.67734,1.08928,1626.84883667097,0.910462498170725,0.333308963242434
5807,1.65808,1.11839,1405.95986992679,0.915346582365508,-0.777752503915519
5806,1.6383,1.14715,1149.34745232951,0.909485669429676,0.11110208522853
5805,1.61803,1.17557,886.821837833389,0.919253778306765,0.999999999982884
5805,1.59727,1.20363,578.476462037974,0.909485669429817,-0.111102085265541
5804,1.57602,1.23132,279.17715648355,0.9153465823649,0.777752503876539
5804,1.55429,1.25864,5.23467578926216,0.910462498170939,-0.333308963279996
5803,1.53209,1.28558,-246.927266027338,0.912416143750815,0.555523964114853
5803,1.50942,1.31212,-468.001421585765,0.91241614375085,-0.555523964118972
5802,1.48629,1.33826,-675.775411383099,0.910462498170897,0.333308963276791
5802,1.46271,1.364,-873.991072051458,0.915346582364929,-0.77775250387822
5801,1.43868,1.38932,-1118.13365622239,0.909485669429954,0.111102085257182
5801,1.41421,1.41421,-1372.66826752409,0.919253778307104,-0.999999999999994
850,1.38932,1.43868,-1630.72795607644,0.909485669429991,-0.111102085260227
849,1.364,1.46271,-1881.50481866015,0.915346582364834,0.777752503871359
849,1.33826,1.48629,-2106.71514445124,0.910462498171096,-0.333308963290402
848,1.31212,1.50942,-2335.32175272926,0.912416143750729,0.555523964099008
848,1.28558,1.53209,-2569.53841108003,0.912416143751184,-0.555523964140596
847,1.25864,1.55429,-2829.47505242415,0.910462498170846,0.333308963247574
847,1.23132,1.57602,-3106.41297926395,0.915346582365554,-0.777752503916259
846,1.20363,1.59727,-3366.9734339391,0.90948566942978,0.111102085221654
845,1.17557,1.61803,-3623.02942270187,0.919253778306528,0.999999999969813
845,1.14715,1.6383,-3816.10309537279,0.909485669429915,-0.111102085282135
844,1.11839,1.65808,-4010.2767554651,0.915346582364625,0.777752503855763
844,1.08928,1.67734,-4211.46668761485,0.910462498171253,-0.333308963307521
843,1.05984,1.6961,-4421.60295524019,0.912416143750542,0.555523964080906
843,1.03008,1.71433,-4645.63176965257,0.912416143751377,-0.555523964158847
842,1,1.73205,-4866.50529074026,0.910462498170698,0.333308963230309
842,0.969619,1.74924,-5084.82743326661,0.915346582365766,-0.777752503931825
841,0.938943,1.7659,-5300.2423594977,0.909485669429764,0.111102085205048
840,0.907981,1.78201,-5513.77656897985,0.919253778306164,0.99999999995148
840,0.876742,1.79759,-5770.45779432885,0.909485669429979,-0.11110208530158
839,0.845237,1.81262,-6026.57875174438,0.91534658236432,0.777752503835068
839,0.813473,1.82709,-6285.79831917724,0.91046249817139,-0.33330896333004
838,0.781462,1.84101,-6530.78463614587,0.912416143750255,0.555523964056983
838,0.749213,1.85437,-6755.32085230587,0.912416143751674,-0.555523964183563
837,0.716736,1.86716,-6977.16366103849,0.910462498170584,0.333308963203304
837,0.68404,1.87939,-7196.3352650417,0.915346582366261,-0.777752503962098
836,0.651136,1.89104,-7436.86839969167,0.909485669429719,0.111102085173086
835,0.618034,1.90211,-7680.5763353627,0.919253778305509,0.999999999918205
835,0.584743,1.91261,-7926.59114353522,0.909485669430073,-0.111102085335132
834,0.551275,1.92252,-8158.92024778003,0.915346582363819,0.777752503801204
834,0.517638,1.93185,-8346.15934469197,0.910462498171637,-0.333308963364254
833,0.483844,1.94059,-8550.49296791496,0.912416143749877,0.55552396402192
833,0.449902,1.94874,-8782.21888030624,0.91241614375206,-0.555523964220202
832,0.415823,1.9563,-8980.78117217959,0.910462498170279,0.333308963168166
832,0.381618,1.96325,-9155.84715905878,0.915346582366717,-0.777752503993703
831,0.347296,1.96962,-9292.83784297157,0.909485669429573,0.111102085145737
830,0.312869,1.97538,-9416.94148988263,0.919253778305012,0.99999999989529
830,0.278346,1.98054,-9578.92077101337,0.909485669430091,-0.111102085358547
829,0.243739,1.98509,-9724.44617759291,0.915346582363415,0.77775250377766
829,0.209057,1.98904,-9819.01765896966,0.910462498171767,-0.333308963386422
828,0.174311,1.99239,-9903.65888889757,0.912416143749651,0.55552396400147
828,0.139513,1.99513,-9976.11509507563,0.912416143752224,-0.555523964238419
827,0.104672,1.99726,-10044.2013774156,0.910462498170184,0.33330896314881
827,0.069799,1.99878,-10107.279629391,0.915346582367074,-0.777752504016452
826,0.0349048,1.9997,-10128.9734519832,0.909485669429527,0.111102085121841
825,1.27747e-16,2,-10135.6065028412,0.919253778304535,0.999999999870799
825,-0.0349048,1.9997,-10110.9116561242,0.909485669430051,-0.111102085378537
824,-0.069799,1.99878,-10076.6686794282,0.915346582363134,0.777752503762801
824,-0.104672,1.99726,-10023.1675657173,0.910462498171695,-0.333308963393583
823,-0.139513,1.99513,-9957.03143743467,0.912416143749585,0.555523964001401
823,-0.174311,1.99239,-9875.11563139396,0.912416143752112,-0.555523964232297
822,-0.209057,1.98904,-9772.91804355417,0.910462498170195,0.333308963161685
822,-0.243739,1.98509,-9655.18887398632,0.915346582366744,-0.777752503996403
821,-0.278346,1.98054,-9539.4655754775,0.909485669429538,0.111102085145537
820,-0.312869,1.97538,-9419.71466627315,0.919253778305041,0.999999999897278
820,-0.347296,1.96962,-9291.90004107851,0.90948566942996,-0.111102085350006
819,-0.381618,1.96325,-9152.20206564396,0.915346582363608,0.777752503792493
819,-0.415823,1.9563,-8982.80649699758,0.910462498171543,-0.333308963366333
818,-0.449902,1.94874,-8813.05904709458,0.912416143749872,0.555523964026316
818,-0.483844,1.94059,-8645.75982099712,0.912416143751875,-0.555523964209561
817,-0.517638,1.93185,-8453.94349415405,0.910462498170336,0.333308963182646
817,-0.551275,1.92252,-8243.85821922891,0.915346582366457,-0.777752503976948
816,-0.584743,1.91261,-8002.01858742323,0.909485669429562,0.111102085165907
815,-0.618034,1.90211,-7748.09508225179,0.919253778305526,0.999999999919175
815,-0.651136,1.89104,-7524.8008166903,0.909485669429935,-0.111102085328253
814,-0.68404,1.87939,-7293.2195666018,0.915346582363941,0.777752503814277
814,-0.716736,1.86716,-7043.05785272199,0.910462498171402,-0.333308963343933
813,-0.749213,1.85437,-6775.94425390141,0.912416143750117,0.555523964050053
813,-0.781462,1.84101,-6485.39484277948,0.912416143751584,-0.555523964183396
812,-0.813473,1.82709,-6189.3326145486,0.910462498170484,0.33330896321226
812,-0.845237,1.81262,-5888.38254424372,0.91534658236591,-0.7777525039432
811,-0.876742,1.79759,-5581.71011492152,0.909485669429639,0.111102085200672
810,-0.907981,1.78201,-5270.73068029845,0.919253778306197,0.999999999954239
810,-0.938943,1.7659,-4926.2742263834,0.909485669429848,-0.111102085292613
809,-0.969619,1.74924,-4567.30582676669,0.915346582364533,0.777752503850298
809,-1,1.73205,-4160.20216409656,0.910462498171205,-0.333308963308436
808,-1.03008,1.71433,-3758.3632670114,0.912416143750522,0.55552396408444
808,-1.05984,1.6961,-3365.72376542838,0.912416143751243,-0.555523964150944
807,-1.08928,1.67734,-2979.55298263478,0.910462498170733,0.33330896324243
807,-1.11839,1.65808,-2596.83741341492,0.915346582365511,-0.777752503915504
806,-1.14715,1.6383,-2161.67741633889,0.909485669429678,0.11110208522852
805,-1.17557,1.61803,-1710.93193246945,0.91925377830677,0.999999999982889
805,-1.20363,1.59727,-1204.68114011311,0.909485669429819,-0.111102085265551
804,-1.23132,1.57602,-694.16260142306,0.915346582364893,0.777752503876544
804,-1.25864,1.55429,-179.451561476802,0.910462498170937,-0.333308963279986
803,-1.28558,1.53209,340.812466917404,0.912416143750809,0.555523964114847
803,-1.31212,1.50942,866.536869539355,0.912416143750849,-0.555523964118962
802,-1.33826,1.48629,1411.97423471236,0.910462498170897,0.333308963276791
802,-1.364,1.46271,1972.8149518183,0.915346582364928,-0.77775250387821
801,-1.38932,1.43868,2517.66967079082,0.909485669429954,0.111102085257172
801,-1.41421,1.41421,3063.31424475799,0.919253778307104,-0.999999999999994
15850,-1.43868,1.38932,3550.1782488381,0.909485669429991,-0.111102085260237
15849,-1.46271,1.364,4040.04906795579,0.915346582364828,0.777752503871364
15849,-1.48629,1.33826,4524.53360581901,0.910462498171103,-0.333308963290387
15848,-1.50942,1.31212,5023.42911074763,0.912416143750729,0.555523964099008
15848,-1.53209,1.28558,5541.02181028154,0.912416143751185,-0.555523964140586
15847,-1.55429,1.25864,6051.02119337806,0.910462498170851,0.333308963247569
15847,-1.57602,1.23132,6557.24260568514,0.915346582365555,-0.777752503916249
15846,-1.59727,1.20363,6996.10919502759,0.909485669429784,0.111102085221639
15845,-1.61803,1.17557,7420.3908241408,0.919253778306531,0.999999999969823
15845,-1.6383,1.14715,7757.06319556737,0.909485669429917,-0.111102085282151
15844,-1.65808,1.11839,8094.73036299799,0.915346582364627,0.777752503855772
15844,-1.67734,1.08928,8428.87378809441,0.910462498171251,-0.333308963307506
15843,-1.6961,1.05984,8773.92581088023,0.912416143750542,0.555523964080906
15843,-1.71433,1.03008,9133.99093654663,0.912416143751375,-0.555523964158831
15842,-1.73205,1,9457.48045188795,0.910462498170697,0.333308963230296
15842,-1.74924,0.969619,9757.59127786923,0.915346582365764,-0.777752503931822
15841,-1.7659,0.938943,10012.2106369116,0.909485669429762,0.111102085205035
15840,-1.78201,0.907981,10258.1726996609,0.919253778306162,0.999999999951483
15840,-1.79759,0.876742,10484.4449112388,0.909485669429984,-0.111102085301589
15839,-1.81262,0.845237,10686.5337337758,0.915346582364318,0.777752503835071
15839,-1.82709,0.813473,10780.004744559,0.910462498171391,-0.333308963330024
15838,-1.84101,0.781462,10832.6500780398,0.912416143750253,0.555523964056986
15838,-1.85437,0.749213,10822.4483097114,0.912416143751674,-0.555523964183544
15837,-1.86716,0.716736,10833.4741115876,0.910462498170589,0.333308963203294
15837,-1.87939,0.68404,10859.1066609078,0.915346582366259,-0.777752503962095
15836,-1.89104,0.651136,10931.6036162445,0.909485669429715,0.111102085173074
15835,-1.90211,0.618034,11018.0746833356,0.919253778305508,0.999999999918209
15835,-1.91261,0.584743,11153.236189655,0.909485669430068,-0.111102085335144
15834,-1.92252,0.551275,11288.9528266889,0.915346582363818,0.777752503801208
15834,-1.93185,0.517638,11409.4388048272,0.910462498171639,-0.333308963364235
15833,-1.94059,0.483844,11495.7020060794,0.912416143749876,0.555523964021923
15833,-1.94874,0.449902,11526.8888717329,0.912416143752063,-0.555523964220183
15832,-1.9563,0.415823,11513.6975070037,0.910462498170272,0.333308963168156
15832,-1.96325,0.381618,11471.7849306268,0.915346582366716,-0.7777525039937
15831,-1.96962,0.347296,11480.3846339425,0.909485669429575,0.111102085145728
15830,-1.97538,0.312869,11503.7059396259,0.91925377830502,0.999999999895294
15830,-1.98054,0.278346,11654.6752931134,0.909485669430092,-0.111102085358556
15829,-1.98509,0.243739,11776.5694908873,0.915346582363415,0.777752503777664
15829,-1.98904,0.209057,11769.6797678808,0.910462498171765,-0.333308963386404
15828,-1.99239,0.174311,11645.6896547007,0.912416143749651,0.555523964001473
15828,-1.99513,0.139513,11344.3973857935,0.912416143752222,-0.5555239642384
15827,-1.99726,0.104672,11103.9292288251,0.910462498170184,0.3333089631488
15827,-1.99878,0.069799,10903.7139802981,0.915346582367074,-0.777752504016448
15826,-1.9997,0.0349048,10874.7306603648,0.909485669429527,0.111102085121831
15825,-2,2.46315e-16,10890.3133076608,0.919253778304535,0.999999999870803
15825,-1.9997,-0.0349048,10759.7826003484,0.909485669430051,-0.111102085378547
15824,-1.99878,-0.069799,10610.4894048017,0.915346582363134,0.777752503762804
15824,-1.99726,-0.104672,10374.7946967411,0.910462498171696,-0.333308963393566
15823,-1.99513,-0.139513,10181.4861165828,0.912416143749586,0.555523964001405
15823,-1.99239,-0.174311,10050.5730972694,0.912416143752114,-0.555523964232279
15822,-1.98904,-0.209057,9842.85519545511,0.910462498170195,0.333308963161688
15822,-1.98509,-0.243739,9584.52164102325,0.915346582366744,-0.7777525039964
15821,-1.98054,-0.278346,9197.53432093411,0.909485669429545,0.111102085145526
15820,-1.97538,-0.312869,8777.7798765653,0.919253778305042,0.999999999897283
15820,-1.96962,-0.347296,8433.8325284948,0.909485669429957,-0.111102085350017
15819,-1.96325,-0.381618,8068.08192573052,0.915346582363609,0.777752503792499
15819,-1.9563,-0.415823,7621.73168557547,0.910462498171549,-0.333308963366345
15818,-1.94874,-0.449902,7152.61998198648,0.912416143749872,0.555523964026319
15818,-1.94059,-0.483844,6650.64541569083,0.91241614375188,-0.555523964209544
15817,-1.93185,-0.517638,6287.09502025675,0.910462498170337,0.33330896318265
15817,-1.92252,-0.551275,6015.15731516528,0.915346582366458,-0.777752503976945
15816,-1.91261,-0.584743,5706.48992102681,0.909485669429567,0.111102085165898
15815,-1.90211,-0.618034,5387.84301687611,0.919253778305528,0.999999999919178
15815,-1.89104,-0.651136,4951.19398989678,0.90948566942994,-0.111102085328262
15814,-1.87939,-0.68404,4516.58025504418,0.915346582363942,0.77775250381428
15814,-1.86716,-0.716736,4092.5776707944,0.910462498171397,-0.333308963343943
15813,-1.85437,-0.749213,3590.77464473067,0.912416143750119,0.555523964050056
15813,-1.84101,-0.781462,2972.96216737328,0.912416143751582,-0.555523964183381
15812,-1.82709,-0.813473,2269.63965685117,0.910462498170486,0.333308963212263
15812,-1.81262,-0.845237,1508.63328015775,0.915346582365912,-0.777752503943197
15811,-1.79759,-0.876742,680.060041660078,0.909485669429641,0.111102085200675
15810,-1.78201,-0.907981,-167.578263139882,0.919253778306197,0.999999999954239
15810,-1.7659,-0.938943,-1003.18589819149,0.90948566942985,-0.11110208529261
15809,-1.74924,-0.969619,-1815.940176348,0.915346582364535,0.777752503850301
15809,-1.73205,-1,-2526.41449545912,0.9104624981712,-0.333308963308458
15808,-1.71433,-1.03008,-3226.40957714968,0.912416143750526,0.555523964084446
15808,-1.6961,-1.05984,-3908.82775253399,0.912416143751243,-0.555523964150944
15807,-1.67734,-1.08928,-4564.75796059156,0.910462498170725,0.333308963242434
15807,-1.65808,-1.11839,-5203.50111315631,0.915346582365503,-0.7777525039155
15806,-1.6383,-1.14715,-5891.16226372087,0.90948566942967,0.111102085228524
15805,-1.61803,-1.17557,-6592.66039602794,0.919253778306763,0.999999999982893
15805,-1.59727,-1.20363,-7214.7232979191,0.909485669429812,-0.111102085265547
15804,-1.57602,-1.23132,-7812.4726566039,0.915346582364898,0.777752503876549
15804,-1.55429,-1.25864,-8302.03870503586,0.910462498170935,-0.333308963280012
15803,-1.53209,-1.28558,-8730.1202537992,0.912416143750815,0.555523964114853
15803,-1.50942,-1.31212,-9063.56266948374,0.912416143750855,-0.555523964118957
15802,-1.48629,-1.33826,-9299.04031095779,0.910462498170897,0.333308963276791
15802,-1.46271,-1.364,-9470.88558438053,0.915346582364928,-0.77775250387821
15801,-1.43868,-1.38932,-9575.59606093934,0.909485669429954,0.111102085257172
15801,-1.41421,-1.41421,-9667.87257463556,0.919253778307098,-0.999999999999989
10084,-1.38932,-1.43868,-9583.34963485525,-0.909485669429983,0.111102085260242
10184,-1.364,-1.46271,-9508.42621336401,-0.915346582364814,-0.777752503871363
10184,-1.33826,-1.48629,-9450.97600988064,-0.910462498171062,0.333308963290425
10284,-1.31212,-1.50942,-9435.4695011,-0.912416143750702,-0.555523964098991
10284,-1.28558,-1.53209,-9478.84456933975,-0.912416143751175,0.55552396414059
10384,-1.25864,-1.55429,-9432.42715608502,-0.910462498170858,-0.333308963247603
10384,-1.23132,-1.57602,-9328.8154714201,-0.915346582365569,0.777752503916277
10484,-1.20363,-1.59727,-9476.9666114147,-0.909485669429755,-0.111102085221656
10584,-1.17557,-1.61803,-9694.52705450892,-0.919253778306467,-0.999999999969833
10584,-1.14715,-1.6383,-10315.8597618248,-0.909485669429891,0.111102085282108
10684,-1.11839,-1.65808,-10913.1403637675,-0.915346582364624,-0.777752503855743
10684,-1.08928,-1.67734,-11385.7516910135,-0.910462498171255,0.333308963307532
10784,-1.05984,-1.6961,-11848.7359205401,-0.912416143750544,-0.555523964080908
10784,-1.03008,-1.71433,-12292.3439110067,-0.912416143751393,0.555523964158839
10884,-1,-1.73205,-12809.4117200692,-0.910462498170715,-0.333308963230315
10884,-0.969619,-1.74924,-13377.8801744239,-0.915346582365772,0.777752503931858
10984,-0.938943,-1.7659,-13934.7915631289,-0.909485669429763,-0.111102085205032
11084,-0.907981,-1.78201,-14493.325681111,-0.919253778306154,-0.99999999995149
11084,-0.876742,-1.79759,-14962.5234718886,-0.909485669429981,0.111102085301552
11184,-0.845237,-1.81262,-15395.3255273224,-0.915346582364332,-0.777752503835052
11184,-0.813473,-1.82709,-15666.6981392032,-0.910462498171421,0.333308963330044
11284,-0.781462,-1.84101,-15846.4090604436,-0.912416143750289,-0.555523964056998
11284,-0.749213,-1.85437,-15885.9237982552,-0.912416143751684,0.555523964183542
11384,-0.716736,-1.86716,-15829.6711906717,-0.910462498170579,-0.333308963203316
11384,-0.68404,-1.87939,-15711.2569516509,-0.915346582366256,0.777752503962127
11484,-0.651136,-1.89104,-15440.011329603,-0.9094856694297,-0.111102085173069
11584,-0.618034,-1.90211,-15133.7290525852,-0.919253778305473,-0.9999999999182
11584,-0.584743,-1.91261,-14768.3735125817,-0.909485669430035,0.111102085335111
11684,-0.551275,-1.92252,-14413.3900497344,-0.915346582363772,-0.777752503801188
11684,-0.517638,-1.93185,-14088.8844887547,-0.910462498171642,0.333308963364261
11784,-0.483844,-1.94059,-13728.922296545,-0.912416143749915,-0.555523964021929
11784,-0.449902,-1.94874,-13314.0380370286,-0.912416143752077,0.555523964220183
11884,-0.415823,-1.9563,-12864.3482269286,-0.910462498170266,-0.33330896316818
11884,-0.381618,-1.96325,-12392.4341781633,-0.915346582366712,0.777752503993725
11984,-0.347296,-1.96962,-11976.8882359241,-0.909485669429565,-0.111102085145729
12084,-0.312869,-1.97538,-11576.8333080658,-0.919253778305011,-0.999999999895287
12084,-0.278346,-1.98054,-11155.0675119092,-0.909485669430107,0.111102085358526
12184,-0.243739,-1.98509,-10764.5360523382,-0.915346582363447,-0.777752503777644
12184,-0.209057,-1.98904,-10499.1109221179,-0.910462498171781,0.333308963386432
12284,-0.174311,-1.99239,-10275.3647451877,-0.912416143749663,-0.555523964001473
12284,-0.139513,-1.99513,-10114.9923945994,-0.912416143752267,0.555523964238395
12384,-0.104672,-1.99726,-9936.45130548603,-0.910462498170238,-0.333308963148834
12384,-0.069799,-1.99878,-9744.78673002442,-0.915346582367131,0.777752504016471
12484,-0.0349048,-1.9997,-9655.75748975219,-0.909485669429557,-0.111102085121833
12584,-4.35203e-16,-2,-9589.67886417842,-0.919253778304537,-0.999999999870803
12584,0.0349048,-1.9997,-9426.5266900104,-0.909485669430058,0.111102085378513
12684,0.069799,-1.99878,-9240.44499650373,-0.915346582363139,-0.777752503762792
12684,0.104672,-1.99726,-8972.87150827704,-0.9104624981717,0.333308963393593
12784,0.139513,-1.99513,-8733.16640368933,-0.912416143749591,-0.555523964001403
12784,0.174311,-1.99239,-8537.51519437506,-0.912416143752134,0.555523964232273
12884,0.209057,-1.98904,-8269.14150751762,-0.91046249817019,-0.333308963161724
12884,0.243739,-1.98509,-7951.04974822241,-0.915346582366752,0.777752503996427
12984,0.278346,-1.98054,-7656.26600299167,-0.909485669429543,-0.111102085145531
13084,0.312869,-1.97538,-7363.50179546909,-0.919253778305079,-0.999999999897294
13084,0.347296,-1.96962,-7237.25152330463,-0.909485669429971,0.111102085349981
13184,0.381618,-1.96325,-7085.6261928134,-0.915346582363621,-0.777752503792476
13184,0.415823,-1.9563,-6847.84677223352,-0.910462498171561,0.33330896336634
13284,0.449902,-1.94874,-6583.1846765111,-0.912416143749886,-0.555523964026324
13284,0.483844,-1.94059,-6279.97926299982,-0.912416143751904,0.555523964209538
13384,0.517638,-1.93185,-6052.86537792254,-0.910462498170363,-0.333308963182687
13384,0.551275,-1.92252,-5874.59251162499,-0.915346582366464,0.777752503976962
13484,0.584743,-1.91261,-5659.5163980299,-0.909485669429569,-0.111102085165906
13584,0.618034,-1.90211,-5431.76593277304,-0.919253778305519,-0.999999999919186
13584,0.651136,-1.89104,-5030.97936195912,-0.909485669429928,0.111102085328226
13684,0.68404,-1.87939,-4626.22000955481,-0.915346582363942,-0.777752503814258
13684,0.716736,-1.86716,-4213.64919183448,-0.910462498171394,0.333308963343945
13784,0.749213,-1.85437,-3886.13825921337,-0.912416143750121,-0.555523964050058
13784,0.781462,-1.84101,-3687.91457581911,-0.91241614375158,0.555523964183364
13884,0.813473,-1.82709,-3577.24057314881,-0.91046249817049,-0.333308963212306
13884,0.845237,-1.81262,-3523.23091678915,-0.915346582365913,0.777752503943214
13984,0.876742,-1.79759,-3335.08512866645,-0.909485669429626,-0.1111020852007
14084,0.907981,-1.78201,-3112.13450515331,-0.919253778306215,-0.999999999954254
14084,0.938943,-1.7659,-2711.49153085114,-0.909485669429858,0.111102085292581
14184,0.969619,-1.74924,-2310.38152198781,-0.915346582364524,-0.777752503850263
14184,1,-1.73205,-1909.61413380919,-0.910462498171194,0.333308963308465
14284,1.03008,-1.71433,-1544.12605480961,-0.91241614375052,-0.55552396408445
14284,1.05984,-1.6961,-1232.94276563495,-0.912416143751235,0.55552396415093
14384,1.08928,-1.67734,-940.801760563644,-0.910462498170724,-0.333308963242461
14384,1.11839,-1.65808,-661.006614480614,-0.915346582365498,0.777752503915531
14484,1.14715,-1.6383,-327.37706229842,-0.909485669429676,-0.111102085228531
14584,1.17557,-1.61803,18.9021530021981,-0.919253778306762,-0.999999999982903
14584,1.20363,-1.59727,436.815161324038,-0.909485669429825,0.1111020852655
14684,1.23132,-1.57602,859.106494044195,-0.91534658236492,-0.777752503876537
14684,1.25864,-1.55429,1304.65195966462,-0.910462498170955,0.333308963280004
14784,1.28558,-1.53209,1719.72141022579,-0.912416143750819,-0.555523964114867
14784,1.31212,-1.50942,2089.89208598861,-0.912416143750872,0.555523964118932
14884,1.33826,-1.48629,2398.24140744609,-0.910462498170903,-0.333308963276861
14884,1.364,-1.46271,2664.92811516674,-0.915346582364901,0.777752503878194
14984,1.38932,-1.43868,2894.37346479452,-0.909485669429939,-0.111102085257194
14984,1.41421,-1.41421,3114.39435897579,-0.919253778307102,0.999999999999985
5850,1.43868,-1.38932,3335.62549816341,0.909485669429985,-0.111102085260202
5849,1.46271,-1.364,3550.01661293248,0.915346582364833,0.777752503871339
5849,1.48629,-1.33826,3734.19089078216,0.910462498171102,-0.333308963290407
5848,1.50942,-1.31212,3888.7427121345,0.91241614375073,0.555523964099018
5848,1.53209,-1.28558,3998.20266430606,0.912416143751186,-0.555523964140576
5847,1.55429,-1.25864,4094.36566700969,0.91046249817085,0.333308963247604
5847,1.57602,-1.23132,4181.77281982406,0.91534658236556,-0.777752503916265
5846,1.59727,-1.20363,4313.41696763106,0.909485669429786,0.111102085221649
5845,1.61803,-1.17557,4457.10628831899,0.919253778306525,0.999999999969829
5845,1.6383,-1.14715,4619.00931997887,0.909485669429914,-0.11110208528211
5844,1.65808,-1.11839,4767.01986638654,0.915346582364627,0.777752503855747
5844,1.67734,-1.08928,4850.44227617684,0.910462498171258,-0.333308963307527
5843,1.6961,-1.05984,4902.82176042949,0.912416143750537,0.555523964080912
5843,1.71433,-1.03008,4906.40598541516,0.912416143751378,-0.555523964158821
5842,1.73205,-1,4914.50591228179,0.910462498170701,0.333308963230334
5842,1.74924,-0.969619,4927.41512133057,0.915346582365767,-0.777752503931841
5841,1.7659,-0.938943,4971.24184864079,0.909485669429766,0.111102085205045
5840,1.78201,-0.907981,5026.78694103792,0.919253778306158,0.99999999995149
5840,1.79759,-0.876742,5056.98788971425,0.909485669429983,-0.111102085301555
5839,1.81262,-0.845237,5085.67924492335,0.915346582364319,0.777752503835052
5839,1.82709,-0.813473,5093.296704104,0.910462498171384,-0.333308963330046
5838,1.84101,-0.781462,5101.60812749485,0.912416143750258,0.555523964056995
5838,1.85437,-0.749213,5108.58669743575,0.91241614375167,-0.555523964183538
5837,1.86716,-0.716736,5119.99765035632,0.91046249817059,0.333308963203332
5837,1.87939,-0.68404,5136.04228064367,0.915346582366259,-0.777752503962114
5836,1.89104,-0.651136,5134.10214676713,0.909485669429712,0.11110208517308
5835,1.90211,-0.618034,5131.33989326783,0.919253778305505,0.999999999918216
5835,1.91261,-0.584743,5141.96722436687,0.909485669430072,-0.111102085335106
5834,1.92252,-0.551275,5164.51840676758,0.915346582363824,0.777752503801191
5834,1.93185,-0.517638,5220.29076524439,0.910462498171638,-0.333308963364257
5833,1.94059,-0.483844,5277.59318295707,0.912416143749874,0.555523964021932
5833,1.94874,-0.449902,5334.57453827681,0.91241614375206,-0.555523964220175
5832,1.9563,-0.415823,5399.52301182192,0.910462498170272,0.333308963168192
5832,1.96325,-0.381618,5472.13410023564,0.915346582366721,-0.777752503993719
5831,1.96962,-0.347296,5555.95296036389,0.909485669429573,0.111102085145735
5830,1.97538,-0.312869,5648.55127616108,0.919253778305019,0.999999999895301
5830,1.98054,-0.278346,5740.01589653238,0.909485669430095,-0.11110208535852
5829,1.98509,-0.243739,5829.18143183769,0.915346582363408,0.777752503777643
5829,1.98904,-0.209057,5883.74029880375,0.910462498171767,-0.333308963386425
5828,1.99239,-0.174311,5932.33019671552,0.91241614374965,0.555523964001481
5828,1.99513,-0.139513,5967.80033106085,0.912416143752221,-0.555523964238393
5827,1.99726,-0.104672,6000.74228967071,0.910462498170182,0.333308963148836
5827,1.99878,-0.069799,6034.4912734425,0.915346582367075,-0.777752504016468
5826,1.9997,-0.0349048,6021.69594074846,0.909485669429527,0.111102085121839
