origElemNum,globCoord-x,globCoord-y,acouIntensity-x,acouIntensity-y,locCoord-xi,locCoord-eta
5825,2,-2.20442e-18,-2292810512.91532,-21633139.523077,0.919253778304535,0.999999999870795
5825,1.9997,0.0349048,-2172973471.05866,-20359013.6652032,0.909485669430051,-0.11110208537854
5824,1.99878,0.069799,-1987281146.95814,-149588161.518025,0.915346582363134,0.7777525037628
5824,1.99726,0.104672,-1771899520.64773,-133632982.171138,0.910462498171695,-0.333308963393583
5823,1.99513,0.139513,-1486178440.18618,-214967018.431648,0.912416143749585,0.555523964001403
5823,1.99239,0.174311,-1147732103.49556,-166524471.466729,0.912416143752112,-0.555523964232293
5822,1.98904,0.209057,-799631088.214821,-174737775.297632,0.910462498170195,0.33330896316169
5822,1.98509,0.243739,-436766971.348939,-95838373.7384394,0.915346582366752,-0.777752503996411
5821,1.98054,0.278346,-196887700.182631,-59170500.8546989,0.909485669429537,0.111102085145532
5820,1.97538,0.312869,51988302.8952707,20395610.8438444,0.91925377830504,0.999999999897275
5820,1.96962,0.347296,94795014.825711,37438901.1965972,0.909485669429959,-0.111102085350008
5819,1.96325,0.381618,161779120.415409,80716374.0795505,0.915346582363608,0.777752503792493
5819,1.9563,0.415823,161449377.704653,81260755.3662429,0.910462498171543,-0.333308963366333
5818,1.94874,0.449902,204470756.751007,126134594.961336,0.912416143749872,0.555523964026318
5818,1.94059,0.483844,290609624.454421,181286896.172394,0.912416143751876,-0.555523964209557
5817,1.93185,0.517638,421412031.696407,313763232.449898,0.910462498170338,0.333308963182653
5817,1.92252,0.551275,606982644.060678,458316873.324914,0.915346582366455,-0.777752503976955
5816,1.91261,0.584743,732992419.955042,650321677.167529,0.909485669429567,0.111102085165898
5815,1.90211,0.618034,865695060.176818,898281136.765793,0.919253778305533,0.999999999919169
5815,1.89104,0.651136,861737982.883622,911745677.3363,0.909485669429933,-0.111102085328256
5814,1.87939,0.68404,834530604.676916,1034682830.83579,0.915346582363941,0.777752503814277
5814,1.86716,0.716736,768429324.922006,975444680.542095,0.910462498171402,-0.333308963343933
5813,1.85437,0.749213,714078808.375051,1057691155.0524,0.912416143750119,0.555523964050056
5813,1.84101,0.781462,733607791.339889,1119618102.47136,0.912416143751575,-0.555523964183394
5812,1.82709,0.813473,790665606.113216,1393756155.24907,0.910462498170486,0.333308963212263
5812,1.81262,0.845237,924102571.333464,1695385994.53652,0.915346582365915,-0.777752503943209
5811,1.79759,0.876742,1026288975.68263,2165586696.12142,0.909485669429635,0.111102085200681
5810,1.78201,0.907981,1111330867.87254,2709794788.30287,0.919253778306195,0.999999999954235
5810,1.7659,0.938943,1184511446.56304,3061635543.32246,0.909485669429844,-0.111102085292603
5809,1.74924,0.969619,1167298793.50363,3561779282.88184,0.915346582364538,0.777752503850291
5809,1.73205,1,1176622819.20615,3850486047.53793,0.910462498171199,-0.333308963308445
5808,1.71433,1.03008,1090159445.51457,4302017013.17855,0.912416143750526,0.555523964084446
5808,1.6961,1.05984,1067809148.45877,4621495967.0597,0.912416143751246,-0.555523964150953
5807,1.67734,1.08928,948828762.511592,5129905271.75797,0.910462498170725,0.333308963242434
5807,1.65808,1.11839,887390394.22936,5564300223.69356,0.915346582365508,-0.777752503915519
5806,1.6383,1.14715,734563079.513079,6222383603.35507,0.909485669429676,0.11110208522853
5805,1.61803,1.17557,578391234.578918,6871485123.54554,0.919253778306765,0.999999999982884
5805,1.59727,1.20363,409183634.786825,7581277301.11903,0.909485669429817,-0.111102085265541
5804,1.57602,1.23132,195949401.527654,8253922591.85047,0.9153465823649,0.777752503876539
5804,1.55429,1.25864,-54717964.7013346,8786519994.39733,0.910462498170939,-0.333308963279996
5803,1.53209,1.28558,-359095777.6231,9237538080.67155,0.912416143750815,0.555523964114853
5803,1.50942,1.31212,-673722868.027608,9515004379.0092,0.91241614375085,-0.555523964118972
5802,1.48629,1.33826,-1071128490.86046,9827133652.80521,0.910462498170897,0.333308963276791
5802,1.46271,1.364,-1474672531.2224,10093216563.1481,0.915346582364929,-0.77775250387822
5801,1.43868,1.38932,-1931397181.92969,10329796163.5673,0.909485669429954,0.111102085257182
5801,1.41421,1.41421,-2343059148.62858,10494109557.9564,0.919253778307104,-0.999999999999994
850,1.38932,1.43868,-2801555023.26497,10580102908.0561,0.909485669429991,-0.111102085260227
849,1.364,1.46271,-3378190673.14728,10812708055.7843,0.915346582364834,0.777752503871359
849,1.33826,1.48629,-3464813756.42718,10675820517.0398,0.910462498171096,-0.333308963290402
848,1.31212,1.50942,-3855334319.73667,10864368490.3404,0.912416143750729,0.555523964099008
848,1.28558,1.53209,-3838128330.25883,10758946141.8151,0.912416143751184,-0.555523964140596
847,1.25864,1.55429,-3899299098.80952,10902333747.3273,0.910462498170846,0.333308963247574
847,1.23132,1.57602,-3676060092.78097,10939203937.602,0.915346582365554,-0.777752503916259
846,1.20363,1.59727,-3548680715.32748,10554247316.2754,0.90948566942978,0.111102085221654
845,1.17557,1.61803,-3449797813.41221,10119300380.8785,0.919253778306528,0.999999999969813
845,1.14715,1.6383,-3549633157.09837,9186346334.51736,0.909485669429915,-0.111102085282135
844,1.11839,1.65808,-3750838497.87533,8450324525.98375,0.915346582364625,0.777752503855763
844,1.08928,1.67734,-3539287608.51156,7592437299.28301,0.910462498171253,-0.333308963307521
843,1.05984,1.6961,-3415395620.58953,6828259511.73735,0.912416143750542,0.555523964080906
843,1.03008,1.71433,-2927466469.8659,5824385845.40545,0.912416143751377,-0.555523964158847
842,1,1.73205,-2541942006.09617,4905038038.52518,0.910462498170698,0.333308963230309
842,0.969619,1.74924,-2019673997.12967,3926339167.33404,0.915346582365766,-0.777752503931825
841,0.938943,1.7659,-1574669905.60076,2956948341.63837,0.909485669429764,0.111102085205048
840,0.907981,1.78201,-1099617290.94204,1996628570.71619,0.919253778306164,0.99999999995148
840,0.876742,1.79759,-401416032.850865,732342311.056496,0.909485669429979,-0.11110208530158
839,0.845237,1.81262,303398378.561415,-541119151.580005,0.91534658236432,0.777752503835068
839,0.813473,1.82709,1139498705.72298,-2052405644.04841,0.91046249817139,-0.33330896333004
838,0.781462,1.84101,2032685161.36842,-3623532623.73659,0.912416143750255,0.555523964056983
838,0.749213,1.85437,2917327956.0529,-5269075417.2837,0.912416143751674,-0.555523964183563
837,0.716736,1.86716,3862080384.35558,-6980584827.21614,0.910462498170584,0.333308963203304
837,0.68404,1.87939,4727198763.17125,-8683878507.78887,0.915346582366261,-0.777752503962098
836,0.651136,1.89104,5564078682.6308,-10461591520.4624,0.909485669429719,0.111102085173086
835,0.618034,1.90211,6139378935.93736,-12162845713.9072,0.919253778305509,0.999999999918205
835,0.584743,1.91261,6891469417.41293,-13946095496.9063,0.909485669430073,-0.111102085335132
834,0.551275,1.92252,7123704668.55895,-15539745571.4063,0.915346582363819,0.777752503801204
834,0.517638,1.93185,7688840127.3667,-17132570412.545,0.910462498171637,-0.333308963364254
833,0.483844,1.94059,7619464075.2823,-18537160479.1772,0.912416143749877,0.55552396402192
833,0.449902,1.94874,8062150543.20154,-20047058742.5072,0.91241614375206,-0.555523964220202
832,0.415823,1.9563,7702372551.34799,-21499603095.5234,0.910462498170279,0.333308963168166
832,0.381618,1.96325,8127612432.18865,-23204691603.8204,0.915346582366717,-0.777752503993703
831,0.347296,1.96962,7348893839.68209,-24855509862.5766,0.909485669429573,0.111102085145737
830,0.312869,1.97538,6195730951.63831,-26518898898.3539,0.919253778305012,0.99999999989529
830,0.278346,1.98054,6480491030.85549,-28276711330.7053,0.909485669430091,-0.111102085358547
829,0.243739,1.98509,5062912052.47821,-29705121116.4041,0.915346582363415,0.77775250377766
829,0.209057,1.98904,5183458364.90057,-30918881813.9799,0.910462498171767,-0.333308963386422
828,0.174311,1.99239,3563817623.80187,-31729589956.2541,0.912416143749651,0.55552396400147
828,0.139513,1.99513,3584587804.71054,-32343685586.974,0.912416143752224,-0.555523964238419
827,0.104672,1.99726,1659820868.57327,-32615964249.3763,0.910462498170184,0.33330896314881
827,0.069799,1.99878,1654394388.13669,-32848909785.5996,0.915346582367074,-0.777752504016452
826,0.0349048,1.9997,-597455142.571048,-32889806425.5807,0.909485669429527,0.111102085121841
825,1.27747e-16,2,-2896979178.22496,-32948905185.5799,0.919253778304535,0.999999999870799
825,-0.0349048,1.9997,-2883525804.30027,-32849305986.8333,0.909485669430051,-0.111102085378537
824,-0.069799,1.99878,-4783077575.67532,-32718653859.7384,0.915346582363134,0.777752503762801
824,-0.104672,1.99726,-4707269512.66394,-32232219145.6584,0.910462498171695,-0.333308963393583
823,-0.139513,1.99513,-5980457968.17215,-31581820941.9641,0.912416143749585,0.555523964001401
823,-0.174311,1.99239,-5774215606.93299,-30475667429.2332,0.912416143752112,-0.555523964232297
822,-0.209057,1.98904,-6583970591.60197,-29067141645.0992,0.910462498170195,0.333308963161685
822,-0.243739,1.98509,-6209401501.85946,-27287728520.8605,0.915346582366744,-0.777752503996403
821,-0.278346,1.98054,-6837776918.60541,-25281635127.9431,0.909485669429538,0.111102085145537
820,-0.312869,1.97538,-7458146504.96115,-23245899125.0477,0.919253778305041,0.999999999897278
820,-0.347296,1.96962,-6801022113.51626,-20928271416.3382,0.90948566942996,-0.111102085350006
819,-0.381618,1.96325,-7099755845.58255,-18865848818.843,0.915346582363608,0.777752503792493
819,-0.415823,1.9563,-6381975252.89426,-16780321185.3647,0.910462498171543,-0.333308963366333
818,-0.449902,1.94874,-6284073759.19493,-14946495911.7148,0.912416143749872,0.555523964026316
818,-0.483844,1.94059,-5540038924.44917,-13111488686.4477,0.912416143751875,-0.555523964209561
817,-0.517638,1.93185,-5094699199.11502,-11384452396.3765,0.910462498170336,0.333308963182646
817,-0.551275,1.92252,-4289281694.60739,-9583030295.17908,0.915346582366457,-0.777752503976948
816,-0.584743,1.91261,-3578761269.6124,-7694786699.23136,0.909485669429562,0.111102085165907
815,-0.618034,1.90211,-2789887267.73365,-5765585733.92825,0.919253778305526,0.999999999919175
815,-0.651136,1.89104,-1766323317.11887,-3646410280.88816,0.909485669429935,-0.111102085328253
814,-0.68404,1.87939,-807117355.506023,-1591706935.96708,0.915346582363941,0.777752503814277
814,-0.716736,1.86716,182665651.491701,360127149.85203,0.910462498171402,-0.333308963343933
813,-0.749213,1.85437,1129257028.21008,2139207449.47097,0.912416143750117,0.555523964050053
813,-0.781462,1.84101,1907467519.07252,3634483492.99337,0.912416143751584,-0.555523964183396
812,-0.813473,1.82709,2626921355.06906,4883345422.04552,0.910462498170484,0.33330896321226
812,-0.845237,1.81262,3126450346.72542,5893506776.42413,0.91534658236591,-0.7777525039432
811,-0.876742,1.79759,3626274766.23238,6743343967.19752,0.909485669429639,0.111102085200672
810,-0.907981,1.78201,4121168753.45394,7558915983.64319,0.919253778306197,0.999999999954239
810,-0.938943,1.7659,4377275821.87126,8212306826.67395,0.909485669429848,-0.111102085292613
809,-0.969619,1.74924,4831316587.95239,8972672902.39339,0.915346582364533,0.777752503850298
809,-1,1.73205,5034546116.7154,9590666294.40138,0.910462498171205,-0.333308963308436
808,-1.03008,1.71433,5400694992.99444,10276525475.9165,0.912416143750522,0.55552396408444
808,-1.05984,1.6961,5485795158.04016,10752767583.3215,0.912416143751243,-0.555523964150944
807,-1.08928,1.67734,5674435748.6774,11224414839.3742,0.910462498170733,0.33330896324243
807,-1.11839,1.65808,5624809950.0564,11485688847.131,0.915346582365511,-0.777752503915504
806,-1.14715,1.6383,5688218708.81969,11733456554.0315,0.909485669429678,0.11110208522852
805,-1.17557,1.61803,5733327551.75554,11925619872.5405,0.91925377830677,0.999999999982889
805,-1.20363,1.59727,5595251046.30375,11882896126.0478,0.909485669429819,-0.111102085265551
804,-1.23132,1.57602,5607701054.56664,11893586682.104,0.915346582364893,0.777752503876544
804,-1.25864,1.55429,5406239541.23358,11617388459.6611,0.910462498170937,-0.333308963279986
803,-1.28558,1.53209,5291236961.09746,11305495330.7666,0.912416143750809,0.555523964114847
803,-1.31212,1.50942,4959316936.90521,10677878146.6222,0.912416143750849,-0.555523964118962
802,-1.33826,1.48629,4609428756.30562,9888336829.95078,0.910462498170897,0.333308963276791
802,-1.364,1.46271,4118817438.80157,8862095640.20626,0.915346582364928,-0.77775250387821
801,-1.38932,1.43868,3529774198.05681,7596715989.53509,0.909485669429954,0.111102085257172
801,-1.41421,1.41421,2903100559.51138,6230861458.09667,0.919253778307104,-0.999999999999994
15850,-1.43868,1.38932,2165698078.84221,4663387957.03755,0.909485669429991,-0.111102085260237
15849,-1.46271,1.364,1391008574.8078,3031883855.50447,0.915346582364828,0.777752503871364
15849,-1.48629,1.33826,684225377.924109,1466687831.32224,0.910462498171103,-0.333308963290387
15848,-1.50942,1.31212,-54706905.0657416,-118716968.404511,0.912416143750729,0.555523964099008
15848,-1.53209,1.28558,-780045014.967602,-1653157272.41314,0.912416143751185,-0.555523964140586
15847,-1.55429,1.25864,-1414124599.24256,-3029516265.64843,0.910462498170851,0.333308963247569
15847,-1.57602,1.23132,-2160207779.55448,-4497144722.68104,0.915346582365555,-0.777752503916249
15846,-1.59727,1.20363,-2656963764.99196,-5586311192.30982,0.909485669429784,0.111102085221639
15845,-1.61803,1.17557,-3053861428.10176,-6477584863.56568,0.919253778306531,0.999999999969823
15845,-1.6383,1.14715,-3729081772.75284,-7686657986.07464,0.909485669429917,-0.111102085282151
15844,-1.65808,1.11839,-3913648897.29235,-8123773067.2111,0.915346582364627,0.777752503855772
15844,-1.67734,1.08928,-4497206309.26146,-9059701248.23112,0.910462498171251,-0.333308963307506
15843,-1.6961,1.05984,-4393741980.06638,-8836752767.43008,0.912416143750542,0.555523964080906
15843,-1.71433,1.03008,-4850212672.37702,-9405750933.15108,0.912416143751375,-0.555523964158831
15842,-1.73205,1,-4478606923.5479,-8520051794.74364,0.910462498170697,0.333308963230296
15842,-1.74924,0.969619,-4818760389.64295,-8801344952.36102,0.915346582365764,-0.777752503931822
15841,-1.7659,0.938943,-4280108762.042,-7562093940.54293,0.909485669429762,0.111102085205035
15840,-1.78201,0.907981,-3807933881.34519,-6354404544.50605,0.919253778306162,0.999999999951483
15840,-1.79759,0.876742,-3862120485.33853,-6461200270.87407,0.909485669429984,-0.111102085301589
15839,-1.81262,0.845237,-3314492126.55175,-5360446282.6899,0.915346582364318,0.777752503835071
15839,-1.82709,0.813473,-3156566818.6642,-5392884240.6877,0.910462498171391,-0.333308963330024
15838,-1.84101,0.781462,-2488159796.86981,-4385122060.84684,0.912416143750253,0.555523964056986
15838,-1.85437,0.749213,-2128773424.71954,-4261959623.6493,0.912416143751674,-0.555523964183544
15837,-1.86716,0.716736,-1418290922.69474,-3313067048.59899,0.910462498170589,0.333308963203294
15837,-1.87939,0.68404,-998603365.26219,-3014761460.03197,0.915346582366259,-0.777752503962095
15836,-1.89104,0.651136,-457555861.569754,-2197302136.21436,0.909485669429715,0.111102085173074
15835,-1.90211,0.618034,-106254494.749218,-1583574178.93976,0.919253778305508,0.999999999918209
15835,-1.91261,0.584743,57044313.569159,-1190560658.59654,0.909485669430068,-0.111102085335144
15834,-1.92252,0.551275,141665104.602769,-729185533.595624,0.915346582363818,0.777752503801208
15834,-1.93185,0.517638,127659156.473779,-455274161.201023,0.910462498171639,-0.333308963364235
15833,-1.94059,0.483844,96767716.3891972,-221283416.657152,0.912416143749876,0.555523964021923
15833,-1.94874,0.449902,73736694.1415929,-154058041.755984,0.912416143752063,-0.555523964220183
15832,-1.9563,0.415823,109697514.251833,-144027684.537302,0.910462498170272,0.333308963168156
15832,-1.96325,0.381618,172542489.356783,-233930078.903356,0.915346582366716,-0.7777525039937
15831,-1.96962,0.347296,310498694.899152,-143680726.622276,0.909485669429575,0.111102085145728
15830,-1.97538,0.312869,473542704.321553,277912299.616236,0.91925377830502,0.999999999895294
15830,-1.98054,0.278346,538983358.097043,405136717.939367,0.909485669430092,-0.111102085358556
15829,-1.98509,0.243739,647708742.448544,1423484299.9584,0.915346582363415,0.777752503777664
15829,-1.98904,0.209057,596120687.498046,1755878097.16173,0.910462498171765,-0.333308963386404
15828,-1.99239,0.174311,583120665.750118,3133115592.06409,0.912416143749651,0.555523964001473
15828,-1.99513,0.139513,436829219.088164,3585555768.23432,0.912416143752222,-0.5555239642384
15827,-1.99726,0.104672,301342894.496065,5045261334.21796,0.910462498170184,0.3333089631488
15827,-1.99878,0.069799,56364492.7445566,5629441978.45414,0.915346582367074,-0.777752504016448
15826,-1.9997,0.0349048,-299853607.420049,7443697661.42901,0.909485669429527,0.111102085121831
15825,-2,2.46315e-16,-806270836.380748,9888734088.66605,0.919253778304535,0.999999999870803
15825,-1.9997,-0.0349048,-1783448594.73348,11495908261.3881,0.909485669430051,-0.111102085378547
15824,-1.99878,-0.069799,-3216205808.60928,16223119518.7916,0.915346582363134,0.777752503762804
15824,-1.99726,-0.104672,-5430519422.74708,18895038547.0544,0.910462498171696,-0.333308963393566
15823,-1.99513,-0.139513,-8744896173.57409,26970304846.47,0.912416143749586,0.555523964001405
15823,-1.99239,-0.174311,-12844313684.1897,30712567410.1571,0.912416143752114,-0.555523964232279
15822,-1.98904,-0.209057,-18429815726.35,41357299744.5857,0.910462498170195,0.333308963161688
15822,-1.98509,-0.243739,-24220886182.7777,45449301415.82,0.915346582366744,-0.7777525039964
15821,-1.98054,-0.278346,-30724184556.5629,55326405786.8383,0.909485669429545,0.111102085145526
15820,-1.97538,-0.312869,-37386557123.5652,62536381369.5826,0.919253778305042,0.999999999897283
15820,-1.96962,-0.347296,-41703272401.1988,64131242130.616,0.909485669429957,-0.111102085350017
15819,-1.96325,-0.381618,-46013449218.5866,66355652626.5506,0.915346582363609,0.777752503792499
15819,-1.9563,-0.415823,-48643132815.8538,66820319193.5781,0.910462498171549,-0.333308963366345
15818,-1.94874,-0.449902,-50907498935.9192,66727330108.6962,0.912416143749872,0.555523964026319
15818,-1.94059,-0.483844,-52862526195.245,67144422139.1216,0.91241614375188,-0.555523964209544
15817,-1.93185,-0.517638,-55566417370.951,68901141119.405,0.910462498170337,0.33330896318265
15817,-1.92252,-0.551275,-58467995032.1527,70149953139.4406,0.915346582366458,-0.777752503976945
15816,-1.91261,-0.584743,-64308195514.7819,76578249805.5201,0.909485669429567,0.111102085165898
15815,-1.90211,-0.618034,-72313411505.8252,87467661853.5039,0.919253778305528,0.999999999919178
15815,-1.89104,-0.651136,-80361685264.687,90820486743.9518,0.90948566942994,-0.111102085328262
15814,-1.87939,-0.68404,-93834401050.4378,106682225264.98,0.915346582363942,0.77775250381428
15814,-1.86716,-0.716736,-105211895910.581,110506250159.944,0.910462498171397,-0.333308963343943
15813,-1.85437,-0.749213,-123176196150.567,128621074588.145,0.912416143750119,0.555523964050056
15813,-1.84101,-0.781462,-136212454429.054,131799800058.79,0.912416143751582,-0.555523964183381
15812,-1.82709,-0.813473,-152539012103.498,145333275729.145,0.910462498170486,0.333308963212263
15812,-1.81262,-0.845237,-162436008987.212,145968228558.165,0.915346582365912,-0.777752503943197
15811,-1.79759,-0.876742,-167430611970.371,145857366662.279,0.909485669429641,0.111102085200675
15810,-1.78201,-0.907981,-165581697387.795,134463161124.526,0.919253778306197,0.999999999954239
15810,-1.7659,-0.938943,-162698136946.257,128586303322.911,0.90948566942985,-0.11110208529261
15809,-1.74924,-0.969619,-154121098090.808,112098289859.35,0.915346582364535,0.777752503850301
15809,-1.73205,-1,-152651209978.12,106661817346.987,0.9104624981712,-0.333308963308458
15808,-1.71433,-1.03008,-148088583075.94,94552317784.2654,0.912416143750526,0.555523964084446
15808,-1.6961,-1.05984,-149408853282.502,89986471176.4174,0.912416143751243,-0.555523964150944
15807,-1.67734,-1.08928,-145339838280.794,78471059146.6765,0.910462498170725,0.333308963242434
15807,-1.65808,-1.11839,-144419359404.734,73215661116.2078,0.915346582365503,-0.7777525039155
15806,-1.6383,-1.14715,-132265840752.232,55832707947.5407,0.90948566942967,0.111102085228524
15805,-1.61803,-1.17557,-116303180483.908,35644245646.6994,0.919253778306763,0.999999999982893
15805,-1.59727,-1.20363,-109180455453.756,30126255922.3537,0.909485669429812,-0.111102085265547
15804,-1.57602,-1.23132,-91166212666.017,12008158512.2697,0.915346582364898,0.777752503876549
15804,-1.55429,-1.25864,-82630059616.5227,8637787342.91806,0.910462498170935,-0.333308963280012
15803,-1.53209,-1.28558,-62558131748.196,-5649822437.51192,0.912416143750815,0.555523964114853
15803,-1.50942,-1.31212,-51112089313.0218,-5566121148.72238,0.912416143750855,-0.555523964118957
15802,-1.48629,-1.33826,-33959002174.9417,-12399740997.9208,0.910462498170897,0.333308963276791
15802,-1.46271,-1.364,-25412493773.5019,-9625351279.23645,0.915346582364928,-0.77775250387821
15801,-1.43868,-1.38932,-18073862955.8171,-10457543329.2229,0.909485669429954,0.111102085257172
15801,-1.41421,-1.41421,-14354595716.5732,-8463923122.2508,0.919253778307098,-0.999999999999989
10084,-1.38932,-1.43868,-7988662628.03024,-8073165791.83147,-0.909485669429983,0.111102085260242
10184,-1.364,-1.46271,-4920827387.47101,-4717819231.25097,-0.915346582364814,-0.777752503871363
10184,-1.33826,-1.48629,-2974851751.18793,-2868847189.64856,-0.910462498171062,0.333308963290425
10284,-1.31212,-1.50942,-1691757020.6721,-1201861165.21717,-0.912416143750702,-0.555523964098991
10284,-1.28558,-1.53209,-808151159.434949,-581966837.114621,-0.912416143751175,0.55552396414059
10384,-1.25864,-1.55429,-41140319.4648562,-78335653.9004813,-0.910462498170858,-0.333308963247603
10384,-1.23132,-1.57602,302440879.070585,570906314.723578,-0.915346582365569,0.777752503916277
10484,-1.20363,-1.59727,1293478286.09314,1439348503.36641,-0.909485669429755,-0.111102085221656
10584,-1.17557,-1.61803,3868024899.79527,1244063383.17136,-0.919253778306467,-0.999999999969833
10584,-1.14715,-1.6383,7665719147.36078,2445222317.29804,-0.909485669429891,0.111102085282108
10684,-1.11839,-1.65808,10718697413.2789,3745555115.32382,-0.915346582364624,-0.777752503855743
10684,-1.08928,-1.67734,12919766938.2841,4482815127.7859,-0.910462498171255,0.333308963307532
10784,-1.05984,-1.6961,14249642181.7054,5560716042.69356,-0.912416143750544,-0.555523964080908
10784,-1.03008,-1.71433,15960804395.9414,6127538992.86077,-0.912416143751393,0.555523964158839
10884,-1,-1.73205,16467388513.2111,7005803345.85784,-0.910462498170715,-0.333308963230315
10884,-0.969619,-1.74924,17500073162.3424,7249730816.88932,-0.915346582365772,0.777752503931858
10984,-0.938943,-1.7659,19198195877.2429,8508847813.78337,-0.909485669429763,-0.111102085205032
11084,-0.907981,-1.78201,20163992919.9699,10162748174.1422,-0.919253778306154,-0.99999999995149
11084,-0.876742,-1.79759,18580375846.0942,9024532437.79156,-0.909485669429981,0.111102085301552
11184,-0.845237,-1.81262,12410367634.2535,8923233234.75198,-0.915346582364332,-0.777752503835052
11184,-0.813473,-1.82709,6308584123.76404,4464293973.75653,-0.910462498171421,0.333308963330044
11284,-0.781462,-1.84101,189803248.46506,239754505.579298,-0.912416143750289,-0.555523964056998
11284,-0.749213,-1.85437,-3754844298.20413,-4706905246.26553,-0.912416143751684,0.555523964183542
11384,-0.716736,-1.86716,-3924687836.89327,-10894362356.3627,-0.910462498170579,-0.333308963203316
11384,-0.68404,-1.87939,-5879763563.71309,-16319795884.7654,-0.915346582366256,0.777752503962127
11484,-0.651136,-1.89104,-225903311.694657,-25215641087.0749,-0.9094856694297,-0.111102085173069
11584,-0.618034,-1.90211,8554524313.40099,-35264862040.1254,-0.919253778305473,-0.9999999999182
11584,-0.584743,-1.91261,9815629782.25378,-40256582549.9526,-0.909485669430035,0.111102085335111
11684,-0.551275,-1.92252,18270268890.6757,-46315737511.1344,-0.915346582363772,-0.777752503801188
11684,-0.517638,-1.93185,18900136534.1473,-46005023511.9237,-0.910462498171642,0.333308963364261
11784,-0.483844,-1.94059,23888542393.6132,-46200712244.9533,-0.912416143749915,-0.555523964021929
11784,-0.449902,-1.94874,23726494209.8823,-44214715533.4399,-0.912416143752077,0.555523964220183
11884,-0.415823,-1.9563,28582149555.0258,-42359868970.4076,-0.910462498170266,-0.33330896316818
11884,-0.381618,-1.96325,28801288378.2761,-38872897870.8477,-0.915346582366712,0.777752503993725
11984,-0.347296,-1.96962,30541592822.4602,-32380815090.1946,-0.909485669429565,-0.111102085145729
12084,-0.312869,-1.97538,26075526096.6242,-24494488406.435,-0.919253778305011,-0.999999999895287
12084,-0.278346,-1.98054,24366334118.2969,-17463909543.6402,-0.909485669430107,0.111102085358526
12184,-0.243739,-1.98509,18079204272.1002,-11099528216.6566,-0.915346582363447,-0.777752503777644
12184,-0.209057,-1.98904,15527556302.4949,-7127332892.28531,-0.910462498171781,0.333308963386432
12284,-0.174311,-1.99239,10968375575.0854,-4037348870.47274,-0.912416143749663,-0.555523964001473
12284,-0.139513,-1.99513,8806493347.98729,-2159852790.37118,-0.912416143752267,0.555523964238395
12384,-0.104672,-1.99726,6119768514.32012,-997670007.097608,-0.910462498170238,-0.333308963148834
12384,-0.069799,-1.99878,4680525306.75376,-360407454.148975,-0.915346582367131,0.777752504016471
12484,-0.0349048,-1.9997,3364327305.14664,-36746888.3771915,-0.909485669429557,-0.111102085121833
12584,-4.35203e-16,-2,2387538137.9452,122898958.65026,-0.919253778304537,-0.999999999870803
12584,0.0349048,-1.9997,1792755587.72883,169819682.330526,-0.909485669430058,0.111102085378513
12684,0.069799,-1.99878,1325033300.26648,174458782.760595,-0.915346582363139,-0.777752503762792
12684,0.104672,-1.99726,938984967.346872,162164732.157057,-0.9104624981717,0.333308963393593
12784,0.139513,-1.99513,547826623.012484,112881260.836387,-0.912416143749591,-0.555523964001403
12784,0.174311,-1.99239,16086473.2042362,4042883.03977201,-0.912416143752134,0.555523964232273
12884,0.209057,-1.98904,-654525914.044604,-186492630.081631,-0.91046249817019,-0.333308963161724
12884,0.243739,-1.98509,-1392808256.39651,-454250359.619718,-0.915346582366752,0.777752503996427
12984,0.278346,-1.98054,-2227820568.75531,-784742446.340067,-0.909485669429543,-0.111102085145531
13084,0.312869,-1.97538,-3057491782.24333,-1160533473.071,-0.919253778305079,-0.999999999897294
13084,0.347296,-1.96962,-3825985952.55947,-1533736332.8837,-0.909485669429971,0.111102085349981
13184,0.381618,-1.96325,-4596463027.18451,-1933059247.32219,-0.915346582363621,-0.777752503792476
13184,0.415823,-1.9563,-5340004469.10017,-2332537569.56225,-0.910462498171561,0.33330896336634
13284,0.449902,-1.94874,-6063620617.64854,-2734676258.32628,-0.912416143749886,-0.555523964026324
13284,0.483844,-1.94059,-6749409477.06801,-3121837158.64578,-0.912416143751904,0.555523964209538
13384,0.517638,-1.93185,-7388634468.36965,-3457021316.96129,-0.910462498170363,-0.333308963182687
13384,0.551275,-1.92252,-7914286158.52752,-3732015127.12668,-0.915346582366464,0.777752503976962
13484,0.584743,-1.91261,-8374628906.22753,-3890267558.93785,-0.909485669429569,-0.111102085165906
13584,0.618034,-1.90211,-8852661150.18371,-4033296150.83889,-0.919253778305519,-0.999999999919186
13584,0.651136,-1.89104,-8886170211.8632,-3943432637.3717,-0.909485669429928,0.111102085328226
13684,0.68404,-1.87939,-9088392973.84957,-3913109285.87506,-0.915346582363942,-0.777752503814258
13684,0.716736,-1.86716,-8996974517.62513,-3772722289.69117,-0.910462498171394,0.333308963343945
13784,0.749213,-1.85437,-9025887597.65096,-3700512908.96161,-0.912416143750121,-0.555523964050058
13784,0.781462,-1.84101,-8939915756.72594,-3611133948.11246,-0.91241614375158,0.555523964183364
13884,0.813473,-1.82709,-8899781138.9003,-3568342203.69549,-0.91046249817049,-0.333308963212306
13884,0.845237,-1.81262,-8840025271.65095,-3534422626.9828,-0.915346582365913,0.777752503943214
13984,0.876742,-1.79759,-8673032180.48569,-3453161829.80266,-0.909485669429626,-0.1111020852007
14084,0.907981,-1.78201,-8495030172.97159,-3367328126.4065,-0.919253778306215,-0.999999999954254
14084,0.938943,-1.7659,-8062142773.37006,-3126413311.69711,-0.909485669429858,0.111102085292581
14184,0.969619,-1.74924,-7614071875.98201,-2883058606.74987,-0.915346582364524,-0.777752503850263
14184,1,-1.73205,-6751836597.85011,-2428131450.39022,-0.910462498171194,0.333308963308465
14284,1.03008,-1.71433,-5831008437.19602,-2000187693.9681,-0.91241614375052,-0.55552396408445
14284,1.05984,-1.6961,-4399108481.43975,-1384252730.17322,-0.912416143751235,0.55552396415093
14384,1.08928,-1.67734,-2710752924.47793,-800670143.731389,-0.910462498170724,-0.333308963242461
14384,1.11839,-1.65808,-576010009.176497,-151196635.977193,-0.915346582365498,0.777752503915531
14484,1.14715,-1.6383,2044821605.1668,504012185.2343,-0.909485669429676,-0.111102085228531
14584,1.17557,-1.61803,4973685908.08412,1141899102.55343,-0.919253778306762,-0.999999999982903
14584,1.20363,-1.59727,7997637055.40644,1658965223.99497,-0.909485669429825,0.1111020852655
14684,1.23132,-1.57602,11134556141.013,2168986621.43273,-0.91534658236492,-0.777752503876537
14684,1.25864,-1.55429,13936347235.4242,2568556984.84308,-0.910462498170955,0.333308963280004
14784,1.28558,-1.53209,16414523236.9713,2873506794.61391,-0.912416143750819,-0.555523964114867
14784,1.31212,-1.50942,18644746343.88,3341554165.75396,-0.912416143750872,0.555523964118932
14884,1.33826,-1.48629,19774259734.1741,3376631631.76992,-0.910462498170903,-0.333308963276861
14884,1.364,-1.46271,21131085840.5718,4046778648.38235,-0.915346582364901,0.777752503878194
14984,1.38932,-1.43868,20528210600.7148,3790854006.83779,-0.909485669429939,-0.111102085257194
14984,1.41421,-1.41421,20792653518.3378,4670061469.99502,-0.919253778307102,0.999999999999985
5850,1.43868,-1.38932,18660666641.3288,4250150115.49148,0.909485669429985,-0.111102085260202
5849,1.46271,-1.364,16201449367.947,3636309991.04305,0.915346582364833,0.777752503871339
5849,1.48629,-1.33826,14895521490.0771,4973135788.46968,0.910462498171102,-0.333308963290407
5848,1.50942,-1.31212,11851761014.7963,4606622677.28207,0.91241614375073,0.555523964099018
5848,1.53209,-1.28558,10129144488.3625,6079642865.80602,0.912416143751186,-0.555523964140576
5847,1.55429,-1.25864,7096735274.70437,6065053456.42084,0.91046249817085,0.333308963247604
5847,1.57602,-1.23132,5231939736.64315,7481496835.82788,0.91534658236556,-0.777752503916265
5846,1.59727,-1.20363,2639141384.15105,7677835916.66428,0.909485669429786,0.111102085221649
5845,1.61803,-1.17557,409542985.582661,8129449282.26063,0.919253778306525,0.999999999969829
5845,1.6383,-1.14715,-1068734992.08727,8938509051.82033,0.909485669429914,-0.11110208528211
5844,1.65808,-1.11839,-2759295611.38661,9193602638.67725,0.915346582364627,0.777752503855747
5844,1.67734,-1.08928,-3949534781.90984,9765137458.27093,0.910462498171258,-0.333308963307527
5843,1.6961,-1.05984,-5248556042.97496,9923222340.02848,0.912416143750537,0.555523964080912
5843,1.71433,-1.03008,-6225576428.87562,10323210140.9159,0.912416143751378,-0.555523964158821
5842,1.73205,-1,-7247376842.84968,10222343195.0298,0.910462498170701,0.333308963230334
5842,1.74924,-0.969619,-7911438111.23697,10355378393.1576,0.915346582365767,-0.777752503931841
5841,1.7659,-0.938943,-8643048834.68453,9906347039.49819,0.909485669429766,0.111102085205045
5840,1.78201,-0.907981,-9217469431.62575,9402954362.39193,0.919253778306158,0.99999999995149
5840,1.79759,-0.876742,-9519505167.80171,9306146023.42139,0.909485669429983,-0.111102085301555
5839,1.81262,-0.845237,-9888140280.20826,8795489136.79551,0.915346582364319,0.777752503835052
5839,1.82709,-0.813473,-9989835060.46811,8600838580.37747,0.910462498171384,-0.333308963330046
5838,1.84101,-0.781462,-10108526000.7564,7937820591.44682,0.912416143750258,0.555523964056995
5838,1.85437,-0.749213,-9881989403.53965,7568880654.60655,0.91241614375167,-0.555523964183538
5837,1.86716,-0.716736,-9685703871.66857,6728732283.2322,0.91046249817059,0.333308963203332
5837,1.87939,-0.68404,-9192131928.86443,6263291300.60049,0.915346582366259,-0.777752503962114
5836,1.89104,-0.651136,-8837824604.27898,5468280997.8469,0.909485669429712,0.11110208517308
5835,1.90211,-0.618034,-8373798014.53894,4706827474.00607,0.919253778305505,0.999999999918216
5835,1.91261,-0.584743,-7899900801.06367,4380399750.09184,0.909485669430072,-0.111102085335106
5834,1.92252,-0.551275,-7454300983.56272,3718697612.26606,0.915346582363824,0.777752503801191
5834,1.93185,-0.517638,-6954830144.57549,3434919458.94404,0.910462498171638,-0.333308963364257
5833,1.94059,-0.483844,-6523621000.4306,2841991728.09332,0.912416143749874,0.555523964021932
5833,1.94874,-0.449902,-6039330705.77707,2612682707.12468,0.91241614375206,-0.555523964220175
5832,1.9563,-0.415823,-5691125959.36004,2130882878.68355,0.910462498170272,0.333308963168192
5832,1.96325,-0.381618,-5299845518.62496,1975153039.33804,0.915346582366721,-0.777752503993719
5831,1.96962,-0.347296,-5069930791.08786,1612552803.37137,0.909485669429573,0.111102085145735
5830,1.97538,-0.312869,-4798129824.12561,1279433928.88487,0.919253778305019,0.999999999895301
5830,1.98054,-0.278346,-4550984668.22861,1211100002.36346,0.909485669430095,-0.11110208535852
5829,1.98509,-0.243739,-4268922129.57512,921806071.636402,0.915346582363408,0.777752503777643
5829,1.98904,-0.209057,-3945316287.4444,851141088.163818,0.910462498171767,-0.333308963386425
5828,1.99239,-0.174311,-3611525654.12082,593334273.585691,0.91241614374965,0.555523964001481
5828,1.99513,-0.139513,-3257192277.53063,535150839.242751,0.912416143752221,-0.555523964238393
5827,1.99726,-0.104672,-2964576615.56154,326610011.47999,0.910462498170182,0.333308963148836
5827,1.99878,-0.069799,-2671422317.22485,294625470.871561,0.915346582367075,-0.777752504016468
5826,1.9997,-0.0349048,-2497344026.3688,131184091.023278,0.909485669429527,0.111102085121839
