origElemNum,globCoord-x,globCoord-y,acouIntensity-x,acouIntensity-y,locCoord-xi,locCoord-eta
5825,2,-2.20442e-18,8.23674732604023e-08,1.91442709513762e-07,0.919253778304535,0.999999999870795
5825,1.9997,0.0349048,9.3834037572967e-08,2.07732084972545e-07,0.909485669430051,-0.11110208537854
5824,1.99878,0.069799,1.06009674813979e-07,2.27183256656058e-07,0.915346582363134,0.7777525037628
5824,1.99726,0.104672,1.18825253274275e-07,2.43843195214102e-07,0.910462498171695,-0.333308963393583
5823,1.99513,0.139513,1.32127201094144e-07,2.64378529971238e-07,0.912416143749585,0.555523964001403
5823,1.99239,0.174311,1.46265965877501e-07,2.81515280135788e-07,0.912416143752112,-0.555523964232293
5822,1.98904,0.209057,1.60566168081521e-07,3.03315351273518e-07,0.910462498170195,0.33330896316169
5822,1.98509,0.243739,1.75980780373368e-07,3.21017509975539e-07,0.915346582366752,-0.777752503996411
5821,1.98054,0.278346,1.91103766330126e-07,3.44194220479875e-07,0.909485669429537,0.111102085145532
5820,1.97538,0.312869,2.06737508914635e-07,3.68722274550081e-07,0.91925377830504,0.999999999897275
5820,1.96962,0.347296,2.23505247429978e-07,3.87173874691284e-07,0.909485669429959,-0.111102085350008
5819,1.96325,0.381618,2.39717959082605e-07,4.13310267733937e-07,0.915346582363608,0.777752503792493
5819,1.9563,0.415823,2.57533467143831e-07,4.3248242278186e-07,0.910462498171543,-0.333308963366333
5818,1.94874,0.449902,2.74073970945115e-07,4.60296890336072e-07,0.912416143749872,0.555523964026318
5818,1.94059,0.483844,2.92763940649516e-07,4.80172397933393e-07,0.912416143751876,-0.555523964209557
5817,1.93185,0.517638,3.09299152635888e-07,5.09564483629148e-07,0.910462498170338,0.333308963182653
5817,1.92252,0.551275,3.28702890982036e-07,5.30129911062305e-07,0.915346582366455,-0.777752503976955
5816,1.91261,0.584743,3.44980588750645e-07,5.60999179116119e-07,0.909485669429567,0.111102085165898
5815,1.90211,0.618034,3.6133817093792e-07,5.93603176639279e-07,0.919253778305533,0.999999999919169
5815,1.89104,0.651136,3.80736651622069e-07,6.1469253901599e-07,0.909485669429933,-0.111102085328256
5814,1.87939,0.68404,3.96397390168406e-07,6.48875935758265e-07,0.915346582363941,0.777752503814277
5814,1.86716,0.716736,4.16050065849705e-07,6.70571190801934e-07,0.910462498171402,-0.333308963343933
5813,1.85437,0.749213,4.30643803749165e-07,7.06027175417961e-07,0.912416143750119,0.555523964050056
5813,1.84101,0.781462,4.50282893423537e-07,7.28172621603749e-07,0.912416143751575,-0.555523964183394
5812,1.82709,0.813473,4.63400730210453e-07,7.64504749369341e-07,0.910462498170486,0.333308963212263
5812,1.81262,0.845237,4.82796315422035e-07,7.86971396687254e-07,0.915346582365915,-0.777752503943209
5811,1.79759,0.876742,4.94139167838594e-07,8.23872949004464e-07,0.909485669429635,0.111102085200681
5810,1.78201,0.907981,5.051424785724e-07,8.62331712761024e-07,0.919253778306195,0.999999999954235
5810,1.7659,0.938943,5.22451033737233e-07,8.83801017217518e-07,0.909485669429844,-0.111102085292603
5809,1.74924,0.969619,5.31312150462942e-07,9.22458277931175e-07,0.915346582364538,0.777752503850291
5809,1.73205,1,5.47857597805221e-07,9.43788393969412e-07,0.910462498171199,-0.333308963308445
5808,1.71433,1.03008,5.54317806071439e-07,9.82114001627945e-07,0.912416143750526,0.555523964084446
5808,1.6961,1.05984,5.69912546413849e-07,1.00310176177621e-06,0.912416143751246,-0.555523964150953
5807,1.67734,1.08928,5.7385095167552e-07,1.04057244601231e-06,0.910462498170725,0.333308963242434
5807,1.65808,1.11839,5.88438591585907e-07,1.0611310454695e-06,0.915346582365508,-0.777752503915519
5806,1.6383,1.14715,5.89727596823987e-07,1.09735809718038e-06,0.909485669429676,0.11110208522853
5805,1.61803,1.17557,5.90712972587843e-07,1.13444369098756e-06,0.919253778306765,0.999999999982884
5805,1.59727,1.20363,6.01887421913769e-07,1.15177557096969e-06,0.909485669429817,-0.111102085265541
5804,1.57602,1.23132,6.0041500918543e-07,1.18698527617894e-06,0.9153465823649,0.777752503876539
5804,1.55429,1.25864,6.10576473247878e-07,1.20355258467519e-06,0.910462498170939,-0.333308963279996
5803,1.53209,1.28558,6.06840496242187e-07,1.23694268044732e-06,0.912416143750815,0.555523964114853
5803,1.50942,1.31212,6.161777489598e-07,1.25290796755641e-06,0.91241614375085,-0.555523964118972
5802,1.48629,1.33826,6.10478942843265e-07,1.28469675194873e-06,0.910462498170897,0.333308963276791
5802,1.46271,1.364,6.1924093788276e-07,1.30033223416101e-06,0.915346582364929,-0.77775250387822
5801,1.43868,1.38932,6.11896677852124e-07,1.33079936345265e-06,0.909485669429954,0.111102085257182
5801,1.41421,1.41421,6.20278674831585e-07,1.34632809381855e-06,0.919253778307104,-0.999999999999994
850,1.38932,1.43868,6.11478237127006e-07,1.37570649103169e-06,0.909485669429991,-0.111102085260227
849,1.364,1.46271,6.02526966036396e-07,1.40616632753215e-06,0.915346582364834,0.777752503871359
849,1.33826,1.48629,6.0964123032887e-07,1.41998762557154e-06,0.910462498171096,-0.333308963290402
848,1.31212,1.50942,5.99509526392027e-07,1.44998605943982e-06,0.912416143750729,0.555523964099008
848,1.28558,1.53209,6.06842027756736e-07,1.46454696000722e-06,0.912416143751184,-0.555523964140596
847,1.25864,1.55429,5.95716102891534e-07,1.49467992418838e-06,0.910462498170846,0.333308963247574
847,1.23132,1.57602,6.03463615601886e-07,1.51037520555285e-06,0.915346582365554,-0.777752503916259
846,1.20363,1.59727,5.91430551352355e-07,1.54132227245293e-06,0.90948566942978,0.111102085221654
845,1.17557,1.61803,5.78618566294042e-07,1.5739485991239e-06,0.919253778306528,0.999999999969813
845,1.14715,1.6383,5.86686763992108e-07,1.59096082215938e-06,0.909485669429915,-0.111102085282135
844,1.11839,1.65808,5.72660862700556e-07,1.62514158575718e-06,0.915346582364625,0.777752503855763
844,1.08928,1.67734,5.81398944861171e-07,1.64425905777691e-06,0.910462498171253,-0.333308963307521
843,1.05984,1.6961,5.66107861284176e-07,1.68020565414693e-06,0.912416143750542,0.555523964080906
843,1.03008,1.71433,5.75461338811752e-07,1.70155048520606e-06,0.912416143751377,-0.555523964158847
842,1,1.73205,5.58491460421719e-07,1.73922249690078e-06,0.910462498170698,0.333308963230309
842,0.969619,1.74924,5.68209117493532e-07,1.76250255163248e-06,0.915346582365766,-0.777752503931825
841,0.938943,1.7659,5.49226718029972e-07,1.80144430389986e-06,0.909485669429764,0.111102085205048
840,0.907981,1.78201,5.28848583857207e-07,1.84186615884317e-06,0.919253778306164,0.99999999995148
840,0.876742,1.79759,5.37836587487804e-07,1.86617260219367e-06,0.909485669429979,-0.11110208530158
839,0.845237,1.81262,5.15037013276278e-07,1.90716760850249e-06,0.91534658236432,0.777752503835068
839,0.813473,1.82709,5.23802302144732e-07,1.93254889787249e-06,0.91046249817139,-0.33330896333004
838,0.781462,1.84101,4.98345105967798e-07,1.9734053716466e-06,0.912416143750255,0.555523964056983
838,0.749213,1.85437,5.06663901479987e-07,1.99935722875882e-06,0.912416143751674,-0.555523964183563
837,0.716736,1.86716,4.78331205892088e-07,2.03912470071386e-06,0.910462498170584,0.333308963203304
837,0.68404,1.87939,4.85987968973227e-07,2.0650339267144e-06,0.915346582366261,-0.777752503962098
836,0.651136,1.89104,4.54521573579582e-07,2.10261983814609e-06,0.909485669429719,0.111102085173086
835,0.618034,1.90211,4.21674451183187e-07,2.14066775107279e-06,0.919253778305509,0.999999999918205
835,0.584743,1.91261,4.26802701833233e-07,2.16195186550009e-06,0.909485669430073,-0.111102085335132
834,0.551275,1.92252,3.911957514804e-07,2.19616578942122e-06,0.915346582363819,0.777752503801204
834,0.517638,1.93185,3.95315896930344e-07,2.21530984132063e-06,0.910462498171637,-0.333308963364254
833,0.483844,1.94059,3.57161196775879e-07,2.24459622869033e-06,0.912416143749877,0.55552396402192
833,0.449902,1.94874,3.60235346697085e-07,2.2608678004017e-06,0.91241614375206,-0.555523964220202
832,0.415823,1.9563,3.20043304631135e-07,2.28403622581179e-06,0.910462498170279,0.333308963168166
832,0.381618,1.96325,3.22114011659361e-07,2.29683009968619e-06,0.915346582366717,-0.777752503993703
831,0.347296,1.96962,2.80423150778772e-07,2.31304227592072e-06,0.909485669429573,0.111102085145737
830,0.312869,1.97538,2.38856880183706e-07,2.32876886769532e-06,0.919253778305012,0.99999999989529
830,0.278346,1.98054,2.39023601285334e-07,2.33060797749418e-06,0.909485669430091,-0.111102085358547
829,0.243739,1.98509,1.96907789239128e-07,2.33862827441449e-06,0.915346582363415,0.77775250377766
829,0.209057,1.98904,1.96605007628773e-07,2.3358852771582e-06,0.910462498171767,-0.333308963386422
828,0.174311,1.99239,1.54668807754417e-07,2.33588349574071e-06,0.912416143749651,0.55552396400147
828,0.139513,1.99513,1.54121646998389e-07,2.3286750882232e-06,0.912416143752224,-0.555523964238419
827,0.104672,1.99726,1.13047893619098e-07,2.32084643484631e-06,0.910462498170184,0.33330896314881
827,0.069799,1.99878,1.12476311428106e-07,2.30942587184616e-06,0.915346582367074,-0.777752504016452
826,0.0349048,1.9997,7.28217640921794e-08,2.29421676573666e-06,0.909485669429527,0.111102085121841
825,1.27747e-16,2,3.45742894887496e-08,2.27894699056464e-06,0.919253778304535,0.999999999870799
825,-0.0349048,1.9997,3.46807996549369e-08,2.25719434749427e-06,0.909485669430051,-0.111102085378537
824,-0.069799,1.99878,-1.42073370347244e-09,2.23571006579713e-06,0.915346582363134,0.777752503762801
824,-0.104672,1.99726,-7.62640308882834e-10,2.21120606076987e-06,0.910462498171695,-0.333308963393583
823,-0.139513,1.99513,-3.45040127764321e-08,2.18432624758694e-06,0.912416143749585,0.555523964001401
823,-0.174311,1.99239,-3.32148034221206e-08,2.15771252809356e-06,0.912416143752112,-0.555523964232297
822,-0.209057,1.98904,-6.44937923624571e-08,2.12642368362581e-06,0.910462498170195,0.333308963161685
822,-0.243739,1.98509,-6.25380917562381e-08,2.09832326946186e-06,0.915346582366744,-0.777752503996403
821,-0.278346,1.98054,-9.13436969060627e-08,2.06357948587113e-06,0.909485669429538,0.111102085145537
820,-0.312869,1.97538,-1.18798158688325e-07,2.02978255013172e-06,0.919253778305041,0.999999999897278
820,-0.347296,1.96962,-1.15106987899365e-07,1.99745457039915e-06,0.90948566942996,-0.111102085350006
819,-0.381618,1.96325,-1.40316383370176e-07,1.96158166519954e-06,0.915346582363608,0.777752503792493
819,-0.415823,1.9563,-1.36059172921884e-07,1.9296963177863e-06,0.910462498171543,-0.333308963366333
818,-0.449902,1.94874,-1.59252952369989e-07,1.8925048490656e-06,0.912416143749872,0.555523964026316
818,-0.483844,1.94059,-1.54493105212092e-07,1.86127588947769e-06,0.912416143751875,-0.555523964209561
817,-0.517638,1.93185,-1.75872773148176e-07,1.82325043223049e-06,0.910462498170336,0.333308963182646
817,-0.551275,1.92252,-1.70688900659996e-07,1.79294227686586e-06,0.915346582366457,-0.777752503976948
816,-0.584743,1.91261,-1.90288688793333e-07,1.75462860731332e-06,0.909485669429562,0.111102085165907
815,-0.618034,1.90211,-2.09231207139203e-07,1.71750636815965e-06,0.919253778305526,0.999999999919175
815,-0.651136,1.89104,-2.02855230267756e-07,1.68694466506289e-06,0.909485669429935,-0.111102085328253
814,-0.68404,1.87939,-2.2024412399834e-07,1.64961574113462e-06,0.915346582363941,0.777752503814277
814,-0.716736,1.86716,-2.13606176635817e-07,1.62025991317289e-06,0.910462498171402,-0.333308963343933
813,-0.749213,1.85437,-2.29390806631985e-07,1.58294929670937e-06,0.912416143750117,0.555523964050053
813,-0.781462,1.84101,-2.22535466049691e-07,1.55474559124827e-06,0.912416143751584,-0.555523964183396
812,-0.813473,1.82709,-2.36918950219551e-07,1.51746395823239e-06,0.910462498170484,0.33330896321226
812,-0.845237,1.81262,-2.29847657206486e-07,1.4902861821226e-06,0.91534658236591,-0.7777525039432
811,-0.876742,1.79759,-2.42802126780953e-07,1.45309400949214e-06,0.909485669429639,0.111102085200672
810,-0.907981,1.78201,-2.55011058440969e-07,1.41693391062391e-06,0.919253778306197,0.999999999954239
810,-0.938943,1.7659,-2.46970243090497e-07,1.38973674591752e-06,0.909485669429848,-0.111102085292613
809,-0.969619,1.74924,-2.57675386366371e-07,1.35355908073554e-06,0.915346582364533,0.777752503850298
809,-1,1.73205,-2.49379091087188e-07,1.32704011319543e-06,0.910462498171205,-0.333308963308436
808,-1.03008,1.71433,-2.58464778752815e-07,1.29075371317968e-06,0.912416143750522,0.55552396408444
808,-1.05984,1.6961,-2.49880484044472e-07,1.26472732855827e-06,0.912416143751243,-0.555523964150944
807,-1.08928,1.67734,-2.57288523708871e-07,1.22847368150004e-06,0.910462498170733,0.33330896324243
807,-1.11839,1.65808,-2.48487780054383e-07,1.20304928089246e-06,0.915346582365511,-0.777752503915504
806,-1.14715,1.6383,-2.54369228289968e-07,1.16670848503432e-06,0.909485669429678,0.11110208522852
805,-1.17557,1.61803,-2.59386712588064e-07,1.13133658804414e-06,0.91925377830677,0.999999999982889
805,-1.20363,1.59727,-2.4938195218876e-07,1.10521416193905e-06,0.909485669429819,-0.111102085265551
804,-1.23132,1.57602,-2.52616894308671e-07,1.0698303292471e-06,0.915346582364893,0.777752503876544
804,-1.25864,1.55429,-2.42309621548012e-07,1.04398378137216e-06,0.910462498170937,-0.333308963279986
803,-1.28558,1.53209,-2.43896874292744e-07,1.00858201371287e-06,0.912416143750809,0.555523964114847
803,-1.31212,1.50942,-2.33271356987107e-07,9.82923600651499e-07,0.912416143750849,-0.555523964118962
802,-1.33826,1.48629,-2.33202004813145e-07,9.4767498290711e-07,0.910462498170897,0.333308963276791
802,-1.364,1.46271,-2.22332642451771e-07,9.22291830618164e-07,0.915346582364928,-0.77775250387821
801,-1.38932,1.43868,-2.20664101514099e-07,8.87438749231745e-07,0.909485669429954,0.111102085257172
801,-1.41421,1.41421,-2.09606050605444e-07,8.62342304495059e-07,0.919253778307104,-0.999999999999994
15850,-1.43868,1.38932,-2.06435817057712e-07,8.27863818792774e-07,0.909485669429991,-0.111102085260237
15849,-1.46271,1.364,-2.02606670652901e-07,7.94516739178825e-07,0.915346582364828,0.777752503871364
15849,-1.48629,1.33826,-1.90708599637415e-07,7.69122687008131e-07,0.910462498171103,-0.333308963290387
15848,-1.50942,1.31212,-1.85670461270027e-07,7.36434957107189e-07,0.912416143750729,0.555523964099008
15848,-1.53209,1.28558,-1.7381018533056e-07,7.11482691996913e-07,0.912416143751185,-0.555523964140586
15847,-1.55429,1.25864,-1.67697207486745e-07,6.79595883283274e-07,0.910462498170851,0.333308963247569
15847,-1.57602,1.23132,-1.55946903455913e-07,6.55064193007721e-07,0.915346582365555,-0.777752503916249
15846,-1.59727,1.20363,-1.48943565117334e-07,6.24137853172586e-07,0.909485669429784,0.111102085221639
15845,-1.61803,1.17557,-1.41641805638519e-07,5.94314448426739e-07,0.919253778306531,0.999999999969823
15845,-1.6383,1.14715,-1.29815483620655e-07,5.70138781092905e-07,0.909485669429917,-0.111102085282151
15844,-1.65808,1.11839,-1.2198549384243e-07,5.41305809961458e-07,0.915346582364627,0.777752503855772
15844,-1.67734,1.08928,-1.10626624761302e-07,5.17769851017888e-07,0.910462498171251,-0.333308963307506
15843,-1.6961,1.05984,-1.02477058769525e-07,4.90208978138537e-07,0.912416143750542,0.555523964080906
15843,-1.71433,1.03008,-9.1781868825215e-08,4.67418541212129e-07,0.912416143751375,-0.555523964158831
15842,-1.73205,1,-8.36303002761527e-08,4.41005364046057e-07,0.910462498170697,0.333308963230296
15842,-1.74924,0.969619,-7.3610856189671e-08,4.18786560113461e-07,0.915346582365764,-0.777752503931822
15841,-1.7659,0.938943,-6.56099502509463e-08,3.93526293714403e-07,0.909485669429762,0.111102085205035
15840,-1.78201,0.907981,-5.77641153956271e-08,3.69244650429979e-07,0.919253778306162,0.999999999951483
15840,-1.79759,0.876742,-4.87921288340388e-08,3.47883910301261e-07,0.909485669429984,-0.111102085301589
15839,-1.81262,0.845237,-4.14699792440064e-08,3.24738262580097e-07,0.915346582364318,0.777752503835071
15839,-1.82709,0.813473,-3.35487735918506e-08,3.04072780233235e-07,0.910462498171391,-0.333308963330024
15838,-1.84101,0.781462,-2.69330161801574e-08,2.82082010154508e-07,0.912416143750253,0.555523964056986
15838,-1.85437,0.749213,-2.01512975148727e-08,2.62048489902773e-07,0.912416143751674,-0.555523964183544
15837,-1.86716,0.716736,-1.44227058712525e-08,2.41129586081048e-07,0.910462498170589,0.333308963203294
15837,-1.87939,0.68404,-8.88525343582766e-09,2.21650554151492e-07,0.915346582366259,-0.777752503962095
15836,-1.89104,0.651136,-4.23375227168485e-09,2.01646948947708e-07,0.909485669429715,0.111102085173074
15835,-1.90211,0.618034,-1.69753491874023e-10,1.82203695132132e-07,0.919253778305508,0.999999999918209
15835,-1.91261,0.584743,3.41206696383466e-09,1.63508897663348e-07,0.909485669430068,-0.111102085335144
15834,-1.92252,0.551275,6.17314134834622e-09,1.44816013862473e-07,0.915346582363818,0.777752503801208
15834,-1.93185,0.517638,8.25827191872321e-09,1.26586565014713e-07,0.910462498171639,-0.333308963364235
15833,-1.94059,0.483844,9.57246967896143e-09,1.08527589805251e-07,0.912416143749876,0.555523964021923
15833,-1.94874,0.449902,1.01212985060821e-08,9.06805804440479e-08,0.912416143752063,-0.555523964220183
15832,-1.9563,0.415823,9.90853740940793e-09,7.31212029258211e-08,0.910462498170272,0.333308963168156
15832,-1.96325,0.381618,8.86280378588617e-09,5.55536173058427e-08,0.915346582366716,-0.7777525039937
15831,-1.96962,0.347296,7.04832853832109e-09,3.83498193458406e-08,0.909485669429575,0.111102085145728
15830,-1.97538,0.312869,4.38951196492281e-09,2.11093304938348e-08,0.91925377830502,0.999999999895294
15830,-1.98054,0.278346,9.23221161461808e-10,3.975192142272e-09,0.909485669430092,-0.111102085358556
15829,-1.98509,0.243739,-3.3943699940971e-09,-1.32593673973771e-08,0.915346582363415,0.777752503777664
15829,-1.98904,0.209057,-8.51561414079406e-09,-3.03692712562497e-08,0.910462498171765,-0.333308963386404
15828,-1.99239,0.174311,-1.45001097527481e-08,-4.77904584716067e-08,0.912416143749651,0.555523964001473
15828,-1.99513,0.139513,-2.12704665856241e-08,-6.49130829558966e-08,0.912416143752222,-0.5555239642384
15827,-1.99726,0.104672,-2.88771471880432e-08,-8.26415131528359e-08,0.910462498170184,0.3333089631488
15827,-1.99878,0.069799,-3.72827965094563e-08,-9.98630792485286e-08,0.915346582367074,-0.777752504016448
15826,-1.9997,0.0349048,-4.64507549154164e-08,-1.18076790594967e-07,0.909485669429527,0.111102085121831
15825,-2,2.46315e-16,-5.64772421330219e-08,-1.36984325921674e-07,0.919253778304535,0.999999999870803
15825,-1.9997,-0.0349048,-6.70733534039234e-08,-1.54290894695028e-07,0.909485669430051,-0.111102085378547
15824,-1.99878,-0.069799,-7.84837521555453e-08,-1.73904488468844e-07,0.915346582363134,0.777752503762804
15824,-1.99726,-0.104672,-9.05707723265144e-08,-1.91536659056193e-07,0.910462498171696,-0.333308963393566
15823,-1.99513,-0.139513,-1.03262227320503e-07,-2.12060546341848e-07,0.912416143749586,0.555523964001405
15823,-1.99239,-0.174311,-1.16772481868542e-07,-2.30071458303923e-07,0.912416143752114,-0.555523964232279
15822,-1.98904,-0.209057,-1.30585891475499e-07,-2.51607610936612e-07,0.910462498170195,0.333308963161688
15822,-1.98509,-0.243739,-1.45462779907921e-07,-2.70084921645725e-07,0.915346582366744,-0.7777525039964
15821,-1.98054,-0.278346,-1.6026541413946e-07,-2.92807084151571e-07,0.909485669429545,0.111102085145526
15820,-1.97538,-0.312869,-1.75703168243297e-07,-3.16851351272178e-07,0.919253778305042,0.999999999897283
15820,-1.96962,-0.347296,-1.9202899769921e-07,-3.35895772758696e-07,0.909485669429957,-0.111102085350017
15819,-1.96325,-0.381618,-2.08098494440651e-07,-3.6127266621756e-07,0.915346582363609,0.777752503792499
15819,-1.9563,-0.415823,-2.25445616015857e-07,-3.80861808280894e-07,0.910462498171549,-0.333308963366345
15818,-1.94874,-0.449902,-2.41914806513069e-07,-4.07581863971251e-07,0.912416143749872,0.555523964026319
15818,-1.94059,-0.483844,-2.60254352231543e-07,-4.27833721168362e-07,0.91241614375188,-0.555523964209544
15817,-1.93185,-0.517638,-2.76952462919589e-07,-4.55950168632739e-07,0.910462498170337,0.33330896318265
15817,-1.92252,-0.551275,-2.96187268394381e-07,-4.76888413167263e-07,0.915346582366458,-0.777752503976945
15816,-1.91261,-0.584743,-3.1280288175475e-07,-5.06494358374428e-07,0.909485669429567,0.111102085165898
15815,-1.90211,-0.618034,-3.2966349508489e-07,-5.37725088154756e-07,0.919253778305528,0.999999999919178
15815,-1.89104,-0.651136,-3.49176786772152e-07,-5.59198201462534e-07,0.90948566942994,-0.111102085328262
15814,-1.87939,-0.68404,-3.65729967523809e-07,-5.91969678713165e-07,0.915346582363942,0.77775250381428
15814,-1.86716,-0.716736,-3.85827490817952e-07,-6.14167880010142e-07,0.910462498171397,-0.333308963343943
15813,-1.85437,-0.749213,-4.01765184741449e-07,-6.48493645800937e-07,0.912416143750119,0.555523964050056
15813,-1.84101,-0.781462,-4.2231948775031e-07,-6.71444967137834e-07,0.912416143751582,-0.555523964183381
15812,-1.82709,-0.813473,-4.37442462012133e-07,-7.07093120884478e-07,0.910462498170486,0.333308963212263
15812,-1.81262,-0.845237,-4.58365907877397e-07,-7.30784637815767e-07,0.915346582365912,-0.777752503943197
15811,-1.79759,-0.876742,-4.72396598980822e-07,-7.67650158519994e-07,0.909485669429641,0.111102085200675
15810,-1.78201,-0.907981,-4.86239483456648e-07,-8.06385276233281e-07,0.919253778306197,0.999999999954239
15810,-1.7659,-0.938943,-5.0623577202549e-07,-8.3009859171076e-07,0.90948566942985,-0.11110208529261
15809,-1.74924,-0.969619,-5.18705008961443e-07,-8.69948878041254e-07,0.915346582364535,0.777752503850301
15809,-1.73205,-1,-5.38794604055255e-07,-8.94330690355947e-07,0.9104624981712,-0.333308963308458
15808,-1.71433,-1.03008,-5.49745568387942e-07,-9.35268204380306e-07,0.912416143750526,0.555523964084446
15808,-1.6961,-1.05984,-5.6990346915129e-07,-9.60384250064911e-07,0.912416143751243,-0.555523964150944
15807,-1.67734,-1.08928,-5.78990101342262e-07,-1.00223965431244e-06,0.910462498170725,0.333308963242434
15807,-1.65808,-1.11839,-5.98899663030045e-07,-1.02780620892688e-06,0.915346582365503,-0.7777525039155
15806,-1.6383,-1.14715,-6.06106931618163e-07,-1.0701196440012e-06,0.90948566942967,0.111102085228524
15805,-1.61803,-1.17557,-6.1279313365663e-07,-1.11429738713278e-06,0.919253778306763,0.999999999982893
15805,-1.59727,-1.20363,-6.31016402465395e-07,-1.13921016436037e-06,0.909485669429812,-0.111102085265547
15804,-1.57602,-1.23132,-6.35546118003145e-07,-1.1839831784027e-06,0.915346582364898,0.777752503876549
15804,-1.55429,-1.25864,-6.53465748546246e-07,-1.20934734100478e-06,0.910462498170935,-0.333308963280012
15803,-1.53209,-1.28558,-6.5581248212529e-07,-1.25433595504995e-06,0.912416143750815,0.555523964114853
15803,-1.50942,-1.31212,-6.7344533953662e-07,-1.28019729071788e-06,0.912416143750855,-0.555523964118957
15802,-1.48629,-1.33826,-6.73436317998525e-07,-1.32525438431739e-06,0.910462498170897,0.333308963276791
15802,-1.46271,-1.364,-6.90646591148279e-07,-1.35146179747359e-06,0.915346582364928,-0.77775250387821
15801,-1.43868,-1.38932,-6.88057706235208e-07,-1.39634013673148e-06,0.909485669429954,0.111102085257172
15801,-1.41421,-1.41421,-7.04783265760253e-07,-1.4228385511325e-06,0.919253778307098,-0.999999999999989
10084,-1.38932,-1.43868,-6.99713017675296e-07,-1.46741664492384e-06,-0.909485669429983,0.111102085260242
10184,-1.364,-1.46271,-6.93897913867353e-07,-1.51356962001703e-06,-0.915346582364814,-0.777752503871363
10184,-1.33826,-1.48629,-7.08238739220013e-07,-1.53819636749852e-06,-0.910462498171062,0.333308963290425
10284,-1.31212,-1.50942,-6.99761526811887e-07,-1.58345574047676e-06,-0.912416143750702,-0.555523964098991
10284,-1.28558,-1.53209,-7.13470850112076e-07,-1.60807796883333e-06,-0.912416143751175,0.55552396414059
10384,-1.25864,-1.55429,-7.02276955915266e-07,-1.65231048537621e-06,-0.910462498170858,-0.333308963247603
10384,-1.23132,-1.57602,-7.15392644004236e-07,-1.67699398700846e-06,-0.915346582365569,0.777752503916277
10484,-1.20363,-1.59727,-7.01352463726375e-07,-1.71998907832329e-06,-0.909485669429755,-0.111102085221656
10584,-1.17557,-1.61803,-6.86646885343076e-07,-1.76425137205115e-06,-0.919253778306467,-0.999999999969833
10584,-1.14715,-1.6383,-6.97089325592782e-07,-1.78587722517821e-06,-0.909485669429891,0.111102085282108
10684,-1.11839,-1.65808,-6.79751587221403e-07,-1.82838541089535e-06,-0.915346582364624,-0.777752503855743
10684,-1.08928,-1.67734,-6.89462632651334e-07,-1.84959560474373e-06,-0.910462498171255,0.333308963307532
10784,-1.05984,-1.6961,-6.69128420959441e-07,-1.89004201523135e-06,-0.912416143750544,-0.555523964080908
10784,-1.03008,-1.71433,-6.77922346341066e-07,-1.91042037964245e-06,-0.912416143751393,0.555523964158839
10884,-1,-1.73205,-6.54997835658416e-07,-1.94828597390117e-06,-0.910462498170715,-0.333308963230315
10884,-0.969619,-1.74924,-6.63071071699994e-07,-1.96817127806376e-06,-0.915346582365772,0.777752503931858
10984,-0.938943,-1.7659,-6.37594203568894e-07,-2.00341049941147e-06,-0.909485669429763,-0.111102085205032
11084,-0.907981,-1.78201,-6.11369660774683e-07,-2.03964050409904e-06,-0.919253778306154,-0.99999999995149
11084,-0.876742,-1.79759,-6.16792019670321e-07,-2.05476397676156e-06,-0.909485669429981,0.111102085301552
11184,-0.845237,-1.81262,-5.88127511620842e-07,-2.08773256439924e-06,-0.915346582364332,-0.777752503835052
11184,-0.813473,-1.82709,-5.92756034917204e-07,-2.10163299486524e-06,-0.910462498171421,0.333308963330044
11284,-0.781462,-1.84101,-5.6167180001412e-07,-2.13105893398455e-06,-0.912416143750289,-0.555523964056998
11284,-0.749213,-1.85437,-5.65555408424578e-07,-2.14369461711983e-06,-0.912416143751684,0.555523964183542
11384,-0.716736,-1.86716,-5.32122966142144e-07,-2.16938272215196e-06,-0.910462498170579,-0.333308963203316
11384,-0.68404,-1.87939,-5.35265662247161e-07,-2.18058413108539e-06,-0.915346582366256,0.777752503962127
11484,-0.651136,-1.89104,-4.99968215609638e-07,-2.20212688938902e-06,-0.9094856694297,-0.111102085173069
11584,-0.618034,-1.90211,-4.64150620835715e-07,-2.22418800785586e-06,-0.919253778305473,-0.9999999999182
11584,-0.584743,-1.91261,-4.65271844930038e-07,-2.2290208898867e-06,-0.909485669430035,0.111102085335111
11684,-0.551275,-1.92252,-4.27588986133602e-07,-2.24666904589554e-06,-0.915346582363772,-0.777752503801188
11684,-0.517638,-1.93185,-4.28119715652147e-07,-2.24940842144442e-06,-0.910462498171642,0.333308963364261
11784,-0.483844,-1.94059,-3.89053521127994e-07,-2.26207447748893e-06,-0.912416143749915,-0.555523964021929
11784,-0.449902,-1.94874,-3.89097240313319e-07,-2.26270159555431e-06,-0.912416143752077,0.555523964220183
11884,-0.415823,-1.9563,-3.48688540660268e-07,-2.27033646130948e-06,-0.910462498170266,-0.33330896316818
11884,-0.381618,-1.96325,-3.48319805500615e-07,-2.26872116143971e-06,-0.915346582366712,0.777752503993725
11984,-0.347296,-1.96962,-3.06918126632418e-07,-2.2709538616804e-06,-0.909485669429565,-0.111102085145729
12084,-0.312869,-1.97538,-2.65462709206806e-07,-2.27321197750754e-06,-0.919253778305011,-0.999999999895287
12084,-0.278346,-1.98054,-2.6424207245622e-07,-2.26351666196805e-06,-0.909485669430107,0.111102085358526
12184,-0.243739,-1.98509,-2.22516763372147e-07,-2.26031872424823e-06,-0.915346582363447,-0.777752503777644
12184,-0.209057,-1.98904,-2.21297325068074e-07,-2.24844543385794e-06,-0.910462498171781,0.333308963386432
12284,-0.174311,-1.99239,-1.796149780971e-07,-2.24005735226556e-06,-0.912416143749663,-0.555523964001473
12284,-0.139513,-1.99513,-1.78486841551695e-07,-2.22585421290965e-06,-0.912416143752267,0.555523964238395
12384,-0.104672,-1.99726,-1.37224966349442e-07,-2.2122425658909e-06,-0.910462498170238,-0.333308963148834
12384,-0.069799,-1.99878,-1.36299059592303e-07,-2.19577016694651e-06,-0.915346582367131,0.777752504016471
12484,-0.0349048,-1.9997,-9.58860975639021e-08,-2.17719681181266e-06,-0.909485669429557,-0.111102085121833
12584,-4.35203e-16,-2,-5.62580156617476e-08,-2.1586495369828e-06,-0.919253778304537,-0.999999999870803
12584,0.0349048,-1.9997,-5.61692284453702e-08,-2.13532078861585e-06,-0.909485669430058,0.111102085378513
12684,0.069799,-1.99878,-1.79087176344303e-08,-2.11215059802345e-06,-0.915346582363139,-0.777752503762792
12684,0.104672,-1.99726,-1.83783586307985e-08,-2.08736364825141e-06,-0.9104624981717,0.333308963393593
12784,0.139513,-1.99513,1.81477779296766e-08,-2.06028167140632e-06,-0.912416143749591,-0.555523964001403
12784,0.174311,-1.99239,1.70689231209935e-08,-2.0342794387835e-06,-0.912416143752134,0.555523964232273
12884,0.209057,-1.98904,5.1522016884488e-08,-2.00384646921032e-06,-0.91046249817019,-0.333308963161724
12884,0.243739,-1.98509,4.98084983512217e-08,-1.97700407109798e-06,-0.915346582366752,0.777752503996427
12984,0.278346,-1.98054,8.19889705943671e-08,-1.94400908156847e-06,-0.909485669429543,-0.111102085145531
13084,0.312869,-1.97538,1.12836055150582e-07,-1.91158516173522e-06,-0.919253778305079,-0.999999999897294
13084,0.347296,-1.96962,1.09477093790479e-07,-1.88174773482951e-06,-0.909485669429971,0.111102085349981
13184,0.381618,-1.96325,1.37783141585913e-07,-1.84738719888809e-06,-0.915346582363621,-0.777752503792476
13184,0.415823,-1.9563,1.3379709161626e-07,-1.81762959199156e-06,-0.910462498171561,0.33330896336634
13284,0.449902,-1.94874,1.5949186700908e-07,-1.78186039979299e-06,-0.912416143749886,-0.555523964026324
13284,0.483844,-1.94059,1.54952442258367e-07,-1.75253914306164e-06,-0.912416143751904,0.555523964209538
13384,0.517638,-1.93185,1.78067233379321e-07,-1.71590616085879e-06,-0.910462498170363,-0.333308963182687
13384,0.551275,-1.92252,1.73038194610385e-07,-1.68717549883675e-06,-0.915346582366464,0.777752503976962
13484,0.584743,-1.91261,1.93801807624305e-07,-1.64988136599949e-06,-0.909485669429569,-0.111102085165906
13584,0.618034,-1.90211,2.13120035468279e-07,-1.61368440188163e-06,-0.919253778305519,-0.999999999919186
13584,0.651136,-1.89104,2.06705541573476e-07,-1.58413284102116e-06,-0.909485669429928,0.111102085328226
13684,0.68404,-1.87939,2.23812323300147e-07,-1.54766637566478e-06,-0.915346582363942,-0.777752503814258
13684,0.716736,-1.86716,2.17041197860302e-07,-1.51890137056142e-06,-0.910462498171394,0.333308963343945
13784,0.749213,-1.85437,2.32119841866154e-07,-1.48214947406923e-06,-0.912416143750121,-0.555523964050058
13784,0.781462,-1.84101,2.24987694294908e-07,-1.45403219751491e-06,-0.91241614375158,0.555523964183364
13884,0.813473,-1.82709,2.37921852308372e-07,-1.41698279574984e-06,-0.91046249817049,-0.333308963212306
13884,0.845237,-1.81262,2.3043077847551e-07,-1.38936008097223e-06,-0.915346582365913,0.777752503943214
13984,0.876742,-1.79759,2.41327547712576e-07,-1.35189301902137e-06,-0.909485669429626,-0.1111020852007
14084,0.907981,-1.78201,2.51301722930101e-07,-1.31551411460995e-06,-0.919253778306215,-0.999999999954254
14084,0.938943,-1.7659,2.42425683207873e-07,-1.28667604688299e-06,-0.909485669429858,0.111102085292581
14184,0.969619,-1.74924,2.50454892528754e-07,-1.24987337141073e-06,-0.915346582364524,-0.777752503850263
14184,1,-1.73205,2.41218004653278e-07,-1.22139278452137e-06,-0.910462498171194,0.333308963308465
14284,1.03008,-1.71433,2.47416835448186e-07,-1.18428389699988e-06,-0.91241614375052,-0.55552396408445
14284,1.05984,-1.6961,2.37852962896436e-07,-1.15620726377649e-06,-0.912416143751235,0.55552396415093
14384,1.08928,-1.67734,2.42256719935863e-07,-1.11885379756658e-06,-0.910462498170724,-0.333308963242461
14384,1.11839,-1.65808,2.3232965336418e-07,-1.09100532536954e-06,-0.915346582365498,0.777752503915531
14484,1.14715,-1.6383,2.34846256102071e-07,-1.05375092182175e-06,-0.909485669429676,-0.111102085228531
14584,1.17557,-1.61803,2.36550117103075e-07,-1.0177253318559e-06,-0.919253778306762,-0.999999999982903
14584,1.20363,-1.59727,2.25587568065242e-07,-9.89470249756519e-07,-0.909485669429825,0.1111020852655
14684,1.23132,-1.57602,2.25740977312424e-07,-9.53859811091046e-07,-0.91534658236492,-0.777752503876537
14684,1.25864,-1.55429,2.14680480336155e-07,-9.26246976616085e-07,-0.910462498170955,0.333308963280004
14784,1.28558,-1.53209,2.13345992855671e-07,-8.91212550604776e-07,-0.912416143750819,-0.555523964114867
14784,1.31212,-1.50942,2.02258422588771e-07,-8.64264585289322e-07,-0.912416143750872,0.555523964118932
14884,1.33826,-1.48629,1.99627275357561e-07,-8.2988145957867e-07,-0.910462498170903,-0.333308963276861
14884,1.364,-1.46271,1.88552508646492e-07,-8.03558051436438e-07,-0.915346582364901,0.777752503878194
14984,1.38932,-1.43868,1.84790329240511e-07,-7.69911029646466e-07,-0.909485669429939,-0.111102085257194
14984,1.41421,-1.41421,1.73799299855963e-07,-7.4423243223236e-07,-0.919253778307102,0.999999999999985
5850,1.43868,-1.38932,1.69089654561693e-07,-7.11531148086617e-07,0.909485669429985,-0.111102085260202
5849,1.46271,-1.364,1.63982485012782e-07,-6.80045409045369e-07,0.915346582364833,0.777752503871339
5849,1.48629,-1.33826,1.52779988161055e-07,-6.54840012498762e-07,0.910462498171102,-0.333308963290407
5848,1.50942,-1.31212,1.46943313503315e-07,-6.24333694943501e-07,0.91241614375073,0.555523964099018
5848,1.53209,-1.28558,1.36076600515932e-07,-5.99890965753625e-07,0.912416143751186,-0.555523964140576
5847,1.55429,-1.25864,1.29731597468247e-07,-5.70448135494292e-07,0.91046249817085,0.333308963247604
5847,1.57602,-1.23132,1.19296909868651e-07,-5.46803836383947e-07,0.91534658236556,-0.777752503916265
5846,1.59727,-1.20363,1.12612164680109e-07,-5.18429715806213e-07,0.909485669429786,0.111102085221649
5845,1.61803,-1.17557,1.05805343522571e-07,-4.91150046700688e-07,0.919253778306525,0.999999999969829
5845,1.6383,-1.14715,9.57120519767849e-08,-4.68175270501339e-07,0.909485669429914,-0.11110208528211
5844,1.65808,-1.11839,8.87533413868534e-08,-4.41847302764579e-07,0.915346582364627,0.777752503855747
5844,1.67734,-1.08928,7.92232016454105e-08,-4.19489373901378e-07,0.910462498171258,-0.333308963307527
5843,1.6961,-1.05984,7.22660198622966e-08,-3.94003990899226e-07,0.912416143750537,0.555523964080912
5843,1.71433,-1.03008,6.33548356240513e-08,-3.72212061676813e-07,0.912416143751378,-0.555523964158821
5842,1.73205,-1,5.65369556835492e-08,-3.47768757654646e-07,0.910462498170701,0.333308963230334
5842,1.74924,-0.969619,4.84203020531652e-08,-3.26684961058428e-07,0.915346582365767,-0.777752503931841
5841,1.7659,-0.938943,4.19811471750064e-08,-3.03476783295911e-07,0.909485669429766,0.111102085205045
5840,1.78201,-0.907981,3.57768824162319e-08,-2.81192816333132e-07,0.919253778306158,0.99999999995149
5840,1.79759,-0.876742,2.89173111848303e-08,-2.61152739998744e-07,0.909485669429983,-0.111102085301555
5839,1.81262,-0.845237,2.33760194204489e-08,-2.39989972726344e-07,0.915346582364319,0.777752503835052
5839,1.82709,-0.813473,1.75934114862664e-08,-2.20596280754679e-07,0.910462498171384,-0.333308963330046
5838,1.84101,-0.781462,1.28879328786509e-08,-2.00389016403043e-07,0.912416143750258,0.555523964056995
5838,1.85437,-0.749213,8.26115251345561e-09,-1.81587880984061e-07,0.91241614375167,-0.555523964183538
5837,1.86716,-0.716736,4.54576667397872e-09,-1.62293549255174e-07,0.91046249817059,0.333308963203332
5837,1.87939,-0.68404,1.15869573541581e-09,-1.44071816885752e-07,0.915346582366259,-0.777752503962114
5836,1.89104,-0.651136,-1.4256856807736e-09,-1.25706811387202e-07,0.909485669429712,0.11110208517308
5835,1.90211,-0.618034,-3.41105487563738e-09,-1.07810116425731e-07,0.919253778305505,0.999999999918216
5835,1.91261,-0.584743,-4.81504104600427e-09,-9.0529672179931e-08,0.909485669430072,-0.111102085335106
5834,1.92252,-0.551275,-5.48682755908788e-09,-7.33497930288146e-08,0.915346582363824,0.777752503801191
5834,1.93185,-0.517638,-5.48661740694836e-09,-5.65070225724801e-08,0.910462498171638,-0.333308963364257
5833,1.94059,-0.483844,-4.77035342901531e-09,-3.98366854472948e-08,0.912416143749874,0.555523964021932
5833,1.94874,-0.449902,-3.32661158218775e-09,-2.33191249178039e-08,0.91241614375206,-0.555523964220175
5832,1.9563,-0.415823,-1.15966965883986e-09,-6.98768026527097e-09,0.910462498170272,0.333308963168192
5832,1.96325,-0.381618,1.75687059218629e-09,9.27724289880148e-09,0.915346582366721,-0.777752503993719
5831,1.96962,-0.347296,5.4117538749274e-09,2.5413160471323e-08,0.909485669429573,0.111102085145735
5830,1.97538,-0.312869,9.85676108055657e-09,4.17014125781552e-08,0.919253778305019,0.999999999895301
5830,1.98054,-0.278346,1.49790978549951e-08,5.75939358159609e-08,0.909485669430095,-0.11110208535852
5829,1.98509,-0.243739,2.0927750411746e-08,7.39619670297649e-08,0.915346582363408,0.777752503777643
5829,1.98904,-0.209057,2.75181249114817e-08,8.9769105783332e-08,0.910462498171767,-0.333308963386425
5828,1.99239,-0.174311,3.49259871545259e-08,1.06378735298558e-07,0.91241614374965,0.555523964001481
5828,1.99513,-0.139513,4.2968591728076e-08,1.22212431882974e-07,0.912416143752221,-0.555523964238393
5827,1.99726,-0.104672,5.17865944296758e-08,1.39268961581598e-07,0.910462498170182,0.333308963148836
5827,1.99878,-0.069799,6.12718416338353e-08,1.55250138543766e-07,0.915346582367075,-0.777752504016468
5826,1.9997,-0.0349048,7.14459166837865e-08,1.72950163089549e-07,0.909485669429527,0.111102085121839
