origElemNum,globCoord-x,globCoord-y,acouPotentialD1-,locCoord-xi,locCoord-eta
5825,2,-2.20442e-18,-0.0345111934486127,0.919253778304535,0.999999999870795
5825,1.9997,0.0349048,-0.0337974551492542,0.909485669430051,-0.11110208537854
5824,1.99878,0.069799,-0.0330949918144274,0.915346582363134,0.7777525037628
5824,1.99726,0.104672,-0.0323869005664618,0.910462498171695,-0.333308963393583
5823,1.99513,0.139513,-0.0316845461263549,0.912416143749585,0.555523964001403
5823,1.99239,0.174311,-0.0309826351603427,0.912416143752112,-0.555523964232293
5822,1.98904,0.209057,-0.0302828022642994,0.910462498170195,0.33330896316169
5822,1.98509,0.243739,-0.0295897677955584,0.915346582366752,-0.777752503996411
5821,1.98054,0.278346,-0.0288947088284808,0.909485669429537,0.111102085145532
5820,1.97538,0.312869,-0.0282108183607014,0.91925377830504,0.999999999897275
5820,1.96962,0.347296,-0.027521099156475,0.909485669429959,-0.111102085350008
5819,1.96325,0.381618,-0.0268423457085074,0.915346582363608,0.777752503792493
5819,1.9563,0.415823,-0.0261622862283583,0.910462498171543,-0.333308963366333
5818,1.94874,0.449902,-0.0254894016090982,0.912416143749872,0.555523964026318
5818,1.94059,0.483844,-0.024820080106323,0.912416143751876,-0.555523964209557
5817,1.93185,0.517638,-0.0241543745380702,0.910462498170338,0.333308963182653
5817,1.92252,0.551275,-0.0234958390523641,0.915346582366455,-0.777752503976955
5816,1.91261,0.584743,-0.0228380783402774,0.909485669429567,0.111102085165898
5815,1.90211,0.618034,-0.0221907453341418,0.919253778305533,0.999999999919169
5815,1.89104,0.651136,-0.0215423396406189,0.909485669429933,-0.111102085328256
5814,1.87939,0.68404,-0.0209043929637315,0.915346582363941,0.777752503814277
5814,1.86716,0.716736,-0.0202686728625562,0.910462498171402,-0.333308963343933
5813,1.85437,0.749213,-0.0196399864486749,0.912416143750119,0.555523964050056
5813,1.84101,0.781462,-0.0190155206180643,0.912416143751575,-0.555523964183394
5812,1.82709,0.813473,-0.0183941787913797,0.910462498170486,0.333308963212263
5812,1.81262,0.845237,-0.0177791835884322,0.915346582365915,-0.777752503943209
5811,1.79759,0.876742,-0.0171644518849535,0.909485669429635,0.111102085200681
5810,1.78201,0.907981,-0.0165589988237589,0.919253778306195,0.999999999954235
5810,1.7659,0.938943,-0.0159513168364861,0.909485669429844,-0.111102085292603
5809,1.74924,0.969619,-0.0153524611176671,0.915346582364538,0.777752503850291
5809,1.73205,1,-0.0147532731769945,0.910462498171199,-0.333308963308445
5808,1.71433,1.03008,-0.0141597712256915,0.912416143750526,0.555523964084446
5808,1.6961,1.05984,-0.0135691671979839,0.912416143751246,-0.555523964150953
5807,1.67734,1.08928,-0.0129829764499806,0.910462498170725,0.333308963242434
5807,1.65808,1.11839,-0.0124032498141955,0.915346582365508,-0.777752503915519
5806,1.6383,1.14715,-0.011826088305959,0.909485669429676,0.11110208522853
5805,1.61803,1.17557,-0.011256637888061,0.919253778306765,0.999999999982884
5805,1.59727,1.20363,-0.0106908099481738,0.909485669429817,-0.111102085265541
5804,1.57602,1.23132,-0.0101332063370029,0.9153465823649,0.777752503876539
5804,1.55429,1.25864,-0.00958406726708897,0.910462498170939,-0.333308963279996
5803,1.53209,1.28558,-0.009044987566001,0.912416143750815,0.555523964114853
5803,1.50942,1.31212,-0.00851771384859802,0.91241614375085,-0.555523964118972
5802,1.48629,1.33826,-0.00800556102269184,0.910462498170897,0.333308963276791
5802,1.46271,1.364,-0.00750464363499651,0.915346582364929,-0.77775250387822
5801,1.43868,1.38932,-0.00702599278371968,0.909485669429954,0.111102085257182
5801,1.41421,1.41421,-0.00655399815683036,0.919253778307104,-0.999999999999994
850,1.38932,1.43868,-0.00611413495420011,0.909485669429991,-0.111102085260227
849,1.364,1.46271,-0.00568043479463424,0.915346582364834,0.777752503871359
849,1.33826,1.48629,-0.00527274763812941,0.910462498171096,-0.333308963290402
848,1.31212,1.50942,-0.0048774850216424,0.912416143750729,0.555523964099008
848,1.28558,1.53209,-0.00450196149119332,0.912416143751184,-0.555523964140596
847,1.25864,1.55429,-0.00414639097843082,0.910462498170846,0.333308963247574
847,1.23132,1.57602,-0.003802600564137,0.915346582365554,-0.777752503916259
846,1.20363,1.59727,-0.00348589448786377,0.90948566942978,0.111102085221654
845,1.17557,1.61803,-0.00317179054309765,0.919253778306528,0.999999999969813
845,1.14715,1.6383,-0.00288879495002452,0.909485669429915,-0.111102085282135
844,1.11839,1.65808,-0.00260575473450636,0.915346582364625,0.777752503855763
844,1.08928,1.67734,-0.00234110396891199,0.910462498171253,-0.333308963307521
843,1.05984,1.6961,-0.00208076018423136,0.912416143750542,0.555523964080906
843,1.03008,1.71433,-0.00183016616868432,0.912416143751377,-0.555523964158847
842,1,1.73205,-0.00158641883171297,0.910462498170698,0.333308963230309
842,0.969619,1.74924,-0.00134510842232617,0.915346582365766,-0.777752503931825
841,0.938943,1.7659,-0.00111403240219556,0.909485669429764,0.111102085205048
840,0.907981,1.78201,-0.000880649486945803,0.919253778306164,0.99999999995148
840,0.876742,1.79759,-0.000662989681677397,0.909485669429979,-0.11110208530158
839,0.845237,1.81262,-0.000443391970753524,0.91534658236432,0.777752503835068
839,0.813473,1.82709,-0.000235849981273062,0.91046249817139,-0.33330896333004
838,0.781462,1.84101,-3.12003160380295e-05,0.912416143750255,0.555523964056983
838,0.749213,1.85437,0.000165679873031195,0.912416143751674,-0.555523964183563
837,0.716736,1.86716,0.000353630484891515,0.910462498170584,0.333308963203304
837,0.68404,1.87939,0.000538159702765308,0.915346582366261,-0.777752503962098
836,0.651136,1.89104,0.000705404381393928,0.909485669429719,0.111102085173086
835,0.618034,1.90211,0.000874576115903582,0.919253778305509,0.999999999918205
835,0.584743,1.91261,0.0010166036939163,0.909485669430073,-0.111102085335132
834,0.551275,1.92252,0.00116010557914217,0.915346582363819,0.777752503801204
834,0.517638,1.93185,0.00128216965327969,0.910462498171637,-0.333308963364254
833,0.483844,1.94059,0.00139770663303492,0.912416143749877,0.55552396402192
833,0.449902,1.94874,0.00149850959429749,0.91241614375206,-0.555523964220202
832,0.415823,1.9563,0.00158396869484634,0.910462498170279,0.333308963168166
832,0.381618,1.96325,0.00166298682700069,0.915346582366717,-0.777752503993703
831,0.347296,1.96962,0.00171833001466907,0.909485669429573,0.111102085145737
830,0.312869,1.97538,0.00177682120715552,0.919253778305012,0.99999999989529
830,0.278346,1.98054,0.00180066031669898,0.909485669430091,-0.111102085358547
829,0.243739,1.98509,0.00182782692718522,0.915346582363415,0.77775250377766
829,0.209057,1.98904,0.00183011686512771,0.910462498171767,-0.333308963386422
828,0.174311,1.99239,0.0018268672171911,0.912416143749651,0.55552396400147
828,0.139513,1.99513,0.00180870814736796,0.912416143752224,-0.555523964238419
827,0.104672,1.99726,0.00177771500245802,0.910462498170184,0.33330896314881
827,0.069799,1.99878,0.00174277661543188,0.915346582367074,-0.777752504016452
826,0.0349048,1.9997,0.00168671371377249,0.909485669429527,0.111102085121841
825,1.27747e-16,2,0.00163588138430451,0.919253778304535,0.999999999870799
825,-0.0349048,1.9997,0.00155441010873534,0.909485669430051,-0.111102085378537
824,-0.069799,1.99878,0.00147814233244796,0.915346582363134,0.777752503762801
824,-0.104672,1.99726,0.00138028335110807,0.910462498171695,-0.333308963393583
823,-0.139513,1.99513,0.00127955519963318,0.912416143749585,0.555523964001401
823,-0.174311,1.99239,0.00116745232268524,0.912416143752112,-0.555523964232297
822,-0.209057,1.98904,0.00104298912874942,0.910462498170195,0.333308963161685
822,-0.243739,1.98509,0.00091504941258615,0.915346582366744,-0.777752503996403
821,-0.278346,1.98054,0.00076727422489239,0.909485669429538,0.111102085145537
820,-0.312869,1.97538,0.000625172363907691,0.919253778305041,0.999999999897278
820,-0.347296,1.96962,0.000457087076805048,0.90948566942996,-0.111102085350006
819,-0.381618,1.96325,0.000295466588229774,0.915346582363608,0.777752503792493
819,-0.415823,1.9563,0.00011751269563863,0.910462498171543,-0.333308963366333
818,-0.449902,1.94874,-6.22348823933439e-05,0.912416143749872,0.555523964026316
818,-0.483844,1.94059,-0.000251628142983836,0.912416143751875,-0.555523964209561
817,-0.517638,1.93185,-0.000450426788753049,0.910462498170336,0.333308963182646
817,-0.551275,1.92252,-0.000650787940431791,0.915346582366457,-0.777752503976948
816,-0.584743,1.91261,-0.000868738780792021,0.909485669429562,0.111102085165907
815,-0.618034,1.90211,-0.00108046559355375,0.919253778305526,0.999999999919175
815,-0.651136,1.89104,-0.00131889088504726,0.909485669429935,-0.111102085328253
814,-0.68404,1.87939,-0.00155118560498849,0.915346582363941,0.777752503814277
814,-0.716736,1.86716,-0.00180189489994667,0.910462498171402,-0.333308963343933
813,-0.749213,1.85437,-0.00205466476363371,0.912416143750117,0.555523964050053
813,-0.781462,1.84101,-0.00231774298675452,0.912416143751584,-0.555523964183396
812,-0.813473,1.82709,-0.00259209496083808,0.910462498170484,0.33330896321226
812,-0.845237,1.81262,-0.00286879062529973,0.91534658236591,-0.7777525039432
811,-0.876742,1.79759,-0.00316749178200941,0.909485669429639,0.111102085200672
810,-0.907981,1.78201,-0.0034597769915584,0.919253778306197,0.999999999954239
810,-0.938943,1.7659,-0.00378471082439376,0.909485669429848,-0.111102085292613
809,-0.969619,1.74924,-0.00410281183256513,0.915346582364533,0.777752503850298
809,-1,1.73205,-0.00444270752094511,0.910462498171205,-0.333308963308436
808,-1.03008,1.71433,-0.00478528108204215,0.912416143750522,0.55552396408444
808,-1.05984,1.6961,-0.00514024178786779,0.912416143751243,-0.555523964150944
807,-1.08928,1.67734,-0.00550915829321368,0.910462498170733,0.33330896324243
807,-1.11839,1.65808,-0.00588131571915774,0.915346582365511,-0.777752503915504
806,-1.14715,1.6383,-0.00627622070159472,0.909485669429678,0.11110208522852
805,-1.17557,1.61803,-0.00666294244052822,0.91925377830677,0.999999999982889
805,-1.20363,1.59727,-0.00708347212335926,0.909485669429819,-0.111102085265551
804,-1.23132,1.57602,-0.00749562899210001,0.915346582364893,0.777752503876544
804,-1.25864,1.55429,-0.00793095344866779,0.910462498170937,-0.333308963279986
803,-1.28558,1.53209,-0.00836801679519269,0.912416143750809,0.555523964114847
803,-1.31212,1.50942,-0.00881722606389693,0.912416143750849,-0.555523964118962
802,-1.33826,1.48629,-0.00927841675227987,0.910462498170897,0.333308963276791
802,-1.364,1.46271,-0.00974087191298017,0.915346582364928,-0.77775250387821
801,-1.38932,1.43868,-0.0102252518925807,0.909485669429954,0.111102085257172
801,-1.41421,1.41421,-0.0106999778469447,0.919253778307104,-0.999999999999994
15850,-1.43868,1.38932,-0.0112090567451972,0.909485669429991,-0.111102085260237
15849,-1.46271,1.364,-0.0117080301671138,0.915346582364828,0.777752503871364
15849,-1.48629,1.33826,-0.012227292783509,0.910462498171103,-0.333308963290387
15848,-1.50942,1.31212,-0.0127465068038244,0.912416143750729,0.555523964099008
15848,-1.53209,1.28558,-0.0132756814707165,0.912416143751185,-0.555523964140586
15847,-1.55429,1.25864,-0.0138144758499813,0.910462498170851,0.333308963247569
15847,-1.57602,1.23132,-0.0143528277870545,0.915346582365555,-0.777752503916249
15846,-1.59727,1.20363,-0.0149105345929046,0.909485669429784,0.111102085221639
15845,-1.61803,1.17557,-0.0154578608517417,0.919253778306531,0.999999999969823
15845,-1.6383,1.14715,-0.0160336880094448,0.909485669429917,-0.111102085282151
15844,-1.65808,1.11839,-0.0165988395233925,0.915346582364627,0.777752503855772
15844,-1.67734,1.08928,-0.0171816691035074,0.910462498171251,-0.333308963307506
15843,-1.6961,1.05984,-0.0177643067747203,0.912416143750542,0.555523964080906
15843,-1.71433,1.03008,-0.0183565516364623,0.912416143751375,-0.555523964158831
15842,-1.73205,1,-0.0189567905079479,0.910462498170697,0.333308963230296
15842,-1.74924,0.969619,-0.0195556513188772,0.915346582365764,-0.777752503931822
15841,-1.7659,0.938943,-0.0201713818123993,0.909485669429762,0.111102085205035
15840,-1.78201,0.907981,-0.0207765239141186,0.919253778306162,0.999999999951483
15840,-1.79759,0.876742,-0.0214095968546425,0.909485669429984,-0.111102085301589
15839,-1.81262,0.845237,-0.0220324835505806,0.915346582364318,0.777752503835071
15839,-1.82709,0.813473,-0.0226730915380068,0.910462498171391,-0.333308963330024
15838,-1.84101,0.781462,-0.0233119013638165,0.912416143750253,0.555523964056986
15838,-1.85437,0.749213,-0.0239575337625464,0.912416143751674,-0.555523964183544
15837,-1.86716,0.716736,-0.0246088873165101,0.910462498170589,0.333308963203294
15837,-1.87939,0.68404,-0.0252576026934965,0.915346582366259,-0.777752503962095
15836,-1.89104,0.651136,-0.0259206001534026,0.909485669429715,0.111102085173074
15835,-1.90211,0.618034,-0.0265729421404192,0.919253778305508,0.999999999918209
15835,-1.91261,0.584743,-0.0272484242050193,0.909485669430068,-0.111102085335144
15834,-1.92252,0.551275,-0.0279132681011013,0.915346582363818,0.777752503801208
15834,-1.93185,0.517638,-0.0285916887044774,0.910462498171639,-0.333308963364235
15833,-1.94059,0.483844,-0.0292676814063902,0.912416143749876,0.555523964021923
15833,-1.94874,0.449902,-0.0299491532560183,0.912416143752063,-0.555523964220183
15832,-1.9563,0.415823,-0.0306359091962468,0.910462498170272,0.333308963168156
15832,-1.96325,0.381618,-0.0313200189554732,0.915346582366716,-0.7777525039937
15831,-1.96962,0.347296,-0.032014018426253,0.909485669429575,0.111102085145728
15830,-1.97538,0.312869,-0.0326969557848254,0.91925377830502,0.999999999895294
15830,-1.98054,0.278346,-0.0333981547150379,0.909485669430092,-0.111102085358556
15829,-1.98509,0.243739,-0.0340886861005447,0.915346582363415,0.777752503777664
15829,-1.98904,0.209057,-0.0347897815320322,0.910462498171765,-0.333308963386404
15828,-1.99239,0.174311,-0.0354876623886839,0.912416143749651,0.555523964001473
15828,-1.99513,0.139513,-0.0361893438270402,0.912416143752222,-0.5555239642384
15827,-1.99726,0.104672,-0.0368920170386269,0.910462498170184,0.3333089631488
15827,-1.99878,0.069799,-0.0375895529653637,0.915346582367074,-0.777752504016448
15826,-1.9997,0.0349048,-0.0382944625773415,0.909485669429527,0.111102085121831
15825,-2,2.46315e-16,-0.0389885429626427,0.919253778304535,0.999999999870803
15825,-1.9997,-0.0349048,-0.0396957212627793,0.909485669430051,-0.111102085378547
15824,-1.99878,-0.069799,-0.040391983017241,0.915346582363134,0.777752503762804
15824,-1.99726,-0.104672,-0.0410941734263029,0.910462498171696,-0.333308963393566
15823,-1.99513,-0.139513,-0.04178991969008,0.912416143749586,0.555523964001405
15823,-1.99239,-0.174311,-0.0424839780317403,0.912416143752114,-0.555523964232279
15822,-1.98904,-0.209057,-0.0431783452002533,0.910462498170195,0.333308963161688
15822,-1.98509,-0.243739,-0.0438675404292627,0.915346582366744,-0.7777525039964
15821,-1.98054,-0.278346,-0.0445602615861961,0.909485669429545,0.111102085145526
15820,-1.97538,-0.312869,-0.045242215370732,0.919253778305042,0.999999999897283
15820,-1.96962,-0.347296,-0.0459300919798377,0.909485669429957,-0.111102085350017
15819,-1.96325,-0.381618,-0.0466063696574777,0.915346582363609,0.777752503792499
15819,-1.9563,-0.415823,-0.0472814296178089,0.910462498171549,-0.333308963366345
15818,-1.94874,-0.449902,-0.0479493902440728,0.912416143749872,0.555523964026319
15818,-1.94059,-0.483844,-0.0486139066516349,0.91241614375188,-0.555523964209544
15817,-1.93185,-0.517638,-0.0492740843095328,0.910462498170337,0.33330896318265
15817,-1.92252,-0.551275,-0.049926621183517,0.915346582366458,-0.777752503976945
15816,-1.91261,-0.584743,-0.0505768131446423,0.909485669429567,0.111102085165898
15815,-1.90211,-0.618034,-0.0512162647624528,0.919253778305528,0.999999999919178
15815,-1.89104,-0.651136,-0.0518559034599056,0.90948566942994,-0.111102085328262
15814,-1.87939,-0.68404,-0.0524846968590636,0.915346582363942,0.77775250381428
15814,-1.86716,-0.716736,-0.0531088769753122,0.910462498171397,-0.333308963343943
15813,-1.85437,-0.749213,-0.0537237688785339,0.912416143750119,0.555523964050056
15813,-1.84101,-0.781462,-0.0543307926749381,0.912416143751582,-0.555523964183381
15812,-1.82709,-0.813473,-0.0549302955599218,0.910462498170486,0.333308963212263
15812,-1.81262,-0.845237,-0.0555209213419587,0.915346582365912,-0.777752503943197
15811,-1.79759,-0.876742,-0.0561063800219305,0.909485669429641,0.111102085200675
15810,-1.78201,-0.907981,-0.056682444202749,0.919253778306197,0.999999999954239
15810,-1.7659,-0.938943,-0.0572543260262462,0.90948566942985,-0.11110208529261
15809,-1.74924,-0.969619,-0.0578165451919247,0.915346582364535,0.777752503850301
15809,-1.73205,-1,-0.0583704292782076,0.9104624981712,-0.333308963308458
15808,-1.71433,-1.03008,-0.0589155506757584,0.912416143750526,0.555523964084446
15808,-1.6961,-1.05984,-0.0594521746255778,0.912416143751243,-0.555523964150944
15807,-1.67734,-1.08928,-0.0599820230787977,0.910462498170725,0.333308963242434
15807,-1.65808,-1.11839,-0.0605044898117142,0.915346582365503,-0.7777525039155
15806,-1.6383,-1.14715,-0.0610180146483639,0.90948566942967,0.111102085228524
15805,-1.61803,-1.17557,-0.0615234452236941,0.919253778306763,0.999999999982893
15805,-1.59727,-1.20363,-0.0620199841498374,0.909485669429812,-0.111102085265547
15804,-1.57602,-1.23132,-0.0625088703804315,0.915346582364898,0.777752503876549
15804,-1.55429,-1.25864,-0.0629886428810809,0.910462498170935,-0.333308963280012
15803,-1.53209,-1.28558,-0.0634601022726111,0.912416143750815,0.555523964114853
15803,-1.50942,-1.31212,-0.0639223218111512,0.912416143750855,-0.555523964118957
15802,-1.48629,-1.33826,-0.0643750102079723,0.910462498170897,0.333308963276791
15802,-1.46271,-1.364,-0.0648193374970876,0.915346582364928,-0.77775250387821
15801,-1.43868,-1.38932,-0.0652516434721598,0.909485669429954,0.111102085257172
15801,-1.41421,-1.41421,-0.0656768148296926,0.919253778307098,-0.999999999999989
10084,-1.38932,-1.43868,-0.0660908455110263,-0.909485669429983,0.111102085260242
10184,-1.364,-1.46271,-0.0664975516469166,-0.915346582364814,-0.777752503871363
10184,-1.33826,-1.48629,-0.0668903580160933,-0.910462498171062,0.333308963290425
10284,-1.31212,-1.50942,-0.0672736347918724,-0.912416143750702,-0.555523964098991
10284,-1.28558,-1.53209,-0.0676449781992483,-0.912416143751175,0.55552396414059
10384,-1.25864,-1.55429,-0.0680038052839584,-0.910462498170858,-0.333308963247603
10384,-1.23132,-1.57602,-0.0683526934948139,-0.915346582365569,0.777752503916277
10484,-1.20363,-1.59727,-0.0686862161551256,-0.909485669429755,-0.111102085221656
10584,-1.17557,-1.61803,-0.0690124540480559,-0.919253778306467,-0.999999999969833
10584,-1.14715,-1.6383,-0.069320196689301,-0.909485669429891,0.111102085282108
10684,-1.11839,-1.65808,-0.0696204427210037,-0.915346582364624,-0.777752503855743
10684,-1.08928,-1.67734,-0.0699042580349093,-0.910462498171255,0.333308963307532
10784,-1.05984,-1.6961,-0.0701789705838113,-0.912416143750544,-0.555523964080908
10784,-1.03008,-1.71433,-0.0704422223486431,-0.912416143751393,0.555523964158839
10884,-1,-1.73205,-0.0706929284798499,-0.910462498170715,-0.333308963230315
10884,-0.969619,-1.74924,-0.0709337954156966,-0.915346582365772,0.777752503931858
10984,-0.938943,-1.7659,-0.07116004300347,-0.909485669429763,-0.111102085205032
11084,-0.907981,-1.78201,-0.071379598267205,-0.919253778306154,-0.99999999995149
11084,-0.876742,-1.79759,-0.0715865935424919,-0.909485669429981,0.111102085301552
11184,-0.845237,-1.81262,-0.0717885899047138,-0.915346582364332,-0.777752503835052
11184,-0.813473,-1.82709,-0.0719812340744033,-0.910462498171421,0.333308963330044
11284,-0.781462,-1.84101,-0.0721681599277693,-0.912416143750289,-0.555523964056998
11284,-0.749213,-1.85437,-0.0723479127196278,-0.912416143751684,0.555523964183542
11384,-0.716736,-1.86716,-0.0725215486614033,-0.910462498170579,-0.333308963203316
11384,-0.68404,-1.87939,-0.0726908592534283,-0.915346582366256,0.777752503962127
11484,-0.651136,-1.89104,-0.0728552372050891,-0.9094856694297,-0.111102085173069
11584,-0.618034,-1.90211,-0.0730189525626215,-0.919253778305473,-0.9999999999182
11584,-0.584743,-1.91261,-0.073178959154463,-0.909485669430035,0.111102085335111
11684,-0.551275,-1.92252,-0.0733400823408698,-0.915346582363772,-0.777752503801188
11684,-0.517638,-1.93185,-0.0734978765746907,-0.910462498171642,0.333308963364261
11784,-0.483844,-1.94059,-0.0736563868644542,-0.912416143749915,-0.555523964021929
11784,-0.449902,-1.94874,-0.0738136729534584,-0.912416143752077,0.555523964220183
11884,-0.415823,-1.9563,-0.0739694416347876,-0.910462498170266,-0.33330896316818
11884,-0.381618,-1.96325,-0.0741272065478414,-0.915346582366712,0.777752503993725
11984,-0.347296,-1.96962,-0.0742746642597691,-0.909485669429565,-0.111102085145729
12084,-0.312869,-1.97538,-0.0744279192838213,-0.919253778305011,-0.999999999895287
12084,-0.278346,-1.98054,-0.0745613289673901,-0.909485669430107,0.111102085358526
12184,-0.243739,-1.98509,-0.0747001166754092,-0.915346582363447,-0.777752503777644
12184,-0.209057,-1.98904,-0.0748207409299019,-0.910462498171781,0.333308963386432
12284,-0.174311,-1.99239,-0.0749374986112685,-0.912416143749663,-0.555523964001473
12284,-0.139513,-1.99513,-0.0750409870335404,-0.912416143752267,0.555523964238395
12384,-0.104672,-1.99726,-0.0751246400260982,-0.910462498170238,-0.333308963148834
12384,-0.069799,-1.99878,-0.0752008120147856,-0.915346582367131,0.777752504016471
12484,-0.0349048,-1.9997,-0.0752424507661554,-0.909485669429557,-0.111102085121833
12584,-4.35203e-16,-2,-0.0752886757620689,-0.919253778304537,-0.999999999870803
12584,0.0349048,-1.9997,-0.07528280982843,-0.909485669430058,0.111102085378513
12684,0.069799,-1.99878,-0.0752799724083724,-0.915346582363139,-0.777752503762792
12684,0.104672,-1.99726,-0.0752363818798581,-0.9104624981717,0.333308963393593
12784,0.139513,-1.99513,-0.0751806209620004,-0.912416143749591,-0.555523964001403
12784,0.174311,-1.99239,-0.0750979738654627,-0.912416143752134,0.555523964232273
12884,0.209057,-1.98904,-0.0749913885890703,-0.91046249817019,-0.333308963161724
12884,0.243739,-1.98509,-0.0748740752045085,-0.915346582366752,0.777752503996427
12984,0.278346,-1.98054,-0.0747207670191367,-0.909485669429543,-0.111102085145531
13084,0.312869,-1.97538,-0.0745695705835471,-0.919253778305079,-0.999999999897294
13084,0.347296,-1.96962,-0.0743747675903335,-0.909485669429971,0.111102085349981
13184,0.381618,-1.96325,-0.0741832482942629,-0.915346582363621,-0.777752503792476
13184,0.415823,-1.9563,-0.0739627939931285,-0.910462498171561,0.33330896336634
13284,0.449902,-1.94874,-0.0737385405204203,-0.912416143749886,-0.555523964026324
13284,0.483844,-1.94059,-0.0735018854336966,-0.912416143751904,0.555523964209538
13384,0.517638,-1.93185,-0.0732569666608155,-0.910462498170363,-0.333308963182687
13384,0.551275,-1.92252,-0.0730110598753997,-0.915346582366464,0.777752503976962
13484,0.584743,-1.91261,-0.0727531747545472,-0.909485669429569,-0.111102085165906
13584,0.618034,-1.90211,-0.0725027975005731,-0.919253778305519,-0.999999999919186
13584,0.651136,-1.89104,-0.0722376219430771,-0.909485669429928,0.111102085328226
13684,0.68404,-1.87939,-0.0719812572365663,-0.915346582363942,-0.777752503814258
13684,0.716736,-1.86716,-0.0717154748640628,-0.910462498171394,0.333308963343945
13784,0.749213,-1.85437,-0.0714521022829425,-0.912416143750121,-0.555523964050058
13784,0.781462,-1.84101,-0.0711843927918118,-0.91241614375158,0.555523964183364
13884,0.813473,-1.82709,-0.0709122743007862,-0.91046249817049,-0.333308963212306
13884,0.845237,-1.81262,-0.0706435359037156,-0.915346582365913,0.777752503943214
13984,0.876742,-1.79759,-0.0703624833180199,-0.909485669429626,-0.1111020852007
14084,0.907981,-1.78201,-0.0700934561980407,-0.919253778306215,-0.999999999954254
14084,0.938943,-1.7659,-0.0698007706494279,-0.909485669429858,0.111102085292581
14184,0.969619,-1.74924,-0.069519332902621,-0.915346582364524,-0.777752503850263
14184,1,-1.73205,-0.0692185947720872,-0.910462498171194,0.333308963308465
14284,1.03008,-1.71433,-0.0689183277666467,-0.91241614375052,-0.55552396408445
14284,1.05984,-1.6961,-0.0686075441158294,-0.912416143751235,0.55552396415093
14384,1.08928,-1.67734,-0.0682851518743309,-0.910462498170724,-0.333308963242461
14384,1.11839,-1.65808,-0.0679632044365906,-0.915346582365498,0.777752503915531
14484,1.14715,-1.6383,-0.0676131551577031,-0.909485669429676,-0.111102085228531
14584,1.17557,-1.61803,-0.0672747254204998,-0.919253778306762,-0.999999999982903
14584,1.20363,-1.59727,-0.0668917880985764,-0.909485669429825,0.1111020852655
14684,1.23132,-1.57602,-0.0665195454361061,-0.91534658236492,-0.777752503876537
14684,1.25864,-1.55429,-0.0661150699122775,-0.910462498170955,0.333308963280004
14784,1.28558,-1.53209,-0.065706561621593,-0.912416143750819,-0.555523964114867
14784,1.31212,-1.50942,-0.0652796196047424,-0.912416143750872,0.555523964118932
14884,1.33826,-1.48629,-0.0648348276505201,-0.910462498170903,-0.333308963276861
14884,1.364,-1.46271,-0.0643862617489847,-0.915346582364901,0.777752503878194
14984,1.38932,-1.43868,-0.0639071189150567,-0.909485669429939,-0.111102085257194
14984,1.41421,-1.41421,-0.0634380501381222,-0.919253778307102,0.999999999999985
5850,1.43868,-1.38932,-0.0629286955394986,0.909485669429985,-0.111102085260202
5849,1.46271,-1.364,-0.0624293424522861,0.915346582364833,0.777752503871339
5849,1.48629,-1.33826,-0.0619013416074895,0.910462498171102,-0.333308963290407
5848,1.50942,-1.31212,-0.0613705439908647,0.91241614375073,0.555523964099018
5848,1.53209,-1.28558,-0.0608245504626159,0.912416143751186,-0.555523964140576
5847,1.55429,-1.25864,-0.0602653272522063,0.91046249817085,0.333308963247604
5847,1.57602,-1.23132,-0.0597043292850199,0.91534658236556,-0.777752503916265
5846,1.59727,-1.20363,-0.0591223190325844,0.909485669429786,0.111102085221649
5845,1.61803,-1.17557,-0.0585503310042514,0.919253778306525,0.999999999969829
5845,1.6383,-1.14715,-0.0579501632661134,0.909485669429914,-0.11110208528211
5844,1.65808,-1.11839,-0.0573604174660551,0.915346582364627,0.777752503855747
5844,1.67734,-1.08928,-0.0567529133927821,0.910462498171258,-0.333308963307527
5843,1.6961,-1.05984,-0.0561468624248576,0.912416143750537,0.555523964080912
5843,1.71433,-1.03008,-0.0555333845970158,0.912416143751378,-0.555523964158821
5842,1.73205,-1,-0.0549120756564972,0.910462498170701,0.333308963230334
5842,1.74924,-0.969619,-0.0542919952981033,0.915346582365767,-0.777752503931841
5841,1.7659,-0.938943,-0.0536559273175888,0.909485669429766,0.111102085205045
5840,1.78201,-0.907981,-0.053030099399982,0.919253778306158,0.99999999995149
5840,1.79759,-0.876742,-0.0523820383495023,0.909485669429983,-0.111102085301555
5839,1.81262,-0.845237,-0.0517446123441624,0.915346582364319,0.777752503835052
5839,1.82709,-0.813473,-0.0510932486926476,0.910462498171384,-0.333308963330046
5838,1.84101,-0.781462,-0.0504437684583327,0.912416143750258,0.555523964056995
5838,1.85437,-0.749213,-0.0497878430527794,0.91241614375167,-0.555523964183538
5837,1.86716,-0.716736,-0.0491244663594735,0.91046249817059,0.333308963203332
5837,1.87939,-0.68404,-0.0484625015652501,0.915346582366259,-0.777752503962114
5836,1.89104,-0.651136,-0.0477846738357236,0.909485669429712,0.11110208517308
5835,1.90211,-0.618034,-0.0471169459873332,0.919253778305505,0.999999999918216
5835,1.91261,-0.584743,-0.0464270493376638,0.909485669430072,-0.111102085335106
5834,1.92252,-0.551275,-0.0457478804189247,0.915346582363824,0.777752503801191
5834,1.93185,-0.517638,-0.0450560041816766,0.910462498171638,-0.333308963364257
5833,1.94059,-0.483844,-0.0443674689142951,0.912416143749874,0.555523964021932
5833,1.94874,-0.449902,-0.0436748599100358,0.91241614375206,-0.555523964220175
5832,1.9563,-0.415823,-0.0429780948943974,0.910462498170272,0.333308963168192
5832,1.96325,-0.381618,-0.0422847972638323,0.915346582366721,-0.777752503993719
5831,1.96962,-0.347296,-0.0415787196684059,0.909485669429573,0.111102085145735
5830,1.97538,-0.312869,-0.0408831658671953,0.919253778305019,0.999999999895301
5830,1.98054,-0.278346,-0.0401694412517593,0.909485669430095,-0.11110208535852
5829,1.98509,-0.243739,-0.0394669996104693,0.915346582363408,0.777752503777643
5829,1.98904,-0.209057,-0.0387556456507651,0.910462498171767,-0.333308963386425
5828,1.99239,-0.174311,-0.0380491934020884,0.91241614374965,0.555523964001481
5828,1.99513,-0.139513,-0.0373413194909142,0.912416143752221,-0.555523964238393
5827,1.99726,-0.104672,-0.0366312950250352,0.910462498170182,0.333308963148836
5827,1.99878,-0.069799,-0.0359257927073831,0.915346582367075,-0.777752504016468
5826,1.9997,-0.0349048,-0.0352129224165361,0.909485669429527,0.111102085121839
