origElemNum,globCoord-x,globCoord-y,acouIntensity-x,acouIntensity-y,locCoord-xi,locCoord-eta
5825,2,-2.20442e-18,3379659636.40368,4682238608.61285,0.919253778304535,0.999999999870795
5825,1.9997,0.0349048,3250562289.52758,4683563385.4208,0.909485669430051,-0.11110208537854
5824,1.99878,0.069799,3054431829.67186,6559561893.50987,0.915346582363134,0.7777525037628
5824,1.99726,0.104672,2863594113.45582,6541489097.77279,0.910462498171695,-0.333308963393583
5823,1.99513,0.139513,2557169862.13933,8175150042.69821,0.912416143749585,0.555523964001403
5823,1.99239,0.174311,2329894736.96447,8186779928.66261,0.912416143752112,-0.555523964232293
5822,1.98904,0.209057,1936385190.3065,9684909888.24785,0.910462498170195,0.33330896316169
5822,1.98509,0.243739,1666562726.64734,9702824712.72102,0.915346582366752,-0.777752503996411
5821,1.98054,0.278346,1179660630.93264,11090818070.5859,0.909485669429537,0.111102085145532
5820,1.97538,0.312869,663034937.546293,12341662809.7573,0.91925377830504,0.999999999897275
5820,1.96962,0.347296,323926705.137755,12244156497.8955,0.909485669429959,-0.111102085350008
5819,1.96325,0.381618,-211409151.762223,13204098187.7632,0.915346582363608,0.777752503792493
5819,1.9563,0.415823,-565860624.287138,13187533791.5332,0.910462498171543,-0.333308963366333
5818,1.94874,0.449902,-1093858139.141,13984240555.8231,0.912416143749872,0.555523964026318
5818,1.94059,0.483844,-1443824787.91085,14025078661.3594,0.912416143751876,-0.555523964209557
5817,1.93185,0.517638,-1938995343.16364,14685788023.5749,0.910462498170338,0.333308963182653
5817,1.92252,0.551275,-2261129390.40332,14712834582.6951,0.915346582366455,-0.777752503976955
5816,1.91261,0.584743,-2708902198.24801,15160786717.8985,0.909485669429567,0.111102085165898
5815,1.90211,0.618034,-3088379745.00531,15352534854.4426,0.919253778305533,0.999999999919169
5815,1.89104,0.651136,-3440881620.46088,15392805759.4683,0.909485669429933,-0.111102085328256
5814,1.87939,0.68404,-3797195785.52854,15456163053.9167,0.915346582363941,0.777752503814277
5814,1.86716,0.716736,-4108875905.40619,15461573813.683,0.910462498171402,-0.333308963343933
5813,1.85437,0.749213,-4420456242.63508,15519695984.8917,0.912416143750119,0.555523964050056
5813,1.84101,0.781462,-4678589996.58256,15523513952.374,0.912416143751575,-0.555523964183394
5812,1.82709,0.813473,-4966939517.06914,15565789218.6685,0.910462498170486,0.333308963212263
5812,1.81262,0.845237,-5318825115.47589,15722328158.0268,0.915346582365915,-0.777752503943209
5811,1.79759,0.876742,-5574211287.511,15613133535.5291,0.909485669429635,0.111102085200681
5810,1.78201,0.907981,-5770636606.66634,15381756901.7516,0.919253778306195,0.999999999954235
5810,1.7659,0.938943,-6122530574.90688,15509529271.8972,0.909485669429844,-0.111102085292603
5809,1.74924,0.969619,-6222364593.20648,15148406452.3524,0.915346582364538,0.777752503850291
5809,1.73205,1,-6560309850.24152,15127390296.4641,0.910462498171199,-0.333308963308445
5808,1.71433,1.03008,-6642118003.71105,14582880643.3409,0.912416143750526,0.555523964084446
5808,1.6961,1.05984,-7050079260.08415,14455159600.0486,0.912416143751246,-0.555523964150953
5807,1.67734,1.08928,-7144058418.93284,13811364216.7476,0.910462498170725,0.333308963242434
5807,1.65808,1.11839,-7474993100.71001,13538459966.9383,0.915346582365508,-0.777752503915519
5806,1.6383,1.14715,-7561857575.42337,12887737962.7642,0.909485669429676,0.11110208522853
5805,1.61803,1.17557,-7640160070.53641,12257080359.3104,0.919253778306765,0.999999999982884
5805,1.59727,1.20363,-7916802959.13944,11772656573.2897,0.909485669429817,-0.111102085265541
5804,1.57602,1.23132,-8013778598.7806,11045628164.4358,0.9153465823649,0.777752503876539
5804,1.55429,1.25864,-8344453566.88735,10497471592.9637,0.910462498170939,-0.333308963279996
5803,1.53209,1.28558,-8535791667.48743,9745277974.44736,0.912416143750815,0.555523964114853
5803,1.50942,1.31212,-8916023494.57575,9155450651.73801,0.91241614375085,-0.555523964118972
5802,1.48629,1.33826,-9116347094.91307,8397757502.35987,0.910462498170897,0.333308963276791
5802,1.46271,1.364,-9373467446.06819,7752573409.14095,0.915346582364929,-0.77775250387822
5801,1.43868,1.38932,-9501215636.48511,7049923630.29234,0.909485669429954,0.111102085257182
5801,1.41421,1.41421,-9464770803.42801,6266964396.19518,0.919253778307104,-0.999999999999994
850,1.38932,1.43868,-9439133010.32365,5623053207.94049,0.909485669429991,-0.111102085260227
849,1.364,1.46271,-9327129790.84363,5041606977.96818,0.915346582364834,0.777752503871359
849,1.33826,1.48629,-8670398580.14887,4247984557.02144,0.910462498171096,-0.333308963290402
848,1.31212,1.50942,-8125644265.11057,3644193802.69992,0.912416143750729,0.555523964099008
848,1.28558,1.53209,-7388507878.62583,2957978548.54567,0.912416143751184,-0.555523964140596
847,1.25864,1.55429,-6562333979.30101,2293166541.04225,0.910462498170846,0.333308963247574
847,1.23132,1.57602,-5732032180.26445,1730863747.27079,0.915346582365554,-0.777752503916259
846,1.20363,1.59727,-4807211672.35349,1136786342.38957,0.90948566942978,0.111102085221654
845,1.17557,1.61803,-3912625638.98476,683981414.636753,0.919253778306528,0.999999999969813
845,1.14715,1.6383,-3100786016.30594,345792489.658464,0.909485669429915,-0.111102085282135
844,1.11839,1.65808,-2235028096.7984,125363807.47383,0.915346582364625,0.777752503855763
844,1.08928,1.67734,-1244238636.7336,6259506.67701667,0.910462498171253,-0.333308963307521
843,1.05984,1.6961,-232674407.983829,-7079232.2317401,0.912416143750542,0.555523964080906
843,1.03008,1.71433,808410125.149013,59019269.6464799,0.912416143751377,-0.555523964158847
842,1,1.73205,1871099013.94406,192922378.153104,0.910462498170698,0.333308963230309
842,0.969619,1.74924,2924643611.54396,404456815.328922,0.915346582365766,-0.777752503931825
841,0.938943,1.7659,3624749877.27844,615257866.721712,0.909485669429764,0.111102085205048
840,0.907981,1.78201,4241238249.48928,844251194.210112,0.919253778306164,0.99999999995148
840,0.876742,1.79759,4641492867.02272,1087895569.81017,0.909485669429979,-0.11110208530158
839,0.845237,1.81262,5061901275.59617,1372277246.02863,0.91534658236432,0.777752503835068
839,0.813473,1.82709,5700330441.44573,1715927093.38623,0.91046249817139,-0.33330896333004
838,0.781462,1.84101,6232658950.43448,2160584926.40463,0.912416143750255,0.555523964056983
838,0.749213,1.85437,6957029775.15524,2586822988.19629,0.912416143751674,-0.555523964183563
837,0.716736,1.86716,7190973917.54289,3104395457.43759,0.910462498170584,0.333308963203304
837,0.68404,1.87939,7633689877.01257,3467223814.51908,0.915346582366261,-0.777752503962098
836,0.651136,1.89104,7233532170.31628,3864931185.19901,0.909485669429719,0.111102085173086
835,0.618034,1.90211,6618942631.9878,4244233121.38374,0.919253778305509,0.999999999918205
835,0.584743,1.91261,6598143573.54461,4347979679.22678,0.909485669430073,-0.111102085335132
834,0.551275,1.92252,5888806965.01469,4670579641.97456,0.915346582363819,0.777752503801204
834,0.517638,1.93185,5999434362.00755,4837879923.20248,0.910462498171637,-0.333308963364254
833,0.483844,1.94059,5365266982.09693,5198717866.33363,0.912416143749877,0.55552396402192
833,0.449902,1.94874,5484308859.23212,5365511932.70576,0.91241614375206,-0.555523964220202
832,0.415823,1.9563,4724341673.97109,5708165962.14294,0.910462498170279,0.333308963168166
832,0.381618,1.96325,4824431858.98936,5847298081.30408,0.915346582366717,-0.777752503993703
831,0.347296,1.96962,3794300659.57224,6210316693.95601,0.909485669429573,0.111102085145737
830,0.312869,1.97538,2558404481.74179,6576490361.07784,0.919253778305012,0.99999999989529
830,0.278346,1.98054,2640787111.91523,6713664885.7641,0.909485669430091,-0.111102085358547
829,0.243739,1.98509,1411215269.63281,7012735552.44905,0.915346582363415,0.77775250377766
829,0.209057,1.98904,1453071953.86244,7125112707.93676,0.910462498171767,-0.333308963386422
828,0.174311,1.99239,266906725.486731,7342421286.74568,0.912416143749651,0.55552396400147
828,0.139513,1.99513,257139244.506813,7426819032.10749,0.912416143752224,-0.555523964238419
827,0.104672,1.99726,-1110876283.66851,7527561117.63801,0.910462498170184,0.33330896314881
827,0.069799,1.99878,-1184206153.41712,7488776026.96093,0.915346582367074,-0.777752504016452
826,0.0349048,1.9997,-2830949967.77405,7393262855.66065,0.909485669429527,0.111102085121841
825,1.27747e-16,2,-4548592884.49761,7198753457.05475,0.919253778304535,0.999999999870799
825,-0.0349048,1.9997,-4783251649.04943,6988215557.2345,0.909485669430051,-0.111102085378537
824,-0.069799,1.99878,-6606557637.51831,6681319737.95413,0.915346582363134,0.777752503762801
824,-0.104672,1.99726,-7004512311.79991,6390430471.26299,0.910462498171695,-0.333308963393583
823,-0.139513,1.99513,-9056842547.69571,5886668952.04023,0.912416143749585,0.555523964001401
823,-0.174311,1.99239,-9456452291.18926,5375281388.89695,0.912416143752112,-0.555523964232297
822,-0.209057,1.98904,-11607809566.7847,4565007458.04683,0.910462498170195,0.333308963161685
822,-0.243739,1.98509,-11879821436.7145,3838615356.60738,0.915346582366744,-0.777752503996403
821,-0.278346,1.98054,-13898203253.9521,2797165270.94806,0.909485669429538,0.111102085145537
820,-0.312869,1.97538,-15478594962.6321,1700698770.37483,0.919253778305041,0.999999999897278
820,-0.347296,1.96962,-15905040797.5357,690000839.449327,0.90948566942996,-0.111102085350006
819,-0.381618,1.96325,-17146242179.9243,-556139598.933085,0.915346582363608,0.777752503792493
819,-0.415823,1.9563,-17386174306.158,-1658928451.07265,0.910462498171543,-0.333308963366333
818,-0.449902,1.94874,-18193473403.5219,-2904981572.66285,0.912416143749872,0.555523964026316
818,-0.483844,1.94059,-18017978727.9814,-3887934255.26858,0.912416143751875,-0.555523964209561
817,-0.517638,1.93185,-18403367419.2562,-4981186696.73306,0.910462498170336,0.333308963182646
817,-0.551275,1.92252,-18056897633.2458,-5852103034.41878,0.915346582366457,-0.777752503976948
816,-0.584743,1.91261,-18138225922.9284,-6815688999.98583,0.909485669429562,0.111102085165907
815,-0.618034,1.90211,-18029732126.9106,-7721358076.67348,0.919253778305526,0.999999999919175
815,-0.651136,1.89104,-17553133912.6879,-8354384392.46209,0.909485669429935,-0.111102085328253
814,-0.68404,1.87939,-17157073104.7339,-8954271583.19631,0.915346582363941,0.777752503814277
814,-0.716736,1.86716,-16338901111.5025,-9192413412.01218,0.910462498171402,-0.333308963343933
813,-0.749213,1.85437,-15442491645.2074,-9331196255.54233,0.912416143750117,0.555523964050053
813,-0.781462,1.84101,-14482691173.0869,-9355677011.94167,0.912416143751584,-0.555523964183396
812,-0.813473,1.82709,-13282376376.2344,-9248939569.77409,0.910462498170484,0.33330896321226
812,-0.845237,1.81262,-12422806485.8652,-9255160500.82869,0.91534658236591,-0.7777525039432
811,-0.876742,1.79759,-11214368448.5601,-9015278864.99755,0.909485669429639,0.111102085200672
810,-0.907981,1.78201,-10090362941.2706,-8747321150.94624,0.919253778306197,0.999999999954239
810,-0.938943,1.7659,-9329123696.29494,-8545458110.80787,0.909485669429848,-0.111102085292613
809,-0.969619,1.74924,-8233094587.39911,-8110222538.3591,0.915346582364533,0.777752503850298
809,-1,1.73205,-7553008708.63796,-7840039182.24647,0.910462498171205,-0.333308963308436
808,-1.03008,1.71433,-6480415580.31433,-7277282713.61506,0.912416143750522,0.55552396408444
808,-1.05984,1.6961,-5870967306.47866,-6920558551.85078,0.912416143751243,-0.555523964150944
807,-1.08928,1.67734,-4884041259.64649,-6251224317.89774,0.910462498170733,0.33330896324243
807,-1.11839,1.65808,-4319187378.32723,-5789882640.16799,0.915346582365511,-0.777752503915504
806,-1.14715,1.6383,-3468977220.19371,-5102711216.80301,0.909485669429678,0.11110208522852
805,-1.17557,1.61803,-2745627744.4157,-4450760348.96621,0.91925377830677,0.999999999982889
805,-1.20363,1.59727,-2253447288.94707,-3941857365.22779,0.909485669429819,-0.111102085265551
804,-1.23132,1.57602,-1663844875.02466,-3282353127.89689,0.915346582364893,0.777752503876544
804,-1.25864,1.55429,-1171919368.67709,-2563351603.89301,0.910462498170937,-0.333308963279986
803,-1.28558,1.53209,-652546003.386848,-1650115880.61941,0.912416143750809,0.555523964114847
803,-1.31212,1.50942,-181480051.05124,-527488882.230909,0.912416143750849,-0.555523964118962
802,-1.33826,1.48629,248490844.114101,860884797.16724,0.910462498170897,0.333308963276791
802,-1.364,1.46271,594854324.045124,2481842634.28006,0.915346582364928,-0.77775250387821
801,-1.38932,1.43868,857297686.138704,4403132157.96531,0.909485669429954,0.111102085257172
801,-1.41421,1.41421,988965018.605375,6504080184.68269,0.919253778307104,-0.999999999999994
15850,-1.43868,1.38932,1066102815.30275,8887742550.96445,0.909485669429991,-0.111102085260237
15849,-1.46271,1.364,1169912367.35264,11609839314.8634,0.915346582364828,0.777752503871364
15849,-1.48629,1.33826,885685565.182025,14258982916.0542,0.910462498171103,-0.333308963290387
15848,-1.50942,1.31212,971001128.193779,17760806102.6331,0.912416143750729,0.555523964099008
15848,-1.53209,1.28558,283531153.137951,20915702096.1952,0.912416143751185,-0.555523964140586
15847,-1.55429,1.25864,287277022.352844,25624269306.2669,0.910462498170851,0.333308963247569
15847,-1.57602,1.23132,-910929074.638826,29580655835.8038,0.915346582365555,-0.777752503916249
15846,-1.59727,1.20363,-1173818539.28506,35561066924.1753,0.909485669429784,0.111102085221639
15845,-1.61803,1.17557,-1759511051.44059,41887509423.2163,0.919253778306531,0.999999999969823
15845,-1.6383,1.14715,-3558718640.81612,46607792221.6652,0.909485669429917,-0.111102085282151
15844,-1.65808,1.11839,-4729985243.1093,52473251308.6745,0.915346582364627,0.777752503855772
15844,-1.67734,1.08928,-6624297214.3328,56372375855.7848,0.910462498171251,-0.333308963307506
15843,-1.6961,1.05984,-8184276445.75083,60276573332.2248,0.912416143750542,0.555523964080906
15843,-1.71433,1.03008,-9860265799.41118,62904623985.1632,0.912416143751375,-0.555523964158831
15842,-1.73205,1,-11619241046.1985,64464337784.7881,0.910462498170697,0.333308963230296
15842,-1.74924,0.969619,-12873660961.9818,66208330309.447,0.915346582365764,-0.777752503931822
15841,-1.7659,0.938943,-14700064843.6795,65995474970.1695,0.909485669429762,0.111102085205035
15840,-1.78201,0.907981,-16543394295.7355,65330536272.7646,0.919253778306162,0.999999999951483
15840,-1.79759,0.876742,-17391513223.3256,66071955951.8538,0.909485669429984,-0.111102085301589
15839,-1.81262,0.845237,-19018891530.8153,65208147144.3559,0.915346582364318,0.777752503835071
15839,-1.82709,0.813473,-20143049932.4038,65951313614.4148,0.910462498171391,-0.333308963330024
15838,-1.84101,0.781462,-22149131067.5433,65532182946.7804,0.912416143750253,0.555523964056986
15838,-1.85437,0.749213,-23873507095.4318,67209781338.5791,0.912416143751674,-0.555523964183544
15837,-1.86716,0.716736,-26783132751.6425,67807558700.3826,0.910462498170589,0.333308963203294
15837,-1.87939,0.68404,-29376112877.5017,70622283847.1949,0.915346582366259,-0.777752503962095
15836,-1.89104,0.651136,-33037478830.3146,72087528015.3418,0.909485669429715,0.111102085173074
15835,-1.90211,0.618034,-36787059853.9063,73809919471.919,0.919253778305508,0.999999999918209
15835,-1.91261,0.584743,-39869398614.9056,76083193249.7142,0.909485669430068,-0.111102085335144
15834,-1.92252,0.551275,-43519978156.6013,75250822529.4271,0.915346582363818,0.777752503801208
15834,-1.93185,0.517638,-45239693857.573,75833273701.6726,0.910462498171639,-0.333308963364235
15833,-1.94059,0.483844,-47518962676.9368,69828640449.2196,0.912416143749876,0.555523964021923
15833,-1.94874,0.449902,-46947658694.3409,68365951359.1761,0.912416143752063,-0.555523964220183
15832,-1.9563,0.415823,-46923698061.2989,57844397364.1632,0.910462498170272,0.333308963168156
15832,-1.96325,0.381618,-44213862106.481,54984735119.9841,0.915346582366716,-0.7777525039937
15831,-1.96962,0.347296,-42382153816.0345,43386785107.2568,0.909485669429575,0.111102085145728
15830,-1.97538,0.312869,-39961075551.0611,32608690016.3684,0.91925377830502,0.999999999895294
15830,-1.98054,0.278346,-36566095326.1744,30509698752.0652,0.909485669430092,-0.111102085358556
15829,-1.98509,0.243739,-34203273512.9624,21842301682.1107,0.915346582363415,0.777752503777664
15829,-1.98904,0.209057,-31646650398.4588,20546693525.4419,0.910462498171765,-0.333308963386404
15828,-1.99239,0.174311,-29890578909.3416,13721873542.1987,0.912416143749651,0.555523964001473
15828,-1.99513,0.139513,-27963968020.163,12938499445.1877,0.912416143752222,-0.5555239642384
15827,-1.99726,0.104672,-26325020343.1819,7257169371.66782,0.910462498170184,0.3333089631488
15827,-1.99878,0.069799,-24322982664.3238,6745114600.62151,0.915346582367074,-0.777752504016448
15826,-1.9997,0.0349048,-21603615895.8831,1599404119.39852,0.909485669429527,0.111102085121831
15825,-2,2.46315e-16,-18539270623.4543,-3533638350.19965,0.919253778304535,0.999999999870803
15825,-1.9997,-0.0349048,-13727456748.4402,-2740161133.48046,0.909485669430051,-0.111102085378547
15824,-1.99878,-0.069799,-8819026585.89603,-5321985200.23279,0.915346582363134,0.777752503762804
15824,-1.99726,-0.104672,-3477012550.07638,-2293473514.15371,0.910462498171696,-0.333308963393566
15823,-1.99513,-0.139513,1057283083.66823,1418098380.24586,0.912416143749586,0.555523964001405
15823,-1.99239,-0.174311,4527332947.61257,7033240873.11579,0.912416143752114,-0.555523964232279
15822,-1.98904,-0.209057,6038908858.86865,17192647482.672,0.910462498170195,0.333308963161688
15822,-1.98509,-0.243739,6655512419.73743,23791139045.8068,0.915346582366744,-0.7777525039964
15821,-1.98054,-0.278346,5436594103.14323,35685634492.4591,0.909485669429545,0.111102085145526
15820,-1.97538,-0.312869,3547688592.42938,46866131511.4057,0.919253778305042,0.999999999897283
15820,-1.96962,-0.347296,2720205536.38444,50215223366.5758,0.909485669429957,-0.111102085350017
15819,-1.96325,-0.381618,1159131810.01538,56834442822.6061,0.915346582363609,0.777752503792499
15819,-1.9563,-0.415823,599805006.894579,58364446631.7779,0.910462498171549,-0.333308963366345
15818,-1.94874,-0.449902,-459763262.904159,61288915892.0818,0.912416143749872,0.555523964026319
15818,-1.94059,-0.483844,-1301772145.36022,62031421790.087,0.91241614375188,-0.555523964209544
15817,-1.93185,-0.517638,-2903428128.13133,64109651804.9485,0.910462498170337,0.33330896318265
15817,-1.92252,-0.551275,-4550379153.62575,65130307178.6337,0.915346582366458,-0.777752503976945
15816,-1.91261,-0.584743,-7005512669.1559,67541885593.8078,0.909485669429567,0.111102085165898
15815,-1.90211,-0.618034,-9498743157.89718,69392031620.5297,0.919253778305528,0.999999999919178
15815,-1.89104,-0.651136,-11883682539.5525,69942207797.5451,0.90948566942994,-0.111102085328262
15814,-1.87939,-0.68404,-14219991173.4021,69942168390.3391,0.915346582363942,0.77775250381428
15814,-1.86716,-0.716736,-17043762047.9523,70254348978.011,0.910462498171397,-0.333308963343943
15813,-1.85437,-0.749213,-19219010892.6865,68594554764.0815,0.912416143750119,0.555523964050056
15813,-1.84101,-0.781462,-22062779166.1181,68308722789.6948,0.912416143751582,-0.555523964183381
15812,-1.82709,-0.813473,-22360192233.0846,63138158344.9868,0.910462498170486,0.333308963212263
15812,-1.81262,-0.845237,-23667281587.5565,61191526531.0953,0.915346582365912,-0.777752503943197
15811,-1.79759,-0.876742,-21668437583.6241,53540417779.4044,0.909485669429641,0.111102085200675
15810,-1.78201,-0.907981,-20254147585.704,47883136357.1275,0.919253778306197,0.999999999954239
15810,-1.7659,-0.938943,-22019441641.8782,48156342299.3037,0.90948566942985,-0.11110208529261
15809,-1.74924,-0.969619,-23793214568.3945,48323992892.0523,0.915346582364535,0.777752503850301
15809,-1.73205,-1,-26391048707.8467,49774701446.9377,0.9104624981712,-0.333308963308458
15808,-1.71433,-1.03008,-29585694814.4874,52103242231.8578,0.912416143750526,0.555523964084446
15808,-1.6961,-1.05984,-32405955123.7115,53756902446.263,0.912416143751243,-0.555523964150944
15807,-1.67734,-1.08928,-38420310667.1648,59200032265.251,0.910462498170725,0.333308963242434
15807,-1.65808,-1.11839,-43578864198.7214,62027048014.867,0.915346582365503,-0.7777525039155
15806,-1.6383,-1.14715,-51538844694.6086,68320134291.6621,0.90948566942967,0.111102085228524
15805,-1.61803,-1.17557,-56618788502.6575,69874026412.7746,0.919253778306763,0.999999999982893
15805,-1.59727,-1.20363,-57860114528.8729,68413496048.5945,0.909485669429812,-0.111102085265547
15804,-1.57602,-1.23132,-55606348959.8271,62794711023.8819,0.915346582364898,0.777752503876549
15804,-1.55429,-1.25864,-54299823902.1758,59766375705.0416,0.910462498170935,-0.333308963280012
15803,-1.53209,-1.28558,-46088888529.2603,48957220892.9488,0.912416143750815,0.555523964114853
15803,-1.50942,-1.31212,-43216569014.5035,45356949947.7935,0.912416143750855,-0.555523964118957
15802,-1.48629,-1.33826,-37187885123.4951,37755118204.5463,0.910462498170897,0.333308963276791
15802,-1.46271,-1.364,-36766225808.5132,36243167520.747,0.915346582364928,-0.77775250387821
15801,-1.43868,-1.38932,-34084812760.0399,32626852304.0856,0.909485669429954,0.111102085257172
15801,-1.41421,-1.41421,-33453276933.4604,31301044345.5622,0.919253778307098,-0.999999999999989
10084,-1.38932,-1.43868,-32586087948.736,29642116123.2222,-0.909485669429983,0.111102085260242
10184,-1.364,-1.46271,-31378452042.9117,27727345949.5633,-0.915346582364814,-0.777752503871363
10184,-1.33826,-1.48629,-31953188594.6432,27426809268.8676,-0.910462498171062,0.333308963290425
10284,-1.31212,-1.50942,-36467314465.3611,30790389741.0429,-0.912416143750702,-0.555523964098991
10284,-1.28558,-1.53209,-35692042849.1386,29800638656.5482,-0.912416143751175,0.55552396414059
10384,-1.25864,-1.55429,-10966140087.4305,9015414505.04959,-0.910462498170858,-0.333308963247603
10384,-1.23132,-1.57602,-10210524188.0225,8105330682.37435,-0.915346582365569,0.777752503916277
10484,-1.20363,-1.59727,-7137718166.04419,4366159855.09696,-0.909485669429755,-0.111102085221656
10584,-1.17557,-1.61803,-29610184021.1245,19175458938.7959,-0.919253778306467,-0.999999999969833
10584,-1.14715,-1.6383,-34049128482.0451,18680277331.3767,-0.909485669429891,0.111102085282108
10684,-1.11839,-1.65808,-36713429212.1533,16324496822.2467,-0.915346582364624,-0.777752503855743
10684,-1.08928,-1.67734,-41378929048.1006,14513248685.4685,-0.910462498171255,0.333308963307532
10784,-1.05984,-1.6961,-42814835408.0875,10067667407.0807,-0.912416143750544,-0.555523964080908
10784,-1.03008,-1.71433,-48056364922.4312,7408915044.45537,-0.912416143751393,0.555523964158839
10884,-1,-1.73205,-48356148187.1931,1538308600.3405,-0.910462498170715,-0.333308963230315
10884,-0.969619,-1.74924,-52434354942.4986,-2301572439.00142,-0.915346582365772,0.777752503931858
10984,-0.938943,-1.7659,-50652007692.816,-7719667002.51108,-0.909485669429763,-0.111102085205032
11084,-0.907981,-1.78201,-50692789184.1148,-11587667547.6616,-0.919253778306154,-0.99999999995149
11084,-0.876742,-1.79759,-50397922668.8958,-13270874910.3501,-0.909485669429981,0.111102085301552
11184,-0.845237,-1.81262,-45620595917.3486,-17702909798.9885,-0.915346582364332,-0.777752503835052
11184,-0.813473,-1.82709,-49161757353.514,-21323789206.3853,-0.910462498171421,0.333308963330044
11284,-0.781462,-1.84101,-40084176824.4009,-30759530366.3852,-0.912416143750289,-0.555523964056998
11284,-0.749213,-1.85437,-43213392010.6366,-35281197766.3791,-0.912416143751684,0.555523964183542
11384,-0.716736,-1.86716,-35554952438.2282,-43889076403.8765,-0.910462498170579,-0.333308963203316
11384,-0.68404,-1.87939,-37628725867.719,-48491717357.0908,-0.915346582366256,0.777752503962127
11484,-0.651136,-1.89104,-30185717416.3512,-57605159600.8618,-0.9094856694297,-0.111102085173069
11584,-0.618034,-1.90211,-22309136261.9718,-66979172597.7491,-0.919253778305473,-0.9999999999182
11584,-0.584743,-1.91261,-23481915523.0403,-70910335400.8519,-0.909485669430035,0.111102085335111
11684,-0.551275,-1.92252,-18121986931.9351,-76296117674.1535,-0.915346582363772,-0.777752503801188
11684,-0.517638,-1.93185,-18672526195.855,-78182164118.2693,-0.910462498171642,0.333308963364261
11784,-0.483844,-1.94059,-14836714071.7676,-80422528151.8967,-0.912416143749915,-0.555523964021929
11784,-0.449902,-1.94874,-14971180673.7326,-80548672227.7839,-0.912416143752077,0.555523964220183
11884,-0.415823,-1.9563,-8960765098.2807,-80392008415.0369,-0.910462498170266,-0.33330896316818
11884,-0.381618,-1.96325,-8605886524.88033,-77958756803.8371,-0.915346582366712,0.777752503993725
11984,-0.347296,-1.96962,153195633.983713,-77231306283.5966,-0.909485669429565,-0.111102085145729
12084,-0.312869,-1.97538,8724023527.95858,-76158549972.8609,-0.919253778305011,-0.999999999895287
12084,-0.278346,-1.98054,9268418317.0857,-76301236138.6193,-0.909485669430107,0.111102085358526
12184,-0.243739,-1.98509,18426125839.2189,-77682941127.1967,-0.915346582363447,-0.777752503777644
12184,-0.209057,-1.98904,18893196077.3986,-79026577473.9768,-0.910462498171781,0.333308963386432
12284,-0.174311,-1.99239,30527193568.7722,-81837530060.9184,-0.912416143749663,-0.555523964001473
12284,-0.139513,-1.99513,31284893702.0894,-84283869765.5891,-0.912416143752267,0.555523964238395
12384,-0.104672,-1.99726,45838976299.1656,-88597149515.8671,-0.910462498170238,-0.333308963148834
12384,-0.069799,-1.99878,47092244482.9548,-92786377152.2199,-0.915346582367131,0.777752504016471
12484,-0.0349048,-1.9997,62589625792.1699,-97035783612.9552,-0.909485669429557,-0.111102085121833
12584,-4.35203e-16,-2,76376831857.9345,-100744260340.841,-0.919253778304537,-0.999999999870803
12584,0.0349048,-1.9997,77504343773.3627,-102824059514.541,-0.909485669430058,0.111102085378513
12684,0.069799,-1.99878,90295677980.6796,-104323025012.944,-0.915346582363139,-0.777752503762792
12684,0.104672,-1.99726,91194905905.6745,-105467897439.978,-0.9104624981717,0.333308963393593
12784,0.139513,-1.99513,102819876286.923,-105256860507.417,-0.912416143749591,-0.555523964001403
12784,0.174311,-1.99239,102886313112.852,-104778738948.528,-0.912416143752134,0.555523964232273
12884,0.209057,-1.98904,108187491634.227,-101327418271.724,-0.91046249817019,-0.333308963161724
12884,0.243739,-1.98509,105673042173.857,-97024452713.0218,-0.915346582366752,0.777752503996427
12984,0.278346,-1.98054,100386885588.666,-89830953068.1826,-0.909485669429543,-0.111102085145531
13084,0.312869,-1.97538,89674222918.3126,-82950779707.7621,-0.919253778305079,-0.999999999897294
13084,0.347296,-1.96962,82901325486.2769,-73880106265.7144,-0.909485669429971,0.111102085349981
13184,0.381618,-1.96325,70072312628.3445,-66345187375.3615,-0.915346582363621,-0.777752503792476
13184,0.415823,-1.9563,63535700484.0568,-57718971142.0319,-0.910462498171561,0.33330896336634
13284,0.449902,-1.94874,52142813087.1792,-50783204783.8167,-0.912416143749886,-0.555523964026324
13284,0.483844,-1.94059,46366855881.4517,-43223937258.2995,-0.912416143751904,0.555523964209538
13384,0.517638,-1.93185,37847289543.2908,-37565573095.6886,-0.910462498170363,-0.333308963182687
13384,0.551275,-1.92252,33260637538.7782,-31764337885.3914,-0.915346582366464,0.777752503976962
13484,0.584743,-1.91261,28362971205.5754,-27768812897.7604,-0.909485669429569,-0.111102085165906
13584,0.618034,-1.90211,25344126670.9594,-23769551458.3202,-0.919253778305519,-0.999999999919186
13584,0.651136,-1.89104,22789954986.2882,-20830159555.5395,-0.909485669429928,0.111102085328226
13684,0.68404,-1.87939,20906607580.0768,-17704169737.9044,-0.915346582363942,-0.777752503814258
13684,0.716736,-1.86716,18153898533.1013,-14766149300.3216,-0.910462498171394,0.333308963343945
13784,0.749213,-1.85437,15396033556.5517,-11614643658.7209,-0.912416143750121,-0.555523964050058
13784,0.781462,-1.84101,11951647513.4591,-8446721853.30971,-0.91241614375158,0.555523964183364
13884,0.813473,-1.82709,8258228329.09506,-5553522586.70092,-0.91046249817049,-0.333308963212306
13884,0.845237,-1.81262,4770607676.90765,-2940359025.40709,-0.915346582365913,0.777752503943214
13984,0.876742,-1.79759,1733801643.43267,-1056899617.19628,-0.909485669429626,-0.1111020852007
14084,0.907981,-1.78201,-855479500.673892,501187336.592084,-0.919253778306215,-0.999999999954254
14084,0.938943,-1.7659,-2507521036.77239,1394164740.72133,-0.909485669429858,0.111102085292581
14184,0.969619,-1.74924,-4070091432.95253,2024050243.97194,-0.915346582364524,-0.777752503850263
14184,1,-1.73205,-4904390240.0988,2386354494.36348,-0.910462498171194,0.333308963308465
14284,1.03008,-1.71433,-5941527622.30663,2387048273.822,-0.91241614375052,-0.55552396408445
14284,1.05984,-1.6961,-6224730312.45076,2493894602.12835,-0.912416143751235,0.55552396415093
14384,1.08928,-1.67734,-6933166420.61068,2183905666.64499,-0.910462498170724,-0.333308963242461
14384,1.11839,-1.65808,-7014950623.79856,2187293166.3314,-0.915346582365498,0.777752503915531
14484,1.14715,-1.6383,-7576447538.039,1809308906.72241,-0.909485669429676,-0.111102085228531
14584,1.17557,-1.61803,-7978050360.79979,1533327020.37541,-0.919253778306762,-0.999999999982903
14584,1.20363,-1.59727,-8254066509.77806,1390500084.65446,-0.909485669429825,0.1111020852655
14684,1.23132,-1.57602,-8667210484.81952,1137107678.25891,-0.91534658236492,-0.777752503876537
14684,1.25864,-1.55429,-9089943493.11486,857876753.173348,-0.910462498170955,0.333308963280004
14784,1.28558,-1.53209,-9269458189.39472,606866039.711746,-0.912416143750819,-0.555523964114867
14784,1.31212,-1.50942,-9454443777.16789,115549132.222145,-0.912416143750872,0.555523964118932
14884,1.33826,-1.48629,-9165406628.9494,-102323380.784614,-0.910462498170903,-0.333308963276861
14884,1.364,-1.46271,-9174120954.08364,-721220711.475873,-0.915346582364901,0.777752503878194
14984,1.38932,-1.43868,-8626903654.78741,-960848108.820872,-0.909485669429939,-0.111102085257194
14984,1.41421,-1.41421,-8440325558.51155,-1651523852.75449,-0.919253778307102,0.999999999999985
5850,1.43868,-1.38932,-7591456094.97298,-1921007717.87637,0.909485669429985,-0.111102085260202
5849,1.46271,-1.364,-6928180721.32177,-2402344186.58101,0.915346582364833,0.777752503871339
5849,1.48629,-1.33826,-6242718648.99795,-2866255866.38656,0.910462498171102,-0.333308963290407
5848,1.50942,-1.31212,-5733272441.7505,-3446966584.02661,0.91241614375073,0.555523964099018
5848,1.53209,-1.28558,-4984039154.72249,-3615360465.83502,0.912416143751186,-0.555523964140576
5847,1.55429,-1.25864,-4671263612.31332,-4076902075.18166,0.91046249817085,0.333308963247604
5847,1.57602,-1.23132,-3957793915.00871,-3855939829.64905,0.91534658236556,-0.777752503916265
5846,1.59727,-1.20363,-3724871943.43835,-3979124108.42229,0.909485669429786,0.111102085221649
5845,1.61803,-1.17557,-3428981429.34485,-3936608768.73539,0.919253778306525,0.999999999969829
5845,1.6383,-1.14715,-2733390389.90901,-3198577189.24176,0.909485669429914,-0.11110208528211
5844,1.65808,-1.11839,-2306113716.48647,-2807325267.7561,0.915346582364627,0.777752503855747
5844,1.67734,-1.08928,-1729024646.23289,-2140090286.98914,0.910462498171258,-0.333308963307527
5843,1.6961,-1.05984,-1318358362.14561,-1696269423.77156,0.912416143750537,0.555523964080912
5843,1.71433,-1.03008,-898860119.315063,-1192847817.43414,0.912416143751378,-0.555523964158821
5842,1.73205,-1,-620725708.708965,-867872935.105718,0.910462498170701,0.333308963230334
5842,1.74924,-0.969619,-396090342.131272,-581140670.235064,0.915346582365767,-0.777752503931841
5841,1.7659,-0.938943,-316978902.738101,-492879905.849163,0.909485669429766,0.111102085205045
5840,1.78201,-0.907981,-288120750.019522,-473576222.108857,0.919253778306158,0.99999999995149
5840,1.79759,-0.876742,-347664728.227287,-607758611.127667,0.909485669429983,-0.111102085301555
5839,1.81262,-0.845237,-425357676.554538,-790683259.261045,0.915346582364319,0.777752503835052
5839,1.82709,-0.813473,-549300492.065606,-1095472662.14917,0.910462498171384,-0.333308963330046
5838,1.84101,-0.781462,-656897055.60975,-1408106649.75774,0.912416143750258,0.555523964056995
5838,1.85437,-0.749213,-780212348.64553,-1817329908.77768,0.91241614375167,-0.555523964183538
5837,1.86716,-0.716736,-855687954.048625,-2183772334.56985,0.91046249817059,0.333308963203332
5837,1.87939,-0.68404,-943805104.730357,-2671747685.06089,0.915346582366259,-0.777752503962114
5836,1.89104,-0.651136,-951838930.01045,-3045714134.90117,0.909485669429712,0.11110208517308
5835,1.90211,-0.618034,-902993190.055289,-3356680086.73817,0.919253778305505,0.999999999918216
5835,1.91261,-0.584743,-877945093.643953,-3874656757.91877,0.909485669430072,-0.111102085335106
5834,1.92252,-0.551275,-700433976.898315,-4021725209.995,0.915346582363824,0.777752503801191
5834,1.93185,-0.517638,-590514247.19656,-4566505226.22124,0.910462498171638,-0.333308963364257
5833,1.94059,-0.483844,-273706191.951794,-4504361595.89484,0.912416143749874,0.555523964021932
5833,1.94874,-0.449902,-66152885.3499107,-5087007619.45561,0.91241614375206,-0.555523964220175
5832,1.9563,-0.415823,387975790.715809,-4730486110.98591,0.910462498170272,0.333308963168192
5832,1.96325,-0.381618,692545040.994312,-5220867271.59051,0.915346582366721,-0.777752503993719
5831,1.96962,-0.347296,1202126559.83281,-4491874788.34485,0.909485669429573,0.111102085145735
5830,1.97538,-0.312869,1736475126.54082,-3511797774.86913,0.919253778305019,0.999999999895301
5830,1.98054,-0.278346,1999142697.75918,-3683789888.40081,0.909485669430095,-0.11110208535852
5829,1.98509,-0.243739,2460220499.94191,-2296738492.94713,0.915346582363408,0.777752503777643
5829,1.98904,-0.209057,2663641498.55935,-2379461118.88162,0.910462498171767,-0.333308963386425
5828,1.99239,-0.174311,2998351939.16821,-796418316.222865,0.91241614374965,0.555523964001481
5828,1.99513,-0.139513,3130354998.70601,-818730077.691858,0.912416143752221,-0.555523964238393
5827,1.99726,-0.104672,3319902460.84012,847198378.736254,0.910462498170182,0.333308963148836
5827,1.99878,-0.069799,3374557122.39142,861065501.867919,0.915346582367075,-0.777752504016468
5826,1.9997,-0.0349048,3412334593.26358,2696025450.52706,0.909485669429527,0.111102085121839
