origElemNum,globCoord-x,globCoord-y,acouPotentialD1-,locCoord-xi,locCoord-eta
5825,2,-2.20442e-18,-0.00130174848679021,0.919253778304535,0.999999999870795
5825,1.9997,0.0349048,-0.0012684685609978,0.909485669430051,-0.11110208537854
5824,1.99878,0.069799,-0.00122517358543671,0.915346582363134,0.7777525037628
5824,1.99726,0.104672,-0.00119010020352391,0.910462498171695,-0.333308963393583
5823,1.99513,0.139513,-0.00115060913244939,0.912416143749585,0.555523964001403
5823,1.99239,0.174311,-0.00111359289832014,0.912416143752112,-0.555523964232293
5822,1.98904,0.209057,-0.0010797347449022,0.910462498170195,0.33330896316169
5822,1.98509,0.243739,-0.00104044517564496,0.915346582366752,-0.777752503996411
5821,1.98054,0.278346,-0.00101322796738592,0.909485669429537,0.111102085145532
5820,1.97538,0.312869,-0.000970566670630231,0.91925377830504,0.999999999897275
5820,1.96962,0.347296,-0.000951422583620011,0.909485669429959,-0.111102085350008
5819,1.96325,0.381618,-0.000916119610051121,0.915346582363608,0.777752503792493
5819,1.9563,0.415823,-0.000896316388957856,0.910462498171543,-0.333308963366333
5818,1.94874,0.449902,-0.000869843443167818,0.912416143749872,0.555523964026318
5818,1.94059,0.483844,-0.000847679550077461,0.912416143751876,-0.555523964209557
5817,1.93185,0.517638,-0.000829610750329174,0.910462498170338,0.333308963182653
5817,1.92252,0.551275,-0.000803460229840437,0.915346582366455,-0.777752503976955
5816,1.91261,0.584743,-0.000793767278659328,0.909485669429567,0.111102085165898
5815,1.90211,0.618034,-0.000762625759230858,0.919253778305533,0.999999999919169
5815,1.89104,0.651136,-0.000762571379543873,0.909485669429933,-0.111102085328256
5814,1.87939,0.68404,-0.000740416560315301,0.915346582363941,0.777752503814277
5814,1.86716,0.716736,-0.000737123144335112,0.910462498171402,-0.333308963343933
5813,1.85437,0.749213,-0.00072388229219225,0.912416143750119,0.555523964050056
5813,1.84101,0.781462,-0.000714325244718276,0.912416143751575,-0.555523964183394
5812,1.82709,0.813473,-0.000707606656950678,0.910462498170486,0.333308963212263
5812,1.81262,0.845237,-0.000689484438222757,0.915346582365915,-0.777752503943209
5811,1.79759,0.876742,-0.000688228584665204,0.909485669429635,0.111102085200681
5810,1.78201,0.907981,-0.000660488774643862,0.919253778306195,0.999999999954235
5810,1.7659,0.938943,-0.000663796228060875,0.909485669429844,-0.111102085292603
5809,1.74924,0.969619,-0.000639608436727447,0.915346582364538,0.777752503850291
5809,1.73205,1,-0.000631263747949152,0.910462498171199,-0.333308963308445
5808,1.71433,1.03008,-0.000608612172266093,0.912416143750526,0.555523964084446
5808,1.6961,1.05984,-0.000585897542466621,0.912416143751246,-0.555523964150953
5807,1.67734,1.08928,-0.000562482106199293,0.910462498170725,0.333308963242434
5807,1.65808,1.11839,-0.000523830941868339,0.915346582365508,-0.777752503915519
5806,1.6383,1.14715,-0.00049726797713448,0.909485669429676,0.11110208522853
5805,1.61803,1.17557,-0.000440035503110569,0.919253778306765,0.999999999982884
5805,1.59727,1.20363,-0.000407012058441963,0.909485669429817,-0.111102085265541
5804,1.57602,1.23132,-0.000342203825542302,0.9153465823649,0.777752503876539
5804,1.55429,1.25864,-0.000286919302091658,0.910462498170939,-0.333308963279996
5803,1.53209,1.28558,-0.000213474722183967,0.912416143750815,0.555523964114853
5803,1.50942,1.31212,-0.000135883868073885,0.91241614375085,-0.555523964118972
5802,1.48629,1.33826,-5.51529497430032e-05,0.910462498170897,0.333308963276791
5802,1.46271,1.364,4.35471348697542e-05,0.915346582364929,-0.77775250387822
5801,1.43868,1.38932,0.000129724452486278,0.909485669429954,0.111102085257182
5801,1.41421,1.41421,0.000249135809492773,0.919253778307104,-0.999999999999994
850,1.38932,1.43868,0.00034000524184277,0.909485669429991,-0.111102085260227
849,1.364,1.46271,0.000464229080198478,0.915346582364834,0.777752503871359
849,1.33826,1.48629,0.000573423384314313,0.910462498171096,-0.333308963290402
848,1.31212,1.50942,0.000699280145489209,0.912416143750729,0.555523964099008
848,1.28558,1.53209,0.000824854346941213,0.912416143751184,-0.555523964140596
847,1.25864,1.55429,0.00094824558587597,0.910462498170846,0.333308963247574
847,1.23132,1.57602,0.00108787093689103,0.915346582365554,-0.777752503916259
846,1.20363,1.59727,0.00120335826375226,0.90948566942978,0.111102085221654
845,1.17557,1.61803,0.0013537392919398,0.919253778306528,0.999999999969813
845,1.14715,1.6383,0.00145477696078118,0.909485669429915,-0.111102085282135
844,1.11839,1.65808,0.0015898022678623,0.915346582364625,0.777752503855763
844,1.08928,1.67734,0.00169198361146862,0.910462498171253,-0.333308963307521
843,1.05984,1.6961,0.00180530716876215,0.912416143750542,0.555523964080906
843,1.03008,1.71433,0.00190636761106906,0.912416143751377,-0.555523964158847
842,1,1.73205,0.00199446365045798,0.910462498170698,0.333308963230309
842,0.969619,1.74924,0.00209441147764315,0.915346582365766,-0.777752503931825
841,0.938943,1.7659,0.00215477718883293,0.909485669429764,0.111102085205048
840,0.907981,1.78201,0.00225261327956561,0.919253778306164,0.99999999995148
840,0.876742,1.79759,0.00228298553868005,0.909485669429979,-0.11110208530158
839,0.845237,1.81262,0.00235127692460683,0.91534658236432,0.777752503835068
839,0.813473,1.82709,0.00237681981182879,0.91046249817139,-0.33330896333004
838,0.781462,1.84101,0.00241411542647721,0.912416143750255,0.555523964056983
838,0.749213,1.85437,0.00243592517415758,0.912416143751674,-0.555523964183563
837,0.716736,1.86716,0.00244298931599942,0.910462498170584,0.333308963203304
837,0.68404,1.87939,0.00246309359038896,0.915346582366261,-0.777752503962098
836,0.651136,1.89104,0.00244133760967266,0.909485669429719,0.111102085173086
835,0.618034,1.90211,0.00246114985697351,0.919253778305509,0.999999999918205
835,0.584743,1.91261,0.00241290967166618,0.909485669430073,-0.111102085335132
834,0.551275,1.92252,0.00240738824782178,0.915346582363819,0.777752503801204
834,0.517638,1.93185,0.00236300796361844,0.910462498171637,-0.333308963364254
833,0.483844,1.94059,0.0023355013614476,0.912416143749877,0.55552396402192
833,0.449902,1.94874,0.00229823790223736,0.91241614375206,-0.555523964220202
832,0.415823,1.9563,0.00225368973738146,0.910462498170279,0.333308963168166
832,0.381618,1.96325,0.00222752040947397,0.915346582366717,-0.777752503993703
831,0.347296,1.96962,0.00217103355220004,0.909485669429573,0.111102085145737
830,0.312869,1.97538,0.00215875169910263,0.919253778305012,0.99999999989529
830,0.278346,1.98054,0.00209593979174617,0.909485669430091,-0.111102085358547
829,0.243739,1.98509,0.00207838544949014,0.915346582363415,0.77775250377766
829,0.209057,1.98904,0.00203747779995349,0.910462498171767,-0.333308963386422
828,0.174311,1.99239,0.00201937989582344,0.912416143749651,0.55552396400147
828,0.139513,1.99513,0.0020019536852018,0.912416143752224,-0.555523964238419
827,0.104672,1.99726,0.00198661717453683,0.910462498170184,0.33330896314881
827,0.069799,1.99878,0.00199412062146734,0.915346582367074,-0.777752504016452
826,0.0349048,1.9997,0.00198474960221106,0.909485669429527,0.111102085121841
825,1.27747e-16,2,0.00201833319595008,0.919253778304535,0.999999999870799
825,-0.0349048,1.9997,0.0020156127975642,0.909485669430051,-0.111102085378537
824,-0.069799,1.99878,0.00205524615681823,0.915346582363134,0.777752503762801
824,-0.104672,1.99726,0.00208034178904253,0.910462498171695,-0.333308963393583
823,-0.139513,1.99513,0.00212799481990637,0.912416143749585,0.555523964001401
823,-0.174311,1.99239,0.00217956066085238,0.912416143752112,-0.555523964232297
822,-0.209057,1.98904,0.00223470349032135,0.910462498170195,0.333308963161685
822,-0.243739,1.98509,0.00231113475763094,0.915346582366744,-0.777752503996403
821,-0.278346,1.98054,0.00237291300475942,0.909485669429538,0.111102085145537
820,-0.312869,1.97538,0.00247260532978451,0.919253778305041,0.999999999897278
820,-0.347296,1.96962,0.00253820298526075,0.90948566942996,-0.111102085350006
819,-0.381618,1.96325,0.00263985183639532,0.915346582363608,0.777752503792493
819,-0.415823,1.9563,0.00272314806525381,0.910462498171543,-0.333308963366333
818,-0.449902,1.94874,0.0028232774071058,0.912416143749872,0.555523964026316
818,-0.483844,1.94059,0.00292207478130642,0.912416143751875,-0.555523964209561
817,-0.517638,1.93185,0.00301765369536178,0.910462498170336,0.333308963182646
817,-0.551275,1.92252,0.00312812202363618,0.915346582366457,-0.777752503976948
816,-0.584743,1.91261,0.0032156969940626,0.909485669429562,0.111102085165907
815,-0.618034,1.90211,0.00333532509089954,0.919253778305526,0.999999999919175
815,-0.651136,1.89104,0.00341296683141698,0.909485669429935,-0.111102085328253
814,-0.68404,1.87939,0.00352149391602718,0.915346582363941,0.777752503814277
814,-0.716736,1.86716,0.00360470166987254,0.910462498171402,-0.333308963343933
813,-0.749213,1.85437,0.00369950969253534,0.912416143750117,0.555523964050053
813,-0.781462,1.84101,0.00378722930585601,0.912416143751584,-0.555523964183396
812,-0.813473,1.82709,0.00386682105416076,0.910462498170484,0.33330896321226
812,-0.845237,1.81262,0.00395681490477697,0.91534658236591,-0.7777525039432
811,-0.876742,1.79759,0.00401898213529425,0.909485669429639,0.111102085200672
810,-0.907981,1.78201,0.00410928301315413,0.919253778306197,0.999999999954239
810,-0.938943,1.7659,0.00415417409780645,0.909485669429848,-0.111102085292613
809,-0.969619,1.74924,0.00422688763942937,0.915346582364533,0.777752503850298
809,-1,1.73205,0.0042729224461836,0.910462498171205,-0.333308963308436
808,-1.03008,1.71433,0.00432858492343047,0.912416143750522,0.55552396408444
808,-1.05984,1.6961,0.00437608352248751,0.912416143751243,-0.555523964150944
807,-1.08928,1.67734,0.0044144992414834,0.910462498170733,0.33330896324243
807,-1.11839,1.65808,0.00446127087799899,0.915346582365511,-0.777752503915504
806,-1.14715,1.6383,0.00448231332081736,0.909485669429678,0.11110208522852
805,-1.17557,1.61803,0.00452859792497665,0.91925377830677,0.999999999982889
805,-1.20363,1.59727,0.00453425916766364,0.909485669429819,-0.111102085265551
804,-1.23132,1.57602,0.00456498554310241,0.915346582364893,0.777752503876544
804,-1.25864,1.55429,0.0045728138060209,0.910462498170937,-0.333308963279986
803,-1.28558,1.53209,0.00458943334326782,0.912416143750809,0.555523964114847
803,-1.31212,1.50942,0.00459929663070252,0.912416143750849,-0.555523964118962
802,-1.33826,1.48629,0.00460206243774266,0.910462498170897,0.333308963276791
802,-1.364,1.46271,0.00461246421537045,0.915346582364928,-0.77775250387821
801,-1.38932,1.43868,0.00460194011429082,0.909485669429954,0.111102085257172
801,-1.41421,1.41421,0.00461296056173502,0.919253778307104,-0.999999999999994
15850,-1.43868,1.38932,0.00459198880860223,0.909485669429991,-0.111102085260237
15849,-1.46271,1.364,0.00459193317258647,0.915346582364828,0.777752503871364
15849,-1.48629,1.33826,0.00457314652995755,0.910462498171103,-0.333308963290387
15848,-1.50942,1.31212,0.0045615037195426,0.912416143750729,0.555523964099008
15848,-1.53209,1.28558,0.00454427702080883,0.912416143751185,-0.555523964140586
15847,-1.55429,1.25864,0.00452248460155658,0.910462498170851,0.333308963247569
15847,-1.57602,1.23132,0.00450735502188614,0.915346582365555,-0.777752503916249
15846,-1.59727,1.20363,0.00447710147427617,0.909485669429784,0.111102085221639
15845,-1.61803,1.17557,0.00446364709054938,0.919253778306531,0.999999999969823
15845,-1.6383,1.14715,0.00442586142497281,0.909485669429917,-0.111102085282151
15844,-1.65808,1.11839,0.00440371390022747,0.915346582364627,0.777752503855772
15844,-1.67734,1.08928,0.0043672448910228,0.910462498171251,-0.333308963307506
15843,-1.6961,1.05984,0.00433563036790354,0.912416143750542,0.555523964080906
15843,-1.71433,1.03008,0.00429936142045571,0.912416143751375,-0.555523964158831
15842,-1.73205,1,0.00426033990769087,0.910462498170697,0.333308963230296
15842,-1.74924,0.969619,0.00422616445838387,0.915346582365764,-0.777752503931822
15841,-1.7659,0.938943,0.00418114432777395,0.909485669429762,0.111102085205035
15840,-1.78201,0.907981,0.00414708320524926,0.919253778306162,0.999999999951483
15840,-1.79759,0.876742,0.0040963647733535,0.909485669429984,-0.111102085301589
15839,-1.81262,0.845237,0.00405535888639548,0.915346582364318,0.777752503835071
15839,-1.82709,0.813473,0.00400435152498413,0.910462498171391,-0.333308963330024
15838,-1.84101,0.781462,0.0039560608204734,0.912416143750253,0.555523964056986
15838,-1.85437,0.749213,0.00390462698553682,0.912416143751674,-0.555523964183544
15837,-1.86716,0.716736,0.00385117616971666,0.910462498170589,0.333308963203294
15837,-1.87939,0.68404,0.00379986314461612,0.915346582366259,-0.777752503962095
15836,-1.89104,0.651136,0.00374211010329141,0.909485669429715,0.111102085173074
15835,-1.90211,0.618034,0.0036891628641165,0.919253778305508,0.999999999918209
15835,-1.91261,0.584743,0.00362827560958235,0.909485669430068,-0.111102085335144
15834,-1.92252,0.551275,0.00357115834295873,0.915346582363818,0.777752503801208
15834,-1.93185,0.517638,0.00350953374704633,0.910462498171639,-0.333308963364235
15833,-1.94059,0.483844,0.00344806941620046,0.912416143749876,0.555523964021923
15833,-1.94874,0.449902,0.00338453113029353,0.912416143752063,-0.555523964220183
15832,-1.9563,0.415823,0.00331988641814411,0.910462498170272,0.333308963168156
15832,-1.96325,0.381618,0.00325471364412217,0.915346582366716,-0.7777525039937
15831,-1.96962,0.347296,0.00318751443074411,0.909485669429575,0.111102085145728
15830,-1.97538,0.312869,0.00311884461647092,0.91925377830502,0.999999999895294
15830,-1.98054,0.278346,0.00305076170565784,0.909485669430092,-0.111102085358556
15829,-1.98509,0.243739,0.00298069114164739,0.915346582363415,0.777752503777664
15829,-1.98904,0.209057,0.00291253227181734,0.910462498171765,-0.333308963386404
15828,-1.99239,0.174311,0.00284237248778301,0.912416143749651,0.555523964001473
15828,-1.99513,0.139513,0.00277178120149116,0.912416143752222,-0.5555239642384
15827,-1.99726,0.104672,0.00270100967719333,0.910462498170184,0.3333089631488
15827,-1.99878,0.069799,0.0026271247826027,0.915346582367074,-0.777752504016448
15826,-1.9997,0.0349048,0.00255714441883812,0.909485669429527,0.111102085121831
15825,-2,2.46315e-16,0.00248003578763316,0.919253778304535,0.999999999870803
15825,-1.9997,-0.0349048,0.002409275424181,0.909485669430051,-0.111102085378547
15824,-1.99878,-0.069799,0.00233043155642748,0.915346582363134,0.777752503762804
15824,-1.99726,-0.104672,0.002257449716436,0.910462498171696,-0.333308963393566
15823,-1.99513,-0.139513,0.00218007906890773,0.912416143749586,0.555523964001405
15823,-1.99239,-0.174311,0.00210339792217275,0.912416143752114,-0.555523964232279
15822,-1.98904,-0.209057,0.00202787726438901,0.910462498170195,0.333308963161688
15822,-1.98509,-0.243739,0.00194704188310681,0.915346582366744,-0.7777525039964
15821,-1.98054,-0.278346,0.00187578809575279,0.909485669429545,0.111102085145526
15820,-1.97538,-0.312869,0.00179191887191022,0.919253778305042,0.999999999897283
15820,-1.96962,-0.347296,0.00172536695664347,0.909485669429957,-0.111102085350017
15819,-1.96325,-0.381618,0.00164489142929746,0.915346582363609,0.777752503792499
15819,-1.9563,-0.415823,0.00157411804626532,0.910462498171549,-0.333308963366345
15818,-1.94874,-0.449902,0.00149730737537102,0.912416143749872,0.555523964026319
15818,-1.94059,-0.483844,0.00142315999176983,0.91241614375188,-0.555523964209544
15817,-1.93185,-0.517638,0.00135139157918601,0.910462498170337,0.33330896318265
15817,-1.92252,-0.551275,0.00127229119302507,0.915346582366458,-0.777752503976945
15816,-1.91261,-0.584743,0.00120629696794296,0.909485669429567,0.111102085165898
15815,-1.90211,-0.618034,0.00112235445844691,0.919253778305528,0.999999999919178
15815,-1.89104,-0.651136,0.00106430679033371,0.90948566942994,-0.111102085328262
15814,-1.87939,-0.68404,0.000987578719658455,0.915346582363942,0.77775250381428
15814,-1.86716,-0.716736,0.000925751733564535,0.910462498171397,-0.333308963343943
15813,-1.85437,-0.749213,0.000856452283389609,0.912416143750119,0.555523964050056
15813,-1.84101,-0.781462,0.000791613176587095,0.912416143751582,-0.555523964183381
15812,-1.82709,-0.813473,0.000730703748702933,0.910462498170486,0.333308963212263
15812,-1.81262,-0.845237,0.000661004517085117,0.915346582365912,-0.777752503943197
15811,-1.79759,-0.876742,0.0006075910650463,0.909485669429641,0.111102085200675
15810,-1.78201,-0.907981,0.00053155643482888,0.919253778306197,0.999999999954239
15810,-1.7659,-0.938943,0.000487433396457162,0.90948566942985,-0.11110208529261
15809,-1.74924,-0.969619,0.000420271617584279,0.915346582364535,0.777752503850301
15809,-1.73205,-1,0.000371923178496055,0.9104624981712,-0.333308963308458
15808,-1.71433,-1.03008,0.000314521926812745,0.912416143750526,0.555523964084446
15808,-1.6961,-1.05984,0.000262674862322557,0.912416143751243,-0.555523964150944
15807,-1.67734,-1.08928,0.00021473193826662,0.910462498170725,0.333308963242434
15807,-1.65808,-1.11839,0.000155802530043035,0.915346582365503,-0.7777525039155
15806,-1.6383,-1.14715,0.000116326006416053,0.90948566942967,0.111102085228524
15805,-1.61803,-1.17557,5.02645036504871e-05,0.919253778306763,0.999999999982893
15805,-1.59727,-1.20363,2.11897313884069e-05,0.909485669429812,-0.111102085265547
15804,-1.57602,-1.23132,-3.4804663235232e-05,0.915346582364898,0.777752503876549
15804,-1.55429,-1.25864,-6.90279564916118e-05,0.910462498170935,-0.333308963280012
15803,-1.53209,-1.28558,-0.000114448322746841,0.912416143750815,0.555523964114853
15803,-1.50942,-1.31212,-0.00015453324446071,0.912416143750855,-0.555523964118957
15802,-1.48629,-1.33826,-0.000190121383547468,0.910462498170897,0.333308963276791
15802,-1.46271,-1.364,-0.000238208613911007,0.915346582364928,-0.77775250387821
15801,-1.43868,-1.38932,-0.000264497113087926,0.909485669429954,0.111102085257172
15801,-1.41421,-1.41421,-0.000320992208257245,0.919253778307098,-0.999999999999989
10084,-1.38932,-1.43868,-0.000335912867783863,-0.909485669429983,0.111102085260242
10184,-1.364,-1.46271,-0.000381735497565297,-0.915346582364814,-0.777752503871363
10184,-1.33826,-1.48629,-0.000405237223088927,-0.910462498171062,0.333308963290425
10284,-1.31212,-1.50942,-0.000442539265635251,-0.912416143750702,-0.555523964098991
10284,-1.28558,-1.53209,-0.000475705780569863,-0.912416143751175,0.55552396414059
10384,-1.25864,-1.55429,-0.000503949436206974,-0.910462498170858,-0.333308963247603
10384,-1.23132,-1.57602,-0.000546181530474521,-0.915346582365569,0.777752503916277
10484,-1.20363,-1.59727,-0.000564666860662268,-0.909485669429755,-0.111102085221656
10584,-1.17557,-1.61803,-0.000616808970019138,-0.919253778306467,-0.999999999969833
10584,-1.14715,-1.6383,-0.000626028515600287,-0.909485669429891,0.111102085282108
10684,-1.11839,-1.65808,-0.000669940791197186,-0.915346582364624,-0.777752503855743
10684,-1.08928,-1.67734,-0.000691236952721011,-0.910462498171255,0.333308963307532
10784,-1.05984,-1.6961,-0.000728894232979926,-0.912416143750544,-0.555523964080908
10784,-1.03008,-1.71433,-0.000763722578780236,-0.912416143751393,0.555523964158839
10884,-1,-1.73205,-0.000794002451036522,-0.910462498170715,-0.333308963230315
10884,-0.969619,-1.74924,-0.000840134936113448,-0.915346582365772,0.777752503931858
10984,-0.938943,-1.7659,-0.000862620377163369,-0.909485669429763,-0.111102085205032
11084,-0.907981,-1.78201,-0.000922320118791836,-0.919253778306154,-0.99999999995149
11084,-0.876742,-1.79759,-0.000937609172569649,-0.909485669429981,0.111102085301552
11184,-0.845237,-1.81262,-0.000990957920012886,-0.915346582364332,-0.777752503835052
11184,-0.813473,-1.82709,-0.00102149851740374,-0.910462498171421,0.333308963330044
11284,-0.781462,-1.84101,-0.00106981927129968,-0.912416143750289,-0.555523964056998
11284,-0.749213,-1.85437,-0.00111525255409161,-0.912416143751684,0.555523964183542
11384,-0.716736,-1.86716,-0.00115704700107374,-0.910462498170579,-0.333308963203316
11384,-0.68404,-1.87939,-0.00121661076694886,-0.915346582366256,0.777752503962127
11484,-0.651136,-1.89104,-0.00125222815540131,-0.9094856694297,-0.111102085173069
11584,-0.618034,-1.90211,-0.00132776703228431,-0.919253778305473,-0.9999999999182
11584,-0.584743,-1.91261,-0.0013563743406275,-0.909485669430035,0.111102085335111
11684,-0.551275,-1.92252,-0.0014251458391864,-0.915346582363772,-0.777752503801188
11684,-0.517638,-1.93185,-0.00146914200945749,-0.910462498171642,0.333308963364261
11784,-0.483844,-1.94059,-0.0015320114074056,-0.912416143749915,-0.555523964021929
11784,-0.449902,-1.94874,-0.00159204045462629,-0.912416143752077,0.555523964220183
11884,-0.415823,-1.9563,-0.00164835635385878,-0.910462498170266,-0.33330896316818
11884,-0.381618,-1.96325,-0.00172318489985459,-0.915346582366712,0.777752503993725
11984,-0.347296,-1.96962,-0.00177263875162795,-0.909485669429565,-0.111102085145729
12084,-0.312869,-1.97538,-0.00186313631410559,-0.919253778305011,-0.999999999895287
12084,-0.278346,-1.98054,-0.00190398677379168,-0.909485669430107,0.111102085358526
12184,-0.243739,-1.98509,-0.00198508071802134,-0.915346582363447,-0.777752503777644
12184,-0.209057,-1.98904,-0.00203734968843933,-0.910462498171781,0.333308963386432
12284,-0.174311,-1.99239,-0.00210714451754795,-0.912416143749663,-0.555523964001473
12284,-0.139513,-1.99513,-0.00217161886557005,-0.912416143752267,0.555523964238395
12384,-0.104672,-1.99726,-0.00223025540870267,-0.910462498170238,-0.333308963148834
12384,-0.069799,-1.99878,-0.0023058545115388,-0.915346582367131,0.777752504016471
12484,-0.0349048,-1.9997,-0.0023512464529907,-0.909485669429557,-0.111102085121833
12584,-4.35203e-16,-2,-0.00243567339531186,-0.919253778304537,-0.999999999870803
12584,0.0349048,-1.9997,-0.00246836224241595,-0.909485669430058,0.111102085378513
12684,0.069799,-1.99878,-0.0025392118585678,-0.915346582363139,-0.777752503762792
12684,0.104672,-1.99726,-0.00257824122795438,-0.9104624981717,0.333308963393593
12784,0.139513,-1.99513,-0.00263169520791056,-0.912416143749591,-0.555523964001403
12784,0.174311,-1.99239,-0.00267638845149246,-0.912416143752134,0.555523964232273
12884,0.209057,-1.98904,-0.00271173084818688,-0.91046249817019,-0.333308963161724
12884,0.243739,-1.98509,-0.00276044137249939,-0.915346582366752,0.777752503996427
12984,0.278346,-1.98054,-0.00277522845688153,-0.909485669429543,-0.111102085145531
13084,0.312869,-1.97538,-0.00282484876463447,-0.919253778305079,-0.999999999897294
13084,0.347296,-1.96962,-0.00281897489285613,-0.909485669429971,0.111102085349981
13184,0.381618,-1.96325,-0.00284760830181239,-0.915346582363621,-0.777752503792476
13184,0.415823,-1.9563,-0.00284480927177514,-0.910462498171561,0.33330896336634
13284,0.449902,-1.94874,-0.00285397070742239,-0.912416143749886,-0.555523964026324
13284,0.483844,-1.94059,-0.002853464025325,-0.912416143751904,0.555523964209538
13384,0.517638,-1.93185,-0.00284436921178961,-0.910462498170363,-0.333308963182687
13384,0.551275,-1.92252,-0.00284700923036728,-0.915346582366464,0.777752503976962
13484,0.584743,-1.91261,-0.00282163626949645,-0.909485669429569,-0.111102085165906
13584,0.618034,-1.90211,-0.00282756059971753,-0.919253778305519,-0.999999999919186
13584,0.651136,-1.89104,-0.00278752942993438,-0.909485669429928,0.111102085328226
13684,0.68404,-1.87939,-0.00277860315040699,-0.915346582363942,-0.777752503814258
13684,0.716736,-1.86716,-0.00274505757418119,-0.910462498171394,0.333308963343945
13784,0.749213,-1.85437,-0.00272389699708212,-0.912416143750121,-0.555523964050058
13784,0.781462,-1.84101,-0.002697102971212,-0.91241614375158,0.555523964183364
13884,0.813473,-1.82709,-0.00266648133090362,-0.91046249817049,-0.333308963212306
13884,0.845237,-1.81262,-0.0026486148189835,-0.915346582365913,0.777752503943214
13984,0.876742,-1.79759,-0.00261196193701559,-0.909485669429626,-0.1111020852007
14084,0.907981,-1.78201,-0.0026042453912842,-0.919253778306215,-0.999999999954254
14084,0.938943,-1.7659,-0.00256258668246596,-0.909485669429858,0.111102085292581
14184,0.969619,-1.74924,-0.00254938237192267,-0.915346582364524,-0.777752503850263
14184,1,-1.73205,-0.0025187653259578,-0.910462498171194,0.333308963308465
14284,1.03008,-1.71433,-0.00250044680220783,-0.91241614375052,-0.55552396408445
14284,1.05984,-1.6961,-0.00247921087395534,-0.912416143751235,0.55552396415093
14384,1.08928,-1.67734,-0.00245615441932285,-0.910462498170724,-0.333308963242461
14384,1.11839,-1.65808,-0.00244539503246554,-0.915346582365498,0.777752503915531
14484,1.14715,-1.6383,-0.0024183929523159,-0.909485669429676,-0.111102085228531
14584,1.17557,-1.61803,-0.00241692721227534,-0.919253778306762,-0.999999999982903
14584,1.20363,-1.59727,-0.00238490687892261,-0.909485669429825,0.1111020852655
14684,1.23132,-1.57602,-0.00237763717447895,-0.91534658236492,-0.777752503876537
14684,1.25864,-1.55429,-0.00235446763735318,-0.910462498170955,0.333308963280004
14784,1.28558,-1.53209,-0.00234217639876381,-0.912416143750819,-0.555523964114867
14784,1.31212,-1.50942,-0.00232761912806239,-0.912416143750872,0.555523964118932
14884,1.33826,-1.48629,-0.00231123743467031,-0.910462498170903,-0.333308963276861
14884,1.364,-1.46271,-0.00230515970239288,-0.915346582364901,0.777752503878194
14984,1.38932,-1.43868,-0.00228499025468862,-0.909485669429939,-0.111102085257194
14984,1.41421,-1.41421,-0.00228623931622653,-0.919253778307102,0.999999999999985
5850,1.43868,-1.38932,-0.0022612593518441,0.909485669429985,-0.111102085260202
5849,1.46271,-1.364,-0.00225682411461922,0.915346582364833,0.777752503871339
5849,1.48629,-1.33826,-0.00223917243878941,0.910462498171102,-0.333308963290407
5848,1.50942,-1.31212,-0.00223021161744356,0.91241614375073,0.555523964099018
5848,1.53209,-1.28558,-0.00221910058017052,0.912416143751186,-0.555523964140576
5847,1.55429,-1.25864,-0.00220543343909476,0.91046249817085,0.333308963247604
5847,1.57602,-1.23132,-0.00219911328089491,0.91534658236556,-0.777752503916265
5846,1.59727,-1.20363,-0.00218100407030987,0.909485669429786,0.111102085221649
5845,1.61803,-1.17557,-0.00217915124750937,0.919253778306525,0.999999999969829
5845,1.6383,-1.14715,-0.00215852053684134,0.909485669429914,-0.11110208528211
5844,1.65808,-1.11839,-0.00215368301315907,0.915346582364627,0.777752503855747
5844,1.67734,-1.08928,-0.00214021061914575,0.910462498171258,-0.333308963307527
5843,1.6961,-1.05984,-0.00213348921286553,0.912416143750537,0.555523964080912
5843,1.71433,-1.03008,-0.00212570963295586,0.912416143751378,-0.555523964158821
5842,1.73205,-1,-0.00211522783805057,0.910462498170701,0.333308963230334
5842,1.74924,-0.969619,-0.00210923586784253,0.915346582365767,-0.777752503931841
5841,1.7659,-0.938943,-0.00209311928032447,0.909485669429766,0.111102085205045
5840,1.78201,-0.907981,-0.00208734067102303,0.919253778306158,0.99999999995149
5840,1.79759,-0.876742,-0.00206655137916748,0.909485669429983,-0.111102085301555
5839,1.81262,-0.845237,-0.00205560777836476,0.915346582364319,0.777752503835052
5839,1.82709,-0.813473,-0.00203818229548423,0.910462498171384,-0.333308963330046
5838,1.84101,-0.781462,-0.00202421143472333,0.912416143750258,0.555523964056995
5838,1.85437,-0.749213,-0.0020086649468037,0.91241614375167,-0.555523964183538
5837,1.86716,-0.716736,-0.00199069337877271,0.91046249817059,0.333308963203332
5837,1.87939,-0.68404,-0.00197431125850918,0.915346582366259,-0.777752503962114
5836,1.89104,-0.651136,-0.00195132731413791,0.909485669429712,0.11110208517308
5835,1.90211,-0.618034,-0.00193248047099779,0.919253778305505,0.999999999918216
5835,1.91261,-0.584743,-0.00190444053491837,0.909485669430072,-0.111102085335106
5834,1.92252,-0.551275,-0.00187965669001943,0.915346582363824,0.777752503801191
5834,1.93185,-0.517638,-0.00185095611137192,0.910462498171638,-0.333308963364257
5833,1.94059,-0.483844,-0.00182269822263556,0.912416143749874,0.555523964021932
5833,1.94874,-0.449902,-0.00179327025035594,0.91241614375206,-0.555523964220175
5832,1.9563,-0.415823,-0.00176253129364402,0.910462498170272,0.333308963168192
5832,1.96325,-0.381618,-0.00173070884510973,0.915346582366721,-0.777752503993719
5831,1.96962,-0.347296,-0.00169774184862474,0.909485669429573,0.111102085145735
5830,1.97538,-0.312869,-0.00166247235729354,0.919253778305019,0.999999999895301
5830,1.98054,-0.278346,-0.00162769569312917,0.909485669430095,-0.11110208535852
5829,1.98509,-0.243739,-0.00158935743213222,0.915346582363408,0.777752503777643
5829,1.98904,-0.209057,-0.00155155541276653,0.910462498171767,-0.333308963386425
5828,1.99239,-0.174311,-0.00151112364641311,0.91241614374965,0.555523964001481
5828,1.99513,-0.139513,-0.00147028395201668,0.912416143752221,-0.555523964238393
5827,1.99726,-0.104672,-0.00143008273027631,0.910462498170182,0.333308963148836
5827,1.99878,-0.069799,-0.00138641279392975,0.915346582367075,-0.777752504016468
5826,1.9997,-0.0349048,-0.00134854209597407,0.909485669429527,0.111102085121839
