origElemNum,globCoord-x,globCoord-y,acouIntensity-x,acouIntensity-y,locCoord-xi,locCoord-eta
5825,2,-2.20442e-18,-136048.208506045,-89454.5689324125,0.919253778304535,0.999999999870795
5825,1.9997,0.0349048,-129558.397393597,-89134.775599034,0.909485669430051,-0.11110208537854
5824,1.99878,0.069799,-123294.146050312,-84085.599437773,0.915346582363134,0.7777525037628
5824,1.99726,0.104672,-116922.679861377,-83453.1883618093,0.910462498171695,-0.333308963393583
5823,1.99513,0.139513,-110657.945730772,-81467.7991540167,0.912416143749585,0.555523964001403
5823,1.99239,0.174311,-104355.288918435,-80300.7735706872,0.912416143752112,-0.555523964232293
5822,1.98904,0.209057,-97783.7030500056,-79715.0205681734,0.910462498170195,0.33330896316169
5822,1.98509,0.243739,-91182.2383354199,-78463.4113010141,0.915346582366752,-0.777752503996411
5821,1.98054,0.278346,-83920.636394411,-79504.5666817392,0.909485669429537,0.111102085145532
5820,1.97538,0.312869,-76106.3472634409,-83518.3504859515,0.91925377830504,0.999999999897275
5820,1.96962,0.347296,-69157.8368390095,-81627.2037900047,0.909485669429959,-0.111102085350008
5819,1.96325,0.381618,-60857.415655604,-87487.5605658273,0.915346582363608,0.777752503792493
5819,1.9563,0.415823,-54144.7119413753,-85148.8947214146,0.910462498171543,-0.333308963366333
5818,1.94874,0.449902,-45145.9562491936,-92805.0163858202,0.912416143749872,0.555523964026318
5818,1.94059,0.483844,-38153.1433730135,-90526.8550818047,0.912416143751876,-0.555523964209557
5817,1.93185,0.517638,-28072.5629449405,-99904.3399163732,0.910462498170338,0.333308963182653
5817,1.92252,0.551275,-21020.5069870487,-97406.8324778511,0.915346582366455,-0.777752503976955
5816,1.91261,0.584743,-10706.1733017084,-107506.864642335,0.909485669429567,0.111102085165898
5815,1.90211,0.618034,1022.08416933196,-121348.235765923,0.919253778305533,0.999999999919169
5815,1.89104,0.651136,6828.71747988801,-118072.861386414,0.909485669429933,-0.111102085328256
5814,1.87939,0.68404,20033.9351410851,-135692.487870648,0.915346582363941,0.777752503814277
5814,1.86716,0.716736,25609.0451116071,-132131.816335677,0.910462498171402,-0.333308963343933
5813,1.85437,0.749213,38501.7808431835,-148113.038514508,0.912416143750119,0.555523964050056
5813,1.84101,0.781462,42679.7461748878,-143585.955363518,0.912416143751575,-0.555523964183394
5812,1.82709,0.813473,54572.8362745005,-159470.829645561,0.910462498170486,0.333308963212263
5812,1.81262,0.845237,57205.924858227,-155693.76449403,0.915346582365915,-0.777752503943209
5811,1.79759,0.876742,69536.4882253021,-174372.087397442,0.909485669429635,0.111102085200681
5810,1.78201,0.907981,81861.4600397736,-191881.613113247,0.919253778306195,0.999999999954235
5810,1.7659,0.938943,80638.1381695359,-184405.734529928,0.909485669429844,-0.111102085292603
5809,1.74924,0.969619,91172.9656022529,-199260.895608847,0.915346582364538,0.777752503850291
5809,1.73205,1,89773.2607234908,-195133.110049188,0.910462498171199,-0.333308963308445
5808,1.71433,1.03008,102749.429101496,-216075.504769122,0.912416143750526,0.555523964084446
5808,1.6961,1.05984,101473.208857085,-213992.187159086,0.912416143751246,-0.555523964150953
5807,1.67734,1.08928,113880.000829317,-234199.12529673,0.910462498170725,0.333308963242434
5807,1.65808,1.11839,110547.802088526,-230041.562290142,0.915346582365508,-0.777752503915519
5806,1.6383,1.14715,121678.780045056,-250767.674602406,0.909485669429676,0.11110208522853
5805,1.61803,1.17557,133180.627924748,-271209.110824766,0.919253778306765,0.999999999982884
5805,1.59727,1.20363,123526.051230046,-264576.577208991,0.909485669429817,-0.111102085265541
5804,1.57602,1.23132,128089.188607121,-276318.09054419,0.9153465823649,0.777752503876539
5804,1.55429,1.25864,116095.602642308,-268482.949911348,0.910462498170939,-0.333308963279996
5803,1.53209,1.28558,117238.449728166,-276671.829385508,0.912416143750815,0.555523964114853
5803,1.50942,1.31212,104859.487431642,-269105.242922852,0.91241614375085,-0.555523964118972
5802,1.48629,1.33826,103119.937939124,-273367.587134559,0.910462498170897,0.333308963276791
5802,1.46271,1.364,90257.8127211659,-264160.77541336,0.915346582364929,-0.77775250387822
5801,1.43868,1.38932,88205.0419072379,-269943.977721648,0.909485669429954,0.111102085257182
5801,1.41421,1.41421,76662.0954606199,-265590.53925905,0.919253778307104,-0.999999999999994
850,1.38932,1.43868,71614.4842938467,-266745.865398449,0.909485669429991,-0.111102085260227
849,1.364,1.46271,62839.7122760639,-262049.732048332,0.915346582364834,0.777752503871359
849,1.33826,1.48629,49350.988054478,-250786.622619857,0.910462498171096,-0.333308963290402
848,1.31212,1.50942,35383.8763139895,-233532.555901172,0.912416143750729,0.555523964099008
848,1.28558,1.53209,24526.7912434129,-211410.13923594,0.912416143751184,-0.555523964140596
847,1.25864,1.55429,11583.5746121596,-182116.430756166,0.910462498170846,0.333308963247574
847,1.23132,1.57602,6862.66989940135,-155962.729508138,0.915346582365554,-0.777752503916259
846,1.20363,1.59727,95.5650672107084,-128960.269054429,0.90948566942978,0.111102085221654
845,1.17557,1.61803,-3192.4429295115,-105142.555097758,0.919253778306528,0.999999999969813
845,1.14715,1.6383,-2444.83807183771,-85036.6142265418,0.909485669429915,-0.111102085282135
844,1.11839,1.65808,-2717.15927734522,-65586.9171808713,0.915346582364625,0.777752503855763
844,1.08928,1.67734,-2120.50292422546,-50789.8136373015,0.910462498171253,-0.333308963307521
843,1.05984,1.6961,-1690.12832397387,-32261.064282064,0.912416143750542,0.555523964080906
843,1.03008,1.71433,-465.172542890586,-8509.76580776406,0.912416143751377,-0.555523964158847
842,1,1.73205,1107.45466704928,16469.8819575368,0.910462498170698,0.333308963230309
842,0.969619,1.74924,2978.82753821719,42364.1824319071,0.915346582365766,-0.777752503931825
841,0.938943,1.7659,5589.73656083679,66954.8761748655,0.909485669429764,0.111102085205048
840,0.907981,1.78201,8258.83835578132,91442.3410633482,0.919253778306164,0.99999999995148
840,0.876742,1.79759,9802.75813180953,106425.806859335,0.909485669429979,-0.11110208530158
839,0.845237,1.81262,11846.3728706776,119180.855953427,0.91534658236432,0.777752503835068
839,0.813473,1.82709,12575.2871096578,124483.997128987,0.91046249817139,-0.33330896333004
838,0.781462,1.84101,14628.7422502757,133991.578072972,0.912416143750255,0.555523964056983
838,0.749213,1.85437,16613.5284483707,150805.920665271,0.912416143751674,-0.555523964183563
837,0.716736,1.86716,20121.6231878578,167651.989257563,0.910462498170584,0.333308963203304
837,0.68404,1.87939,22378.5830245773,185407.387308761,0.915346582366261,-0.777752503962098
836,0.651136,1.89104,26294.4835018515,197540.445701922,0.909485669429719,0.111102085173086
835,0.618034,1.90211,28860.0555055164,208890.87830757,0.919253778305509,0.999999999918205
835,0.584743,1.91261,29998.4933014182,216907.753193616,0.909485669430073,-0.111102085335132
834,0.551275,1.92252,31037.1256907191,224636.045897001,0.915346582363819,0.777752503801204
834,0.517638,1.93185,31944.3869499954,231396.957101599,0.910462498171637,-0.333308963364254
833,0.483844,1.94059,33697.5777973442,240738.472092673,0.912416143749877,0.55552396402192
833,0.449902,1.94874,35538.3879973192,254270.201288587,0.91241614375206,-0.555523964220202
832,0.415823,1.9563,38617.4027391636,266792.84727725,0.910462498170279,0.333308963168166
832,0.381618,1.96325,40344.9375957381,279085.018687292,0.915346582366717,-0.777752503993703
831,0.347296,1.96962,42373.718322226,284583.591524188,0.909485669429573,0.111102085145737
830,0.312869,1.97538,42098.7785500866,288797.408281046,0.919253778305012,0.99999999989529
830,0.278346,1.98054,42719.4297647418,292929.814710619,0.909485669430091,-0.111102085358547
829,0.243739,1.98509,42112.048067901,297581.199782138,0.915346582363415,0.77775250377766
829,0.209057,1.98904,43026.9420502431,303521.333948241,0.910462498171767,-0.333308963386422
828,0.174311,1.99239,45393.9958551622,308851.768974103,0.912416143749651,0.55552396400147
828,0.139513,1.99513,46259.9715092189,313651.914519445,0.912416143752224,-0.555523964238419
827,0.104672,1.99726,48915.5590810365,318100.627273712,0.910462498170184,0.33330896314881
827,0.069799,1.99878,49836.6149546989,322487.772846418,0.915346582367074,-0.777752504016452
826,0.0349048,1.9997,49097.218209168,325015.742455697,0.909485669429527,0.111102085121841
825,1.27747e-16,2,48109.9067145853,327008.698396432,0.919253778304535,0.999999999870799
825,-0.0349048,1.9997,48589.1298072171,326990.562664332,0.909485669430051,-0.111102085378537
824,-0.069799,1.99878,50661.0341035728,327436.488527613,0.915346582363134,0.777752503762801
824,-0.104672,1.99726,51608.662479113,329597.972763985,0.910462498171695,-0.333308963393583
823,-0.139513,1.99513,54295.0187021787,331508.650668307,0.912416143749585,0.555523964001401
823,-0.174311,1.99239,55169.9083181576,332838.657303717,0.912416143752112,-0.555523964232297
822,-0.209057,1.98904,54587.2327058803,330764.481748689,0.910462498170195,0.333308963161685
822,-0.243739,1.98509,54594.252067451,326626.707469361,0.915346582366744,-0.777752503996403
821,-0.278346,1.98054,53993.7944891384,321644.62652409,0.909485669429538,0.111102085145537
820,-0.312869,1.97538,56794.1789307641,317030.549223401,0.919253778305041,0.999999999897278
820,-0.347296,1.96962,57345.4296603149,314086.27389545,0.90948566942996,-0.111102085350006
819,-0.381618,1.96325,61522.1189171904,311080.651837433,0.915346582363608,0.777752503792493
819,-0.415823,1.9563,61095.2206874539,304164.870225225,0.910462498171543,-0.333308963366333
818,-0.449902,1.94874,62234.5114431352,295639.098761286,0.912416143749872,0.555523964026316
818,-0.483844,1.94059,60487.0664062694,283500.031174825,0.912416143751875,-0.555523964209561
817,-0.517638,1.93185,61382.4962433379,272833.996883633,0.910462498170336,0.333308963182646
817,-0.551275,1.92252,60054.4108837764,262210.993627176,0.915346582366457,-0.777752503976948
816,-0.584743,1.91261,63476.3751394591,253197.345865507,0.909485669429562,0.111102085165907
815,-0.618034,1.90211,67520.0333913741,244777.015246885,0.919253778305526,0.999999999919175
815,-0.651136,1.89104,63889.1959197585,227570.749914804,0.909485669429935,-0.111102085328253
814,-0.68404,1.87939,64197.7136043741,211217.274998181,0.915346582363941,0.777752503814277
814,-0.716736,1.86716,58511.8179660911,189388.211868708,0.910462498171402,-0.333308963343933
813,-0.749213,1.85437,56886.2064807484,170049.192579779,0.912416143750117,0.555523964050053
813,-0.781462,1.84101,51291.4747014455,150270.685721135,0.912416143751584,-0.555523964183396
812,-0.813473,1.82709,49380.9210189556,132781.770257544,0.910462498170484,0.33330896321226
812,-0.845237,1.81262,43411.0498548641,114158.133779604,0.91534658236591,-0.7777525039432
811,-0.876742,1.79759,39798.5362591845,96042.4174981551,0.909485669429639,0.111102085200672
810,-0.907981,1.78201,35162.0754671324,77776.2948271538,0.919253778306197,0.999999999954239
810,-0.938943,1.7659,26594.9497887472,57332.037264675,0.909485669429848,-0.111102085292613
809,-0.969619,1.74924,19072.7069723488,37696.7152655146,0.915346582364533,0.777752503850298
809,-1,1.73205,7971.26266937578,15327.8205801199,0.910462498171205,-0.333308963308436
808,-1.03008,1.71433,-4388.93064853829,-7809.04990825321,0.912416143750522,0.55552396408444
808,-1.05984,1.6961,-18774.9105437523,-32384.4515051735,0.912416143751243,-0.555523964150944
807,-1.08928,1.67734,-35785.3906099331,-57413.0128454966,0.910462498170733,0.33330896324243
807,-1.11839,1.65808,-52396.0671243531,-80796.1823591967,0.915346582365511,-0.777752503915504
806,-1.14715,1.6383,-74027.0207124273,-105991.178125556,0.909485669429678,0.11110208522852
805,-1.17557,1.61803,-98243.6165694447,-131369.782060176,0.91925377830677,0.999999999982889
805,-1.20363,1.59727,-123747.204227584,-156463.611203413,0.909485669429819,-0.111102085265551
804,-1.23132,1.57602,-156717.191545439,-184763.59540623,0.915346582364893,0.777752503876544
804,-1.25864,1.55429,-188384.136771422,-208971.126406943,0.910462498170937,-0.333308963279986
803,-1.28558,1.53209,-228058.295304975,-236167.662837665,0.912416143750809,0.555523964114847
803,-1.31212,1.50942,-262363.939097879,-255092.493855543,0.912416143750849,-0.555523964118962
802,-1.33826,1.48629,-302677.676673479,-275618.896171738,0.910462498170897,0.333308963276791
802,-1.364,1.46271,-336923.450545344,-287565.144555963,0.915346582364928,-0.77775250387821
801,-1.38932,1.43868,-375492.732340202,-299678.281489219,0.909485669429954,0.111102085257172
801,-1.41421,1.41421,-411763.345963373,-306467.042505795,0.919253778307104,-0.999999999999994
15850,-1.43868,1.38932,-454624.357313127,-313381.390230951,0.909485669429991,-0.111102085260237
15849,-1.46271,1.364,-497357.393134575,-315158.515208639,0.915346582364828,0.777752503871364
15849,-1.48629,1.33826,-554916.316308425,-324173.888098687,0.910462498171103,-0.333308963290387
15848,-1.50942,1.31212,-609121.390154671,-323330.189496599,0.912416143750729,0.555523964099008
15848,-1.53209,1.28558,-676503.987596402,-330896.870802234,0.912416143751185,-0.555523964140586
15847,-1.55429,1.25864,-731247.193860475,-322588.102150139,0.910462498170851,0.333308963247569
15847,-1.57602,1.23132,-795375.997523515,-324106.890538028,0.915346582365555,-0.777752503916249
15846,-1.59727,1.20363,-835790.330853608,-304628.024415871,0.909485669429784,0.111102085221639
15845,-1.61803,1.17557,-872618.230268092,-279350.387012706,0.919253778306531,0.999999999969823
15845,-1.6383,1.14715,-915241.518873652,-273704.138478508,0.909485669429917,-0.111102085282151
15844,-1.65808,1.11839,-943398.208506179,-244986.215598356,0.915346582364627,0.777752503855772
15844,-1.67734,1.08928,-988228.511886617,-241486.816823373,0.910462498171251,-0.333308963307506
15843,-1.6961,1.05984,-1018042.6247658,-212469.547659857,0.912416143750542,0.555523964080906
15843,-1.71433,1.03008,-1065391.47411722,-209710.51907104,0.912416143751375,-0.555523964158831
15842,-1.73205,1,-1093496.10316484,-175995.350216294,0.910462498170697,0.333308963230296
15842,-1.74924,0.969619,-1138354.77462611,-171021.722334675,0.915346582365764,-0.777752503931822
15841,-1.7659,0.938943,-1166827.37448867,-135299.013029018,0.909485669429762,0.111102085205035
15840,-1.78201,0.907981,-1200149.32898446,-104571.868320333,0.919253778306162,0.999999999951483
15840,-1.79759,0.876742,-1251600.18111914,-99719.3631344718,0.909485669429984,-0.111102085301589
15839,-1.81262,0.845237,-1293479.51390113,-71366.640684011,0.915346582364318,0.777752503835071
15839,-1.82709,0.813473,-1347611.94741645,-65731.9564377763,0.910462498171391,-0.333308963330024
15838,-1.84101,0.781462,-1387360.41729148,-28421.0353071749,0.912416143750253,0.555523964056986
15838,-1.85437,0.749213,-1438358.72103588,-21520.4616229054,0.912416143751674,-0.555523964183544
15837,-1.86716,0.716736,-1471298.16091448,21192.840780629,0.910462498170589,0.333308963203294
15837,-1.87939,0.68404,-1516264.64414871,27729.3818561886,0.915346582366259,-0.777752503962095
15836,-1.89104,0.651136,-1541338.34675851,61712.8341598902,0.909485669429715,0.111102085173074
15835,-1.90211,0.618034,-1568792.92192839,85807.9057726529,0.919253778305508,0.999999999918209
15835,-1.91261,0.584743,-1589064.91476721,89580.8971748651,0.909485669430068,-0.111102085335144
15834,-1.92252,0.551275,-1604253.70145933,109300.953106045,0.915346582363818,0.777752503801208
15834,-1.93185,0.517638,-1620432.56270203,112639.838789502,0.910462498171639,-0.333308963364235
15833,-1.94059,0.483844,-1632629.97490802,131066.507765604,0.912416143749876,0.555523964021923
15833,-1.94874,0.449902,-1648409.34728456,133996.26288405,0.912416143752063,-0.555523964220183
15832,-1.9563,0.415823,-1656263.67637023,145571.297743687,0.910462498170272,0.333308963168156
15832,-1.96325,0.381618,-1662298.69255888,147047.948840147,0.915346582366716,-0.7777525039937
15831,-1.96962,0.347296,-1657159.07079747,143960.785964562,0.909485669429575,0.111102085145728
15830,-1.97538,0.312869,-1650535.21163864,128831.667151545,0.91925377830502,0.999999999895294
15830,-1.98054,0.278346,-1636961.5989219,127841.697883288,0.909485669430092,-0.111102085358556
15829,-1.98509,0.243739,-1626195.89758306,112384.765884955,0.915346582363415,0.777752503777664
15829,-1.98904,0.209057,-1618588.70785459,111981.526952645,0.910462498171765,-0.333308963386404
15828,-1.99239,0.174311,-1613209.54749879,104609.997503748,0.912416143749651,0.555523964001473
15828,-1.99513,0.139513,-1609567.53223872,104474.185626337,0.912416143752222,-0.5555239642384
15827,-1.99726,0.104672,-1599298.57503571,93278.4118137539,0.910462498170184,0.3333089631488
15827,-1.99878,0.069799,-1583487.90132358,92305.0158057724,0.915346582367074,-0.777752504016448
15826,-1.9997,0.0349048,-1541030.90662603,60925.393762425,0.909485669429527,0.111102085121831
15825,-2,2.46315e-16,-1490850.50327741,13638.330941339,0.919253778304535,0.999999999870803
15825,-1.9997,-0.0349048,-1400464.9920269,13176.6256889885,0.909485669430051,-0.111102085378547
15824,-1.99878,-0.069799,-1307477.90164906,-28765.1572782655,0.915346582363134,0.777752503762804
15824,-1.99726,-0.104672,-1208469.83984181,-26220.4372042376,0.910462498171696,-0.333308963393566
15823,-1.99513,-0.139513,-1121525.25406193,-50459.9551513208,0.912416143749586,0.555523964001405
15823,-1.99239,-0.174311,-1055543.35534546,-47290.5480586268,0.912416143752114,-0.555523964232279
15822,-1.98904,-0.209057,-1007262.59290284,-60924.768024359,0.910462498170195,0.333308963161688
15822,-1.98509,-0.243739,-973005.172712346,-58825.9478556187,0.915346582366744,-0.7777525039964
15821,-1.98054,-0.278346,-927877.007308768,-71998.5190494029,0.909485669429545,0.111102085145526
15820,-1.97538,-0.312869,-879437.902973129,-88351.2560802204,0.919253778305042,0.999999999897283
15820,-1.96962,-0.347296,-811486.090302061,-81163.5704358623,0.909485669429957,-0.111102085350017
15819,-1.96325,-0.381618,-744709.926425327,-87253.4291340099,0.915346582363609,0.777752503792499
15819,-1.9563,-0.415823,-693906.665225909,-81171.0748954515,0.910462498171549,-0.333308963366345
15818,-1.94874,-0.449902,-652484.309013691,-79780.4918006015,0.912416143749872,0.555523964026319
15818,-1.94059,-0.483844,-626887.997901627,-76807.7670875051,0.91241614375188,-0.555523964209544
15817,-1.93185,-0.517638,-591335.529698168,-78791.1615048797,0.910462498170337,0.33330896318265
15817,-1.92252,-0.551275,-551829.530185418,-73501.5663663749,0.915346582366458,-0.777752503976945
15816,-1.91261,-0.584743,-501434.127472318,-78533.6590973137,0.909485669429567,0.111102085165898
15815,-1.90211,-0.618034,-450903.436592449,-76154.5116909061,0.919253778305528,0.999999999919178
15815,-1.89104,-0.651136,-424417.498178824,-71867.1011328935,0.90948566942994,-0.111102085328262
15814,-1.87939,-0.68404,-397451.123138889,-66009.990846155,0.915346582363942,0.77775250381428
15814,-1.86716,-0.716736,-366978.903576892,-61126.9731973147,0.910462498171397,-0.333308963343943
15813,-1.85437,-0.749213,-329281.715484406,-56155.5018520771,0.912416143750119,0.555523964050056
15813,-1.84101,-0.781462,-282220.683088956,-48103.6082656052,0.912416143751582,-0.555523964183381
15812,-1.82709,-0.813473,-245257.839546376,-43999.8891416281,0.910462498170486,0.333308963212263
15812,-1.81262,-0.845237,-216324.9057926,-38967.5103169737,0.915346582365912,-0.777752503943197
15811,-1.79759,-0.876742,-184483.868463105,-34367.6044937712,0.909485669429641,0.111102085200675
15810,-1.78201,-0.907981,-151249.636191791,-30310.6042718163,0.919253778306197,0.999999999954239
15810,-1.7659,-0.938943,-94853.4803797832,-19031.6978726353,0.90948566942985,-0.11110208529261
15809,-1.74924,-0.969619,-39964.3441110796,-8489.47295256911,0.915346582364535,0.777752503850301
15809,-1.73205,-1,6685.15682110053,1425.10304929801,0.9104624981712,-0.333308963308458
15808,-1.71433,-1.03008,51826.8780349029,11211.5740327579,0.912416143750526,0.555523964084446
15808,-1.6961,-1.05984,94732.3584831499,20642.1246542723,0.912416143751243,-0.555523964150944
15807,-1.67734,-1.08928,133179.584193033,29507.9645541469,0.910462498170725,0.333308963242434
15807,-1.65808,-1.11839,168948.694636509,37739.5610738176,0.915346582365503,-0.7777525039155
15806,-1.6383,-1.14715,186339.586882157,40791.3346864367,0.90948566942967,0.111102085228524
15805,-1.61803,-1.17557,199935.159861232,41706.3893308022,0.919253778306763,0.999999999982893
15805,-1.59727,-1.20363,220414.013354175,46889.4533802274,0.909485669429812,-0.111102085265547
15804,-1.57602,-1.23132,243609.086793464,49808.2751595038,0.915346582364898,0.777752503876549
15804,-1.55429,-1.25864,267038.618930938,55913.8079295427,0.910462498170935,-0.333308963280012
15803,-1.53209,-1.28558,295056.517406056,58327.7048474133,0.912416143750815,0.555523964114853
15803,-1.50942,-1.31212,321281.948279501,65502.8382673098,0.912416143750855,-0.555523964118957
15802,-1.48629,-1.33826,356318.908577337,69378.1709498712,0.910462498170897,0.333308963276791
15802,-1.46271,-1.364,390780.903475352,79050.3453333709,0.915346582364928,-0.77775250387821
15801,-1.43868,-1.38932,425980.167316395,81959.0025321919,0.909485669429954,0.111102085257172
15801,-1.41421,-1.41421,453928.151539859,92039.7717605925,0.919253778307098,-0.999999999999989
10084,-1.38932,-1.43868,480596.570209974,109379.618578472,-0.909485669429983,0.111102085260242
10184,-1.364,-1.46271,493239.089883378,138076.076404054,-0.915346582364814,-0.777752503871363
10184,-1.33826,-1.48629,514929.985155627,148089.180354833,-0.910462498171062,0.333308963290425
10284,-1.31212,-1.50942,498033.914428434,198236.693716241,-0.912416143750702,-0.555523964098991
10284,-1.28558,-1.53209,530741.273860581,213658.156075085,-0.912416143751175,0.55552396414059
10384,-1.25864,-1.55429,464381.593865492,295521.711061834,-0.910462498170858,-0.333308963247603
10384,-1.23132,-1.57602,475910.591380462,302103.588579972,-0.915346582365569,0.777752503916277
10484,-1.20363,-1.59727,164763.778901736,541744.443215413,-0.909485669429755,-0.111102085221656
10584,-1.17557,-1.61803,-105540.112627433,732180.360654482,-0.919253778306467,-0.999999999969833
10584,-1.14715,-1.6383,-116980.417016833,750198.605315293,-0.909485669429891,0.111102085282108
10684,-1.11839,-1.65808,-113851.307154262,756435.896330189,-0.915346582364624,-0.777752503855743
10684,-1.08928,-1.67734,-124529.441404243,767847.635447059,-0.910462498171255,0.333308963307532
10784,-1.05984,-1.6961,-116319.904021082,769856.541321251,-0.912416143750544,-0.555523964080908
10784,-1.03008,-1.71433,-128614.50047344,788965.637320092,-0.912416143751393,0.555523964158839
10884,-1,-1.73205,-117672.692045971,796370.32451154,-0.910462498170715,-0.333308963230315
10884,-0.969619,-1.74924,-131030.688044434,818674.681430896,-0.915346582365772,0.777752503931858
10984,-0.938943,-1.7659,-116838.774812087,823814.906677913,-0.909485669429763,-0.111102085205032
11084,-0.907981,-1.78201,-102735.66240678,828005.649083411,-0.919253778306154,-0.99999999995149
11084,-0.876742,-1.79759,-114356.637378772,838460.544026737,-0.909485669429981,0.111102085301552
11184,-0.845237,-1.81262,-99151.3032853375,832898.207833397,-0.915346582364332,-0.777752503835052
11184,-0.813473,-1.82709,-109067.485654142,831232.451919677,-0.910462498171421,0.333308963330044
11284,-0.781462,-1.84101,-90639.9233651382,812875.303361279,-0.912416143750289,-0.555523964056998
11284,-0.749213,-1.85437,-98082.9036986771,800113.0440776,-0.912416143751684,0.555523964183542
11384,-0.716736,-1.86716,-76888.5668248054,780513.454265674,-0.910462498170579,-0.333308963203316
11384,-0.68404,-1.87939,-84712.0148777591,774888.912409815,-0.915346582366256,0.777752503962127
11484,-0.651136,-1.89104,-60718.0567726318,753833.875797143,-0.9094856694297,-0.111102085173069
11584,-0.618034,-1.90211,-42750.8271226261,734369.192414786,-0.919253778305473,-0.9999999999182
11584,-0.584743,-1.91261,-48590.2844588047,716867.282840505,-0.909485669430035,0.111102085335111
11684,-0.551275,-1.92252,-29081.6205893623,692101.99865047,-0.915346582363772,-0.777752503801188
11684,-0.517638,-1.93185,-33956.4513542012,676058.778288434,-0.910462498171642,0.333308963364261
11784,-0.483844,-1.94059,-20686.2463240232,645809.061197776,-0.912416143749915,-0.555523964021929
11784,-0.449902,-1.94874,-25970.2631318205,607130.769640391,-0.912416143752077,0.555523964220183
11884,-0.415823,-1.9563,-4209.0880330083,586163.276647211,-0.910462498170266,-0.33330896316818
11884,-0.381618,-1.96325,-2642.19010073509,584708.47147064,-0.915346582366712,0.777752503993725
11984,-0.347296,-1.96962,-16007.6179901677,637912.172057932,-0.909485669429565,-0.111102085145729
12084,-0.312869,-1.97538,-113912.521297335,716513.647758886,-0.919253778305011,-0.999999999895287
12084,-0.278346,-1.98054,-108625.314596966,739883.945516096,-0.909485669430107,0.111102085358526
12184,-0.243739,-1.98509,-174951.148642431,766395.80153343,-0.915346582363447,-0.777752503777644
12184,-0.209057,-1.98904,-178037.754153202,765344.588358013,-0.910462498171781,0.333308963386432
12284,-0.174311,-1.99239,-188875.837456491,770022.369852554,-0.912416143749663,-0.555523964001473
12284,-0.139513,-1.99513,-195584.075283023,781952.792551894,-0.912416143752267,0.555523964238395
12384,-0.104672,-1.99726,-207207.186982818,779303.575914624,-0.910462498170238,-0.333308963148834
12384,-0.069799,-1.99878,-207588.180878675,766167.771934043,-0.915346582367131,0.777752504016471
12484,-0.0349048,-1.9997,-221650.407101002,744548.443447702,-0.909485669429557,-0.111102085121833
12584,-4.35203e-16,-2,-227107.350137133,720025.071177793,-0.919253778304537,-0.999999999870803
12584,0.0349048,-1.9997,-229173.161146122,711884.279099987,-0.909485669430058,0.111102085378513
12684,0.069799,-1.99878,-227204.370964307,702346.343380325,-0.915346582363139,-0.777752503762792
12684,0.104672,-1.99726,-226322.398996042,690140.326528028,-0.9104624981717,0.333308963393593
12784,0.139513,-1.99513,-227767.173044119,668088.285239845,-0.912416143749591,-0.555523964001403
12784,0.174311,-1.99239,-217181.212716547,632874.342091329,-0.912416143752134,0.555523964232273
12884,0.209057,-1.98904,-220394.650526145,595022.655075825,-0.91046249817019,-0.333308963161724
12884,0.243739,-1.98509,-208103.386511673,557853.633235695,-0.915346582366752,0.777752503996427
12984,0.278346,-1.98054,-204805.245012463,527256.470152061,-0.909485669429543,-0.111102085145531
13084,0.312869,-1.97538,-194955.404213472,499373.090128184,-0.919253778305079,-0.999999999897294
13084,0.347296,-1.96962,-184590.535196883,470512.362471659,-0.909485669429971,0.111102085349981
13184,0.381618,-1.96325,-176873.751015258,438840.575234522,-0.915346582363621,-0.777752503792476
13184,0.415823,-1.9563,-161064.143037692,399524.152956391,-0.910462498171561,0.33330896336634
13284,0.449902,-1.94874,-151782.673725266,352252.459533577,-0.912416143749886,-0.555523964026324
13284,0.483844,-1.94059,-128196.650464019,298158.261903251,-0.912416143751904,0.555523964209538
13384,0.517638,-1.93185,-110785.890931532,240457.468625216,-0.910462498170363,-0.333308963182687
13384,0.551275,-1.92252,-84644.854300151,183782.461226907,-0.915346582366464,0.777752503976962
13484,0.584743,-1.91261,-67814.6825812683,140921.10879693,-0.909485669429569,-0.111102085165906
13584,0.618034,-1.90211,-50059.9435873466,102639.861731852,-0.919253778305519,-0.999999999919186
13584,0.651136,-1.89104,-39045.3883505203,79819.7187567961,-0.909485669429928,0.111102085328226
13684,0.68404,-1.87939,-27290.4844766691,56366.6250008428,-0.915346582363942,-0.777752503814258
13684,0.716736,-1.86716,-14463.2180570975,29833.6391990412,-0.910462498171394,0.333308963343945
13784,0.749213,-1.85437,-79.980603592382,167.490590945297,-0.912416143750121,-0.555523964050058
13784,0.781462,-1.84101,16464.9789407351,-34477.838270265,-0.91241614375158,0.555523964183364
13884,0.813473,-1.82709,33824.5097430539,-71556.8668550747,-0.91046249817049,-0.333308963212306
13884,0.845237,-1.81262,52102.2728546254,-110229.906169025,-0.915346582365913,0.777752503943214
13984,0.876742,-1.79759,68319.82703998,-149104.884715663,-0.909485669429626,-0.1111020852007
14084,0.907981,-1.78201,81685.722386698,-189400.833430753,-0.919253778306215,-0.999999999954254
14084,0.938943,-1.7659,94189.522938899,-218565.145146355,-0.909485669429858,0.111102085292581
14184,0.969619,-1.74924,99846.9611575887,-250079.321387771,-0.915346582364524,-0.777752503850263
14184,1,-1.73205,108913.444181673,-273338.45998871,-0.910462498171194,0.333308963308465
14284,1.03008,-1.71433,108786.072939898,-301193.63939772,-0.91241614375052,-0.55552396408445
14284,1.05984,-1.6961,116199.784418968,-323134.421089217,-0.912416143751235,0.55552396415093
14384,1.08928,-1.67734,110692.795842904,-346270.160897652,-0.910462498170724,-0.333308963242461
14384,1.11839,-1.65808,113874.826552826,-359280.743854079,-0.915346582365498,0.777752503915531
14484,1.14715,-1.6383,102590.86299979,-375313.594403073,-0.909485669429676,-0.111102085228531
14584,1.17557,-1.61803,87337.4297154008,-393146.122885259,-0.919253778306762,-0.999999999982903
14584,1.20363,-1.59727,85129.8496497552,-395520.951905409,-0.909485669429825,0.1111020852655
14684,1.23132,-1.57602,65686.867177221,-410476.892192268,-0.91534658236492,-0.777752503876537
14684,1.25864,-1.55429,61981.1508900143,-409648.312705072,-0.910462498170955,0.333308963280004
14784,1.28558,-1.53209,39610.6285714981,-426252.19594767,-0.912416143750819,-0.555523964114867
14784,1.31212,-1.50942,35090.7901431989,-430741.278470085,-0.912416143750872,0.555523964118932
14884,1.33826,-1.48629,9850.88303979204,-451168.781660778,-0.910462498170903,-0.333308963276861
14884,1.364,-1.46271,2970.2263869839,-453681.125374477,-0.915346582364901,0.777752503878194
14984,1.38932,-1.43868,-25315.7156876249,-470399.811194224,-0.909485669429939,-0.111102085257194
14984,1.41421,-1.41421,-36613.6987027059,-469105.606558387,-0.919253778307102,0.999999999999985
5850,1.43868,-1.38932,-69081.1873405499,-477054.387656964,0.909485669429985,-0.111102085260202
5849,1.46271,-1.364,-97578.4524676103,-478423.195344245,0.915346582364833,0.777752503871339
5849,1.48629,-1.33826,-118158.807409734,-460258.365059912,0.910462498171102,-0.333308963290407
5848,1.50942,-1.31212,-144197.763363506,-445972.001857814,0.91241614375073,0.555523964099018
5848,1.53209,-1.28558,-167149.367659713,-424881.084716722,0.912416143751186,-0.555523964140576
5847,1.55429,-1.25864,-186705.508122017,-401884.925672397,0.91046249817085,0.333308963247604
5847,1.57602,-1.23132,-208515.936638882,-383163.440737491,0.91534658236556,-0.777752503916265
5846,1.59727,-1.20363,-218261.12180639,-357023.561183879,0.909485669429786,0.111102085221649
5845,1.61803,-1.17557,-223624.557569977,-326258.149264497,0.919253778306525,0.999999999969829
5845,1.6383,-1.14715,-236607.365158534,-317993.344517023,0.909485669429914,-0.11110208528211
5844,1.65808,-1.11839,-234908.105203008,-289912.386528698,0.915346582364627,0.777752503855747
5844,1.67734,-1.08928,-243734.023239519,-284830.869666628,0.910462498171258,-0.333308963307527
5843,1.6961,-1.05984,-238060.352154253,-259779.89781953,0.912416143750537,0.555523964080912
5843,1.71433,-1.03008,-243555.825468095,-256742.032294203,0.912416143751378,-0.555523964158821
5842,1.73205,-1,-236953.942892642,-235196.562869356,0.910462498170701,0.333308963230334
5842,1.74924,-0.969619,-242334.421278101,-235080.170763742,0.915346582365767,-0.777752503931841
5841,1.7659,-0.938943,-236313.630793451,-217232.654598541,0.909485669429766,0.111102085205045
5840,1.78201,-0.907981,-231662.381593404,-201202.392126045,0.919253778306158,0.99999999995149
5840,1.79759,-0.876742,-235643.703624969,-203629.254729769,0.909485669429983,-0.111102085301555
5839,1.81262,-0.845237,-231653.308590216,-189566.836192872,0.915346582364319,0.777752503835052
5839,1.82709,-0.813473,-234057.558875088,-191927.471950977,0.910462498171384,-0.333308963330046
5838,1.84101,-0.781462,-229495.852244991,-179207.438083416,0.912416143750258,0.555523964056995
5838,1.85437,-0.749213,-230826.518328828,-181832.555361129,0.91241614375167,-0.555523964183538
5837,1.86716,-0.716736,-226484.983559044,-170002.490997046,0.91046249817059,0.333308963203332
5837,1.87939,-0.68404,-228313.256004185,-173655.938217788,0.915346582366259,-0.777752503962114
5836,1.89104,-0.651136,-223964.80898972,-163250.849631758,0.909485669429712,0.11110208517308
5835,1.90211,-0.618034,-220237.336856523,-154007.067685481,0.919253778305505,0.999999999918216
5835,1.91261,-0.584743,-220241.340751589,-157910.551247333,0.909485669430072,-0.111102085335106
5834,1.92252,-0.551275,-216150.441606899,-148263.361036163,0.915346582363824,0.777752503801191
5834,1.93185,-0.517638,-215405.245567757,-152460.511369451,0.910462498171638,-0.333308963364257
5833,1.94059,-0.483844,-210729.852760619,-143807.331917398,0.912416143749874,0.555523964021932
5833,1.94874,-0.449902,-208310.364701347,-147528.965698733,0.91241614375206,-0.555523964220175
5832,1.9563,-0.415823,-203309.06576437,-139539.605433238,0.910462498170272,0.333308963168192
5832,1.96325,-0.381618,-200920.8338075,-143271.74666672,0.915346582366721,-0.777752503993719
5831,1.96962,-0.347296,-195551.577753934,-133910.273450644,0.909485669429573,0.111102085145735
5830,1.97538,-0.312869,-190603.713606552,-125531.443379688,0.919253778305019,0.999999999895301
5830,1.98054,-0.278346,-185477.841286029,-127167.403395287,0.909485669430095,-0.11110208535852
5829,1.98509,-0.243739,-179014.955203931,-118660.588494538,0.915346582363408,0.777752503777643
5829,1.98904,-0.209057,-173416.474852251,-120157.948762927,0.910462498171767,-0.333308963386425
5828,1.99239,-0.174311,-166909.621610404,-111437.359386831,0.91241614374965,0.555523964001481
5828,1.99513,-0.139513,-161415.718060296,-112672.144252669,0.912416143752221,-0.555523964238393
5827,1.99726,-0.104672,-155023.832244096,-104511.888233215,0.910462498170182,0.333308963148836
5827,1.99878,-0.069799,-149032.039596152,-104719.177356726,0.915346582367075,-0.777752504016468
5826,1.9997,-0.0349048,-142417.472258757,-96930.8993202692,0.909485669429527,0.111102085121839
