origElemNum,globCoord-x,globCoord-y,acouPotentialD1-,locCoord-xi,locCoord-eta
5825,2,-2.20442e-18,-5297.25957006469,0.919253778304535,0.999999999870795
5825,1.9997,0.0349048,-5379.89086726506,0.909485669430051,-0.11110208537854
5824,1.99878,0.069799,-5473.10378221368,0.915346582363134,0.7777525037628
5824,1.99726,0.104672,-5570.49330765727,0.910462498171695,-0.333308963393583
5823,1.99513,0.139513,-5682.70263522189,0.912416143749585,0.555523964001403
5823,1.99239,0.174311,-5810.8456235497,0.912416143752112,-0.555523964232293
5822,1.98904,0.209057,-5948.43973509427,0.910462498170195,0.33330896316169
5822,1.98509,0.243739,-6096.29807881302,0.915346582366752,-0.777752503996411
5821,1.98054,0.278346,-6224.87525113896,0.909485669429537,0.111102085145532
5820,1.97538,0.312869,-6357.03741454416,0.91925377830504,0.999999999897275
5820,1.96962,0.347296,-6445.57439184218,0.909485669429959,-0.111102085350008
5819,1.96325,0.381618,-6540.09282903727,0.915346582363608,0.777752503792493
5819,1.9563,0.415823,-6626.66352888948,0.910462498171543,-0.333308963366333
5818,1.94874,0.449902,-6725.87274505499,0.912416143749872,0.555523964026318
5818,1.94059,0.483844,-6838.79466155496,0.912416143751876,-0.555523964209557
5817,1.93185,0.517638,-6942.19797121941,0.910462498170338,0.333308963182653
5817,1.92252,0.551275,-7042.53284830222,0.915346582366455,-0.777752503976955
5816,1.91261,0.584743,-7084.67763959711,0.909485669429567,0.111102085165898
5815,1.90211,0.618034,-7119.42167015653,0.919253778305533,0.999999999919169
5815,1.89104,0.651136,-7114.12784909425,0.909485669429933,-0.111102085328256
5814,1.87939,0.68404,-7122.33376984033,0.915346582363941,0.777752503814277
5814,1.86716,0.716736,-7155.45487441829,0.910462498171402,-0.333308963343933
5813,1.85437,0.749213,-7196.87909156402,0.912416143750119,0.555523964050056
5813,1.84101,0.781462,-7245.70469661312,0.912416143751575,-0.555523964183394
5812,1.82709,0.813473,-7279.43977238206,0.910462498170486,0.333308963212263
5812,1.81262,0.845237,-7306.29410192966,0.915346582365915,-0.777752503943209
5811,1.79759,0.876742,-7362.50511939849,0.909485669429635,0.111102085200681
5810,1.78201,0.907981,-7433.29797798166,0.919253778306195,0.999999999954235
5810,1.7659,0.938943,-7531.10207729428,0.909485669429844,-0.111102085292603
5809,1.74924,0.969619,-7611.15078489103,0.915346582364538,0.777752503850291
5809,1.73205,1,-7589.55267486874,0.910462498171199,-0.333308963308445
5808,1.71433,1.03008,-7541.78071803318,0.912416143750526,0.555523964084446
5808,1.6961,1.05984,-7449.48820469616,0.912416143751246,-0.555523964150953
5807,1.67734,1.08928,-7437.41419520708,0.910462498170725,0.333308963242434
5807,1.65808,1.11839,-7481.39299988815,0.915346582365508,-0.777752503915519
5806,1.6383,1.14715,-7511.79326406074,0.909485669429676,0.11110208522853
5805,1.61803,1.17557,-7544.41605108901,0.919253778306765,0.999999999982884
5805,1.59727,1.20363,-7379.70128037247,0.909485669429817,-0.111102085265541
5804,1.57602,1.23132,-7225.9314519889,0.9153465823649,0.777752503876539
5804,1.55429,1.25864,-7092.16247903476,0.910462498170939,-0.333308963279996
5803,1.53209,1.28558,-6972.4532497965,0.912416143750815,0.555523964114853
5803,1.50942,1.31212,-6870.05404535593,0.91241614375085,-0.555523964118972
5802,1.48629,1.33826,-6723.70240131447,0.910462498170897,0.333308963276791
5802,1.46271,1.364,-6550.37319486305,0.915346582364929,-0.77775250387822
5801,1.43868,1.38932,-6480.69950574652,0.909485669429954,0.111102085257182
5801,1.41421,1.41421,-6440.74950935082,0.919253778307104,-0.999999999999994
850,1.38932,1.43868,-6418.45378475129,0.909485669429991,-0.111102085260227
849,1.364,1.46271,-6385.78186346129,0.915346582364834,0.777752503871359
849,1.33826,1.48629,-6300.93332470327,0.910462498171096,-0.333308963290402
848,1.31212,1.50942,-6208.61299067743,0.912416143750729,0.555523964099008
848,1.28558,1.53209,-6104.0879724585,0.912416143751184,-0.555523964140596
847,1.25864,1.55429,-5943.58968336283,0.910462498170846,0.333308963247574
847,1.23132,1.57602,-5745.91757654569,0.915346582365554,-0.777752503916259
846,1.20363,1.59727,-5502.93905380645,0.90948566942978,0.111102085221654
845,1.17557,1.61803,-5249.05797478755,0.919253778306528,0.999999999969813
845,1.14715,1.6383,-5136.15925081469,0.909485669429915,-0.111102085282135
844,1.11839,1.65808,-5034.57214833217,0.915346582364625,0.777752503855763
844,1.08928,1.67734,-4971.11869572786,0.910462498171253,-0.333308963307521
843,1.05984,1.6961,-4875.56214420488,0.912416143750542,0.555523964080906
843,1.03008,1.71433,-4729.62741846376,0.912416143751377,-0.555523964158847
842,1,1.73205,-4650.3934117105,0.910462498170698,0.333308963230309
842,0.969619,1.74924,-4617.28631402461,0.915346582365766,-0.777752503931825
841,0.938943,1.7659,-4561.11894769846,0.909485669429764,0.111102085205048
840,0.907981,1.78201,-4503.48811631247,0.919253778306164,0.99999999995148
840,0.876742,1.79759,-4352.25751236899,0.909485669429979,-0.11110208530158
839,0.845237,1.81262,-4206.35702190559,0.91534658236432,0.777752503835068
839,0.813473,1.82709,-4063.78891513847,0.91046249817139,-0.33330896333004
838,0.781462,1.84101,-3904.24919488801,0.912416143750255,0.555523964056983
838,0.749213,1.85437,-3716.18662447952,0.912416143751674,-0.555523964183563
837,0.716736,1.86716,-3566.98907057063,0.910462498170584,0.333308963203304
837,0.68404,1.87939,-3445.96133303921,0.915346582366261,-0.777752503962098
836,0.651136,1.89104,-3484.90189005888,0.909485669429719,0.111102085173086
835,0.618034,1.90211,-3569.74573651591,0.919253778305509,0.999999999918205
835,0.584743,1.91261,-3673.06157297111,0.909485669430073,-0.111102085335132
834,0.551275,1.92252,-3748.44901656258,0.915346582363819,0.777752503801204
834,0.517638,1.93185,-3685.93648570084,0.910462498171637,-0.333308963364254
833,0.483844,1.94059,-3580.00389779793,0.912416143749877,0.55552396402192
833,0.449902,1.94874,-3404.51480614314,0.91241614375206,-0.555523964220202
832,0.415823,1.9563,-3239.19248082,0.910462498170279,0.333308963168166
832,0.381618,1.96325,-3083.70719197969,0.915346582366717,-0.777752503993703
831,0.347296,1.96962,-3004.41888370745,0.909485669429573,0.111102085145737
830,0.312869,1.97538,-2951.19345655635,0.919253778305012,0.99999999989529
830,0.278346,1.98054,-2998.75042877113,0.909485669430091,-0.111102085358547
829,0.243739,1.98509,-3052.26393326017,0.915346582363415,0.77775250377766
829,0.209057,1.98904,-3101.60368033009,0.910462498171767,-0.333308963386422
828,0.174311,1.99239,-3097.0340827665,0.912416143749651,0.55552396400147
828,0.139513,1.99513,-3007.09282690361,0.912416143752224,-0.555523964238419
827,0.104672,1.99726,-2845.9634741666,0.910462498170184,0.33330896314881
827,0.069799,1.99878,-2640.21174693001,0.915346582367074,-0.777752504016452
826,0.0349048,1.9997,-2492.94593047146,0.909485669429527,0.111102085121841
825,1.27747e-16,2,-2366.24262711355,0.919253778304535,0.999999999870799
825,-0.0349048,1.9997,-2432.00052647759,0.909485669430051,-0.111102085378537
824,-0.069799,1.99878,-2517.75848852655,0.915346582363134,0.777752503762801
824,-0.104672,1.99726,-2662.10649882468,0.910462498171695,-0.333308963393583
823,-0.139513,1.99513,-2753.50730239529,0.912416143749585,0.555523964001401
823,-0.174311,1.99239,-2762.15119009221,0.912416143752112,-0.555523964232297
822,-0.209057,1.98904,-2670.03334343653,0.910462498170195,0.333308963161685
822,-0.243739,1.98509,-2513.30426896828,0.915346582366744,-0.777752503996403
821,-0.278346,1.98054,-2381.28694614214,0.909485669429538,0.111102085145537
820,-0.312869,1.97538,-2261.07550628178,0.919253778305041,0.999999999897278
820,-0.347296,1.96962,-2356.36720123025,0.90948566942996,-0.111102085350006
819,-0.381618,1.96325,-2486.54117985985,0.915346582363608,0.777752503792493
819,-0.415823,1.9563,-2736.3496753482,0.910462498171543,-0.333308963366333
818,-0.449902,1.94874,-2949.59162080438,0.912416143749872,0.555523964026316
818,-0.483844,1.94059,-3104.95499182244,0.912416143751875,-0.555523964209561
817,-0.517638,1.93185,-3126.64012004812,0.910462498170336,0.333308963182646
817,-0.551275,1.92252,-3061.98377338718,0.915346582366457,-0.777752503976948
816,-0.584743,1.91261,-2931.85456706448,0.909485669429562,0.111102085165907
815,-0.618034,1.90211,-2791.8112828073,0.919253778305526,0.999999999919175
815,-0.651136,1.89104,-2790.87766809735,0.909485669429935,-0.111102085328253
814,-0.68404,1.87939,-2830.82632871016,0.915346582363941,0.777752503814277
814,-0.716736,1.86716,-3012.79824229445,0.910462498171402,-0.333308963343933
813,-0.749213,1.85437,-3210.95900853159,0.912416143750117,0.555523964050053
813,-0.781462,1.84101,-3430.7386750613,0.912416143751584,-0.555523964183396
812,-0.813473,1.82709,-3606.76778840639,0.910462498170484,0.33330896321226
812,-0.845237,1.81262,-3755.44782087436,0.91534658236591,-0.7777525039432
811,-0.876742,1.79759,-3854.99618682727,0.909485669429639,0.111102085200672
810,-0.907981,1.78201,-3947.3069695341,0.919253778306197,0.999999999954239
810,-0.938943,1.7659,-4013.79105433981,0.909485669429848,-0.111102085292613
809,-0.969619,1.74924,-4083.17345473014,0.915346582364533,0.777752503850298
809,-1,1.73205,-4140.72441605981,0.910462498171205,-0.333308963308436
808,-1.03008,1.71433,-4214.93381122395,0.912416143750522,0.55552396408444
808,-1.05984,1.6961,-4309.86418257717,0.912416143751243,-0.555523964150944
807,-1.08928,1.67734,-4474.22247030861,0.910462498170733,0.33330896324243
807,-1.11839,1.65808,-4686.99116063431,0.915346582365511,-0.777752503915504
806,-1.14715,1.6383,-4996.09312541988,0.909485669429678,0.11110208522852
805,-1.17557,1.61803,-5333.03663152911,0.91925377830677,0.999999999982889
805,-1.20363,1.59727,-5688.16200002452,0.909485669429819,-0.111102085265551
804,-1.23132,1.57602,-6028.92595265835,0.915346582364893,0.777752503876544
804,-1.25864,1.55429,-6297.47091793096,0.910462498170937,-0.333308963279986
803,-1.28558,1.53209,-6521.73826589244,0.912416143750809,0.555523964114847
803,-1.31212,1.50942,-6676.70408721798,0.912416143750849,-0.555523964118962
802,-1.33826,1.48629,-6790.80974138204,0.910462498170897,0.333308963276791
802,-1.364,1.46271,-6878.86800094717,0.915346582364928,-0.77775250387821
801,-1.38932,1.43868,-6974.02917305771,0.909485669429954,0.111102085257172
801,-1.41421,1.41421,-7071.88023374257,0.919253778307104,-0.999999999999994
15850,-1.43868,1.38932,-7253.41781250831,0.909485669429991,-0.111102085260237
15849,-1.46271,1.364,-7457.28131333482,0.915346582364828,0.777752503871364
15849,-1.48629,1.33826,-7752.56618423486,0.910462498171103,-0.333308963290387
15848,-1.50942,1.31212,-8074.65657956222,0.912416143750729,0.555523964099008
15848,-1.53209,1.28558,-8437.69132434547,0.912416143751185,-0.555523964140586
15847,-1.55429,1.25864,-8778.2629579193,0.910462498170851,0.333308963247569
15847,-1.57602,1.23132,-9103.02971514458,0.915346582365555,-0.777752503916249
15846,-1.59727,1.20363,-9315.58079185635,0.909485669429784,0.111102085221639
15845,-1.61803,1.17557,-9497.67135176403,0.919253778306531,0.999999999969823
15845,-1.6383,1.14715,-9510.42241955273,0.909485669429917,-0.111102085282151
15844,-1.65808,1.11839,-9501.55509859876,0.915346582364627,0.777752503855772
15844,-1.67734,1.08928,-9419.32514687656,0.910462498171251,-0.333308963307506
15843,-1.6961,1.05984,-9350.64294948167,0.912416143750542,0.555523964080906
15843,-1.71433,1.03008,-9304.86821092736,0.912416143751375,-0.555523964158831
15842,-1.73205,1,-9311.58328340775,0.910462498170697,0.333308963230296
15842,-1.74924,0.969619,-9352.08953971049,0.915346582365764,-0.777752503931822
15841,-1.7659,0.938943,-9385.18251453502,0.909485669429762,0.111102085205035
15840,-1.78201,0.907981,-9413.65720772672,0.919253778306162,0.999999999951483
15840,-1.79759,0.876742,-9316.21716971796,0.909485669429984,-0.111102085301589
15839,-1.81262,0.845237,-9195.11966572107,0.915346582364318,0.777752503835071
15839,-1.82709,0.813473,-8994.38312612828,0.910462498171391,-0.333308963330024
15838,-1.84101,0.781462,-8800.81099244368,0.912416143750253,0.555523964056986
15838,-1.85437,0.749213,-8621.23077913647,0.912416143751674,-0.555523964183544
15837,-1.86716,0.716736,-8477.63069643626,0.910462498170589,0.333308963203294
15837,-1.87939,0.68404,-8355.87045950532,0.915346582366259,-0.777752503962095
15836,-1.89104,0.651136,-8213.54589737256,0.909485669429715,0.111102085173074
15835,-1.90211,0.618034,-8061.1023651227,0.919253778305508,0.999999999918209
15835,-1.91261,0.584743,-7824.99084751841,0.909485669430068,-0.111102085335144
15834,-1.92252,0.551275,-7575.88058154198,0.915346582363818,0.777752503801208
15834,-1.93185,0.517638,-7295.65757726842,0.910462498171639,-0.333308963364235
15833,-1.94059,0.483844,-7009.99585388719,0.912416143749876,0.555523964021923
15833,-1.94874,0.449902,-6719.75943779949,0.912416143752063,-0.555523964220183
15832,-1.9563,0.415823,-6376.80942834812,0.910462498170272,0.333308963168156
15832,-1.96325,0.381618,-5996.12203100191,0.915346582366716,-0.7777525039937
15831,-1.96962,0.347296,-5470.81453241645,0.909485669429575,0.111102085145728
15830,-1.97538,0.312869,-4902.2749168487,0.91925377830502,0.999999999895294
15830,-1.98054,0.278346,-4209.77348688068,0.909485669430092,-0.111102085358556
15829,-1.98509,0.243739,-3523.59804551057,0.915346582363415,0.777752503777664
15829,-1.98904,0.209057,-2895.33752904271,0.910462498171765,-0.333308963386404
15828,-1.99239,0.174311,-2357.09187743024,0.912416143749651,0.555523964001473
15828,-1.99513,0.139513,-1959.52829755702,0.912416143752222,-0.5555239642384
15827,-1.99726,0.104672,-1704.46016258377,0.910462498170184,0.3333089631488
15827,-1.99878,0.069799,-1542.61337266691,0.915346582367074,-0.777752504016448
15826,-1.9997,0.0349048,-1481.02343664393,0.909485669429527,0.111102085121831
15825,-2,2.46315e-16,-1443.46074568087,0.919253778304535,0.999999999870803
15825,-1.9997,-0.0349048,-1420.84177109346,0.909485669430051,-0.111102085378547
15824,-1.99878,-0.069799,-1389.83414025911,0.915346582363134,0.777752503762804
15824,-1.99726,-0.104672,-1321.34323231676,0.910462498171696,-0.333308963393566
15823,-1.99513,-0.139513,-1213.16432562012,0.912416143749586,0.555523964001405
15823,-1.99239,-0.174311,-1044.97083673974,0.912416143752114,-0.555523964232279
15822,-1.98904,-0.209057,-794.991925718645,0.910462498170195,0.333308963161688
15822,-1.98509,-0.243739,-488.119590141144,0.915346582366744,-0.7777525039964
15821,-1.98054,-0.278346,-129.555966996534,0.909485669429545,0.111102085145526
15820,-1.97538,-0.312869,248.332418632922,0.919253778305042,0.999999999897283
15820,-1.96962,-0.347296,506.7505683874,0.909485669429957,-0.111102085350017
15819,-1.96325,-0.381618,726.025626067142,0.915346582363609,0.777752503792499
15819,-1.9563,-0.415823,767.200671132066,0.910462498171549,-0.333308963366345
15818,-1.94874,-0.449902,785.681432594828,0.912416143749872,0.555523964026319
15818,-1.94059,-0.483844,767.486582974306,0.91241614375188,-0.555523964209544
15817,-1.93185,-0.517638,875.988955673415,0.910462498170337,0.33330896318265
15817,-1.92252,-0.551275,1072.43960157005,0.915346582366458,-0.777752503976945
15816,-1.91261,-0.584743,1420.16996973896,0.909485669429567,0.111102085165898
15815,-1.90211,-0.618034,1814.85407366966,0.919253778305528,0.999999999919178
15815,-1.89104,-0.651136,2062.09132642213,0.90948566942994,-0.111102085328262
15814,-1.87939,-0.68404,2269.69683232642,0.915346582363942,0.77775250381428
15814,-1.86716,-0.716736,2287.40179551603,0.910462498171397,-0.333308963343943
15813,-1.85437,-0.749213,2355.19159057648,0.912416143750119,0.555523964050056
15813,-1.84101,-0.781462,2494.13149327741,0.912416143751582,-0.555523964183381
15812,-1.82709,-0.813473,2737.92654170573,0.910462498170486,0.333308963212263
15812,-1.81262,-0.845237,3055.32243541272,0.915346582365912,-0.777752503943197
15811,-1.79759,-0.876742,3072.5056288129,0.909485669429641,0.111102085200675
15810,-1.78201,-0.907981,3021.94164696606,0.919253778306197,0.999999999954239
15810,-1.7659,-0.938943,2553.34956261933,0.90948566942985,-0.11110208529261
15809,-1.74924,-0.969619,2150.9490705664,0.915346582364535,0.777752503850301
15809,-1.73205,-1,1990.77618944462,0.9104624981712,-0.333308963308458
15808,-1.71433,-1.03008,1948.24693838239,0.912416143750526,0.555523964084446
15808,-1.6961,-1.05984,2078.34920690727,0.912416143751243,-0.555523964150944
15807,-1.67734,-1.08928,2053.31242262989,0.910462498170725,0.333308963242434
15807,-1.65808,-1.11839,1927.38565394941,0.915346582365503,-0.7777525039155
15806,-1.6383,-1.14715,1873.7012022279,0.90948566942967,0.111102085228524
15805,-1.61803,-1.17557,1844.11572304058,0.919253778306763,0.999999999982893
15805,-1.59727,-1.20363,2052.94765971223,0.909485669429812,-0.111102085265547
15804,-1.57602,-1.23132,2212.5866355185,0.915346582364898,0.777752503876549
15804,-1.55429,-1.25864,2146.94740194476,0.910462498170935,-0.333308963280012
15803,-1.53209,-1.28558,2062.34649474256,0.912416143750815,0.555523964114853
15803,-1.50942,-1.31212,1944.35977724502,0.912416143750855,-0.555523964118957
15802,-1.48629,-1.33826,1846.79430167713,0.910462498170897,0.333308963276791
15802,-1.46271,-1.364,1766.52412275367,0.915346582364928,-0.77775250387821
15801,-1.43868,-1.38932,1512.36564155777,0.909485669429954,0.111102085257172
15801,-1.41421,-1.41421,1223.31377193425,0.919253778307098,-0.999999999999989
10084,-1.38932,-1.43868,923.951318893736,-0.909485669429983,0.111102085260242
10184,-1.364,-1.46271,610.566765865727,-0.915346582364814,-0.777752503871363
10184,-1.33826,-1.48629,205.643156765552,-0.910462498171062,0.333308963290425
10284,-1.31212,-1.50942,-240.349110485387,-0.912416143750702,-0.555523964098991
10284,-1.28558,-1.53209,-753.649557262251,-0.912416143751175,0.55552396414059
10384,-1.25864,-1.55429,-1343.91367237097,-0.910462498170858,-0.333308963247603
10384,-1.23132,-1.57602,-1981.97094954977,-0.915346582365569,0.777752503916277
10484,-1.20363,-1.59727,-2137.57213575014,-0.909485669429755,-0.111102085221656
10584,-1.17557,-1.61803,-2164.95431496527,-0.919253778306467,-0.999999999969833
10584,-1.14715,-1.6383,-1605.10115673084,-0.909485669429891,0.111102085282108
10684,-1.11839,-1.65808,-1072.53163484638,-0.915346582364624,-0.777752503855743
10684,-1.08928,-1.67734,-676.370214157428,-0.910462498171255,0.333308963307532
10784,-1.05984,-1.6961,-358.564147921762,-0.912416143750544,-0.555523964080908
10784,-1.03008,-1.71433,-161.966852943737,-0.912416143751393,0.555523964158839
10884,-1,-1.73205,-87.6146239156024,-0.910462498170715,-0.333308963230315
10884,-0.969619,-1.74924,-93.0683952802,-0.915346582365772,0.777752503931858
10984,-0.938943,-1.7659,-265.484905107205,-0.909485669429763,-0.111102085205032
11084,-0.907981,-1.78201,-476.280227252646,-0.919253778306154,-0.99999999995149
11084,-0.876742,-1.79759,-722.181100585097,-0.909485669429981,0.111102085301552
11184,-0.845237,-1.81262,-929.870108359739,-0.915346582364332,-0.777752503835052
11184,-0.813473,-1.82709,-991.592931755752,-0.910462498171421,0.333308963330044
11284,-0.781462,-1.84101,-1152.4752845283,-0.912416143750289,-0.555523964056998
11284,-0.749213,-1.85437,-1462.15228255911,-0.912416143751684,0.555523964183542
11384,-0.716736,-1.86716,-1679.20140949839,-0.910462498170579,-0.333308963203316
11384,-0.68404,-1.87939,-1835.54538899354,-0.915346582366256,0.777752503962127
11484,-0.651136,-1.89104,-1769.10407802624,-0.9094856694297,-0.111102085173069
11584,-0.618034,-1.90211,-1650.43484017476,-0.919253778305473,-0.9999999999182
11584,-0.584743,-1.91261,-1928.06945021854,-0.909485669430035,0.111102085335111
11684,-0.551275,-1.92252,-2214.86711352888,-0.915346582363772,-0.777752503801188
11684,-0.517638,-1.93185,-2523.37032839221,-0.910462498171642,0.333308963364261
11784,-0.483844,-1.94059,-2696.89555348085,-0.912416143749915,-0.555523964021929
11784,-0.449902,-1.94874,-2664.57067155079,-0.912416143752077,0.555523964220183
11884,-0.415823,-1.9563,-2728.59946882483,-0.910462498170266,-0.33330896316818
11884,-0.381618,-1.96325,-2859.59257321629,-0.915346582366712,0.777752503993725
11984,-0.347296,-1.96962,-3125.57230247429,-0.909485669429565,-0.111102085145729
12084,-0.312869,-1.97538,-3432.01933379807,-0.919253778305011,-0.999999999895287
12084,-0.278346,-1.98054,-3358.29024800433,-0.909485669430107,0.111102085358526
12184,-0.243739,-1.98509,-3227.1114529103,-0.915346582363447,-0.777752503777644
12184,-0.209057,-1.98904,-2827.99651160914,-0.910462498171781,0.333308963386432
12284,-0.174311,-1.99239,-2557.12657610809,-0.912416143749663,-0.555523964001473
12284,-0.139513,-1.99513,-2470.89155242508,-0.912416143752267,0.555523964238395
12384,-0.104672,-1.99726,-2623.05249621099,-0.910462498170238,-0.333308963148834
12384,-0.069799,-1.99878,-2937.76178936821,-0.915346582367131,0.777752504016471
12484,-0.0349048,-1.9997,-3123.80930806935,-0.909485669429557,-0.111102085121833
12584,-4.35203e-16,-2,-3286.44513410347,-0.919253778304537,-0.999999999870803
12584,0.0349048,-1.9997,-3064.66529218943,-0.909485669430058,0.111102085378513
12684,0.069799,-1.99878,-2824.25069306484,-0.915346582363139,-0.777752503762792
12684,0.104672,-1.99726,-2467.84810824804,-0.9104624981717,0.333308963393593
12784,0.139513,-1.99513,-2203.58220206016,-0.912416143749591,-0.555523964001403
12784,0.174311,-1.99239,-2069.90288882483,-0.912416143752134,0.555523964232273
12884,0.209057,-1.98904,-2175.63573634117,-0.91046249817019,-0.333308963161724
12884,0.243739,-1.98509,-2443.6896129475,-0.915346582366752,0.777752503996427
12984,0.278346,-1.98054,-2816.99263957339,-0.909485669429543,-0.111102085145531
13084,0.312869,-1.97538,-3223.00368281747,-0.919253778305079,-0.999999999897294
13084,0.347296,-1.96962,-3366.87895326837,-0.909485669429971,0.111102085349981
13184,0.381618,-1.96325,-3461.92028447346,-0.915346582363621,-0.777752503792476
13184,0.415823,-1.9563,-3321.93938392572,-0.910462498171561,0.33330896336634
13284,0.449902,-1.94874,-3183.42662507424,-0.912416143749886,-0.555523964026324
13284,0.483844,-1.94059,-3038.18540805116,-0.912416143751904,0.555523964209538
13384,0.517638,-1.93185,-3000.26034070074,-0.910462498170363,-0.333308963182687
13384,0.551275,-1.92252,-3039.23414387363,-0.915346582366464,0.777752503976962
13484,0.584743,-1.91261,-3183.05094480151,-0.909485669429569,-0.111102085165906
13584,0.618034,-1.90211,-3363.14228703393,-0.919253778305519,-0.999999999919186
13584,0.651136,-1.89104,-3594.34063596162,-0.909485669429928,0.111102085328226
13684,0.68404,-1.87939,-3848.92966445828,-0.915346582363942,-0.777752503814258
13684,0.716736,-1.86716,-4162.59236417257,-0.910462498171394,0.333308963343945
13784,0.749213,-1.85437,-4509.65750574426,-0.912416143750121,-0.555523964050058
13784,0.781462,-1.84101,-4901.67813680014,-0.91241614375158,0.555523964183364
13884,0.813473,-1.82709,-5281.10140027551,-0.91046249817049,-0.333308963212306
13884,0.845237,-1.81262,-5654.58810091682,-0.915346582365913,0.777752503943214
13984,0.876742,-1.79759,-5978.60459787716,-0.909485669429626,-0.1111020852007
14084,0.907981,-1.78201,-6295.83589919979,-0.919253778306215,-0.999999999954254
14084,0.938943,-1.7659,-6600.55126393927,-0.909485669429858,0.111102085292581
14184,0.969619,-1.74924,-6898.19877448606,-0.915346582364524,-0.777752503850263
14184,1,-1.73205,-7143.17826618721,-0.910462498171194,0.333308963308465
14284,1.03008,-1.71433,-7328.88164521073,-0.91241614375052,-0.55552396408445
14284,1.05984,-1.6961,-7421.01892907558,-0.912416143751235,0.55552396415093
14384,1.08928,-1.67734,-7492.89788819051,-0.910462498170724,-0.333308963242461
14384,1.11839,-1.65808,-7554.3262753725,-0.915346582365498,0.777752503915531
14484,1.14715,-1.6383,-7691.90862030433,-0.909485669429676,-0.111102085228531
14584,1.17557,-1.61803,-7853.87608263435,-0.919253778306762,-0.999999999982903
14584,1.20363,-1.59727,-8012.94509998606,-0.909485669429825,0.1111020852655
14684,1.23132,-1.57602,-8174.03994987638,-0.91534658236492,-0.777752503876537
14684,1.25864,-1.55429,-8327.85451111427,-0.910462498170955,0.333308963280004
14784,1.28558,-1.53209,-8511.47537784751,-0.912416143750819,-0.555523964114867
14784,1.31212,-1.50942,-8738.15007266748,-0.912416143750872,0.555523964118932
14884,1.33826,-1.48629,-8907.75349554283,-0.910462498170903,-0.333308963276861
14884,1.364,-1.46271,-9040.09903857867,-0.915346582364901,0.777752503878194
14984,1.38932,-1.43868,-9038.69463174139,-0.909485669429939,-0.111102085257194
14984,1.41421,-1.41421,-9006.35334977203,-0.919253778307102,0.999999999999985
5850,1.43868,-1.38932,-8925.86972271296,0.909485669429985,-0.111102085260202
5849,1.46271,-1.364,-8829.79803129031,0.915346582364833,0.777752503871339
5849,1.48629,-1.33826,-8658.99438222971,0.910462498171102,-0.333308963290407
5848,1.50942,-1.31212,-8456.73328592499,0.91241614375073,0.555523964099018
5848,1.53209,-1.28558,-8204.45857925857,0.912416143751186,-0.555523964140576
5847,1.55429,-1.25864,-7950.82122684708,0.91046249817085,0.333308963247604
5847,1.57602,-1.23132,-7698.61035546563,0.91534658236556,-0.777752503916265
5846,1.59727,-1.20363,-7486.61975525504,0.909485669429786,0.111102085221649
5845,1.61803,-1.17557,-7289.78031577709,0.919253778306525,0.999999999969829
5845,1.6383,-1.14715,-7127.57100534228,0.909485669429914,-0.11110208528211
5844,1.65808,-1.11839,-6963.71944177685,0.915346582364627,0.777752503855747
5844,1.67734,-1.08928,-6774.03548262575,0.910462498171258,-0.333308963307527
5843,1.6961,-1.05984,-6602.44084383806,0.912416143750537,0.555523964080912
5843,1.71433,-1.03008,-6455.34614531023,0.912416143751378,-0.555523964158821
5842,1.73205,-1,-6318.02070863298,0.910462498170701,0.333308963230334
5842,1.74924,-0.969619,-6188.85732450056,0.915346582365767,-0.777752503931841
5841,1.7659,-0.938943,-6020.10457431456,0.909485669429766,0.111102085205045
5840,1.78201,-0.907981,-5845.18524011961,0.919253778306158,0.99999999995149
5840,1.79759,-0.876742,-5713.34919539208,0.909485669429983,-0.111102085301555
5839,1.81262,-0.845237,-5592.55870392777,0.915346582364319,0.777752503835052
5839,1.82709,-0.813473,-5499.07744563979,0.910462498171384,-0.333308963330046
5838,1.84101,-0.781462,-5388.70842673232,0.912416143750258,0.555523964056995
5838,1.85437,-0.749213,-5249.75999258193,0.91241614375167,-0.555523964183538
5837,1.86716,-0.716736,-5115.07268290374,0.91046249817059,0.333308963203332
5837,1.87939,-0.68404,-4985.78500339711,0.915346582366259,-0.777752503962114
5836,1.89104,-0.651136,-4882.92658797447,0.909485669429712,0.11110208517308
5835,1.90211,-0.618034,-4792.86902165408,0.919253778305505,0.999999999918216
5835,1.91261,-0.584743,-4676.05563246375,0.909485669430072,-0.111102085335106
5834,1.92252,-0.551275,-4568.88118149094,0.915346582363824,0.777752503801191
5834,1.93185,-0.517638,-4473.93168655687,0.910462498171638,-0.333308963364257
5833,1.94059,-0.483844,-4422.44279871095,0.912416143749874,0.555523964021932
5833,1.94874,-0.449902,-4431.51704310048,0.91241614375206,-0.555523964220175
5832,1.9563,-0.415823,-4472.12088344391,0.910462498170272,0.333308963168192
5832,1.96325,-0.381618,-4537.17240814304,0.915346582366721,-0.777752503993719
5831,1.96962,-0.347296,-4565.97686728564,0.909485669429573,0.111102085145735
5830,1.97538,-0.312869,-4593.72676981706,0.919253778305019,0.999999999895301
5830,1.98054,-0.278346,-4589.75711901904,0.909485669430095,-0.11110208535852
5829,1.98509,-0.243739,-4603.32022470566,0.915346582363408,0.777752503777643
5829,1.98904,-0.209057,-4653.10411913054,0.910462498171767,-0.333308963386425
5828,1.99239,-0.174311,-4730.66506057588,0.91241614374965,0.555523964001481
5828,1.99513,-0.139513,-4843.84356914948,0.912416143752221,-0.555523964238393
5827,1.99726,-0.104672,-4962.25088529164,0.910462498170182,0.333308963148836
5827,1.99878,-0.069799,-5088.49104149259,0.915346582367075,-0.777752504016468
5826,1.9997,-0.0349048,-5190.98112782701,0.909485669429527,0.111102085121839
