origElemNum,globCoord-x,globCoord-y,acouPotentialD1-,locCoord-xi,locCoord-eta
5825,2,-2.20442e-18,997.266978346537,0.919253778304535,0.999999999870795
5825,1.9997,0.0349048,1007.39913791916,0.909485669430051,-0.11110208537854
5824,1.99878,0.069799,1027.14755045834,0.915346582363134,0.7777525037628
5824,1.99726,0.104672,1052.10256043167,0.910462498171695,-0.333308963393583
5823,1.99513,0.139513,1069.35457545413,0.912416143749585,0.555523964001403
5823,1.99239,0.174311,1069.61140631861,0.912416143752112,-0.555523964232293
5822,1.98904,0.209057,1090.22574235362,0.910462498170195,0.33330896316169
5822,1.98509,0.243739,1128.09320672629,0.915346582366752,-0.777752503996411
5821,1.98054,0.278346,1151.16429033213,0.909485669429537,0.111102085145532
5820,1.97538,0.312869,1179.17413902167,0.91925377830504,0.999999999897275
5820,1.96962,0.347296,1136.07315062164,0.909485669429959,-0.111102085350008
5819,1.96325,0.381618,1105.15079529376,0.915346582363608,0.777752503792493
5819,1.9563,0.415823,1087.90239881283,0.910462498171543,-0.333308963366333
5818,1.94874,0.449902,1063.98601621963,0.912416143749872,0.555523964026318
5818,1.94059,0.483844,1024.24290279347,0.912416143751876,-0.555523964209557
5817,1.93185,0.517638,980.068104981525,0.910462498170338,0.333308963182653
5817,1.92252,0.551275,936.782648066179,0.915346582366455,-0.777752503976955
5816,1.91261,0.584743,934.830580719164,0.909485669429567,0.111102085165898
5815,1.90211,0.618034,951.651640196168,0.919253778305533,0.999999999919169
5815,1.89104,0.651136,901.636862419775,0.909485669429933,-0.111102085328256
5814,1.87939,0.68404,858.012596327378,0.915346582363941,0.777752503814277
5814,1.86716,0.716736,806.939905620987,0.910462498171402,-0.333308963343933
5813,1.85437,0.749213,774.424544823303,0.912416143750119,0.555523964050056
5813,1.84101,0.781462,764.348141438006,0.912416143751575,-0.555523964183394
5812,1.82709,0.813473,766.691590024714,0.910462498170486,0.333308963212263
5812,1.81262,0.845237,780.948342012757,0.915346582365915,-0.777752503943209
5811,1.79759,0.876742,813.612363225812,0.909485669429635,0.111102085200681
5810,1.78201,0.907981,859.162234658535,0.919253778306195,0.999999999954235
5810,1.7659,0.938943,833.771292175787,0.909485669429844,-0.111102085292603
5809,1.74924,0.969619,817.753504509118,0.915346582364538,0.777752503850291
5809,1.73205,1,806.984495844978,0.910462498171199,-0.333308963308445
5808,1.71433,1.03008,805.872566860717,0.912416143750526,0.555523964084446
5808,1.6961,1.05984,814.16880183884,0.912416143751246,-0.555523964150953
5807,1.67734,1.08928,851.007939939241,0.910462498170725,0.333308963242434
5807,1.65808,1.11839,910.416243023338,0.915346582365508,-0.777752503915519
5806,1.6383,1.14715,967.233976909554,0.909485669429676,0.11110208522853
5805,1.61803,1.17557,1031.6306666551,0.919253778306765,0.999999999982884
5805,1.59727,1.20363,997.181009427529,0.909485669429817,-0.111102085265541
5804,1.57602,1.23132,965.497176033949,0.9153465823649,0.777752503876539
5804,1.55429,1.25864,911.966150491518,0.910462498170939,-0.333308963279996
5803,1.53209,1.28558,876.527285535428,0.912416143750815,0.555523964114853
5803,1.50942,1.31212,862.893970868519,0.91241614375085,-0.555523964118972
5802,1.48629,1.33826,868.438843181145,0.910462498170897,0.333308963276791
5802,1.46271,1.364,889.984262764928,0.915346582364929,-0.77775250387822
5801,1.43868,1.38932,830.562867338187,0.909485669429954,0.111102085257182
5801,1.41421,1.41421,757.684651381036,0.919253778307104,-0.999999999999994
850,1.38932,1.43868,602.467826333631,0.909485669429991,-0.111102085260227
849,1.364,1.46271,453.4111398627,0.915346582364834,0.777752503871359
849,1.33826,1.48629,303.969936175059,0.910462498171096,-0.333308963290402
848,1.31212,1.50942,154.322937324856,0.912416143750729,0.555523964099008
848,1.28558,1.53209,0.484496677262948,0.912416143751184,-0.555523964140596
847,1.25864,1.55429,-196.806924877385,0.910462498170846,0.333308963247574
847,1.23132,1.57602,-420.61064794984,0.915346582365554,-0.777752503916259
846,1.20363,1.59727,-674.629224667836,0.90948566942978,0.111102085221654
845,1.17557,1.61803,-930.62729995557,0.919253778306528,0.999999999969813
845,1.14715,1.6383,-1138.16580748558,0.909485669429915,-0.111102085282135
844,1.11839,1.65808,-1338.99449466707,0.915346582364625,0.777752503855763
844,1.08928,1.67734,-1535.25497832918,0.910462498171253,-0.333308963307521
843,1.05984,1.6961,-1751.06536336929,0.912416143750542,0.555523964080906
843,1.03008,1.71433,-1999.75815615338,0.912416143751377,-0.555523964158847
842,1,1.73205,-2278.02365292342,0.910462498170698,0.333308963230309
842,0.969619,1.74924,-2573.86411194958,0.915346582365766,-0.777752503931825
841,0.938943,1.7659,-2857.95048795443,0.909485669429764,0.111102085205048
840,0.907981,1.78201,-3134.52469220964,0.919253778306164,0.99999999995148
840,0.876742,1.79759,-3428.84367292168,0.909485669429979,-0.11110208530158
839,0.845237,1.81262,-3721.94556577291,0.91534658236432,0.777752503835068
839,0.813473,1.82709,-4027.90193335299,0.91046249817139,-0.33330896333004
838,0.781462,1.84101,-4322.84709317609,0.912416143750255,0.555523964056983
838,0.749213,1.85437,-4604.01257422501,0.912416143751674,-0.555523964183563
837,0.716736,1.86716,-4862.17244833682,0.910462498170584,0.333308963203304
837,0.68404,1.87939,-5103.16350332843,0.915346582366261,-0.777752503962098
836,0.651136,1.89104,-5367.04191227632,0.909485669429719,0.111102085173086
835,0.618034,1.90211,-5632.72552509709,0.919253778305509,0.999999999918205
835,0.584743,1.91261,-5892.34075729536,0.909485669430073,-0.111102085335132
834,0.551275,1.92252,-6132.08270106717,0.915346582363819,0.777752503801204
834,0.517638,1.93185,-6306.72070094187,0.910462498171637,-0.333308963364254
833,0.483844,1.94059,-6484.91625677794,0.912416143749877,0.55552396402192
833,0.449902,1.94874,-6670.62075289289,0.91241614375206,-0.555523964220202
832,0.415823,1.9563,-6818.07772653092,0.910462498170279,0.333308963168166
832,0.381618,1.96325,-6938.7556421066,0.915346582366717,-0.777752503993703
831,0.347296,1.96962,-7028.57468759199,0.909485669429573,0.111102085145737
830,0.312869,1.97538,-7107.9891751062,0.919253778305012,0.99999999989529
830,0.278346,1.98054,-7175.55978517353,0.909485669430091,-0.111102085358547
829,0.243739,1.98509,-7229.80268565197,0.915346582363415,0.77775250377766
829,0.209057,1.98904,-7241.0851779538,0.910462498171767,-0.333308963386422
828,0.174311,1.99239,-7246.93552349831,0.912416143749651,0.55552396400147
828,0.139513,1.99513,-7246.27746329629,0.912416143752224,-0.555523964238419
827,0.104672,1.99726,-7216.31025016801,0.910462498170184,0.33330896314881
827,0.069799,1.99878,-7166.02136614914,0.915346582367074,-0.777752504016452
826,0.0349048,1.9997,-7091.99469150563,0.909485669429527,0.111102085121841
825,1.27747e-16,2,-7010.5879226957,0.919253778304535,0.999999999870799
825,-0.0349048,1.9997,-6895.59380471269,0.909485669430051,-0.111102085378537
824,-0.069799,1.99878,-6769.25598719125,0.915346582363134,0.777752503762801
824,-0.104672,1.99726,-6602.35386196483,0.910462498171695,-0.333308963393583
823,-0.139513,1.99513,-6436.12050728302,0.912416143749585,0.555523964001401
823,-0.174311,1.99239,-6271.68486276283,0.912416143752112,-0.555523964232297
822,-0.209057,1.98904,-6088.41875616853,0.910462498170195,0.333308963161685
822,-0.243739,1.98509,-5892.14948304566,0.915346582366744,-0.777752503996403
821,-0.278346,1.98054,-5690.81348766503,0.909485669429538,0.111102085145537
820,-0.312869,1.97538,-5487.14360055442,0.919253778305041,0.999999999897278
820,-0.347296,1.96962,-5305.05947487617,0.90948566942996,-0.111102085350006
819,-0.381618,1.96325,-5115.92957632507,0.915346582363608,0.777752503792493
819,-0.415823,1.9563,-4902.29117381198,0.910462498171543,-0.333308963366333
818,-0.449902,1.94874,-4694.22261716149,0.912416143749872,0.555523964026316
818,-0.483844,1.94059,-4494.98339268178,0.912416143751875,-0.555523964209561
817,-0.517638,1.93185,-4288.23670411569,0.910462498170336,0.333308963182646
817,-0.551275,1.92252,-4076.2257725397,0.915346582366457,-0.777752503976948
816,-0.584743,1.91261,-3830.27538501991,0.909485669429562,0.111102085165907
815,-0.618034,1.90211,-3575.12841623839,0.919253778305526,0.999999999919175
815,-0.651136,1.89104,-3363.27615598185,0.909485669429935,-0.111102085328253
814,-0.68404,1.87939,-3150.48762300415,0.915346582363941,0.777752503814277
814,-0.716736,1.86716,-2936.86968543884,0.910462498171402,-0.333308963343933
813,-0.749213,1.85437,-2716.18765441317,0.912416143750117,0.555523964050053
813,-0.781462,1.84101,-2485.18959073335,0.912416143751584,-0.555523964183396
812,-0.813473,1.82709,-2283.11120933249,0.910462498170484,0.33330896321226
812,-0.845237,1.81262,-2100.15099056746,0.91534658236591,-0.7777525039432
811,-0.876742,1.79759,-1937.84889735685,0.909485669429639,0.111102085200672
810,-0.907981,1.78201,-1779.94253719299,0.919253778306197,0.999999999954239
810,-0.938943,1.7659,-1606.70192150245,0.909485669429848,-0.111102085292613
809,-0.969619,1.74924,-1429.00189916249,0.915346582364533,0.777752503850298
809,-1,1.73205,-1236.32155339184,0.910462498171205,-0.333308963308436
808,-1.03008,1.71433,-1062.50778736221,0.912416143750522,0.55552396408444
808,-1.05984,1.6961,-917.256471972555,0.912416143751243,-0.555523964150944
807,-1.08928,1.67734,-793.654216389031,0.910462498170733,0.33330896324243
807,-1.11839,1.65808,-684.502434940749,0.915346582365511,-0.777752503915504
806,-1.14715,1.6383,-557.38412101299,0.909485669429678,0.11110208522852
805,-1.17557,1.61803,-425.688151090649,0.91925377830677,0.999999999982889
805,-1.20363,1.59727,-293.11109673896,0.909485669429819,-0.111102085265551
804,-1.23132,1.57602,-162.319716969425,0.915346582364893,0.777752503876544
804,-1.25864,1.55429,-41.1718958667129,0.910462498170937,-0.333308963279986
803,-1.28558,1.53209,85.7578507821441,0.912416143750809,0.555523964114847
803,-1.31212,1.50942,220.444937451372,0.912416143750849,-0.555523964118962
802,-1.33826,1.48629,360.032632977341,0.910462498170897,0.333308963276791
802,-1.364,1.46271,503.402161400068,0.915346582364928,-0.77775250387821
801,-1.38932,1.43868,606.555257123289,0.909485669429954,0.111102085257172
801,-1.41421,1.41421,699.875935054201,0.919253778307104,-0.999999999999994
15850,-1.43868,1.38932,745.112677235357,0.909485669429991,-0.111102085260237
15849,-1.46271,1.364,794.295119988884,0.915346582364828,0.777752503871364
15849,-1.48629,1.33826,862.119352706265,0.910462498171103,-0.333308963290387
15848,-1.50942,1.31212,950.83667436225,0.912416143750729,0.555523964099008
15848,-1.53209,1.28558,1071.70886162231,0.912416143751185,-0.555523964140586
15847,-1.55429,1.25864,1209.17509631847,0.910462498170851,0.333308963247569
15847,-1.57602,1.23132,1356.82879069893,0.915346582365555,-0.777752503916249
15846,-1.59727,1.20363,1485.31553045606,0.909485669429784,0.111102085221639
15845,-1.61803,1.17557,1606.94194488314,0.919253778306531,0.999999999969823
15845,-1.6383,1.14715,1698.00738983266,0.909485669429917,-0.111102085282151
15844,-1.65808,1.11839,1794.92794988986,0.915346582364627,0.777752503855772
15844,-1.67734,1.08928,1924.46425711857,0.910462498171251,-0.333308963307506
15843,-1.6961,1.05984,2076.32354097942,0.912416143750542,0.555523964080906
15843,-1.71433,1.03008,2263.35480194717,0.912416143751375,-0.555523964158831
15842,-1.73205,1,2437.63572075042,0.910462498170697,0.333308963230296
15842,-1.74924,0.969619,2602.22018269777,0.915346582365764,-0.777752503931822
15841,-1.7659,0.938943,2777.23607233017,0.909485669429762,0.111102085205035
15840,-1.78201,0.907981,2952.98446709365,0.919253778306162,0.999999999951483
15840,-1.79759,0.876742,3197.22856386744,0.909485669429984,-0.111102085301589
15839,-1.81262,0.845237,3433.98835544492,0.915346582364318,0.777752503835071
15839,-1.82709,0.813473,3645.38212819561,0.910462498171391,-0.333308963330024
15838,-1.84101,0.781462,3823.17878538792,0.912416143750253,0.555523964056986
15838,-1.85437,0.749213,3951.50478894963,0.912416143751674,-0.555523964183544
15837,-1.86716,0.716736,4028.30885185053,0.910462498170589,0.333308963203294
15837,-1.87939,0.68404,4068.84047044097,0.915346582366259,-0.777752503962095
15836,-1.89104,0.651136,4080.90874938556,0.909485669429715,0.111102085173074
15835,-1.90211,0.618034,4081.38217796971,0.919253778305508,0.999999999918209
15835,-1.91261,0.584743,4108.87951541009,0.909485669430068,-0.111102085335144
15834,-1.92252,0.551275,4123.68542889299,0.915346582363818,0.777752503801208
15834,-1.93185,0.517638,4100.90777603727,0.910462498171639,-0.333308963364235
15833,-1.94059,0.483844,4037.45422211881,0.912416143749876,0.555523964021923
15833,-1.94874,0.449902,3914.35815203619,0.912416143752063,-0.555523964220183
15832,-1.9563,0.415823,3727.06401512032,0.910462498170272,0.333308963168156
15832,-1.96325,0.381618,3494.67109578,0.915346582366716,-0.7777525039937
15831,-1.96962,0.347296,3245.56834235192,0.909485669429575,0.111102085145728
15830,-1.97538,0.312869,2986.50981396615,0.91925377830502,0.999999999895294
15830,-1.98054,0.278346,2874.42609329631,0.909485669430092,-0.111102085358556
15829,-1.98509,0.243739,2752.56351668547,0.915346582363415,0.777752503777664
15829,-1.98904,0.209057,2608.75570484709,0.910462498171765,-0.333308963386404
15828,-1.99239,0.174311,2333.02121680563,0.912416143749651,0.555523964001473
15828,-1.99513,0.139513,1861.61314586605,0.912416143752222,-0.5555239642384
15827,-1.99726,0.104672,1319.02025615489,0.910462498170184,0.3333089631488
15827,-1.99878,0.069799,725.652102176027,0.915346582367074,-0.777752504016448
15826,-1.9997,0.0349048,284.284810308966,0.909485669429527,0.111102085121831
15825,-2,2.46315e-16,-125.317268433306,0.919253778304535,0.999999999870803
15825,-1.9997,-0.0349048,-530.059063114536,0.909485669430051,-0.111102085378547
15824,-1.99878,-0.069799,-967.147596915056,0.915346582363134,0.777752503762804
15824,-1.99726,-0.104672,-1514.94649349061,0.910462498171696,-0.333308963393566
15823,-1.99513,-0.139513,-2029.29024707626,0.912416143749586,0.555523964001405
15823,-1.99239,-0.174311,-2490.13687855024,0.912416143752114,-0.555523964232279
15822,-1.98904,-0.209057,-2919.00403187101,0.910462498170195,0.333308963161688
15822,-1.98509,-0.243739,-3328.04100741362,0.915346582366744,-0.7777525039964
15821,-1.98054,-0.278346,-3842.57344274991,0.909485669429545,0.111102085145526
15820,-1.97538,-0.312869,-4387.75937542933,0.919253778305042,0.999999999897283
15820,-1.96962,-0.347296,-4939.51067780665,0.909485669429957,-0.111102085350017
15819,-1.96325,-0.381618,-5511.62510306994,0.915346582363609,0.777752503792499
15819,-1.9563,-0.415823,-6144.79041663809,0.910462498171549,-0.333308963366345
15818,-1.94874,-0.449902,-6837.58252627245,0.912416143749872,0.555523964026319
15818,-1.94059,-0.483844,-7616.1625223666,0.91241614375188,-0.555523964209544
15817,-1.93185,-0.517638,-8314.88277893743,0.910462498170337,0.33330896318265
15817,-1.92252,-0.551275,-8963.02926910035,0.915346582366458,-0.777752503976945
15816,-1.91261,-0.584743,-9553.08965846808,0.909485669429567,0.111102085165898
15815,-1.90211,-0.618034,-10133.9326026094,0.919253778305528,0.999999999919178
15815,-1.89104,-0.651136,-10637.7089557974,0.90948566942994,-0.111102085328262
15814,-1.87939,-0.68404,-11088.7307795396,0.915346582363942,0.77775250381428
15814,-1.86716,-0.716736,-11310.4013666445,0.910462498171397,-0.333308963343943
15813,-1.85437,-0.749213,-11502.5205243047,0.912416143750119,0.555523964050056
15813,-1.84101,-0.781462,-11647.5978889649,0.912416143751582,-0.555523964183381
15812,-1.82709,-0.813473,-11766.1672783999,0.910462498170486,0.333308963212263
15812,-1.81262,-0.845237,-11868.7752386642,0.915346582365912,-0.777752503943197
15811,-1.79759,-0.876742,-11918.2807934007,0.909485669429641,0.111102085200675
15810,-1.78201,-0.907981,-11958.9039824647,0.919253778306197,0.999999999954239
15810,-1.7659,-0.938943,-11963.4677984445,0.90948566942985,-0.11110208529261
15809,-1.74924,-0.969619,-11943.1932614173,0.915346582364535,0.777752503850301
15809,-1.73205,-1,-11802.1055541411,0.9104624981712,-0.333308963308458
15808,-1.71433,-1.03008,-11625.2146816127,0.912416143750526,0.555523964084446
15808,-1.6961,-1.05984,-11390.7318267027,0.912416143751243,-0.555523964150944
15807,-1.67734,-1.08928,-11079.9048628557,0.910462498170725,0.333308963242434
15807,-1.65808,-1.11839,-10720.7400888362,0.915346582365503,-0.7777525039155
15806,-1.6383,-1.14715,-10377.6698145377,0.90948566942967,0.111102085228524
15805,-1.61803,-1.17557,-10044.3688378131,0.919253778306763,0.999999999982893
15805,-1.59727,-1.20363,-9736.36127341023,0.909485669429812,-0.111102085265547
15804,-1.57602,-1.23132,-9442.82119369387,0.915346582364898,0.777752503876549
15804,-1.55429,-1.25864,-9180.3346029394,0.910462498170935,-0.333308963280012
15803,-1.53209,-1.28558,-8954.08379462903,0.912416143750815,0.555523964114853
15803,-1.50942,-1.31212,-8777.1112891826,0.912416143750855,-0.555523964118957
15802,-1.48629,-1.33826,-8588.84588887587,0.910462498170897,0.333308963276791
15802,-1.46271,-1.364,-8396.93349040296,0.915346582364928,-0.77775250387821
15801,-1.43868,-1.38932,-8178.59975274582,0.909485669429954,0.111102085257172
15801,-1.41421,-1.41421,-7962.93608568647,0.919253778307098,-0.999999999999989
10084,-1.38932,-1.43868,-7687.97960701144,-0.909485669429983,0.111102085260242
10184,-1.364,-1.46271,-7414.5025378344,-0.915346582364814,-0.777752503871363
10184,-1.33826,-1.48629,-7107.12498058319,-0.910462498171062,0.333308963290425
10284,-1.31212,-1.50942,-6769.40257674066,-0.912416143750702,-0.555523964098991
10284,-1.28558,-1.53209,-6379.40320505515,-0.912416143751175,0.55552396414059
10384,-1.25864,-1.55429,-5869.15573624056,-0.910462498170858,-0.333308963247603
10384,-1.23132,-1.57602,-5283.3131174345,-0.915346582365569,0.777752503916277
10484,-1.20363,-1.59727,-4927.97549814047,-0.909485669429755,-0.111102085221656
10584,-1.17557,-1.61803,-4641.50129602779,-0.919253778306467,-0.999999999969833
10584,-1.14715,-1.6383,-4835.02580979311,-0.909485669429891,0.111102085282108
10684,-1.11839,-1.65808,-5035.47133491282,-0.915346582364624,-0.777752503855743
10684,-1.08928,-1.67734,-5214.8252806989,-0.910462498171255,0.333308963307532
10784,-1.05984,-1.6961,-5425.8826703932,-0.912416143750544,-0.555523964080908
10784,-1.03008,-1.71433,-5676.36481507214,-0.912416143751393,0.555523964158839
10884,-1,-1.73205,-5997.28623372192,-0.910462498170715,-0.333308963230315
10884,-0.969619,-1.74924,-6369.69292992771,-0.915346582365772,0.777752503931858
10984,-0.938943,-1.7659,-6672.90323515066,-0.909485669429763,-0.111102085205032
11084,-0.907981,-1.78201,-6969.0115843403,-0.919253778306154,-0.99999999995149
11084,-0.876742,-1.79759,-7146.45680941863,-0.909485669429981,0.111102085301552
11184,-0.845237,-1.81262,-7308.6372756981,-0.915346582364332,-0.777752503835052
11184,-0.813473,-1.82709,-7366.65782399984,-0.910462498171421,0.333308963330044
11284,-0.781462,-1.84101,-7441.16243544135,-0.912416143750289,-0.555523964056998
11284,-0.749213,-1.85437,-7532.77153182862,-0.912416143751684,0.555523964183542
11384,-0.716736,-1.86716,-7684.72200926626,-0.910462498170579,-0.333308963203316
11384,-0.68404,-1.87939,-7881.75400132493,-0.915346582366256,0.777752503962127
11484,-0.651136,-1.89104,-8073.58565711564,-0.9094856694297,-0.111102085173069
11584,-0.618034,-1.90211,-8273.87260252739,-0.919253778305473,-0.9999999999182
11584,-0.584743,-1.91261,-8546.06555622742,-0.909485669430035,0.111102085335111
11684,-0.551275,-1.92252,-8833.88031593528,-0.915346582363772,-0.777752503801188
11684,-0.517638,-1.93185,-9148.36668993407,-0.910462498171642,0.333308963364261
11784,-0.483844,-1.94059,-9397.31316799654,-0.912416143749915,-0.555523964021929
11784,-0.449902,-1.94874,-9542.15467692349,-0.912416143752077,0.555523964220183
11884,-0.415823,-1.9563,-9625.21669566253,-0.910462498170266,-0.33330896316818
11884,-0.381618,-1.96325,-9670.52635331882,-0.915346582366712,0.777752503993725
11984,-0.347296,-1.96962,-9713.24902162846,-0.909485669429565,-0.111102085145729
12084,-0.312869,-1.97538,-9762.0808056168,-0.919253778305011,-0.999999999895287
12084,-0.278346,-1.98054,-9744.01335106584,-0.909485669430107,0.111102085358526
12184,-0.243739,-1.98509,-9745.75339040983,-0.915346582363447,-0.777752503777644
12184,-0.209057,-1.98904,-9807.07225653693,-0.910462498171781,0.333308963386432
12284,-0.174311,-1.99239,-9846.79772429013,-0.912416143749663,-0.555523964001473
12284,-0.139513,-1.99513,-9851.6402161332,-0.912416143752267,0.555523964238395
12384,-0.104672,-1.99726,-9784.99081457347,-0.910462498170238,-0.333308963148834
12384,-0.069799,-1.99878,-9672.2027571295,-0.915346582367131,0.777752504016471
12484,-0.0349048,-1.9997,-9552.51201451141,-0.909485669429557,-0.111102085121833
12584,-4.35203e-16,-2,-9435.00040664558,-0.919253778304537,-0.999999999870803
12584,0.0349048,-1.9997,-9134.24967410869,-0.909485669430058,0.111102085378513
12684,0.069799,-1.99878,-8831.33242673125,-0.915346582363139,-0.777752503762792
12684,0.104672,-1.99726,-8502.49481658586,-0.9104624981717,0.333308963393593
12784,0.139513,-1.99513,-8201.28096708531,-0.912416143749591,-0.555523964001403
12784,0.174311,-1.99239,-7939.29794551494,-0.912416143752134,0.555523964232273
12884,0.209057,-1.98904,-7616.96205182301,-0.91046249817019,-0.333308963161724
12884,0.243739,-1.98509,-7255.73581061303,-0.915346582366752,0.777752503996427
12984,0.278346,-1.98054,-6960.02936877779,-0.909485669429543,-0.111102085145531
13084,0.312869,-1.97538,-6682.244302721,-0.919253778305079,-0.999999999897294
13084,0.347296,-1.96962,-6487.62027180063,-0.909485669429971,0.111102085349981
13184,0.381618,-1.96325,-6266.72925278991,-0.915346582363621,-0.777752503792476
13184,0.415823,-1.9563,-5933.74482692692,-0.910462498171561,0.33330896336634
13284,0.449902,-1.94874,-5604.04124091973,-0.912416143749886,-0.555523964026324
13284,0.483844,-1.94059,-5277.38701653696,-0.912416143751904,0.555523964209538
13384,0.517638,-1.93185,-5029.39407937162,-0.910462498170363,-0.333308963182687
13384,0.551275,-1.92252,-4834.55910475245,-0.915346582366464,0.777752503976962
13484,0.584743,-1.91261,-4558.8465087471,-0.909485669429569,-0.111102085165906
13584,0.618034,-1.90211,-4265.37857193557,-0.919253778305519,-0.999999999919186
13584,0.651136,-1.89104,-3830.99645440805,-0.909485669429928,0.111102085328226
13684,0.68404,-1.87939,-3419.52804630235,-0.915346582363942,-0.777752503814258
13684,0.716736,-1.86716,-3090.19495943905,-0.910462498171394,0.333308963343945
13784,0.749213,-1.85437,-2841.78062054799,-0.912416143750121,-0.555523964050058
13784,0.781462,-1.84101,-2714.61247431471,-0.91241614375158,0.555523964183364
13884,0.813473,-1.82709,-2615.59292642102,-0.91046249817049,-0.333308963212306
13884,0.845237,-1.81262,-2535.66070182835,-0.915346582365913,0.777752503943214
13984,0.876742,-1.79759,-2318.65295381867,-0.909485669429626,-0.1111020852007
14084,0.907981,-1.78201,-2070.34387271782,-0.919253778306215,-0.999999999954254
14084,0.938943,-1.7659,-1736.04029805457,-0.909485669429858,0.111102085292581
14184,0.969619,-1.74924,-1419.93419965098,-0.915346582364524,-0.777752503850263
14184,1,-1.73205,-1168.00749699957,-0.910462498171194,0.333308963308465
14284,1.03008,-1.71433,-959.603447808703,-0.91241614375052,-0.55552396408445
14284,1.05984,-1.6961,-816.964913141154,-0.912416143751235,0.55552396415093
14384,1.08928,-1.67734,-728.797927732319,-0.910462498170724,-0.333308963242461
14384,1.11839,-1.65808,-676.393912810083,-0.915346582365498,0.777752503915531
14484,1.14715,-1.6383,-657.477056160219,-0.909485669429676,-0.111102085228531
14584,1.17557,-1.61803,-646.197888178743,-0.919253778306762,-0.999999999982903
14584,1.20363,-1.59727,-662.469252874081,-0.909485669429825,0.1111020852655
14684,1.23132,-1.57602,-677.758688486351,-0.91534658236492,-0.777752503876537
14684,1.25864,-1.55429,-694.077479553253,-0.910462498170955,0.333308963280004
14784,1.28558,-1.53209,-724.486330653591,-0.912416143750819,-0.555523964114867
14784,1.31212,-1.50942,-777.536484819161,-0.912416143750872,0.555523964118932
14884,1.33826,-1.48629,-868.42656303185,-0.910462498170903,-0.333308963276861
14884,1.364,-1.46271,-982.748728145256,-0.915346582364901,0.777752503878194
14984,1.38932,-1.43868,-1128.40258840826,-0.909485669429939,-0.111102085257194
14984,1.41421,-1.41421,-1277.07898993169,-0.919253778307102,0.999999999999985
5850,1.43868,-1.38932,-1419.91281071438,0.909485669429985,-0.111102085260202
5849,1.46271,-1.364,-1553.99926241434,0.915346582364833,0.777752503871339
5849,1.48629,-1.33826,-1675.94212604122,0.910462498171102,-0.333308963290407
5848,1.50942,-1.31212,-1794.21291345659,0.91241614375073,0.555523964099018
5848,1.53209,-1.28558,-1911.2257146674,0.912416143751186,-0.555523964140576
5847,1.55429,-1.25864,-2019.00691021508,0.91046249817085,0.333308963247604
5847,1.57602,-1.23132,-2117.44742382089,0.91534658236556,-0.777752503916265
5846,1.59727,-1.20363,-2172.74668587207,0.909485669429786,0.111102085221649
5845,1.61803,-1.17557,-2209.1863067155,0.919253778306525,0.999999999969829
5845,1.6383,-1.14715,-2203.01589836763,0.909485669429914,-0.11110208528211
5844,1.65808,-1.11839,-2190.78246647315,0.915346582364627,0.777752503855747
5844,1.67734,-1.08928,-2191.76160522966,0.910462498171258,-0.333308963307527
5843,1.6961,-1.05984,-2195.56009387503,0.912416143750537,0.555523964080912
5843,1.71433,-1.03008,-2210.40372544082,0.912416143751378,-0.555523964158821
5842,1.73205,-1,-2189.9960691562,0.910462498170701,0.333308963230334
5842,1.74924,-0.969619,-2141.89589912085,0.915346582365767,-0.777752503931841
5841,1.7659,-0.938943,-2024.09988528314,0.909485669429766,0.111102085205045
5840,1.78201,-0.907981,-1879.90442956205,0.919253778306158,0.99999999995149
5840,1.79759,-0.876742,-1731.79986987455,0.909485669429983,-0.111102085301555
5839,1.81262,-0.845237,-1582.52464030437,0.915346582364319,0.777752503835052
5839,1.82709,-0.813473,-1463.14353930523,0.910462498171384,-0.333308963330046
5838,1.84101,-0.781462,-1343.59478568162,0.912416143750258,0.555523964056995
5838,1.85437,-0.749213,-1229.38746804895,0.91241614375167,-0.555523964183538
5837,1.86716,-0.716736,-1097.86540350124,0.91046249817059,0.333308963203332
5837,1.87939,-0.68404,-951.371969385638,0.915346582366259,-0.777752503962114
5836,1.89104,-0.651136,-829.069920379065,0.909485669429712,0.11110208517308
5835,1.90211,-0.618034,-705.612756395894,0.919253778305505,0.999999999918216
5835,1.91261,-0.584743,-611.078643446137,0.909485669430072,-0.111102085335106
5834,1.92252,-0.551275,-508.85327796982,0.915346582363824,0.777752503801191
5834,1.93185,-0.517638,-402.282021938694,0.910462498171638,-0.333308963364257
5833,1.94059,-0.483844,-293.85606126826,0.912416143749874,0.555523964021932
5833,1.94874,-0.449902,-186.934469958224,0.91241614375206,-0.555523964220175
5832,1.9563,-0.415823,-85.6801704422123,0.910462498170272,0.333308963168192
5832,1.96325,-0.381618,15.0002296728767,0.915346582366721,-0.777752503993719
5831,1.96962,-0.347296,112.939561571728,0.909485669429573,0.111102085145735
5830,1.97538,-0.312869,218.018738263476,0.919253778305019,0.999999999895301
5830,1.98054,-0.278346,343.613843758135,0.909485669430095,-0.11110208535852
5829,1.98509,-0.243739,470.969476529743,0.915346582363408,0.777752503777643
5829,1.98904,-0.209057,571.467648599916,0.910462498171767,-0.333308963386425
5828,1.99239,-0.174311,669.514012094231,0.91241614374965,0.555523964001481
5828,1.99513,-0.139513,757.947896603958,0.912416143752221,-0.555523964238393
5827,1.99726,-0.104672,845.716601399859,0.910462498170182,0.333308963148836
5827,1.99878,-0.069799,937.060565101337,0.915346582367075,-0.777752504016468
5826,1.9997,-0.0349048,970.09076447997,0.909485669429527,0.111102085121839
