origElemNum,globCoord-x,globCoord-y,acouIntensity-x,acouIntensity-y,locCoord-xi,locCoord-eta
5825,2,-2.20442e-18,235024.367142365,-82905.4551442457,0.919253778304535,0.999999999870795
5825,1.9997,0.0349048,231499.648318402,-80902.4287693757,0.909485669430051,-0.11110208537854
5824,1.99878,0.069799,228426.290446998,-67486.3516162392,0.915346582363134,0.7777525037628
5824,1.99726,0.104672,228845.554253943,-66876.4408739221,0.910462498171695,-0.333308963393583
5823,1.99513,0.139513,230219.687316927,-56946.4257631106,0.912416143749585,0.555523964001403
5823,1.99239,0.174311,234536.890338674,-57325.4849715614,0.912416143752112,-0.555523964232293
5822,1.98904,0.209057,239181.16912204,-50968.4900705839,0.910462498170195,0.33330896316169
5822,1.98509,0.243739,245221.548916491,-51651.8072265512,0.915346582366752,-0.777752503996411
5821,1.98054,0.278346,249415.809329162,-47373.5591468644,0.909485669429537,0.111102085145532
5820,1.97538,0.312869,253355.08972526,-43440.0436372672,0.91925377830504,0.999999999897275
5820,1.96962,0.347296,254410.49609057,-43138.3198833561,0.909485669429959,-0.111102085350008
5819,1.96325,0.381618,254012.696875259,-37114.7803234609,0.915346582363608,0.777752503792493
5819,1.9563,0.415823,252679.825400834,-36334.4282436453,0.910462498171543,-0.333308963366333
5818,1.94874,0.449902,250415.111951501,-28523.1327567071,0.912416143749872,0.555523964026318
5818,1.94059,0.483844,250620.622536841,-27752.1185572269,0.912416143751876,-0.555523964209557
5817,1.93185,0.517638,252667.956602284,-20328.0946022923,0.910462498170338,0.333308963182653
5817,1.92252,0.551275,259019.501936318,-19839.0848765331,0.915346582366455,-0.777752503976955
5816,1.91261,0.584743,270063.561941752,-14707.4238465115,0.909485669429567,0.111102085165898
5815,1.90211,0.618034,283784.163765792,-12447.0483210752,0.919253778305533,0.999999999919169
5815,1.89104,0.651136,302577.604890083,-12220.0874756263,0.909485669429933,-0.111102085328256
5814,1.87939,0.68404,321669.015089166,-12308.5593006056,0.915346582363941,0.777752503814277
5814,1.86716,0.716736,339707.292499098,-12128.1775717897,0.910462498171402,-0.333308963343933
5813,1.85437,0.749213,356779.518234305,-13267.44170768,0.912416143750119,0.555523964050056
5813,1.84101,0.781462,370763.455425848,-12975.9786657626,0.912416143751575,-0.555523964183394
5812,1.82709,0.813473,384580.532078235,-15163.5465971677,0.910462498170486,0.333308963212263
5812,1.81262,0.845237,396543.547738979,-14646.0793975901,0.915346582365915,-0.777752503943209
5811,1.79759,0.876742,412469.435254099,-20063.8234919041,0.909485669429635,0.111102085200681
5810,1.78201,0.907981,431555.22696593,-29868.7636815286,0.919253778306195,0.999999999954235
5810,1.7659,0.938943,446601.453615983,-30260.3838440828,0.909485669429844,-0.111102085292603
5809,1.74924,0.969619,468325.761873832,-43496.1554691973,0.915346582364538,0.777752503850291
5809,1.73205,1,480721.390630701,-45352.1277811686,0.910462498171199,-0.333308963308445
5808,1.71433,1.03008,498811.137469226,-59901.2732331145,0.912416143750526,0.555523964084446
5808,1.6961,1.05984,507597.176423142,-63742.0008788116,0.912416143751246,-0.555523964150953
5807,1.67734,1.08928,525938.357623421,-82212.7548534472,0.910462498170725,0.333308963242434
5807,1.65808,1.11839,537089.17061886,-89630.5210948466,0.915346582365508,-0.777752503915519
5806,1.6383,1.14715,564395.18950075,-118940.632576957,0.909485669429676,0.11110208522853
5805,1.61803,1.17557,595631.705516456,-153669.9588613,0.919253778306765,0.999999999982884
5805,1.59727,1.20363,605338.699832643,-169806.507622483,0.909485669429817,-0.111102085265541
5804,1.57602,1.23132,622746.024112914,-201602.43124298,0.9153465823649,0.777752503876539
5804,1.55429,1.25864,613532.096037112,-215691.845946232,0.910462498170939,-0.333308963279996
5803,1.53209,1.28558,603400.728194844,-235477.322892646,0.912416143750815,0.555523964114853
5803,1.50942,1.31212,581297.924608477,-250153.291537611,0.91241614375085,-0.555523964118972
5802,1.48629,1.33826,561446.792093425,-273984.381360256,0.910462498170897,0.333308963276791
5802,1.46271,1.364,538505.927274647,-299357.578754194,0.915346582364929,-0.77775250387822
5801,1.43868,1.38932,516422.920515281,-333885.928131157,0.909485669429954,0.111102085257182
5801,1.41421,1.41421,490937.928051722,-368059.039674968,0.919253778307104,-0.999999999999994
850,1.38932,1.43868,452299.698955897,-391223.244090316,0.909485669429991,-0.111102085260227
849,1.364,1.46271,398528.83950975,-400124.955958061,0.915346582364834,0.777752503871359
849,1.33826,1.48629,368463.430613383,-429720.560230025,0.910462498171096,-0.333308963290402
848,1.31212,1.50942,307091.437273907,-428481.340519419,0.912416143750729,0.555523964099008
848,1.28558,1.53209,286497.133626702,-459489.760921995,0.912416143751184,-0.555523964140596
847,1.25864,1.55429,235855.720127268,-442196.57612993,0.910462498170846,0.333308963247574
847,1.23132,1.57602,235981.57735442,-451013.553348422,0.915346582365554,-0.777752503916259
846,1.20363,1.59727,206149.77407791,-426564.009118064,0.90948566942978,0.111102085221654
845,1.17557,1.61803,187234.462883431,-409143.292233577,0.919253778306528,0.999999999969813
845,1.14715,1.6383,187111.691325527,-426846.503295533,0.909485669429915,-0.111102085282135
844,1.11839,1.65808,156486.589062068,-424718.764300763,0.915346582364625,0.777752503855763
844,1.08928,1.67734,157257.762729402,-445800.018516092,0.910462498171253,-0.333308963307521
843,1.05984,1.6961,122586.323433602,-441671.006163074,0.912416143750542,0.555523964080906
843,1.03008,1.71433,122294.983136665,-454621.40545408,0.912416143751377,-0.555523964158847
842,1,1.73205,91495.613563854,-443199.143059406,0.910462498170698,0.333308963230309
842,0.969619,1.74924,91524.264871369,-445695.5595784,0.915346582365766,-0.777752503931825
841,0.938943,1.7659,60870.9020314484,-429191.365047885,0.909485669429764,0.111102085205048
840,0.907981,1.78201,27261.2948888012,-411859.216309386,0.919253778306164,0.99999999995148
840,0.876742,1.79759,26866.5124151874,-409609.787332734,0.909485669429979,-0.11110208530158
839,0.845237,1.81262,-5977.89110646088,-391921.919827905,0.91534658236432,0.777752503835068
839,0.813473,1.82709,-6406.46893806547,-388931.779328835,0.91046249817139,-0.33330896333004
838,0.781462,1.84101,-38829.898659119,-374128.855205954,0.912416143750255,0.555523964056983
838,0.749213,1.85437,-39866.5018017721,-375997.865629725,0.912416143751674,-0.555523964183563
837,0.716736,1.86716,-75659.9134863265,-367857.988028934,0.910462498170584,0.333308963203304
837,0.68404,1.87939,-77849.5357104597,-375614.374875724,0.915346582366261,-0.777752503962098
836,0.651136,1.89104,-109981.09203295,-371864.129114338,0.909485669429719,0.111102085173086
835,0.618034,1.90211,-124388.842436228,-374800.575518298,0.919253778305509,0.999999999918205
835,0.584743,1.91261,-124736.431088759,-375768.959139095,0.909485669430073,-0.111102085335132
834,0.551275,1.92252,-116310.265873716,-378475.414841437,0.915346582363819,0.777752503801204
834,0.517638,1.93185,-115499.66366353,-375682.239640101,0.910462498171637,-0.333308963364254
833,0.483844,1.94059,-100152.306988162,-377307.250564843,0.912416143749877,0.55552396402192
833,0.449902,1.94874,-99832.0574869237,-376079.776717846,0.91241614375206,-0.555523964220202
832,0.415823,1.9563,-97188.905067453,-378046.428392659,0.910462498170279,0.333308963168166
832,0.381618,1.96325,-97897.8415076135,-381067.118423952,0.915346582366717,-0.777752503993703
831,0.347296,1.96962,-114237.082891336,-382679.693214902,0.909485669429573,0.111102085145737
830,0.312869,1.97538,-141088.406822504,-383562.823854343,0.919253778305012,0.99999999989529
830,0.278346,1.98054,-141242.427585081,-386056.098370678,0.909485669430091,-0.111102085358547
829,0.243739,1.98509,-162538.752961235,-385122.126885833,0.915346582363415,0.77775250377766
829,0.209057,1.98904,-160921.957676791,-383977.651708532,0.910462498171767,-0.333308963386422
828,0.174311,1.99239,-166273.298661918,-381691.133675806,0.912416143749651,0.55552396400147
828,0.139513,1.99513,-163897.356093184,-379420.012521383,0.912416143752224,-0.555523964238419
827,0.104672,1.99726,-155413.404621131,-379523.853640083,0.910462498170184,0.33330896314881
827,0.069799,1.99878,-154285.803687836,-380488.903821467,0.915346582367074,-0.777752504016452
826,0.0349048,1.9997,-140775.236837976,-386719.14926456,0.909485669429527,0.111102085121841
825,1.27747e-16,2,-129249.311182773,-393746.083669035,0.919253778304535,0.999999999870799
825,-0.0349048,1.9997,-131492.624192158,-405797.934858617,0.909485669430051,-0.111102085378537
824,-0.069799,1.99878,-130445.36656142,-418009.348153797,0.915346582363134,0.777752503762801
824,-0.104672,1.99726,-132718.784689012,-431081.41780438,0.910462498171695,-0.333308963393583
823,-0.139513,1.99513,-144529.131185284,-443328.708577691,0.912416143749585,0.555523964001401
823,-0.174311,1.99239,-145720.544448505,-452658.275806019,0.912416143752112,-0.555523964232297
822,-0.209057,1.98904,-167166.674637889,-460733.256679743,0.910462498170195,0.333308963161685
822,-0.243739,1.98509,-166563.352193464,-464517.621633386,0.915346582366744,-0.777752503996403
821,-0.278346,1.98054,-189821.773024587,-469320.672684757,0.909485669429538,0.111102085145537
820,-0.312869,1.97538,-207862.108116461,-473435.2356626,0.919253778305041,0.999999999897278
820,-0.347296,1.96962,-205205.486409214,-476381.806242015,0.90948566942996,-0.111102085350006
819,-0.381618,1.96325,-213179.907921009,-482293.696109687,0.915346582363608,0.777752503792493
819,-0.415823,1.9563,-211380.279427541,-491007.540677548,0.910462498171543,-0.333308963366333
818,-0.449902,1.94874,-212114.807725904,-502330.667806894,0.912416143749872,0.555523964026316
818,-0.483844,1.94059,-211086.700692939,-516558.456438256,0.912416143751875,-0.555523964209561
817,-0.517638,1.93185,-211426.703902865,-531595.20069144,0.910462498170336,0.333308963182646
817,-0.551275,1.92252,-210107.212307857,-546446.745701252,0.915346582366457,-0.777752503976948
816,-0.584743,1.91261,-217946.881588231,-559876.201883526,0.909485669429562,0.111102085165907
815,-0.618034,1.90211,-238531.641919043,-576465.186689208,0.919253778305526,0.999999999919175
815,-0.651136,1.89104,-234968.728944101,-577102.344959593,0.909485669429935,-0.111102085328253
814,-0.68404,1.87939,-263575.42451276,-587886.80377929,0.915346582363941,0.777752503814277
814,-0.716736,1.86716,-259241.230453956,-582550.577694522,0.910462498171402,-0.333308963343933
813,-0.749213,1.85437,-288361.969659743,-590197.350237512,0.912416143750117,0.555523964050053
813,-0.781462,1.84101,-284185.425898167,-584514.710542978,0.912416143751584,-0.555523964183396
812,-0.813473,1.82709,-308905.83636206,-592628.116232508,0.910462498170484,0.33330896321226
812,-0.845237,1.81262,-305538.325001847,-589301.428755492,0.91534658236591,-0.7777525039432
811,-0.876742,1.79759,-325452.408720782,-596970.201986766,0.909485669429639,0.111102085200672
810,-0.907981,1.78201,-343638.159289404,-604323.793723232,0.919253778306197,0.999999999954239
810,-0.938943,1.7659,-339734.468084444,-595540.10007358,0.909485669429848,-0.111102085292613
809,-0.969619,1.74924,-358169.13846025,-597244.784436558,0.915346582364533,0.777752503850298
809,-1,1.73205,-352766.581822466,-579970.797577118,0.910462498171205,-0.333308963308436
808,-1.03008,1.71433,-370126.280180153,-574285.275269604,0.912416143750522,0.55552396408444
808,-1.05984,1.6961,-363853.506412386,-552057.176899997,0.912416143751243,-0.555523964150944
807,-1.08928,1.67734,-378258.923403576,-543228.526768257,0.910462498170733,0.33330896324243
807,-1.11839,1.65808,-373018.309988431,-522163.390598191,0.915346582365511,-0.777752503915504
806,-1.14715,1.6383,-384954.94036056,-514902.781683128,0.909485669429678,0.11110208522852
805,-1.17557,1.61803,-392088.28154412,-505306.19337361,0.91925377830677,0.999999999982889
805,-1.20363,1.59727,-394202.274298277,-492910.72895979,0.909485669429819,-0.111102085265551
804,-1.23132,1.57602,-403318.6639408,-485416.282626428,0.915346582364893,0.777752503876544
804,-1.25864,1.55429,-408182.598652171,-472709.020847129,0.910462498170937,-0.333308963279986
803,-1.28558,1.53209,-419964.463532822,-464192.711765785,0.912416143750809,0.555523964114847
803,-1.31212,1.50942,-426082.500155859,-448781.66596332,0.912416143750849,-0.555523964118962
802,-1.33826,1.48629,-439051.784955824,-437727.449082596,0.910462498170897,0.333308963276791
802,-1.364,1.46271,-444835.825693904,-419498.477437348,0.915346582364928,-0.77775250387821
801,-1.38932,1.43868,-456287.164122477,-406044.817784463,0.909485669429954,0.111102085257172
801,-1.41421,1.41421,-460131.832721354,-386017.79902709,0.919253778307104,-0.999999999999994
15850,-1.43868,1.38932,-467068.138840233,-370531.193216026,0.909485669429991,-0.111102085260237
15849,-1.46271,1.364,-470515.883032706,-353465.614894364,0.915346582364828,0.777752503871364
15849,-1.48629,1.33826,-467502.025344466,-332783.472853953,0.910462498171103,-0.333308963290387
15848,-1.50942,1.31212,-463904.051021363,-314689.536211125,0.912416143750729,0.555523964099008
15848,-1.53209,1.28558,-455610.359931704,-295304.18725878,0.912416143751185,-0.555523964140586
15847,-1.55429,1.25864,-445190.301791938,-278023.091625016,0.910462498170851,0.333308963247569
15847,-1.57602,1.23132,-431828.04102401,-260668.242349702,0.915346582365555,-0.777752503916249
15846,-1.59727,1.20363,-415548.527658706,-244886.287295637,0.909485669429784,0.111102085221639
15845,-1.61803,1.17557,-397376.7811438,-228840.900264623,0.919253778306531,0.999999999969823
15845,-1.6383,1.14715,-376197.030220342,-213750.376106926,0.909485669429917,-0.111102085282151
15844,-1.65808,1.11839,-353207.349264396,-197602.706202108,0.915346582364627,0.777752503855772
15844,-1.67734,1.08928,-329014.520513849,-182587.703953337,0.910462498171251,-0.333308963307506
15843,-1.6961,1.05984,-303590.855599078,-166555.170784962,0.912416143750542,0.555523964080906
15843,-1.71433,1.03008,-279056.086169501,-152603.561033448,0.912416143751375,-0.555523964158831
15842,-1.73205,1,-255728.895146151,-139174.456172979,0.910462498170697,0.333308963230296
15842,-1.74924,0.969619,-234258.014780098,-127877.90835178,0.915346582365764,-0.777752503931822
15841,-1.7659,0.938943,-216439.849832224,-118773.948003552,0.909485669429762,0.111102085205035
15840,-1.78201,0.907981,-199589.497614776,-110451.231389276,0.919253778306162,0.999999999951483
15840,-1.79759,0.876742,-185849.611586111,-104011.696936655,0.909485669429984,-0.111102085301589
15839,-1.81262,0.845237,-171559.794722414,-96610.5550604872,0.915346582364318,0.777752503835071
15839,-1.82709,0.813473,-157157.832874228,-89280.1510258601,0.910462498171391,-0.333308963330024
15838,-1.84101,0.781462,-141177.65434174,-79574.7470399128,0.912416143750253,0.555523964056986
15838,-1.85437,0.749213,-124679.168488627,-70569.0464032945,0.912416143751674,-0.555523964183544
15837,-1.86716,0.716736,-107721.829374632,-59603.7417636122,0.910462498170589,0.333308963203294
15837,-1.87939,0.68404,-91727.568644655,-50816.6808264399,0.915346582366259,-0.777752503962095
15836,-1.89104,0.651136,-79699.821982073,-43077.4508071209,0.909485669429715,0.111102085173074
15835,-1.90211,0.618034,-68927.3002953854,-36793.8749474143,0.919253778305508,0.999999999918209
15835,-1.91261,0.584743,-67077.1376873271,-35988.5017429221,0.909485669430068,-0.111102085335144
15834,-1.92252,0.551275,-66363.3802215204,-35973.029871427,0.915346582363818,0.777752503801208
15834,-1.93185,0.517638,-70880.6066055179,-38739.5830807224,0.910462498171639,-0.333308963364235
15833,-1.94059,0.483844,-75667.7324852254,-42443.5300573857,0.912416143749876,0.555523964021923
15833,-1.94874,0.449902,-80526.7596741207,-45609.4381283548,0.912416143752063,-0.555523964220183
15832,-1.9563,0.415823,-82434.4798369926,-47891.3121212673,0.910462498170272,0.333308963168156
15832,-1.96325,0.381618,-81947.8652338371,-48047.324612643,0.915346582366716,-0.7777525039937
15831,-1.96962,0.347296,-76418.3852494464,-45334.8715203879,0.909485669429575,0.111102085145728
15830,-1.97538,0.312869,-69281.8889869989,-41015.9533317184,0.91925377830502,0.999999999895294
15830,-1.98054,0.278346,-60055.3610916411,-35648.224633245,0.909485669430092,-0.111102085358556
15829,-1.98509,0.243739,-51562.9449151759,-30136.9737714998,0.915346582363415,0.777752503777664
15829,-1.98904,0.209057,-47129.3447148434,-27460.6867789647,0.910462498171765,-0.333308963386404
15828,-1.99239,0.174311,-47114.2806164202,-26807.1989033445,0.912416143749651,0.555523964001473
15828,-1.99513,0.139513,-54045.5061811494,-30460.1077774338,0.912416143752222,-0.5555239642384
15827,-1.99726,0.104672,-69052.5878023624,-37824.8016623871,0.910462498170184,0.3333089631488
15827,-1.99878,0.069799,-89869.1203308593,-48527.7397598346,0.915346582367074,-0.777752504016448
15826,-1.9997,0.0349048,-117951.578431363,-61758.6148096466,0.909485669429527,0.111102085121831
15825,-2,2.46315e-16,-148573.246025158,-75291.3613027037,0.919253778304535,0.999999999870803
15825,-1.9997,-0.0349048,-177136.804866561,-88825.980450993,0.909485669430051,-0.111102085378547
15824,-1.99878,-0.069799,-203052.041231274,-99470.1921624885,0.915346582363134,0.777752503762804
15824,-1.99726,-0.104672,-216269.19932241,-105699.839328855,0.910462498171696,-0.333308963393566
15823,-1.99513,-0.139513,-219493.032461974,-107481.517753911,0.912416143749586,0.555523964001405
15823,-1.99239,-0.174311,-207898.563829654,-102543.857396118,0.912416143752114,-0.555523964232279
15822,-1.98904,-0.209057,-182692.00016184,-93439.4863286972,0.910462498170195,0.333308963161688
15822,-1.98509,-0.243739,-149413.46472,-77601.6272029073,0.915346582366744,-0.7777525039964
15821,-1.98054,-0.278346,-109628.544905549,-60476.2421340032,0.909485669429545,0.111102085145526
15820,-1.97538,-0.312869,-69524.0743463772,-40511.5225050731,0.919253778305042,0.999999999897283
15820,-1.96962,-0.347296,-39784.5809274313,-23574.9755599938,0.909485669429957,-0.111102085350017
15819,-1.96325,-0.381618,-15329.1980050646,-9164.49686727505,0.915346582363609,0.777752503792499
15819,-1.9563,-0.415823,-8896.04824219257,-5375.12296014805,0.910462498171549,-0.333308963366345
15818,-1.94874,-0.449902,-12624.5852650083,-7094.62144529994,0.912416143749872,0.555523964026319
15818,-1.94059,-0.483844,-31302.8307006785,-17648.9895669435,0.91241614375188,-0.555523964209544
15817,-1.93185,-0.517638,-60522.1134635414,-29091.7505586227,0.910462498170337,0.33330896318265
15817,-1.92252,-0.551275,-95603.0185289824,-45944.2395510942,0.915346582366458,-0.777752503976945
15816,-1.91261,-0.584743,-131012.543203258,-51179.0888934313,0.909485669429567,0.111102085165898
15815,-1.90211,-0.618034,-166247.352983111,-54627.2546527702,0.919253778305528,0.999999999919178
15815,-1.89104,-0.651136,-176178.683321884,-57853.5350169961,0.90948566942994,-0.111102085328262
15814,-1.87939,-0.68404,-181814.215344998,-55928.9899200434,0.915346582363942,0.77775250381428
15814,-1.86716,-0.716736,-166032.682511857,-50846.7751578307,0.910462498171397,-0.333308963343943
15813,-1.85437,-0.749213,-147505.745924394,-45373.448329306,0.912416143750119,0.555523964050056
15813,-1.84101,-0.781462,-125440.75247438,-38306.6584482788,0.912416143751582,-0.555523964183381
15812,-1.82709,-0.813473,-115629.694572379,-32555.030606535,0.910462498170486,0.333308963212263
15812,-1.81262,-0.845237,-112032.828747967,-31277.7189043905,0.915346582365912,-0.777752503943197
15811,-1.79759,-0.876742,-136597.645097436,-26075.3264729063,0.909485669429641,0.111102085200675
15810,-1.78201,-0.907981,-173486.532818039,-9921.3028227654,0.919253778306197,0.999999999954239
15810,-1.7659,-0.938943,-217108.171562409,-12003.4722221253,0.90948566942985,-0.11110208529261
15809,-1.74924,-0.969619,-274698.283044616,17889.0129186828,0.915346582364535,0.777752503850301
15809,-1.73205,-1,-304180.620254844,21876.9519627497,0.9104624981712,-0.333308963308458
15808,-1.71433,-1.03008,-338309.331135909,51461.4039696802,0.912416143750526,0.555523964084446
15808,-1.6961,-1.05984,-342736.053535547,56083.596592824,0.912416143751243,-0.555523964150944
15807,-1.67734,-1.08928,-365756.176961999,81559.5147194877,0.910462498170725,0.333308963242434
15807,-1.65808,-1.11839,-379847.694650332,87523.4019841734,0.915346582365503,-0.7777525039155
15806,-1.6383,-1.14715,-451152.649946703,135917.961815938,0.90948566942967,0.111102085228524
15805,-1.61803,-1.17557,-550634.565523931,210352.230479537,0.919253778306763,0.999999999982893
15805,-1.59727,-1.20363,-619246.878633446,233362.783256096,0.909485669429812,-0.111102085265547
15804,-1.57602,-1.23132,-726511.661298987,312809.280552604,0.915346582364898,0.777752503876549
15804,-1.55429,-1.25864,-758369.883393524,326890.248152907,0.910462498170935,-0.333308963280012
15803,-1.53209,-1.28558,-835084.873985477,393820.032164503,0.912416143750815,0.555523964114853
15803,-1.50942,-1.31212,-874109.226237946,413255.990542876,0.912416143750855,-0.555523964118957
15802,-1.48629,-1.33826,-1013647.17856345,526500.734125148,0.910462498170897,0.333308963276791
15802,-1.46271,-1.364,-1102695.8795778,568079.814247014,0.915346582364928,-0.77775250387821
15801,-1.43868,-1.38932,-1281634.84940453,711258.477048435,0.909485669429954,0.111102085257172
15801,-1.41421,-1.41421,-1355697.46742645,743186.233111844,0.919253778307098,-0.999999999999989
10084,-1.38932,-1.43868,-1454887.20196492,815990.341057848,-0.909485669429983,0.111102085260242
10184,-1.364,-1.46271,-1435492.0755136,772819.055907102,-0.915346582364814,-0.777752503871363
10184,-1.33826,-1.48629,-1485767.06450671,793183.417357718,-0.910462498171062,0.333308963290425
10284,-1.31212,-1.50942,-1460040.38552292,757078.7675542,-0.912416143750702,-0.555523964098991
10284,-1.28558,-1.53209,-1476176.12334028,774591.074713448,-0.912416143751175,0.55552396414059
10384,-1.25864,-1.55429,-1395487.61608508,738167.2092297,-0.910462498170858,-0.333308963247603
10384,-1.23132,-1.57602,-1369927.27806765,764411.842840339,-0.915346582365569,0.777752503916277
10484,-1.20363,-1.59727,134653.862300878,-367271.628758103,-0.909485669429755,-0.111102085221656
10584,-1.17557,-1.61803,1538636.78523466,-1355339.65254205,-0.919253778306467,-0.999999999969833
10584,-1.14715,-1.6383,1553345.53089468,-1368984.71630929,-0.909485669429891,0.111102085282108
10684,-1.11839,-1.65808,1441129.75482926,-1296958.22628769,-0.915346582364624,-0.777752503855743
10684,-1.08928,-1.67734,1450120.8282566,-1309163.22094573,-0.910462498171255,0.333308963307532
10784,-1.05984,-1.6961,1328410.68420075,-1242212.79473121,-0.912416143750544,-0.555523964080908
10784,-1.03008,-1.71433,1345928.0949661,-1269367.24458889,-0.912416143751393,0.555523964158839
10884,-1,-1.73205,1230666.54113844,-1219098.83725679,-0.910462498170715,-0.333308963230315
10884,-0.969619,-1.74924,1239266.96077998,-1242982.95369347,-0.915346582365772,0.777752503931858
10984,-0.938943,-1.7659,1058442.83116651,-1145090.13195376,-0.909485669429763,-0.111102085205032
11084,-0.907981,-1.78201,865268.980326347,-1042494.82580225,-0.919253778306154,-0.99999999995149
11084,-0.876742,-1.79759,854304.116847392,-1037788.38525387,-0.909485669429981,0.111102085301552
11184,-0.845237,-1.81262,717181.116794962,-974720.056948505,-0.915346582364332,-0.777752503835052
11184,-0.813473,-1.82709,720700.076070095,-981366.303060787,-0.910462498171421,0.333308963330044
11284,-0.781462,-1.84101,574450.925202116,-912516.979795441,-0.912416143750289,-0.555523964056998
11284,-0.749213,-1.85437,563851.114040791,-886384.06250996,-0.912416143751684,0.555523964183542
11384,-0.716736,-1.86716,386738.376630051,-789851.63373174,-0.910462498170579,-0.333308963203316
11384,-0.68404,-1.87939,374081.928067291,-755801.019771741,-0.915346582366256,0.777752503962127
11484,-0.651136,-1.89104,249821.805402047,-701778.233491245,-0.9094856694297,-0.111102085173069
11584,-0.618034,-1.90211,180069.650084419,-675020.389061601,-0.919253778305473,-0.9999999999182
11584,-0.584743,-1.91261,183171.710638274,-684662.993815326,-0.909485669430035,0.111102085335111
11684,-0.551275,-1.92252,112211.378761102,-670868.528435159,-0.915346582363772,-0.777752503801188
11684,-0.517638,-1.93185,111044.76618329,-668632.398330008,-0.910462498171642,0.333308963364261
11784,-0.483844,-1.94059,13155.1153050806,-620240.5224097,-0.912416143749915,-0.555523964021929
11784,-0.449902,-1.94874,19456.4942750265,-568087.7716252,-0.912416143752077,0.555523964220183
11884,-0.415823,-1.9563,-122091.187688268,-546347.219489926,-0.910462498170266,-0.33330896316818
11884,-0.381618,-1.96325,-131446.827197798,-591847.635870481,-0.915346582366712,0.777752503993725
11984,-0.347296,-1.96962,-137270.597314118,-790473.198423697,-0.909485669429565,-0.111102085145729
12084,-0.312869,-1.97538,115167.187952647,-1070035.99522582,-0.919253778305011,-0.999999999895287
12084,-0.278346,-1.98054,97378.093079806,-1264623.70747042,-0.909485669430107,0.111102085358526
12184,-0.243739,-1.98509,306756.179724037,-1474178.80750802,-0.915346582363447,-0.777752503777644
12184,-0.209057,-1.98904,311308.861155874,-1564219.83389693,-0.910462498171781,0.333308963386432
12284,-0.174311,-1.99239,377743.39831829,-1639714.40009399,-0.912416143749663,-0.555523964001473
12284,-0.139513,-1.99513,378636.18499425,-1674798.98235954,-0.912416143752267,0.555523964238395
12384,-0.104672,-1.99726,394478.540909782,-1660188.94080955,-0.910462498170238,-0.333308963148834
12384,-0.069799,-1.99878,385225.377450148,-1611146.15296504,-0.915346582367131,0.777752504016471
12484,-0.0349048,-1.9997,345819.797556422,-1539157.38525733,-0.909485669429557,-0.111102085121833
12584,-4.35203e-16,-2,305914.3525,-1464868.62624081,-0.919253778304537,-0.999999999870803
12584,0.0349048,-1.9997,297930.125676013,-1421700.20094855,-0.909485669430058,0.111102085378513
12684,0.069799,-1.99878,280995.298689552,-1389048.71726752,-0.915346582363139,-0.777752503762792
12684,0.104672,-1.99726,281235.085917363,-1390593.11905997,-0.9104624981717,0.333308963393593
12784,0.139513,-1.99513,285537.315022401,-1403164.20325717,-0.912416143749591,-0.555523964001403
12784,0.174311,-1.99239,290993.460599931,-1431950.46975407,-0.912416143752134,0.555523964232273
12884,0.209057,-1.98904,304537.652117078,-1464873.24488599,-0.91046249817019,-0.333308963161724
12884,0.243739,-1.98509,311911.371032929,-1502141.69213901,-0.915346582366752,0.777752503996427
12984,0.278346,-1.98054,325717.050171696,-1532211.25438738,-0.909485669429543,-0.111102085145531
13084,0.312869,-1.97538,338700.014684491,-1561550.39397982,-0.919253778305079,-0.999999999897294
13084,0.347296,-1.96962,340745.825646012,-1570597.76916042,-0.909485669429971,0.111102085349981
13184,0.381618,-1.96325,346845.845946439,-1573682.6598403,-0.915346582363621,-0.777752503792476
13184,0.415823,-1.9563,342626.435486897,-1554131.80544493,-0.910462498171561,0.33330896336634
13284,0.449902,-1.94874,336429.005616553,-1524475.63933996,-0.912416143749886,-0.555523964026324
13284,0.483844,-1.94059,326187.835050342,-1479426.66654609,-0.912416143751904,0.555523964209538
13384,0.517638,-1.93185,307120.608852061,-1427997.44503937,-0.910462498170363,-0.333308963182687
13384,0.551275,-1.92252,293789.05195288,-1370604.04295952,-0.915346582366464,0.777752503976962
13484,0.584743,-1.91261,267286.260486596,-1316162.2295933,-0.909485669429569,-0.111102085165906
13584,0.618034,-1.90211,239859.122760921,-1264660.08175783,-0.919253778305519,-0.999999999919186
13584,0.651136,-1.89104,228072.07507168,-1214464.40837198,-0.909485669429928,0.111102085328226
13684,0.68404,-1.87939,208253.392769128,-1170778.30896799,-0.915346582363942,-0.777752503814258
13684,0.716736,-1.86716,198964.287301148,-1129450.78527122,-0.910462498171394,0.333308963343945
13784,0.749213,-1.85437,191503.286864155,-1090606.20006837,-0.912416143750121,-0.555523964050058
13784,0.781462,-1.84101,184015.327946511,-1055393.7488855,-0.91241614375158,0.555523964183364
13884,0.813473,-1.82709,186631.859534056,-1019840.86264874,-0.91046249817049,-0.333308963212306
13884,0.845237,-1.81262,180568.320654161,-990962.360004716,-0.915346582365913,0.777752503943214
13984,0.876742,-1.79759,186535.84982452,-963437.273908525,-0.909485669429626,-0.1111020852007
14084,0.907981,-1.78201,188575.122118779,-939775.562898143,-0.919253778306215,-0.999999999954254
14084,0.938943,-1.7659,184695.182101739,-925458.448868471,-0.909485669429858,0.111102085292581
14184,0.969619,-1.74924,182554.209298396,-909859.945402669,-0.915346582364524,-0.777752503850263
14184,1,-1.73205,177581.902943737,-892491.421890709,-0.910462498171194,0.333308963308465
14284,1.03008,-1.71433,172743.590757398,-869649.475753385,-0.91241614375052,-0.55552396408445
14284,1.05984,-1.6961,165103.6920044,-840077.753974584,-0.912416143751235,0.55552396415093
14384,1.08928,-1.67734,158996.419046549,-802819.312384147,-0.910462498170724,-0.333308963242461
14384,1.11839,-1.65808,149472.581865637,-763882.612283849,-0.915346582365498,0.777752503915531
14484,1.14715,-1.6383,141383.188655333,-726083.975163301,-0.909485669429676,-0.111102085228531
14584,1.17557,-1.61803,128998.255302141,-693214.913722991,-0.919253778306762,-0.999999999982903
14584,1.20363,-1.59727,121603.676988448,-667368.056441113,-0.909485669429825,0.1111020852655
14684,1.23132,-1.57602,108909.357894949,-647655.202893294,-0.91534658236492,-0.777752503876537
14684,1.25864,-1.55429,103061.233664857,-625717.226098973,-0.910462498170955,0.333308963280004
14784,1.28558,-1.53209,94043.3935221667,-605485.529229934,-0.912416143750819,-0.555523964114867
14784,1.31212,-1.50942,88905.4218870919,-579845.432034048,-0.912416143750872,0.555523964118932
14884,1.33826,-1.48629,83187.0130947866,-556337.897480342,-0.910462498170903,-0.333308963276861
14884,1.364,-1.46271,78473.296942353,-533461.225793348,-0.915346582364901,0.777752503878194
14984,1.38932,-1.43868,72790.2751919613,-520849.403503362,-0.909485669429939,-0.111102085257194
14984,1.41421,-1.41421,68299.6947360148,-510168.159002992,-0.919253778307102,0.999999999999985
5850,1.43868,-1.38932,61715.5376836443,-507357.612818177,0.909485669429985,-0.111102085260202
5849,1.46271,-1.364,57950.5233978173,-500763.703849251,0.915346582364833,0.777752503871339
5849,1.48629,-1.33826,51379.6563086387,-492014.619651719,0.910462498171102,-0.333308963290407
5848,1.50942,-1.31212,51078.1286496709,-473366.138595732,0.91241614375073,0.555523964099018
5848,1.53209,-1.28558,43354.3928078596,-458761.883807136,0.912416143751186,-0.555523964140576
5847,1.55429,-1.25864,46611.7267695629,-431277.061966799,0.91046249817085,0.333308963247604
5847,1.57602,-1.23132,39439.4271530524,-417073.391418889,0.91534658236556,-0.777752503916265
5846,1.59727,-1.20363,47072.1130602896,-389825.424702244,0.909485669429786,0.111102085221649
5845,1.61803,-1.17557,56833.8465282099,-360689.526045748,0.919253778306525,0.999999999969829
5845,1.6383,-1.14715,53344.6016136758,-356743.047381876,0.909485669429914,-0.11110208528211
5844,1.65808,-1.11839,64925.4928534844,-331535.587791432,0.915346582364627,0.777752503855747
5844,1.67734,-1.08928,63128.9480959521,-327111.662514322,0.910462498171258,-0.333308963307527
5843,1.6961,-1.05984,74085.3217166064,-303195.361092802,0.912416143750537,0.555523964080912
5843,1.71433,-1.03008,73764.2711953178,-297384.117044434,0.912416143751378,-0.555523964158821
5842,1.73205,-1,84134.0320432712,-277590.010222502,0.910462498170701,0.333308963230334
5842,1.74924,-0.969619,85570.3650157494,-275872.525964951,0.915346582365767,-0.777752503931841
5841,1.7659,-0.938943,97369.1754398404,-262787.121618223,0.909485669429766,0.111102085205045
5840,1.78201,-0.907981,108978.794427401,-251612.992837544,0.919253778306158,0.99999999995149
5840,1.79759,-0.876742,113606.981351888,-255959.65492748,0.909485669429983,-0.111102085301555
5839,1.81262,-0.845237,124560.979492553,-246756.483740592,0.915346582364319,0.777752503835052
5839,1.82709,-0.813473,128606.997013957,-248069.219794117,0.910462498171384,-0.333308963330046
5838,1.84101,-0.781462,137567.216387655,-237513.72314583,0.912416143750258,0.555523964056995
5838,1.85437,-0.749213,141254.638886635,-237839.212753952,0.91241614375167,-0.555523964183538
5837,1.86716,-0.716736,150507.885886821,-226406.560433736,0.91046249817059,0.333308963203332
5837,1.87939,-0.68404,155173.379178326,-228501.990905596,0.915346582366259,-0.777752503962114
5836,1.89104,-0.651136,165532.609857008,-215340.011082289,0.909485669429712,0.11110208517308
5835,1.90211,-0.618034,175894.474925672,-201444.844328294,0.919253778305505,0.999999999918216
5835,1.91261,-0.584743,178855.962923549,-201187.641494048,0.909485669430072,-0.111102085335106
5834,1.92252,-0.551275,185742.385285691,-185697.285765233,0.915346582363824,0.777752503801191
5834,1.93185,-0.517638,186255.990043518,-183074.276992755,0.910462498171638,-0.333308963364257
5833,1.94059,-0.483844,190117.27168448,-167810.093350524,0.912416143749874,0.555523964021932
5833,1.94874,-0.449902,190754.236267847,-165688.619956267,0.91241614375206,-0.555523964220175
5832,1.9563,-0.415823,196056.726434656,-153360.44769425,0.910462498170272,0.333308963168192
5832,1.96325,-0.381618,200150.47713209,-154199.786427221,0.915346582366721,-0.777752503993719
5831,1.96962,-0.347296,209564.187853515,-145221.940098043,0.909485669429573,0.111102085145735
5830,1.97538,-0.312869,219568.865553629,-137275.133373853,0.919253778305019,0.999999999895301
5830,1.98054,-0.278346,228575.111522272,-140948.584494777,0.909485669430095,-0.11110208535852
5829,1.98509,-0.243739,238528.101060563,-133981.859242569,0.915346582363408,0.777752503777643
5829,1.98904,-0.209057,244594.47838958,-135770.67466111,0.910462498171767,-0.333308963386425
5828,1.99239,-0.174311,249506.783185075,-127136.836248434,0.91241614374965,0.555523964001481
5828,1.99513,-0.139513,250257.718995597,-126281.646816214,0.912416143752221,-0.555523964238393
5827,1.99726,-0.104672,248887.216812761,-114638.373920847,0.910462498170182,0.333308963148836
5827,1.99878,-0.069799,245073.501086682,-111955.685182383,0.915346582367075,-0.777752504016468
5826,1.9997,-0.0349048,240365.575191086,-97971.4340065115,0.909485669429527,0.111102085121839
