origElemNum,globCoord-x,globCoord-y,acouPotentialD1-,locCoord-xi,locCoord-eta
5825,2,-2.20442e-18,-5325462.1422059,0.919253778304535,0.999999999870795
5825,1.9997,0.0349048,-5285538.74578275,0.909485669430051,-0.11110208537854
5824,1.99878,0.069799,-5247496.08456501,0.915346582363134,0.7777525037628
5824,1.99726,0.104672,-5198772.47418486,0.910462498171695,-0.333308963393583
5823,1.99513,0.139513,-5146751.52523999,0.912416143749585,0.555523964001403
5823,1.99239,0.174311,-5086819.41299211,0.912416143752112,-0.555523964232293
5822,1.98904,0.209057,-5013354.37577032,0.910462498170195,0.33330896316169
5822,1.98509,0.243739,-4932778.93676979,0.915346582366752,-0.777752503996411
5821,1.98054,0.278346,-4834331.02932417,0.909485669429537,0.111102085145532
5820,1.97538,0.312869,-4735634.85918127,0.91925377830504,0.999999999897275
5820,1.96962,0.347296,-4598846.53263168,0.909485669429959,-0.111102085350008
5819,1.96325,0.381618,-4460658.22633429,0.915346582363608,0.777752503792493
5819,1.9563,0.415823,-4300270.43843812,0.910462498171543,-0.333308963366333
5818,1.94874,0.449902,-4140854.5915041,0.912416143749872,0.555523964026318
5818,1.94059,0.483844,-3980241.1589273,0.912416143751876,-0.555523964209557
5817,1.93185,0.517638,-3814002.42953183,0.910462498170338,0.333308963182653
5817,1.92252,0.551275,-3645671.0981661,0.915346582366455,-0.777752503976955
5816,1.91261,0.584743,-3478644.90317083,0.909485669429567,0.111102085165898
5815,1.90211,0.618034,-3315481.86020571,0.919253778305533,0.999999999919169
5815,1.89104,0.651136,-3157023.40817127,0.909485669429933,-0.111102085328256
5814,1.87939,0.68404,-2996989.00185185,0.915346582363941,0.777752503814277
5814,1.86716,0.716736,-2817073.76053203,0.910462498171402,-0.333308963343933
5813,1.85437,0.749213,-2637231.9192853,0.912416143750119,0.555523964050056
5813,1.84101,0.781462,-2455328.98830647,0.912416143751575,-0.555523964183394
5812,1.82709,0.813473,-2284572.57801568,0.910462498170486,0.333308963212263
5812,1.81262,0.845237,-2122560.28462545,0.915346582365915,-0.777752503943209
5811,1.79759,0.876742,-1967375.41388071,0.909485669429635,0.111102085200681
5810,1.78201,0.907981,-1816801.64804647,0.919253778306195,0.999999999954235
5810,1.7659,0.938943,-1681659.68746872,0.909485669429844,-0.111102085292603
5809,1.74924,0.969619,-1552531.1809756,0.915346582364538,0.777752503850291
5809,1.73205,1,-1435667.88533761,0.910462498171199,-0.333308963308445
5808,1.71433,1.03008,-1322345.85997087,0.912416143750526,0.555523964084446
5808,1.6961,1.05984,-1212361.26279389,0.912416143751246,-0.555523964150953
5807,1.67734,1.08928,-1095561.51489992,0.910462498170725,0.333308963242434
5807,1.65808,1.11839,-975543.126770079,0.915346582365508,-0.777752503915519
5806,1.6383,1.14715,-849601.614903186,0.909485669429676,0.11110208522853
5805,1.61803,1.17557,-724983.076399373,0.919253778306765,0.999999999982884
5805,1.59727,1.20363,-620589.265949183,0.909485669429817,-0.111102085265541
5804,1.57602,1.23132,-522077.605938545,0.9153465823649,0.777752503876539
5804,1.55429,1.25864,-436265.684794515,0.910462498170939,-0.333308963279996
5803,1.53209,1.28558,-351193.96028688,0.912416143750815,0.555523964114853
5803,1.50942,1.31212,-265425.401930165,0.91241614375085,-0.555523964118972
5802,1.48629,1.33826,-171920.985036718,0.910462498170897,0.333308963276791
5802,1.46271,1.364,-74480.3927337312,0.915346582364929,-0.77775250387822
5801,1.43868,1.38932,43772.591772063,0.909485669429954,0.111102085257182
5801,1.41421,1.41421,164532.643128542,0.919253778307104,-0.999999999999994
850,1.38932,1.43868,306095.510085196,0.909485669429991,-0.111102085260227
849,1.364,1.46271,448058.620392148,0.915346582364834,0.777752503871359
849,1.33826,1.48629,602276.734016643,0.910462498171096,-0.333308963290402
848,1.31212,1.50942,763134.428838096,0.912416143750729,0.555523964099008
848,1.28558,1.53209,935651.298083114,0.912416143751184,-0.555523964140596
847,1.25864,1.55429,1122422.37144876,0.910462498170846,0.333308963247574
847,1.23132,1.57602,1317334.85203745,0.915346582365554,-0.777752503916259
846,1.20363,1.59727,1519455.94448329,0.90948566942978,0.111102085221654
845,1.17557,1.61803,1720307.3611131,0.919253778306528,0.999999999969813
845,1.14715,1.6383,1920060.11517457,0.909485669429915,-0.111102085282135
844,1.11839,1.65808,2120816.67788104,0.915346582364625,0.777752503855763
844,1.08928,1.67734,2337140.5521379,0.910462498171253,-0.333308963307521
843,1.05984,1.6961,2569893.80694595,0.912416143750542,0.555523964080906
843,1.03008,1.71433,2829056.80800658,0.912416143751377,-0.555523964158847
842,1,1.73205,3092231.1917745,0.910462498170698,0.333308963230309
842,0.969619,1.74924,3357019.95320149,0.915346582365766,-0.777752503931825
841,0.938943,1.7659,3621075.67175492,0.909485669429764,0.111102085205048
840,0.907981,1.78201,3882741.92289464,0.919253778306164,0.99999999995148
840,0.876742,1.79759,4195805.3669681,0.909485669429979,-0.11110208530158
839,0.845237,1.81262,4511719.21036364,0.91534658236432,0.777752503835068
839,0.813473,1.82709,4846949.80574276,0.91046249817139,-0.33330896333004
838,0.781462,1.84101,5182758.23213357,0.912416143750255,0.555523964056983
838,0.749213,1.85437,5520561.80693797,0.912416143751674,-0.555523964183563
837,0.716736,1.86716,5846433.10688951,0.910462498170584,0.333308963203304
837,0.68404,1.87939,6163638.13787477,0.915346582366261,-0.777752503962098
836,0.651136,1.89104,6462719.5384246,0.909485669429719,0.111102085173086
835,0.618034,1.90211,6755836.6136003,0.919253778305509,0.999999999918205
835,0.584743,1.91261,7035716.48466019,0.909485669430073,-0.111102085335132
834,0.551275,1.92252,7304116.46908361,0.915346582363819,0.777752503801204
834,0.517638,1.93185,7531725.14294397,0.910462498171637,-0.333308963364254
833,0.483844,1.94059,7749320.04043593,0.912416143749877,0.55552396402192
833,0.449902,1.94874,7952608.47389984,0.91241614375206,-0.555523964220202
832,0.415823,1.9563,8145227.69899655,0.910462498170279,0.333308963168166
832,0.381618,1.96325,8330351.32930176,0.915346582366717,-0.777752503993703
831,0.347296,1.96962,8462251.30120962,0.909485669429573,0.111102085145737
830,0.312869,1.97538,8580276.37738973,0.919253778305012,0.99999999989529
830,0.278346,1.98054,8638679.97480847,0.909485669430091,-0.111102085358547
829,0.243739,1.98509,8690894.76549024,0.915346582363415,0.77775250377766
829,0.209057,1.98904,8719695.83959436,0.910462498171767,-0.333308963386422
828,0.174311,1.99239,8728619.03650472,0.912416143749651,0.55552396400147
828,0.139513,1.99513,8707807.35264742,0.912416143752224,-0.555523964238419
827,0.104672,1.99726,8641651.67778061,0.910462498170184,0.33330896314881
827,0.069799,1.99878,8545490.90477413,0.915346582367074,-0.777752504016452
826,0.0349048,1.9997,8414364.1315668,0.909485669429527,0.111102085121841
825,1.27747e-16,2,8275152.30756135,0.919253778304535,0.999999999870799
825,-0.0349048,1.9997,8114884.46066515,0.909485669430051,-0.111102085378537
824,-0.069799,1.99878,7946176.13926096,0.915346582363134,0.777752503762801
824,-0.104672,1.99726,7740709.02327051,0.910462498171695,-0.333308963393583
823,-0.139513,1.99513,7518869.15773933,0.912416143749585,0.555523964001401
823,-0.174311,1.99239,7271953.5497891,0.912416143752112,-0.555523964232297
822,-0.209057,1.98904,7011525.69004496,0.910462498170195,0.333308963161685
822,-0.243739,1.98509,6742553.85016021,0.915346582366744,-0.777752503996403
821,-0.278346,1.98054,6447783.97314873,0.909485669429538,0.111102085145537
820,-0.312869,1.97538,6147476.59302604,0.919253778305041,0.999999999897278
820,-0.347296,1.96962,5834893.51983271,0.90948566942996,-0.111102085350006
819,-0.381618,1.96325,5524464.46203774,0.915346582363608,0.777752503792493
819,-0.415823,1.9563,5219853.40972895,0.910462498171543,-0.333308963366333
818,-0.449902,1.94874,4908634.18899799,0.912416143749872,0.555523964026316
818,-0.483844,1.94059,4587238.96615193,0.912416143751875,-0.555523964209561
817,-0.517638,1.93185,4267754.19326262,0.910462498170336,0.333308963182646
817,-0.551275,1.92252,3949549.32745604,0.915346582366457,-0.777752503976948
816,-0.584743,1.91261,3658696.84647268,0.909485669429562,0.111102085165907
815,-0.618034,1.90211,3374231.23147515,0.919253778305526,0.999999999919175
815,-0.651136,1.89104,3084245.90147385,0.909485669429935,-0.111102085328253
814,-0.68404,1.87939,2791229.98278557,0.915346582363941,0.777752503814277
814,-0.716736,1.86716,2488415.19130341,0.910462498171402,-0.333308963343933
813,-0.749213,1.85437,2198781.83726923,0.912416143750117,0.555523964050053
813,-0.781462,1.84101,1929367.08133112,0.912416143751584,-0.555523964183396
812,-0.813473,1.82709,1683869.5235848,0.910462498170484,0.33330896321226
812,-0.845237,1.81262,1453948.65076181,0.91534658236591,-0.7777525039432
811,-0.876742,1.79759,1240732.96098248,0.909485669429639,0.111102085200672
810,-0.907981,1.78201,1030760.38799743,0.919253778306197,0.999999999954239
810,-0.938943,1.7659,820221.623057823,0.909485669429848,-0.111102085292613
809,-0.969619,1.74924,609260.163450942,0.915346582364533,0.777752503850298
809,-1,1.73205,400231.886061718,0.910462498171205,-0.333308963308436
808,-1.03008,1.71433,200691.280700695,0.912416143750522,0.55552396408444
808,-1.05984,1.6961,15965.737316521,0.912416143751243,-0.555523964150944
807,-1.08928,1.67734,-152824.794559635,0.910462498170733,0.33330896324243
807,-1.11839,1.65808,-311013.668095823,0.915346582365511,-0.777752503915504
806,-1.14715,1.6383,-445313.44784895,0.909485669429678,0.11110208522852
805,-1.17557,1.61803,-573292.750696108,0.91925377830677,0.999999999982889
805,-1.20363,1.59727,-679832.864661665,0.909485669429819,-0.111102085265551
804,-1.23132,1.57602,-786800.409375074,0.915346582364893,0.777752503876544
804,-1.25864,1.55429,-898685.153679105,0.910462498170937,-0.333308963279986
803,-1.28558,1.53209,-1017023.56399175,0.912416143750809,0.555523964114847
803,-1.31212,1.50942,-1145779.51673432,0.912416143750849,-0.555523964118962
802,-1.33826,1.48629,-1280045.29702657,0.910462498170897,0.333308963276791
802,-1.364,1.46271,-1417517.29579759,0.915346582364928,-0.77775250387821
801,-1.38932,1.43868,-1549199.52708427,0.909485669429954,0.111102085257172
801,-1.41421,1.41421,-1678579.71978621,0.919253778307104,-0.999999999999994
15850,-1.43868,1.38932,-1790322.05550097,0.909485669429991,-0.111102085260237
15849,-1.46271,1.364,-1897497.78246249,0.915346582364828,0.777752503871364
15849,-1.48629,1.33826,-1989687.78528521,0.910462498171103,-0.333308963290387
15848,-1.50942,1.31212,-2077439.48979312,0.912416143750729,0.555523964099008
15848,-1.53209,1.28558,-2159149.52627837,0.912416143751185,-0.555523964140586
15847,-1.55429,1.25864,-2250032.62516156,0.910462498170851,0.333308963247569
15847,-1.57602,1.23132,-2346451.34899086,0.915346582365555,-0.777752503916249
15846,-1.59727,1.20363,-2480524.50237428,0.909485669429784,0.111102085221639
15845,-1.61803,1.17557,-2623031.46066951,0.919253778306531,0.999999999969823
15845,-1.6383,1.14715,-2838214.1508802,0.909485669429917,-0.111102085282151
15844,-1.65808,1.11839,-3065809.58886359,0.915346582364627,0.777752503855772
15844,-1.67734,1.08928,-3343907.50172997,0.910462498171251,-0.333308963307506
15843,-1.6961,1.05984,-3638541.22774619,0.912416143750542,0.555523964080906
15843,-1.71433,1.03008,-3957443.51146427,0.912416143751375,-0.555523964158831
15842,-1.73205,1,-4303876.91720581,0.910462498170697,0.333308963230296
15842,-1.74924,0.969619,-4669554.16616374,0.915346582365764,-0.777752503931822
15841,-1.7659,0.938943,-5063459.02825927,0.909485669429762,0.111102085205035
15840,-1.78201,0.907981,-5466733.62360855,0.919253778306162,0.999999999951483
15840,-1.79759,0.876742,-5856093.36798871,0.909485669429984,-0.111102085301589
15839,-1.81262,0.845237,-6234708.49042197,0.915346582364318,0.777752503835071
15839,-1.82709,0.813473,-6561894.13181334,0.910462498171391,-0.333308963330024
15838,-1.84101,0.781462,-6867702.48801526,0.912416143750253,0.555523964056986
15838,-1.85437,0.749213,-7140361.83805192,0.912416143751674,-0.555523964183544
15837,-1.86716,0.716736,-7400865.71097757,0.910462498170589,0.333308963203294
15837,-1.87939,0.68404,-7653259.22826254,0.915346582366259,-0.777752503962095
15836,-1.89104,0.651136,-7853530.67458993,0.909485669429715,0.111102085173074
15835,-1.90211,0.618034,-8039968.8404986,0.919253778305508,0.999999999918209
15835,-1.91261,0.584743,-8125292.55348958,0.909485669430068,-0.111102085335144
15834,-1.92252,0.551275,-8206757.97277275,0.915346582363818,0.777752503801208
15834,-1.93185,0.517638,-8278850.83039295,0.910462498171639,-0.333308963364235
15833,-1.94059,0.483844,-8380689.64554712,0.912416143749876,0.555523964021923
15833,-1.94874,0.449902,-8528084.52126043,0.912416143752063,-0.555523964220183
15832,-1.9563,0.415823,-8695069.85849188,0.910462498170272,0.333308963168156
15832,-1.96325,0.381618,-8875476.75348883,0.915346582366716,-0.7777525039937
15831,-1.96962,0.347296,-9009536.26516272,0.909485669429575,0.111102085145728
15830,-1.97538,0.312869,-9132943.83748496,0.91925377830502,0.999999999895294
15830,-1.98054,0.278346,-9188550.05159941,0.909485669430092,-0.111102085358556
15829,-1.98509,0.243739,-9238736.39907295,0.915346582363415,0.777752503777664
15829,-1.98904,0.209057,-9265239.69796449,0.910462498171765,-0.333308963386404
15828,-1.99239,0.174311,-9269104.35630656,0.912416143749651,0.555523964001473
15828,-1.99513,0.139513,-9238810.89294361,0.912416143752222,-0.5555239642384
15827,-1.99726,0.104672,-9131325.41549874,0.910462498170184,0.3333089631488
15827,-1.99878,0.069799,-8972546.57393276,0.915346582367074,-0.777752504016448
15826,-1.9997,0.0349048,-8723617.15824016,0.909485669429527,0.111102085121831
15825,-2,2.46315e-16,-8451705.94214325,0.919253778304535,0.999999999870803
15825,-1.9997,-0.0349048,-8201576.85367184,0.909485669430051,-0.111102085378547
15824,-1.99878,-0.069799,-7973327.94510773,0.915346582363134,0.777752503762804
15824,-1.99726,-0.104672,-7834351.72677973,0.910462498171696,-0.333308963393566
15823,-1.99513,-0.139513,-7702505.08461102,0.912416143749586,0.555523964001405
15823,-1.99239,-0.174311,-7580943.8484798,0.912416143752114,-0.555523964232279
15822,-1.98904,-0.209057,-7387009.17478243,0.910462498170195,0.333308963161688
15822,-1.98509,-0.243739,-7145159.98797261,0.915346582366744,-0.7777525039964
15821,-1.98054,-0.278346,-6795366.84303426,0.909485669429545,0.111102085145526
15820,-1.97538,-0.312869,-6418409.2152911,0.919253778305042,0.999999999897283
15820,-1.96962,-0.347296,-5891704.04235135,0.909485669429957,-0.111102085350017
15819,-1.96325,-0.381618,-5323527.85024198,0.915346582363609,0.777752503792499
15819,-1.9563,-0.415823,-4592970.5289127,0.910462498171549,-0.333308963366345
15818,-1.94874,-0.449902,-3803306.67792131,0.912416143749872,0.555523964026319
15818,-1.94059,-0.483844,-2926253.45946214,0.91241614375188,-0.555523964209544
15817,-1.93185,-0.517638,-2051974.14582646,0.910462498170337,0.33330896318265
15817,-1.92252,-0.551275,-1178233.69421039,0.915346582366458,-0.777752503976945
15816,-1.91261,-0.584743,-439505.420073235,0.909485669429567,0.111102085165898
15815,-1.90211,-0.618034,267958.094670203,0.919253778305528,0.999999999919178
15815,-1.89104,-0.651136,768653.299134222,0.90948566942994,-0.111102085328262
15814,-1.87939,-0.68404,1240999.37489631,0.915346582363942,0.77775250381428
15814,-1.86716,-0.716736,1592346.25122682,0.910462498171397,-0.333308963343943
15813,-1.85437,-0.749213,1904679.16853996,0.912416143750119,0.555523964050056
15813,-1.84101,-0.781462,2157320.47730454,0.912416143751582,-0.555523964183381
15812,-1.82709,-0.813473,2479330.25694797,0.910462498170486,0.333308963212263
15812,-1.81262,-0.845237,2848756.43500034,0.915346582365912,-0.777752503943197
15811,-1.79759,-0.876742,3220751.36204791,0.909485669429641,0.111102085200675
15810,-1.78201,-0.907981,3596863.11045815,0.919253778306197,0.999999999954239
15810,-1.7659,-0.938943,3765937.94911491,0.90948566942985,-0.11110208529261
15809,-1.74924,-0.969619,3927391.39659184,0.915346582364535,0.777752503850301
15809,-1.73205,-1,4044102.7572537,0.9104624981712,-0.333308963308458
15808,-1.71433,-1.03008,4075593.3499886,0.912416143750526,0.555523964084446
15808,-1.6961,-1.05984,3976606.05332126,0.912416143751243,-0.555523964150944
15807,-1.67734,-1.08928,3864017.88944892,0.910462498170725,0.333308963242434
15807,-1.65808,-1.11839,3744588.97064635,0.915346582365503,-0.7777525039155
15806,-1.6383,-1.14715,3643649.98637416,0.90948566942967,0.111102085228524
15805,-1.61803,-1.17557,3553042.17629037,0.919253778306763,0.999999999982893
15805,-1.59727,-1.20363,3502140.84379972,0.909485669429812,-0.111102085265547
15804,-1.57602,-1.23132,3514704.34328622,0.915346582364898,0.777752503876549
15804,-1.55429,-1.25864,3758150.76943949,0.910462498170935,-0.333308963280012
15803,-1.53209,-1.28558,4013423.02859315,0.912416143750815,0.555523964114853
15803,-1.50942,-1.31212,4282535.34495129,0.912416143750855,-0.555523964118957
15802,-1.48629,-1.33826,4597515.91940538,0.910462498170897,0.333308963276791
15802,-1.46271,-1.364,4945817.55291585,0.915346582364928,-0.77775250387821
15801,-1.43868,-1.38932,5127319.42457074,0.909485669429954,0.111102085257172
15801,-1.41421,-1.41421,5273534.38056872,0.919253778307098,-0.999999999999989
10084,-1.38932,-1.43868,5254349.31514629,-0.909485669429983,0.111102085260242
10184,-1.364,-1.46271,5221191.84572439,-0.915346582364814,-0.777752503871363
10184,-1.33826,-1.48629,5106863.88737848,-0.910462498171062,0.333308963290425
10284,-1.31212,-1.50942,5022674.0825979,-0.912416143750702,-0.555523964098991
10284,-1.28558,-1.53209,4979669.57054218,-0.912416143751175,0.55552396414059
10384,-1.25864,-1.55429,4857353.87693278,-0.910462498170858,-0.333308963247603
10384,-1.23132,-1.57602,4684643.51004,-0.915346582365569,0.777752503916277
10484,-1.20363,-1.59727,4517737.03430873,-0.909485669429755,-0.111102085221656
10584,-1.17557,-1.61803,4357512.3805611,-0.919253778306467,-0.999999999969833
10584,-1.14715,-1.6383,4381261.8987623,-0.909485669429891,0.111102085282108
10684,-1.11839,-1.65808,4418098.24652478,-0.915346582364624,-0.777752503855743
10684,-1.08928,-1.67734,4484253.75264512,-0.910462498171255,0.333308963307532
10784,-1.05984,-1.6961,4668119.99002081,-0.912416143750544,-0.555523964080908
10784,-1.03008,-1.71433,5024290.01300614,-0.912416143751393,0.555523964158839
10884,-1,-1.73205,5417484.26199858,-0.910462498170715,-0.333308963230315
10884,-0.969619,-1.74924,5837409.26002558,-0.915346582365772,0.777752503931858
10984,-0.938943,-1.7659,6199228.95810176,-0.909485669429763,-0.111102085205032
11084,-0.907981,-1.78201,6550998.53785282,-0.919253778306154,-0.99999999995149
11084,-0.876742,-1.79759,6699870.36856198,-0.909485669429981,0.111102085301552
11184,-0.845237,-1.81262,6854877.56016294,-0.915346582364332,-0.777752503835052
11184,-0.813473,-1.82709,7016456.13728179,-0.910462498171421,0.333308963330044
11284,-0.781462,-1.84101,7105555.81327893,-0.912416143750289,-0.555523964056998
11284,-0.749213,-1.85437,7082865.98443728,-0.912416143751684,0.555523964183542
11384,-0.716736,-1.86716,7054226.43411454,-0.910462498170579,-0.333308963203316
11384,-0.68404,-1.87939,7024734.40782642,-0.915346582366256,0.777752503962127
11484,-0.651136,-1.89104,7074779.44563949,-0.9094856694297,-0.111102085173069
11584,-0.618034,-1.90211,7152066.78229788,-0.919253778305473,-0.9999999999182
11584,-0.584743,-1.91261,7371063.93914843,-0.909485669430035,0.111102085335111
11684,-0.551275,-1.92252,7628544.43718057,-0.915346582363772,-0.777752503801188
11684,-0.517638,-1.93185,8014312.57308529,-0.910462498171642,0.333308963364261
11784,-0.483844,-1.94059,8309280.36249242,-0.912416143749915,-0.555523964021929
11784,-0.449902,-1.94874,8464577.5715728,-0.912416143752077,0.555523964220183
11884,-0.415823,-1.9563,8593093.39561557,-0.910462498170266,-0.33330896316818
11884,-0.381618,-1.96325,8705675.2926968,-0.915346582366712,0.777752503993725
11984,-0.347296,-1.96962,8718778.22584741,-0.909485669429565,-0.111102085145729
12084,-0.312869,-1.97538,8711138.6636989,-0.919253778305011,-0.999999999895287
12084,-0.278346,-1.98054,8564236.28195064,-0.909485669430107,0.111102085358526
12184,-0.243739,-1.98509,8441460.50926548,-0.915346582363447,-0.777752503777644
12184,-0.209057,-1.98904,8401520.30757818,-0.910462498171781,0.333308963386432
12284,-0.174311,-1.99239,8318796.65274125,-0.912416143749663,-0.555523964001473
12284,-0.139513,-1.99513,8170011.79102438,-0.912416143752267,0.555523964238395
12384,-0.104672,-1.99726,7962213.8650566,-0.910462498170238,-0.333308963148834
12384,-0.069799,-1.99878,7716996.4483055,-0.915346582367131,0.777752504016471
12484,-0.0349048,-1.9997,7409318.27924186,-0.909485669429557,-0.111102085121833
12584,-4.35203e-16,-2,7090590.58748019,-0.919253778304537,-0.999999999870803
12584,0.0349048,-1.9997,6548055.19703604,-0.909485669430058,0.111102085378513
12684,0.069799,-1.99878,6019003.69747749,-0.915346582363139,-0.777752503762792
12684,0.104672,-1.99726,5524156.83125066,-0.9104624981717,0.333308963393593
12784,0.139513,-1.99513,5113220.71319253,-0.912416143749591,-0.555523964001403
12784,0.174311,-1.99239,4825238.59713904,-0.912416143752134,0.555523964232273
12884,0.209057,-1.98904,4526269.5604507,-0.91046249817019,-0.333308963161724
12884,0.243739,-1.98509,4221917.21324201,-0.915346582366752,0.777752503996427
12984,0.278346,-1.98054,3913555.58472543,-0.909485669429543,-0.111102085145531
13084,0.312869,-1.97538,3608480.98781567,-0.919253778305079,-0.999999999897294
13084,0.347296,-1.96962,3472059.35516637,-0.909485669429971,0.111102085349981
13184,0.381618,-1.96325,3353369.97873626,-0.915346582363621,-0.777752503792476
13184,0.415823,-1.9563,3291794.22060072,-0.910462498171561,0.33330896336634
13284,0.449902,-1.94874,3187504.56953079,-0.912416143749886,-0.555523964026324
13284,0.483844,-1.94059,3017137.94286162,-0.912416143751904,0.555523964209538
13384,0.517638,-1.93185,2785293.30297116,-0.910462498170363,-0.333308963182687
13384,0.551275,-1.92252,2514608.89578081,-0.915346582366464,0.777752503976962
13484,0.584743,-1.91261,2271926.06648563,-0.909485669429569,-0.111102085165906
13584,0.618034,-1.90211,2039973.57503188,-0.919253778305519,-0.999999999919186
13584,0.651136,-1.89104,1925381.07790112,-0.909485669429928,0.111102085328226
13684,0.68404,-1.87939,1824624.5237992,-0.915346582363942,-0.777752503814258
13684,0.716736,-1.86716,1769431.65820609,-0.910462498171394,0.333308963343945
13784,0.749213,-1.85437,1703333.94281528,-0.912416143750121,-0.555523964050058
13784,0.781462,-1.84101,1619385.70723928,-0.91241614375158,0.555523964183364
13884,0.813473,-1.82709,1511291.59388351,-0.91046249817049,-0.333308963212306
13884,0.845237,-1.81262,1388474.99033536,-0.915346582365913,0.777752503943214
13984,0.876742,-1.79759,1267324.44291464,-0.909485669429626,-0.1111020852007
14084,0.907981,-1.78201,1149159.54195257,-0.919253778306215,-0.999999999954254
14084,0.938943,-1.7659,1037201.40589292,-0.909485669429858,0.111102085292581
14184,0.969619,-1.74924,916873.938271308,-0.915346582364524,-0.777752503850263
14184,1,-1.73205,752635.363017505,-0.910462498171194,0.333308963308465
14284,1.03008,-1.71433,568953.699664213,-0.91241614375052,-0.55552396408445
14284,1.05984,-1.6961,353960.903959851,-0.912416143751235,0.55552396415093
14384,1.08928,-1.67734,138189.349243074,-0.910462498170724,-0.333308963242461
14384,1.11839,-1.65808,-76726.1669113166,-0.915346582365498,0.777752503915531
14484,1.14715,-1.6383,-235033.739236534,-0.909485669429676,-0.111102085228531
14584,1.17557,-1.61803,-377678.741051507,-0.919253778306762,-0.999999999982903
14584,1.20363,-1.59727,-403421.943932549,-0.909485669429825,0.1111020852655
14684,1.23132,-1.57602,-414127.169277476,-0.91534658236492,-0.777752503876537
14684,1.25864,-1.55429,-364107.504927723,-0.910462498170955,0.333308963280004
14784,1.28558,-1.53209,-297793.582825726,-0.912416143750819,-0.555523964114867
14784,1.31212,-1.50942,-206224.853571728,-0.912416143750872,0.555523964118932
14884,1.33826,-1.48629,-122453.265841026,-0.910462498170903,-0.333308963276861
14884,1.364,-1.46271,-44610.0799075589,-0.915346582364901,0.777752503878194
14984,1.38932,-1.43868,1690.51767569138,-0.909485669429939,-0.111102085257194
14984,1.41421,-1.41421,38742.2720486198,-0.919253778307102,0.999999999999985
5850,1.43868,-1.38932,29945.4875073963,0.909485669429985,-0.111102085260202
5849,1.46271,-1.364,10624.7891159281,0.915346582364833,0.777752503871339
5849,1.48629,-1.33826,-46106.3238267085,0.910462498171102,-0.333308963290407
5848,1.50942,-1.31212,-119735.979741849,0.91241614375073,0.555523964099018
5848,1.53209,-1.28558,-217953.78765693,0.912416143751186,-0.555523964140576
5847,1.55429,-1.25864,-335835.969702715,0.91046249817085,0.333308963247604
5847,1.57602,-1.23132,-467551.921670954,0.91534658236556,-0.777752503916265
5846,1.59727,-1.20363,-611300.272807316,0.909485669429786,0.111102085221649
5845,1.61803,-1.17557,-760324.339101586,0.919253778306525,0.999999999969829
5845,1.6383,-1.14715,-907068.858732836,0.909485669429914,-0.11110208528211
5844,1.65808,-1.11839,-1054809.65425747,0.915346582364627,0.777752503855747
5844,1.67734,-1.08928,-1195176.1723607,0.910462498171258,-0.333308963307527
5843,1.6961,-1.05984,-1342466.56067422,0.912416143750537,0.555523964080912
5843,1.71433,-1.03008,-1498035.56898875,0.912416143751378,-0.555523964158821
5842,1.73205,-1,-1668815.68733711,0.910462498170701,0.333308963230334
5842,1.74924,-0.969619,-1851103.18473679,0.915346582365767,-0.777752503931841
5841,1.7659,-0.938943,-2045668.5623113,0.909485669429766,0.111102085205045
5840,1.78201,-0.907981,-2246278.30779776,0.919253778306158,0.99999999995149
5840,1.79759,-0.876742,-2436536.62339787,0.909485669429983,-0.111102085301555
5839,1.81262,-0.845237,-2629949.16783512,0.915346582364319,0.777752503835052
5839,1.82709,-0.813473,-2825195.33640296,0.910462498171384,-0.333308963330046
5838,1.84101,-0.781462,-3023715.66323208,0.912416143750258,0.555523964056995
5838,1.85437,-0.749213,-3225517.24264847,0.91241614375167,-0.555523964183538
5837,1.86716,-0.716736,-3421537.87481483,0.91046249817059,0.333308963203332
5837,1.87939,-0.68404,-3614508.78808366,0.915346582366259,-0.777752503962114
5836,1.89104,-0.651136,-3793003.37685866,0.909485669429712,0.11110208517308
5835,1.90211,-0.618034,-3969731.06122732,0.919253778305505,0.999999999918216
5835,1.91261,-0.584743,-4127198.36001256,0.909485669430072,-0.111102085335106
5834,1.92252,-0.551275,-4283570.02736588,0.915346582363824,0.777752503801191
5834,1.93185,-0.517638,-4427435.41260443,0.910462498171638,-0.333308963364257
5833,1.94059,-0.483844,-4562817.07553405,0.912416143749874,0.555523964021932
5833,1.94874,-0.449902,-4683908.73500635,0.91241614375206,-0.555523964220175
5832,1.9563,-0.415823,-4788598.95867939,0.910462498170272,0.333308963168192
5832,1.96325,-0.381618,-4883682.97995355,0.915346582366721,-0.777752503993719
5831,1.96962,-0.347296,-4961696.68335748,0.909485669429573,0.111102085145735
5830,1.97538,-0.312869,-5038820.45319588,0.919253778305019,0.999999999895301
5830,1.98054,-0.278346,-5097871.91058313,0.909485669430095,-0.11110208535852
5829,1.98509,-0.243739,-5156400.26337767,0.915346582363408,0.777752503777643
5829,1.98904,-0.209057,-5197814.32755008,0.910462498171767,-0.333308963386425
5828,1.99239,-0.174311,-5236097.05271977,0.91241614374965,0.555523964001481
5828,1.99513,-0.139513,-5266953.40826163,0.912416143752221,-0.555523964238393
5827,1.99726,-0.104672,-5294819.6442719,0.910462498170182,0.333308963148836
5827,1.99878,-0.069799,-5322703.62608723,0.915346582367075,-0.777752504016468
5826,1.9997,-0.0349048,-5324991.3145988,0.909485669429527,0.111102085121839
