origElemNum,globCoord-x,globCoord-y,acouIntensity-x,acouIntensity-y,locCoord-xi,locCoord-eta
5825,2,-2.20442e-18,3.49747564463952e-07,-6.0194990748688e-07,0.919253778304535,0.999999999870795
5825,1.9997,0.0349048,3.98231286545754e-07,-6.16871436820004e-07,0.909485669430051,-0.11110208537854
5824,1.99878,0.069799,4.48043672814238e-07,-6.15717842355252e-07,0.915346582363134,0.7777525037628
5824,1.99726,0.104672,5.00003856175129e-07,-6.28815133767874e-07,0.910462498171695,-0.333308963393583
5823,1.99513,0.139513,5.52423360741309e-07,-6.22090755535327e-07,0.912416143749585,0.555523964001403
5823,1.99239,0.174311,6.0758118209369e-07,-6.33123852584626e-07,0.912416143752112,-0.555523964232293
5822,1.98904,0.209057,6.62127029099478e-07,-6.20531770507444e-07,0.910462498170195,0.33330896316169
5822,1.98509,0.243739,7.20281001458424e-07,-6.29310415552209e-07,0.915346582366752,-0.777752503996411
5821,1.98054,0.278346,7.76424071684621e-07,-6.10441068773729e-07,0.909485669429537,0.111102085145532
5820,1.97538,0.312869,8.32656599921104e-07,-5.87847154203431e-07,0.91925377830504,0.999999999897275
5820,1.96962,0.347296,8.94313244650943e-07,-5.91400613116086e-07,0.909485669429959,-0.111102085350008
5819,1.96325,0.381618,9.51053447238583e-07,-5.62253281132076e-07,0.915346582363608,0.777752503792493
5819,1.9563,0.415823,1.01461119381726e-06,-5.63074109662706e-07,0.910462498171543,-0.333308963366333
5818,1.94874,0.449902,1.07111533062755e-06,-5.27200749125497e-07,0.912416143749872,0.555523964026318
5818,1.94059,0.483844,1.1362292441503e-06,-5.25209912539267e-07,0.912416143751876,-0.555523964209557
5817,1.93185,0.517638,1.19194141843186e-06,-4.82613269210566e-07,0.910462498170338,0.333308963182653
5817,1.92252,0.551275,1.25830386867321e-06,-4.77777425379598e-07,0.915346582366455,-0.777752503976955
5816,1.91261,0.584743,1.31268636688024e-06,-4.28514682767503e-07,0.909485669429567,0.111102085165898
5815,1.90211,0.618034,1.3652451705909e-06,-3.75544703941692e-07,0.919253778305533,0.999999999919169
5815,1.89104,0.651136,1.43233698488849e-06,-3.64883859574439e-07,0.909485669429933,-0.111102085328256
5814,1.87939,0.68404,1.48243957258129e-06,-3.05288045973636e-07,0.915346582363941,0.777752503814277
5814,1.86716,0.716736,1.54975724720776e-06,-2.9180049647398e-07,0.910462498171402,-0.333308963343933
5813,1.85437,0.749213,1.59682362238965e-06,-2.25797568321327e-07,0.912416143750119,0.555523964050056
5813,1.84101,0.781462,1.66411320898957e-06,-2.09539025638562e-07,0.912416143751575,-0.555523964183394
5812,1.82709,0.813473,1.70781094224563e-06,-1.37287607989275e-07,0.910462498170486,0.333308963212263
5812,1.81262,0.845237,1.77496019605425e-06,-1.18302112853951e-07,0.915346582365915,-0.777752503943209
5811,1.79759,0.876742,1.81492236758596e-06,-3.98635589298525e-08,0.909485669429635,0.111102085200681
5810,1.78201,0.907981,1.85117209311487e-06,4.16738573711256e-08,0.919253778306195,0.999999999954235
5810,1.7659,0.938943,1.91726665301112e-06,6.60943964396554e-08,0.909485669429844,-0.111102085292603
5809,1.74924,0.969619,1.94878692669866e-06,1.53140994563865e-07,0.915346582364538,0.777752503850291
5809,1.73205,1,2.01386252027544e-06,1.79979544714053e-07,0.910462498171199,-0.333308963308445
5808,1.71433,1.03008,2.04022978469643e-06,2.72212640471491e-07,0.912416143750526,0.555523964084446
5808,1.6961,1.05984,2.10408504893377e-06,3.01351661929404e-07,0.912416143751246,-0.555523964150953
5807,1.67734,1.08928,2.124828376736e-06,3.98703551555245e-07,0.910462498170725,0.333308963242434
5807,1.65808,1.11839,2.18724456866474e-06,4.29970082020663e-07,0.915346582365508,-0.777752503915519
5806,1.6383,1.14715,2.20190071912351e-06,5.32105425362622e-07,0.909485669429676,0.11110208522853
5805,1.61803,1.17557,2.21115532402691e-06,6.36038910685048e-07,0.919253778306765,0.999999999982884
5805,1.59727,1.20363,2.27068323779272e-06,6.71642760817773e-07,0.909485669429817,-0.111102085265541
5804,1.57602,1.23132,2.27308690276844e-06,7.79357760512401e-07,0.9153465823649,0.777752503876539
5804,1.55429,1.25864,2.33016504582789e-06,8.16339375297586e-07,0.910462498170939,-0.333308963279996
5803,1.53209,1.28558,2.32510954936442e-06,9.27150776893546e-07,0.912416143750815,0.555523964114853
5803,1.50942,1.31212,2.37948606029392e-06,9.65202348002815e-07,0.91241614375085,-0.555523964118972
5802,1.48629,1.33826,2.36664448382599e-06,1.07850182411661e-06,0.910462498170897,0.333308963276791
5802,1.46271,1.364,2.41809681882455e-06,1.11728740070188e-06,0.915346582364929,-0.77775250387822
5801,1.43868,1.38932,2.39692505041627e-06,1.2322927798231e-06,0.909485669429954,0.111102085257182
5801,1.41421,1.41421,2.44496596267767e-06,1.27125521089848e-06,0.919253778307104,-0.999999999999994
850,1.38932,1.43868,2.41480300883583e-06,1.38684140361678e-06,0.909485669429991,-0.111102085260227
849,1.364,1.46271,2.37811514986815e-06,1.50131714406164e-06,0.915346582364834,0.777752503871359
849,1.33826,1.48629,2.41939802701963e-06,1.54026092842218e-06,0.910462498171096,-0.333308963290402
848,1.31212,1.50942,2.37357767343247e-06,1.65329352534689e-06,0.912416143750729,0.555523964099008
848,1.28558,1.53209,2.41045337193384e-06,1.69070729643059e-06,0.912416143751184,-0.555523964140596
847,1.25864,1.55429,2.355568822172e-06,1.80120604384404e-06,0.910462498170846,0.333308963247574
847,1.23132,1.57602,2.38792059246066e-06,1.83655997610828e-06,0.915346582365554,-0.777752503916259
846,1.20363,1.59727,2.32417633372292e-06,1.94377877012577e-06,0.90948566942978,0.111102085221654
845,1.17557,1.61803,2.25444095820488e-06,2.04777696220846e-06,0.919253778306528,0.999999999969813
845,1.14715,1.6383,2.28013855256069e-06,2.0805116488259e-06,0.909485669429915,-0.111102085282135
844,1.11839,1.65808,2.20225911427664e-06,2.18075465750545e-06,0.915346582364625,0.777752503855763
844,1.08928,1.67734,2.22425478979294e-06,2.21100913810026e-06,0.910462498171253,-0.333308963307521
843,1.05984,1.6961,2.13860169510386e-06,2.30691699454941e-06,0.912416143750542,0.555523964080906
843,1.03008,1.71433,2.15701061245675e-06,2.33434906240524e-06,0.912416143751377,-0.555523964158847
842,1,1.73205,2.06408892537485e-06,2.42528915041822e-06,0.910462498170698,0.333308963230309
842,0.969619,1.74924,2.07912311660938e-06,2.44967630260087e-06,0.915346582365766,-0.777752503931825
841,0.938943,1.7659,1.97948410109349e-06,2.53530704491624e-06,0.909485669429764,0.111102085205048
840,0.907981,1.78201,1.87501055773311e-06,2.6158784117131e-06,0.919253778306164,0.99999999995148
840,0.876742,1.79759,1.88574449574667e-06,2.63660268723014e-06,0.909485669429979,-0.11110208530158
839,0.845237,1.81262,1.77548375975569e-06,2.71138773215648e-06,0.91534658236432,0.777752503835068
839,0.813473,1.82709,1.78382240529968e-06,2.72914441131987e-06,0.91046249817139,-0.33330896333004
838,0.781462,1.84101,1.66835451286602e-06,2.79823086817421e-06,0.912416143750255,0.555523964056983
838,0.749213,1.85437,1.67458426394633e-06,2.81301311954988e-06,0.912416143751674,-0.555523964183563
837,0.716736,1.86716,1.55433169000812e-06,2.87631880798082e-06,0.910462498170584,0.333308963203304
837,0.68404,1.87939,1.55868919140445e-06,2.88803137842871e-06,0.915346582366261,-0.777752503962098
836,0.651136,1.89104,1.43409904346784e-06,2.94525841612677e-06,0.909485669429719,0.111102085173086
835,0.618034,1.90211,1.3058375307293e-06,2.9962289438964e-06,0.919253778305509,0.999999999918205
835,0.584743,1.91261,1.30825054936539e-06,3.00442573112785e-06,0.909485669430073,-0.111102085335132
834,0.551275,1.92252,1.17637891310064e-06,3.04862385524765e-06,0.915346582363819,0.777752503801204
834,0.517638,1.93185,1.17738989195834e-06,3.05311275169359e-06,0.910462498171637,-0.333308963364254
833,0.483844,1.94059,1.04245747108571e-06,3.08991357933806e-06,0.912416143749877,0.55552396402192
833,0.449902,1.94874,1.04216757921755e-06,3.09008133595154e-06,0.91241614375206,-0.555523964220202
832,0.415823,1.9563,9.04792080130598e-07,3.11836639396837e-06,0.910462498170279,0.333308963168166
832,0.381618,1.96325,9.03308723471087e-07,3.11339737956666e-06,0.915346582366717,-0.777752503993703
831,0.347296,1.96962,7.64307340177211e-07,3.13192879383238e-06,0.909485669429573,0.111102085145737
830,0.312869,1.97538,6.24532391948181e-07,3.14285422913968e-06,0.919253778305012,0.99999999989529
830,0.278346,1.98054,6.22211762882987e-07,3.12909957878028e-06,0.909485669430091,-0.111102085358547
829,0.243739,1.98509,4.82663827007576e-07,3.12933974161312e-06,0.915346582363415,0.77775250377766
829,0.209057,1.98904,4.80008799197918e-07,3.10900370810811e-06,0.910462498171767,-0.333308963386422
828,0.174311,1.99239,3.41948801792558e-07,3.09821165215302e-06,0.912416143749651,0.55552396400147
828,0.139513,1.99513,3.3942181789435e-07,3.07136608776395e-06,0.912416143752224,-0.555523964238419
827,0.104672,1.99726,2.03817620991241e-07,3.04950520902974e-06,0.910462498170184,0.33330896314881
827,0.069799,1.99878,2.01862796781819e-07,3.01606034161852e-06,0.915346582367074,-0.777752504016452
826,0.0349048,1.9997,6.99708076159204e-08,2.98343084678261e-06,0.909485669429527,0.111102085121841
825,1.27747e-16,2,-5.89474105519923e-08,2.94388724800712e-06,0.919253778304535,0.999999999870799
825,-0.0349048,1.9997,-5.80347155736651e-08,2.90145365845457e-06,0.909485669430051,-0.111102085378537
824,-0.069799,1.99878,-1.81634900956802e-07,2.85267032194831e-06,0.915346582363134,0.777752503762801
824,-0.104672,1.99726,-1.78971248791376e-07,2.80552140636459e-06,0.910462498171695,-0.333308963393583
823,-0.139513,1.99513,-2.96533764863161e-07,2.74880720722344e-06,0.912416143749585,0.555523964001401
823,-0.174311,1.99239,-2.91864202776349e-07,2.6979834784477e-06,0.912416143752112,-0.555523964232297
822,-0.209057,1.98904,-4.02856899830644e-07,2.63505461869013e-06,0.910462498170195,0.333308963161685
822,-0.243739,1.98509,-3.96060586590594e-07,2.58184502330368e-06,0.915346582366744,-0.777752503996403
821,-0.278346,1.98054,-5.00502594270649e-07,2.51428439607043e-06,0.909485669429538,0.111102085145537
820,-0.312869,1.97538,-6.00488852571104e-07,2.44228780358075e-06,0.919253778305041,0.999999999897278
820,-0.347296,1.96962,-5.893066813328e-07,2.38886931750539e-06,0.90948566942996,-0.111102085350006
819,-0.381618,1.96325,-6.82679612700538e-07,2.31428231836655e-06,0.915346582363608,0.777752503792493
819,-0.415823,1.9563,-6.69460367290232e-07,2.26075443364429e-06,0.910462498171543,-0.333308963366333
818,-0.449902,1.94874,-7.56465026878641e-07,2.18449766883682e-06,0.912416143749872,0.555523964026316
818,-0.483844,1.94059,-7.41339048037057e-07,2.13152089503757e-06,0.912416143751875,-0.555523964209561
817,-0.517638,1.93185,-8.22195946570261e-07,2.05466265288655e-06,0.910462498170336,0.333308963182646
817,-0.551275,1.92252,-8.05341614906992e-07,2.00279874668065e-06,0.915346582366457,-0.777752503976948
816,-0.584743,1.91261,-8.80336616172677e-07,1.9260144951827e-06,0.909485669429562,0.111102085165907
815,-0.618034,1.90211,-9.50884481677124e-07,1.8465128801357e-06,0.919253778305526,0.999999999919175
815,-0.651136,1.89104,-9.31164802243566e-07,1.79886051416356e-06,0.909485669429935,-0.111102085328253
814,-0.68404,1.87939,-9.96108175753986e-07,1.71970267366324e-06,0.915346582363941,0.777752503814277
814,-0.716736,1.86716,-9.74851635172371e-07,1.67314478311737e-06,0.910462498171402,-0.333308963343933
813,-0.749213,1.85437,-1.03429451801492e-06,1.59446530030976e-06,0.912416143750117,0.555523964050053
813,-0.781462,1.84101,-1.01154607977763e-06,1.54903651640408e-06,0.912416143751584,-0.555523964183396
812,-0.813473,1.82709,-1.06552830282209e-06,1.47105496036511e-06,0.910462498170484,0.33330896321226
812,-0.845237,1.81262,-1.04129613900415e-06,1.42674295889608e-06,0.91534658236591,-0.7777525039432
811,-0.876742,1.79759,-1.08988745937874e-06,1.34952669354233e-06,0.909485669429639,0.111102085200672
810,-0.907981,1.78201,-1.1339270874309e-06,1.27070016387888e-06,0.919253778306197,0.999999999954239
810,-0.938943,1.7659,-1.1072863653546e-06,1.22968212724263e-06,0.909485669429848,-0.111102085292613
809,-0.969619,1.74924,-1.14583151867136e-06,1.15171079178822e-06,0.915346582364533,0.777752503850298
809,-1,1.73205,-1.11756733058344e-06,1.11145875113957e-06,0.910462498171205,-0.333308963308436
808,-1.03008,1.71433,-1.15048640685485e-06,1.03451235092239e-06,0.912416143750522,0.55552396408444
808,-1.05984,1.6961,-1.12044676805485e-06,9.94944514369319e-07,0.912416143751243,-0.555523964150944
807,-1.08928,1.67734,-1.14767719559626e-06,9.18958484814923e-07,0.910462498170733,0.33330896324243
807,-1.11839,1.65808,-1.11572951774888e-06,8.80026856938112e-07,0.915346582365511,-0.777752503915504
806,-1.14715,1.6383,-1.13717156319297e-06,8.0526808206499e-07,0.909485669429678,0.11110208522852
805,-1.17557,1.61803,-1.15401271104836e-06,7.30402050724615e-07,0.91925377830677,0.999999999982889
805,-1.20363,1.59727,-1.1191928237854e-06,6.9409073990884e-07,0.909485669429819,-0.111102085265551
804,-1.23132,1.57602,-1.13047922600634e-06,6.21197678794828e-07,0.915346582364893,0.777752503876544
804,-1.25864,1.55429,-1.09377756549505e-06,5.85834269467603e-07,0.910462498170937,-0.333308963279986
803,-1.28558,1.53209,-1.09942012076924e-06,5.15162013061646e-07,0.912416143750809,0.555523964114847
803,-1.31212,1.50942,-1.06104029926969e-06,4.81048786733901e-07,0.912416143750849,-0.555523964118962
802,-1.33826,1.48629,-1.06131306802433e-06,4.13099170338592e-07,0.910462498170897,0.333308963276791
802,-1.364,1.46271,-1.02151071613462e-06,3.80530792117667e-07,0.915346582364928,-0.77775250387821
801,-1.38932,1.43868,-1.01663937537442e-06,3.15627853749253e-07,0.909485669429954,0.111102085257172
801,-1.41421,1.41421,-9.75489064754822e-07,2.84761525813919e-07,0.919253778307104,-0.999999999999994
15850,-1.43868,1.38932,-9.65630449047961e-07,2.23280139731726e-07,0.909485669429991,-0.111102085260237
15849,-1.46271,1.364,-9.522469753012e-07,1.63685468853973e-07,0.915346582364828,0.777752503871364
15849,-1.48629,1.33826,-9.08994784073631e-07,1.36737169267234e-07,0.910462498171103,-0.333308963290387
15848,-1.50942,1.31212,-8.91491717993038e-07,8.13684427785579e-08,0.912416143750729,0.555523964099008
15848,-1.53209,1.28558,-8.47794572045749e-07,5.67948971094732e-08,0.912416143751185,-0.555523964140586
15847,-1.55429,1.25864,-8.26769414887144e-07,5.98288556777446e-09,0.910462498170851,0.333308963247569
15847,-1.57602,1.23132,-7.82897756836809e-07,-1.60534667014848e-08,0.915346582365555,-0.777752503916249
15846,-1.59727,1.20363,-7.58788935327427e-07,-6.21036167921219e-08,0.909485669429784,0.111102085221639
15845,-1.61803,1.17557,-7.32420042838013e-07,-1.05409625210314e-07,0.919253778306531,0.999999999969823
15845,-1.6383,1.14715,-6.88568512628664e-07,-1.22518995362589e-07,0.909485669429917,-0.111102085282151
15844,-1.65808,1.11839,-6.60240075785189e-07,-1.6070203026128e-07,0.915346582364627,0.777752503855772
15844,-1.67734,1.08928,-6.17130228403115e-07,-1.74988080863226e-07,0.910462498171251,-0.333308963307506
15843,-1.6961,1.05984,-5.87266912967081e-07,-2.07988478825047e-07,0.912416143750542,0.555523964080906
15843,-1.71433,1.03008,-5.45187079122708e-07,-2.19416892838742e-07,0.912416143751375,-0.555523964158831
15842,-1.73205,1,-5.14328016407826e-07,-2.47158186881824e-07,0.910462498170697,0.333308963230296
15842,-1.74924,0.969619,-4.73722251006518e-07,-2.55691379745826e-07,0.915346582365764,-0.777752503931822
15841,-1.7659,0.938943,-4.42576971864045e-07,-2.78322117368218e-07,0.909485669429762,0.111102085205035
15840,-1.78201,0.907981,-4.10955274163105e-07,-2.98026164862383e-07,0.919253778306162,0.999999999951483
15840,-1.79759,0.876742,-3.72884058127603e-07,-3.01622332448633e-07,0.909485669429984,-0.111102085301589
15839,-1.81262,0.845237,-3.41807898723913e-07,-3.16339928247972e-07,0.915346582364318,0.777752503835071
15839,-1.82709,0.813473,-3.06098035422054e-07,-3.17281546219392e-07,0.910462498171391,-0.333308963330024
15838,-1.84101,0.781462,-2.76126033760038e-07,-3.27254841739352e-07,0.912416143750253,0.555523964056986
15838,-1.85437,0.749213,-2.43016779775435e-07,-3.25658181416769e-07,0.912416143751674,-0.555523964183544
15837,-1.86716,0.716736,-2.14573026371274e-07,-3.31165641607586e-07,0.910462498170589,0.333308963203294
15837,-1.87939,0.68404,-1.84272061792263e-07,-3.27203014119041e-07,0.915346582366259,-0.777752503962095
15836,-1.89104,0.651136,-1.57717446383827e-07,-3.28468981122221e-07,0.909485669429715,0.111102085173074
15835,-1.90211,0.618034,-1.32084697644998e-07,-3.27409397079747e-07,0.919253778305508,0.999999999918209
15835,-1.91261,0.584743,-1.06161851821594e-07,-3.19601655448857e-07,0.909485669430068,-0.111102085335144
15834,-1.92252,0.551275,-8.30877649081304e-08,-3.14859010204038e-07,0.915346582363818,0.777752503801208
15834,-1.93185,0.517638,-6.05412743433221e-08,-3.05254860436296e-07,0.910462498171639,-0.333308963364235
15833,-1.94059,0.483844,-4.03758997121367e-08,-2.9731567466368e-07,0.912416143749876,0.555523964021923
15833,-1.94874,0.449902,-2.13299691457318e-08,-2.86150330477388e-07,0.912416143752063,-0.555523964220183
15832,-1.9563,0.415823,-4.31573533067665e-09,-2.75409606127946e-07,0.910462498170272,0.333308963168156
15832,-1.96325,0.381618,1.1158679614263e-08,-2.62867307881194e-07,0.915346582366716,-0.7777525039937
15831,-1.96962,0.347296,2.4831696543838e-08,-2.4970038392853e-07,0.909485669429575,0.111102085145728
15830,-1.97538,0.312869,3.67687659221087e-08,-2.35433486009232e-07,0.91925377830502,0.999999999895294
15830,-1.98054,0.278346,4.68357868901821e-08,-2.21022936655587e-07,0.909485669430092,-0.111102085358556
15829,-1.98509,0.243739,5.5191001264593e-08,-2.0525149950799e-07,0.915346582363415,0.777752503777664
15829,-1.98904,0.209057,6.15689096777399e-08,-1.90223957767209e-07,0.910462498171765,-0.333308963386404
15828,-1.99239,0.174311,6.62838487775908e-08,-1.73405027360381e-07,0.912416143749651,0.555523964001473
15828,-1.99513,0.139513,6.9046462378668e-08,-1.58113029843386e-07,0.912416143752222,-0.5555239642384
15827,-1.99726,0.104672,7.01382193484749e-08,-1.40791700412603e-07,0.910462498170184,0.3333089631488
15827,-1.99878,0.069799,6.93565144271704e-08,-1.2539822402531e-07,0.915346582367074,-0.777752504016448
15826,-1.9997,0.0349048,6.6862214189126e-08,-1.0799916085246e-07,0.909485669429527,0.111102085121831
15825,-2,2.46315e-16,6.26491206827783e-08,-9.09416548610267e-08,0.919253778304535,0.999999999870803
15825,-1.9997,-0.0349048,5.66930340851077e-08,-7.58505471706092e-08,0.909485669430051,-0.111102085378547
15824,-1.99878,-0.069799,4.91249678325698e-08,-5.9557032074474e-08,0.915346582363134,0.777752503762804
15824,-1.99726,-0.104672,3.99394963259777e-08,-4.50771830230201e-08,0.910462498171696,-0.333308963393566
15823,-1.99513,-0.139513,2.91742755580277e-08,-2.99632266879781e-08,0.912416143749586,0.555523964001405
15823,-1.99239,-0.174311,1.6942501161843e-08,-1.63125955380899e-08,0.912416143752114,-0.555523964232279
15822,-1.98904,-0.209057,3.26034275453689e-09,-2.85986166727312e-09,0.910462498170195,0.333308963161688
15822,-1.98509,-0.243739,-1.16776711054149e-08,9.65183335509952e-09,0.915346582366744,-0.7777525039964
15821,-1.98054,-0.278346,-2.79683797573562e-08,2.10385629349459e-08,0.909485669429545,0.111102085145526
15820,-1.97538,-0.312869,-4.51717157533774e-08,3.08333645465951e-08,0.919253778305042,0.999999999897283
15820,-1.96962,-0.347296,-6.39234188653727e-08,4.12301555395192e-08,0.909485669429957,-0.111102085350017
15819,-1.96325,-0.381618,-8.31183962896323e-08,4.83862000857702e-08,0.915346582363609,0.777752503792499
15819,-1.9563,-0.415823,-1.04065941983564e-07,5.731646552317e-08,0.910462498171549,-0.333308963366345
15818,-1.94874,-0.449902,-1.25051246399718e-07,6.16477957433716e-08,0.912416143749872,0.555523964026319
15818,-1.94059,-0.483844,-1.47856966567022e-07,6.89692015405472e-08,0.91241614375188,-0.555523964209544
15817,-1.93185,-0.517638,-1.70146172614044e-07,7.01794358696941e-08,0.910462498170337,0.33330896318265
15817,-1.92252,-0.551275,-1.94374587906465e-07,7.5763749466323e-08,0.915346582366458,-0.777752503976945
15816,-1.91261,-0.584743,-2.1749849259582e-07,7.36586725958672e-08,0.909485669429567,0.111102085165898
15815,-1.90211,-0.618034,-2.40182193055365e-07,6.9344324889514e-08,0.919253778305528,0.999999999919178
15815,-1.89104,-0.651136,-2.66575274907326e-07,7.19932357644462e-08,0.90948566942994,-0.111102085328262
15814,-1.87939,-0.68404,-2.89637459993814e-07,6.42931051580054e-08,0.915346582363942,0.77775250381428
15814,-1.86716,-0.716736,-3.16942456845245e-07,6.51577806842367e-08,0.910462498171397,-0.333308963343943
15813,-1.85437,-0.749213,-3.39985202804276e-07,5.40026228931195e-08,0.912416143750119,0.555523964050056
15813,-1.84101,-0.781462,-3.67794591233765e-07,5.30838591391818e-08,0.912416143751582,-0.555523964183381
15812,-1.82709,-0.813473,-3.90332832393052e-07,3.84415672168723e-08,0.910462498170486,0.333308963212263
15812,-1.81262,-0.845237,-4.18318491617005e-07,3.58063959298403e-08,0.915346582365912,-0.777752503943197
15811,-1.79759,-0.876742,-4.39932376883426e-07,1.77538150749313e-08,0.909485669429641,0.111102085200675
15810,-1.78201,-0.907981,-4.59709349385252e-07,-2.26085147751215e-09,0.919253778306197,0.999999999954239
15810,-1.7659,-0.938943,-4.88174603134781e-07,-7.85220886392131e-09,0.90948566942985,-0.11110208529261
15809,-1.74924,-0.969619,-5.06497952320843e-07,-3.10378673539723e-08,0.915346582364535,0.777752503850301
15809,-1.73205,-1,-5.34409669317211e-07,-3.81289430759618e-08,0.9104624981712,-0.333308963308458
15808,-1.71433,-1.03008,-5.5087018101197e-07,-6.43428456503609e-08,0.912416143750526,0.555523964084446
15808,-1.6961,-1.05984,-5.78132994849841e-07,-7.27885164364459e-08,0.912416143751243,-0.555523964150944
15807,-1.67734,-1.08928,-5.92683909053501e-07,-1.01811668373532e-07,0.910462498170725,0.333308963242434
15807,-1.65808,-1.11839,-6.19175728210422e-07,-1.11489224045437e-07,0.915346582365503,-0.7777525039155
15806,-1.6383,-1.14715,-6.31506423161043e-07,-1.43150643472181e-07,0.90948566942967,0.111102085228524
15805,-1.61803,-1.17557,-6.4088997914389e-07,-1.75865405901853e-07,0.919253778306763,0.999999999982893
15805,-1.59727,-1.20363,-6.66460049616212e-07,-1.87807958367419e-07,0.909485669429812,-0.111102085265547
15804,-1.57602,-1.23132,-6.7293762411404e-07,-2.22573372269141e-07,0.915346582364898,0.777752503876549
15804,-1.55429,-1.25864,-6.97278550361682e-07,-2.35347495105725e-07,0.910462498170935,-0.333308963280012
15803,-1.53209,-1.28558,-7.00988113284148e-07,-2.72014670697529e-07,0.912416143750815,0.555523964114853
15803,-1.50942,-1.31212,-7.23830667470426e-07,-2.85368913721614e-07,0.912416143750855,-0.555523964118957
15802,-1.48629,-1.33826,-7.24477597695043e-07,-3.23583362964416e-07,0.910462498170897,0.333308963276791
15802,-1.46271,-1.364,-7.45575732028381e-07,-3.37241986061168e-07,0.915346582364928,-0.77775250387821
15801,-1.43868,-1.38932,-7.43198765721625e-07,-3.76751802134584e-07,0.909485669429954,0.111102085257172
15801,-1.41421,-1.41421,-7.62692025365766e-07,-3.90621557156557e-07,0.919253778307098,-0.999999999999989
10084,-1.38932,-1.43868,-7.57469154005126e-07,-4.31343287976374e-07,-0.909485669429983,0.111102085260242
10184,-1.364,-1.46271,-7.48701519963518e-07,-4.71561349361832e-07,-0.915346582364814,-0.777752503871363
10184,-1.33826,-1.48629,-7.67267899265128e-07,-4.8696824716563e-07,-0.910462498171062,0.333308963290425
10284,-1.31212,-1.50942,-7.55397613369639e-07,-5.27819528852716e-07,-0.912416143750702,-0.555523964098991
10284,-1.28558,-1.53209,-7.72177177814287e-07,-5.4298808253769e-07,-0.912416143751175,0.55552396414059
10384,-1.25864,-1.55429,-7.57215385201846e-07,-5.84173415884596e-07,-0.910462498170858,-0.333308963247603
10384,-1.23132,-1.57602,-7.72375850234228e-07,-5.99054161116247e-07,-0.915346582365569,0.777752503916277
10484,-1.20363,-1.59727,-7.54584179985479e-07,-6.40533133067748e-07,-0.909485669429755,-0.111102085221656
10584,-1.17557,-1.61803,-7.33368309464697e-07,-6.80500299726563e-07,-0.919253778306467,-0.999999999969833
10584,-1.14715,-1.6383,-7.47473769792524e-07,-6.96505847328058e-07,-0.909485669429891,0.111102085282108
10684,-1.11839,-1.65808,-7.23292116463681e-07,-7.36151865138e-07,-0.915346582364624,-0.777752503855743
10684,-1.08928,-1.67734,-7.35991797271562e-07,-7.51752820514236e-07,-0.910462498171255,0.333308963307532
10784,-1.05984,-1.6961,-7.09280082904859e-07,-7.91230702803276e-07,-0.912416143750544,-0.555523964080908
10784,-1.03008,-1.71433,-7.20766501369233e-07,-8.06505489527785e-07,-0.912416143751393,0.555523964158839
10884,-1,-1.73205,-6.91590420467292e-07,-8.457985697465e-07,-0.910462498170715,-0.333308963230315
10884,-0.969619,-1.74924,-7.01838727816226e-07,-8.60568676778139e-07,-0.915346582365772,0.777752503931858
10984,-0.938943,-1.7659,-6.70217509145639e-07,-8.99319025146045e-07,-0.909485669429763,-0.111102085205032
11084,-0.907981,-1.78201,-6.35707138071165e-07,-9.35533384291469e-07,-0.919253778306154,-0.99999999995149
11084,-0.876742,-1.79759,-6.45207311585547e-07,-9.51579083173448e-07,-0.909485669429981,0.111102085301552
11184,-0.845237,-1.81262,-6.08435169208887e-07,-9.87113200441749e-07,-0.915346582364332,-0.777752503835052
11184,-0.813473,-1.82709,-6.16709955567807e-07,-1.00239998514666e-06,-0.910462498171421,0.333308963330044
11284,-0.781462,-1.84101,-5.77704171838542e-07,-1.03696881573328e-06,-0.912416143750289,-0.555523964056998
11284,-0.749213,-1.85437,-5.8484569496909e-07,-1.05145013851886e-06,-0.912416143751684,0.555523964183542
11384,-0.716736,-1.86716,-5.43724917358726e-07,-1.08489941207838e-06,-0.910462498170579,-0.333308963203316
11384,-0.68404,-1.87939,-5.49787947120864e-07,-1.0984720289951e-06,-0.915346582366256,0.777752503962127
11484,-0.651136,-1.89104,-5.06573476851878e-07,-1.1306978560258e-06,-0.9094856694297,-0.111102085173069
11584,-0.618034,-1.90211,-4.61224567761674e-07,-1.1597195900037e-06,-0.919253778305473,-0.9999999999182
11584,-0.584743,-1.91261,-4.66363916437908e-07,-1.17398950253031e-06,-0.909485669430035,0.111102085335111
11684,-0.551275,-1.92252,-4.19085874747386e-07,-1.2011591472892e-06,-0.915346582363772,-0.777752503801188
11684,-0.517638,-1.93185,-4.23036522845378e-07,-1.21361135294997e-06,-0.910462498171642,0.333308963364261
11784,-0.483844,-1.94059,-3.73776292894098e-07,-1.23807733834701e-06,-0.912416143749915,-0.555523964021929
11784,-0.449902,-1.94874,-3.76582145677835e-07,-1.24826100200646e-06,-0.912416143752077,0.555523964220183
11884,-0.415823,-1.9563,-3.25514102558789e-07,-1.26946173564421e-06,-0.910462498170266,-0.33330896316818
11884,-0.381618,-1.96325,-3.27305807571384e-07,-1.2770911119375e-06,-0.915346582366712,0.777752503993725
11984,-0.347296,-1.96962,-2.74605037210571e-07,-1.29451509681621e-06,-0.909485669429565,-0.111102085145729
12084,-0.312869,-1.97538,-2.20808039647895e-07,-1.30781173078758e-06,-0.919253778305011,-0.999999999895287
12084,-0.278346,-1.98054,-2.21391235364497e-07,-1.31159891442103e-06,-0.909485669430107,0.111102085358526
12184,-0.243739,-1.98509,-1.66470651657313e-07,-1.31955491197968e-06,-0.915346582363447,-0.777752503777644
12184,-0.209057,-1.98904,-1.6638779505187e-07,-1.31895887067393e-06,-0.910462498171781,0.333308963386432
12284,-0.174311,-1.99239,-1.1078243754587e-07,-1.32088879736905e-06,-0.912416143749663,-0.555523964001473
12284,-0.139513,-1.99513,-1.10309587724864e-07,-1.31518583816445e-06,-0.912416143752267,0.555523964238395
12384,-0.104672,-1.99726,-5.47969503274642e-08,-1.31052507896471e-06,-0.910462498170238,-0.333308963148834
12384,-0.069799,-1.99878,-5.43194001543506e-08,-1.29964292230754e-06,-0.915346582367131,0.777752504016471
12484,-0.0349048,-1.9997,4.38330331279558e-10,-1.28823249084989e-06,-0.909485669429557,-0.111102085121833
12584,-4.35203e-16,-2,5.43816304617942e-08,-1.27190650379899e-06,-0.919253778304537,-0.999999999870803
12584,0.0349048,-1.9997,5.37190061429856e-08,-1.25369643041499e-06,-0.909485669430058,0.111102085378513
12684,0.069799,-1.99878,1.05500600391983e-07,-1.23066168997709e-06,-0.915346582363139,-0.777752503762792
12684,0.104672,-1.99726,1.03760621833887e-07,-1.20737589416588e-06,-0.9104624981717,0.333308963393593
12784,0.139513,-1.99513,1.52601694966608e-07,-1.17835838789381e-06,-0.912416143749591,-0.555523964001403
12784,0.174311,-1.99239,1.49452603944151e-07,-1.15065027712071e-06,-0.912416143752134,0.555523964232273
12884,0.209057,-1.98904,1.94749312576424e-07,-1.11655340260307e-06,-0.91046249817019,-0.333308963161724
12884,0.243739,-1.98509,1.89885776137989e-07,-1.08486528657269e-06,-0.915346582366752,0.777752503996427
12984,0.278346,-1.98054,2.31017377707696e-07,-1.04698480284673e-06,-0.909485669429543,-0.111102085145531
13084,0.312869,-1.97538,2.68933313808124e-07,-1.0054185417319e-06,-0.919253778305079,-0.999999999897294
13084,0.347296,-1.96962,2.61101218271516e-07,-9.72473343453536e-07,-0.909485669429971,0.111102085349981
13184,0.381618,-1.96325,2.94483901264636e-07,-9.29505704188651e-07,-0.915346582363621,-0.777752503792476
13184,0.415823,-1.9563,2.85140861323416e-07,-8.96133465319173e-07,-0.910462498171561,0.33330896336634
13284,0.449902,-1.94874,3.14264387502554e-07,-8.53606487204526e-07,-0.912416143749886,-0.555523964026324
13284,0.483844,-1.94059,3.03644373073552e-07,-8.20766325229258e-07,-0.912416143751904,0.555523964209538
13384,0.517638,-1.93185,3.28925058303591e-07,-7.79898313279272e-07,-0.910462498170363,-0.333308963182687
13384,0.551275,-1.92252,3.17308455038542e-07,-7.48347760560181e-07,-0.915346582366464,0.777752503976962
13484,0.584743,-1.91261,3.39259109667408e-07,-7.10031311337555e-07,-0.909485669429569,-0.111102085165906
13584,0.618034,-1.90211,3.57805578229854e-07,-6.70377104490278e-07,-0.919253778305519,-0.999999999919186
13584,0.651136,-1.89104,3.46245866413488e-07,-6.4523796213127e-07,-0.909485669429928,0.111102085328226
13684,0.68404,-1.87939,3.62407586816067e-07,-6.09015661251684e-07,-0.915346582363942,-0.777752503814258
13684,0.716736,-1.86716,3.5069252441471e-07,-5.85957415072773e-07,-0.910462498171394,0.333308963343945
13784,0.749213,-1.85437,3.64850866327827e-07,-5.52879872516817e-07,-0.912416143750121,-0.555523964050058
13784,0.781462,-1.84101,3.52955209716251e-07,-5.31599337943253e-07,-0.91241614375158,0.555523964183364
13884,0.813473,-1.82709,3.65233191562153e-07,-5.00979599190654e-07,-0.91046249817049,-0.333308963212306
13884,0.845237,-1.81262,3.53026166178643e-07,-4.81077001535462e-07,-0.915346582365913,0.777752503943214
13984,0.876742,-1.79759,3.63252074830177e-07,-4.52142437164138e-07,-0.909485669429626,-0.1111020852007
14084,0.907981,-1.78201,3.71121100063313e-07,-4.22650801514089e-07,-0.919253778306215,-0.999999999954254
14084,0.938943,-1.7659,3.58400401835225e-07,-4.05290883150444e-07,-0.909485669429858,0.111102085292581
14184,0.969619,-1.74924,3.63982844302711e-07,-3.76857675943021e-07,-0.915346582364524,-0.777752503850263
14184,1,-1.73205,3.50074944362862e-07,-3.59587312170486e-07,-0.910462498171194,0.333308963308465
14284,1.03008,-1.71433,3.52972874274718e-07,-3.31808798420698e-07,-0.91241614375052,-0.55552396408445
14284,1.05984,-1.6961,3.37732711321202e-07,-3.14600815531143e-07,-0.912416143751235,0.55552396415093
14384,1.08928,-1.67734,3.37664029408041e-07,-2.87443099343501e-07,-0.910462498170724,-0.333308963242461
14384,1.11839,-1.65808,3.2098148925302e-07,-2.70355798981467e-07,-0.915346582365498,0.777752503915531
14484,1.14715,-1.6383,3.17657511452133e-07,-2.43816440474579e-07,-0.909485669429676,-0.111102085228531
14584,1.17557,-1.61803,3.12074825676006e-07,-2.17596368637568e-07,-0.919253778306762,-0.999999999982903
14584,1.20363,-1.59727,2.92392603453976e-07,-2.01050499545845e-07,-0.909485669429825,0.1111020852655
14684,1.23132,-1.57602,2.83207724744505e-07,-1.75844949673668e-07,-0.91534658236492,-0.777752503876537
14684,1.25864,-1.55429,2.61814626236519e-07,-1.59785215987781e-07,-0.910462498170955,0.333308963280004
14784,1.28558,-1.53209,2.49206392037785e-07,-1.36164061304961e-07,-0.912416143750819,-0.555523964114867
14784,1.31212,-1.50942,2.26264534425167e-07,-1.20964635614112e-07,-0.912416143750872,0.555523964118932
14884,1.33826,-1.48629,2.10476320509569e-07,-9.95371622041275e-08,-0.910462498170903,-0.333308963276861
14884,1.364,-1.46271,1.86337833065997e-07,-8.56706826947171e-08,-0.915346582364901,0.777752503878194
14984,1.38932,-1.43868,1.68022955672618e-07,-6.71768568422312e-08,-0.909485669429939,-0.111102085257194
14984,1.41421,-1.41421,1.43330539465134e-07,-5.51954762057313e-08,-0.919253778307102,0.999999999999985
5850,1.43868,-1.38932,1.23384903925454e-07,-4.02779718208173e-08,0.909485669429985,-0.111102085260202
5849,1.46271,-1.364,1.02062664390768e-07,-2.74802028730698e-08,0.915346582364833,0.777752503871339
5849,1.48629,-1.33826,7.79884813524992e-08,-1.96709384823355e-08,0.910462498171102,-0.333308963290407
5848,1.50942,-1.31212,5.61183858935022e-08,-1.09775631723761e-08,0.91241614375073,0.555523964099018
5848,1.53209,-1.28558,3.2978034205627e-08,-5.81752361138379e-09,0.912416143751186,-0.555523964140576
5847,1.55429,-1.25864,1.12252976648443e-08,-1.34540106166016e-09,0.91046249817085,0.333308963247604
5847,1.57602,-1.23132,-1.05165896336341e-08,1.03121721415916e-09,0.91534658236556,-0.777752503916265
5846,1.59727,-1.20363,-3.14814159621525e-08,1.28779627501059e-09,0.909485669429786,0.111102085221649
5845,1.61803,-1.17557,-5.26279184513537e-08,-8.64206452040137e-10,0.919253778306525,0.999999999969829
5845,1.6383,-1.14715,-7.1055651181553e-08,-3.02392502551704e-09,0.909485669429914,-0.11110208528211
5844,1.65808,-1.11839,-9.0527514880053e-08,-9.21095407202676e-09,0.915346582364627,0.777752503855747
5844,1.67734,-1.08928,-1.0651229132972e-07,-1.40686300845193e-08,0.910462498171258,-0.333308963307527
5843,1.6961,-1.05984,-1.23657630865051e-07,-2.39936498874525e-08,0.912416143750537,0.555523964080912
5843,1.71433,-1.03008,-1.36875878074572e-07,-3.14276240033438e-08,0.912416143751378,-0.555523964158821
5842,1.73205,-1,-1.51303275477208e-07,-4.47426043171228e-08,0.910462498170701,0.333308963230334
5842,1.74924,-0.969619,-1.61598733191347e-07,-5.46433730974215e-08,0.915346582365767,-0.777752503931841
5841,1.7659,-0.938943,-1.73060402283776e-07,-7.10178789319119e-08,0.909485669429766,0.111102085205045
5840,1.78201,-0.907981,-1.83293924109975e-07,-8.92045886760368e-08,0.919253778306158,0.99999999995149
5840,1.79759,-0.876742,-1.88418420469035e-07,-1.02340370614662e-07,0.909485669429983,-0.111102085301555
5839,1.81262,-0.845237,-1.95068110440472e-07,-1.22954291972394e-07,0.915346582364319,0.777752503835052
5839,1.82709,-0.813473,-1.96748269854368e-07,-1.38058512628664e-07,0.910462498171384,-0.333308963330046
5838,1.84101,-0.781462,-1.99495463947949e-07,-1.60561693965098e-07,0.912416143750258,0.555523964056995
5838,1.85437,-0.749213,-1.97549958823981e-07,-1.77404842102665e-07,0.91241614375167,-0.555523964183538
5837,1.86716,-0.716736,-1.96193418343748e-07,-2.01266168195843e-07,0.91046249817059,0.333308963203332
5837,1.87939,-0.68404,-1.90512331494489e-07,-2.19632194021853e-07,0.915346582366259,-0.777752503962114
5836,1.89104,-0.651136,-1.8491373825252e-07,-2.44389121616151e-07,0.909485669429712,0.11110208517308
5835,1.90211,-0.618034,-1.77173455255154e-07,-2.6962358633589e-07,0.919253778305505,0.999999999918216
5835,1.91261,-0.584743,-1.65367102427313e-07,-2.89184383342845e-07,0.909485669430072,-0.111102085335106
5834,1.92252,-0.551275,-1.53121049801881e-07,-3.1442392616301e-07,0.915346582363824,0.777752503801191
5834,1.93185,-0.517638,-1.37327374533947e-07,-3.34891056849491e-07,0.910462498171638,-0.333308963364257
5833,1.94059,-0.483844,-1.20506023680687e-07,-3.5962729032156e-07,0.912416143749874,0.555523964021932
5833,1.94874,-0.449902,-1.00614379212194e-07,-3.80764039964723e-07,0.91241614375206,-0.555523964220175
5832,1.9563,-0.415823,-7.91584358231526e-08,-4.04417374099433e-07,0.910462498170272,0.333308963168192
5832,1.96325,-0.381618,-5.50892441991884e-08,-4.2591794571281e-07,0.915346582366721,-0.777752503993719
5831,1.96962,-0.347296,-2.90116094598144e-08,-4.47904146846868e-07,0.909485669429573,0.111102085145735
5830,1.97538,-0.312869,-6.00421699693291e-10,-4.68660563039657e-07,0.919253778305019,0.999999999895301
5830,1.98054,-0.278346,2.99266123755127e-08,-4.89220433659333e-07,0.909485669430095,-0.11110208535852
5829,1.98509,-0.243739,6.28491396457183e-08,-5.07337221218227e-07,0.915346582363408,0.777752503777643
5829,1.98904,-0.209057,9.7565612038534e-08,-5.27455342586588e-07,0.910462498171767,-0.333308963386425
5828,1.99239,-0.174311,1.34827728686685e-07,-5.42368409448331e-07,0.91241614374965,0.555523964001481
5828,1.99513,-0.139513,1.73695300701824e-07,-5.61776127099375e-07,0.912416143752221,-0.555523964238393
5827,1.99726,-0.104672,2.15054865242887e-07,-5.72877825925286e-07,0.910462498170182,0.333308963148836
5827,1.99878,-0.069799,2.57926676513829e-07,-5.9122831755611e-07,0.915346582367075,-0.777752504016468
5826,1.9997,-0.0349048,3.03035384325538e-07,-5.97971797209127e-07,0.909485669429527,0.111102085121839
