origElemNum,globCoord-x,globCoord-y,acouIntensity-x,acouIntensity-y,locCoord-xi,locCoord-eta
5825,2,-2.20442e-18,-62664808842.3025,11196279739.0351,0.919253778304535,0.999999999870795
5825,1.9997,0.0349048,-62881316764.4461,11233278876.1807,0.909485669430051,-0.11110208537854
5824,1.99878,0.069799,-63118937427.6825,10379935138.4588,0.915346582363134,0.7777525037628
5824,1.99726,0.104672,-63402612754.4422,10447669228.0435,0.910462498171695,-0.333308963393583
5823,1.99513,0.139513,-63640647833.2757,9399527894.66755,0.912416143749585,0.555523964001403
5823,1.99239,0.174311,-63957290347.8752,9491167482.39153,0.912416143752112,-0.555523964232293
5822,1.98904,0.209057,-64110025102.1006,8245840627.07114,0.910462498170195,0.33330896316169
5822,1.98509,0.243739,-64381025026.4043,8347623368.02747,0.915346582366752,-0.777752503996411
5821,1.98054,0.278346,-64316406652.6514,6921726605.82202,0.909485669429537,0.111102085145532
5820,1.97538,0.312869,-64182423525.2188,5362530361.12838,0.91925377830504,0.999999999897275
5820,1.96962,0.347296,-64041388472.8204,5454008385.85852,0.909485669429959,-0.111102085350008
5819,1.96325,0.381618,-63544582629.8033,3790296900.28424,0.915346582363608,0.777752503792493
5819,1.9563,0.415823,-63154766035.6526,3879165849.06175,0.910462498171543,-0.333308963366333
5818,1.94874,0.449902,-62273728503.4748,2108724538.10827,0.912416143749872,0.555523964026318
5818,1.94059,0.483844,-61674213718.7831,2207179158.09882,0.912416143751876,-0.555523964209557
5817,1.93185,0.517638,-60473965114.8915,291660609.460806,0.910462498170338,0.333308963182653
5817,1.92252,0.551275,-59758941072.257,411234088.564426,0.915346582366455,-0.777752503976955
5816,1.91261,0.584743,-58341385172.5382,-1705176720.12546,0.909485669429567,0.111102085165898
5815,1.90211,0.618034,-56784276226.5934,-4091980256.28144,0.919253778305533,0.999999999919169
5815,1.89104,0.651136,-56017558580.5271,-3915911771.32563,0.909485669429933,-0.111102085328256
5814,1.87939,0.68404,-54292595927.1985,-6470877850.88405,0.915346582363941,0.777752503814277
5814,1.86716,0.716736,-53507141233.9638,-6267637045.01456,0.910462498171402,-0.333308963343933
5813,1.85437,0.749213,-51602665845.101,-8762785742.34865,0.912416143750119,0.555523964050056
5813,1.84101,0.781462,-50687997094.7242,-8508100065.22699,0.912416143751575,-0.555523964183394
5812,1.82709,0.813473,-48551667097.1294,-10610817322.5135,0.910462498170486,0.333308963212263
5812,1.81262,0.845237,-47365385778.4576,-10257840423.1124,0.915346582365915,-0.777752503943209
5811,1.79759,0.876742,-44972098426.985,-11694912820.6108,0.909485669429635,0.111102085200681
5810,1.78201,0.907981,-42731115152.9043,-12604909121.9487,0.919253778306195,0.999999999954235
5810,1.7659,0.938943,-40893852627.3566,-11954655538.5487,0.909485669429844,-0.111102085292603
5809,1.74924,0.969619,-38496178179.7786,-12381042473.7551,0.915346582364538,0.777752503850291
5809,1.73205,1,-36624334719.5984,-11674328416.6735,0.910462498171199,-0.333308963308445
5808,1.71433,1.03008,-34264439332.9083,-11950345127.6076,0.912416143750526,0.555523964084446
5808,1.6961,1.05984,-32565717175.9632,-11272179688.625,0.912416143751246,-0.555523964150953
5807,1.67734,1.08928,-30377480524.5035,-11576041357.2918,0.910462498170725,0.333308963242434
5807,1.65808,1.11839,-28880871565.5225,-10948613833.4678,0.915346582365508,-0.777752503915519
5806,1.6383,1.14715,-26809671411.9417,-11176966025.9693,0.909485669429676,0.11110208522853
5805,1.61803,1.17557,-24846610931.6974,-11241131534.2695,0.919253778306765,0.999999999982884
5805,1.59727,1.20363,-23254805768.042,-10481010500.3764,0.909485669429817,-0.111102085265541
5804,1.57602,1.23132,-21215868236.8215,-10271976666.9037,0.9153465823649,0.777752503876539
5804,1.55429,1.25864,-19505280544.9737,-9389843047.35661,0.910462498170939,-0.333308963279996
5803,1.53209,1.28558,-17338753743.6159,-9019989883.2875,0.912416143750815,0.555523964114853
5803,1.50942,1.31212,-15605458657.3501,-8051576131.49476,0.91241614375085,-0.555523964118972
5802,1.48629,1.33826,-13341937372.2268,-7579233671.43286,0.910462498170897,0.333308963276791
5802,1.46271,1.364,-11587925257.1946,-6516155923.32456,0.915346582364929,-0.77775250387822
5801,1.43868,1.38932,-9264686291.2767,-5850653178.72172,0.909485669429954,0.111102085257182
5801,1.41421,1.41421,-7478914483.20499,-4675977187.59549,0.919253778307104,-0.999999999999994
850,1.38932,1.43868,-5367337405.40396,-3886645869.11979,0.909485669429991,-0.111102085260227
849,1.364,1.46271,-3463833672.6232,-3046227706.40203,0.915346582364834,0.777752503871359
849,1.33826,1.48629,-2197900460.67067,-1937272846.46134,0.910462498171096,-0.333308963290402
848,1.31212,1.50942,-839938348.462376,-939865856.210997,0.912416143750729,0.555523964099008
848,1.28558,1.53209,256132011.656814,286979068.465467,0.912416143751184,-0.555523964140596
847,1.25864,1.55429,1335440938.06806,1833095334.3225,0.910462498170846,0.333308963247574
847,1.23132,1.57602,2619831972.58154,3576113501.01556,0.915346582365554,-0.777752503916259
846,1.20363,1.59727,3595511087.38794,5527414640.87232,0.90948566942978,0.111102085221654
845,1.17557,1.61803,4474219058.85508,7561011043.43635,0.919253778306528,0.999999999969813
845,1.14715,1.6383,5158558215.40243,8745175282.40784,0.909485669429915,-0.111102085282135
844,1.11839,1.65808,5182694449.92691,10257140690.1648,0.915346582364625,0.777752503855763
844,1.08928,1.67734,5716050834.38051,11306638430.6048,0.910462498171253,-0.333308963307521
843,1.05984,1.6961,5300222393.62973,12967272958.2665,0.912416143750542,0.555523964080906
843,1.03008,1.71433,5794819195.75071,14099815246.7206,0.912416143751377,-0.555523964158847
842,1,1.73205,5096856867.16495,16080125264.9569,0.910462498170698,0.333308963230309
842,0.969619,1.74924,5587917027.02997,17452954055.3773,0.915346582365766,-0.777752503931825
841,0.938943,1.7659,4534733707.40174,19876915546.9248,0.909485669429764,0.111102085205048
840,0.907981,1.78201,3241873684.05075,22405351322.0657,0.919253778306164,0.99999999995148
840,0.876742,1.79759,3563872743.60761,24022721214.4294,0.909485669429979,-0.11110208530158
839,0.845237,1.81262,2288737759.26928,26270669409.033,0.91534658236432,0.777752503835068
839,0.813473,1.82709,2515736616.82793,27368952027.6306,0.91046249817139,-0.33330896333004
838,0.781462,1.84101,1664247369.7547,28654355025.5006,0.912416143750255,0.555523964056983
838,0.749213,1.85437,1842658836.66737,29075854293.1714,0.912416143751674,-0.555523964183563
837,0.716736,1.86716,1412649870.79877,29517804904.3428,0.910462498170584,0.333308963203304
837,0.68404,1.87939,1557006128.31939,29551161528.1793,0.915346582366261,-0.777752503962098
836,0.651136,1.89104,1250302549.64699,29809828856.5597,0.909485669429719,0.111102085173086
835,0.618034,1.90211,880388393.245046,30026539429.8755,0.919253778305509,0.999999999918205
835,0.584743,1.91261,986382356.910503,30323175346.1006,0.909485669430073,-0.111102085335132
834,0.551275,1.92252,562461858.156304,30717274020.509,0.915346582363819,0.777752503801204
834,0.517638,1.93185,647697598.917939,30980247524.1126,0.910462498171637,-0.333308963364254
833,0.483844,1.94059,342749143.732791,31194532040.7318,0.912416143749877,0.55552396402192
833,0.449902,1.94874,404784686.557814,31128802420.9643,0.91241614375206,-0.555523964220202
832,0.415823,1.9563,371221254.015756,30803596474.7861,0.910462498170279,0.333308963168166
832,0.381618,1.96325,404711591.849044,30243994086.5704,0.915346582366717,-0.777752503993703
831,0.347296,1.96962,635585372.550404,29377798925.4289,0.909485669429573,0.111102085145737
830,0.312869,1.97538,1019456158.6088,28362833344.9693,0.919253778305012,0.99999999989529
830,0.278346,1.98054,988035466.245623,27405371931.4398,0.909485669430091,-0.111102085358547
829,0.243739,1.98509,1327717591.64336,26403137413.071,0.915346582363415,0.77775250377766
829,0.209057,1.98904,1289095489.64263,25693627308.0376,0.910462498171767,-0.333308963386422
828,0.174311,1.99239,1503761579.152,25138001822.7352,0.912416143749651,0.55552396400147
828,0.139513,1.99513,1487341521.76259,24904789724.0756,0.912416143752224,-0.555523964238419
827,0.104672,1.99726,1562066283.1019,24999097053.5232,0.910462498170184,0.33330896314881
827,0.069799,1.99878,1582776183.10076,25288869228.3803,0.915346582367074,-0.777752504016452
826,0.0349048,1.9997,1517162381.0263,25956750693.0744,0.909485669429527,0.111102085121841
825,1.27747e-16,2,1281164005.20438,26644213310.6632,0.919253778304535,0.999999999870799
825,-0.0349048,1.9997,1359884340.48836,27605740118.8466,0.909485669430051,-0.111102085378537
824,-0.069799,1.99878,992287586.468735,28477844635.1772,0.915346582363134,0.777752503762801
824,-0.104672,1.99726,1077117343.69786,29373369459.9141,0.910462498171695,-0.333308963393583
823,-0.139513,1.99513,582067594.57668,30109105274.6603,0.912416143749585,0.555523964001401
823,-0.174311,1.99239,673897638.090296,30749468970.1298,0.912416143752112,-0.555523964232297
822,-0.209057,1.98904,66120413.4334254,31135979767.5565,0.910462498170195,0.333308963161685
822,-0.243739,1.98509,174940565.803427,31419247068.2302,0.915346582366744,-0.777752503996403
821,-0.278346,1.98054,-526424013.223008,31372861781.451,0.909485669429538,0.111102085145537
820,-0.312869,1.97538,-1343121225.51976,31129052983.9035,0.919253778305041,0.999999999897278
820,-0.347296,1.96962,-1155702214.13284,30838543265.0297,0.90948566942996,-0.111102085350006
819,-0.381618,1.96325,-1998152008.25797,30225042202.4291,0.915346582363608,0.777752503792493
819,-0.415823,1.9563,-1762322828.1902,29676152588.396,0.910462498171543,-0.333308963366333
818,-0.449902,1.94874,-2556466234.49383,28784195448.8298,0.912416143749872,0.555523964026316
818,-0.483844,1.94059,-2264847858.27296,28024712584.9181,0.912416143751875,-0.555523964209561
817,-0.517638,1.93185,-2932399981.86784,26911693483.2053,0.910462498170336,0.333308963182646
817,-0.551275,1.92252,-2575259581.931,25953246112.882,0.915346582366457,-0.777752503976948
816,-0.584743,1.91261,-3051365403.9001,24625222773.5436,0.909485669429562,0.111102085165907
815,-0.618034,1.90211,-3400442199.2152,23198039922.3365,0.919253778305526,0.999999999919175
815,-0.651136,1.89104,-2875552316.62985,21894756829.3558,0.909485669429935,-0.111102085328253
814,-0.68404,1.87939,-3033046341.48724,20241273077.9627,0.915346582363941,0.777752503814277
814,-0.716736,1.86716,-2426432057.27892,18714208369.2837,0.910462498171402,-0.333308963343933
813,-0.749213,1.85437,-2437732189.41724,16851828030.0027,0.912416143750117,0.555523964050053
813,-0.781462,1.84101,-1776883689.4852,15174658828.8511,0.912416143751584,-0.555523964183396
812,-0.813473,1.82709,-1680753131.99241,13205370469.6134,0.910462498170484,0.33330896321226
812,-0.845237,1.81262,-1009951335.56569,11494385888.7487,0.91534658236591,-0.7777525039432
811,-0.876742,1.79759,-801458889.815954,9568094147.85804,0.909485669429639,0.111102085200672
810,-0.907981,1.78201,-463590634.578531,7779957151.84935,0.919253778306197,0.999999999954239
810,-0.938943,1.7659,183900422.413594,6199334328.51694,0.909485669429848,-0.111102085292613
809,-0.969619,1.74924,680209362.905504,4683909036.52267,0.915346582364533,0.777752503850298
809,-1,1.73205,1208572736.74923,3315031510.77733,0.910462498171205,-0.333308963308436
808,-1.03008,1.71433,1761277908.43954,2154532574.18383,0.912416143750522,0.55552396408444
808,-1.05984,1.6961,2088838115.73417,1078502625.70624,0.912416143751243,-0.555523964150944
807,-1.08928,1.67734,2493183915.05457,321600365.517649,0.910462498170733,0.33330896324243
807,-1.11839,1.65808,2506255662.8347,-362115419.347693,0.915346582365511,-0.777752503915504
806,-1.14715,1.6383,2505330265.52095,-669835782.028741,0.909485669429678,0.11110208522852
805,-1.17557,1.61803,2197813117.23106,-761931960.383039,0.91925377830677,0.999999999982889
805,-1.20363,1.59727,1441422996.85203,-655027002.336738,0.909485669429819,-0.111102085265551
804,-1.23132,1.57602,437263948.647118,-215796223.401861,0.915346582364893,0.777752503876544
804,-1.25864,1.55429,-958269903.119009,539346313.599712,0.910462498170937,-0.333308963279986
803,-1.28558,1.53209,-2727836502.98377,1611940509.90097,0.912416143750809,0.555523964114847
803,-1.31212,1.50942,-4840076225.30396,3091035155.44724,0.912416143750849,-0.555523964118962
802,-1.33826,1.48629,-7378681780.78863,4920974028.18541,0.910462498170897,0.333308963276791
802,-1.364,1.46271,-10271768584.4174,7194025652.28896,0.915346582364928,-0.77775250387821
801,-1.38932,1.43868,-13530478454.4852,9924577893.00566,0.909485669429954,0.111102085257172
801,-1.41421,1.41421,-17248503427.0908,13039450434.6603,0.919253778307104,-0.999999999999994
15850,-1.43868,1.38932,-21111380722.6278,16800975704.626,0.909485669429991,-0.111102085260237
15849,-1.46271,1.364,-25056033720.6675,21347626150.1934,0.915346582364828,0.777752503871364
15849,-1.48629,1.33826,-29939221761.4785,25614932387.8375,0.910462498171103,-0.333308963290387
15848,-1.50942,1.31212,-34199005293.0822,31347434482.6665,0.912416143750729,0.555523964099008
15848,-1.53209,1.28558,-39740430099.9012,36267804328.1375,0.912416143751185,-0.555523964140586
15847,-1.55429,1.25864,-44143633603.0097,43081187387.4261,0.910462498170851,0.333308963247569
15847,-1.57602,1.23132,-50203389411.5821,48497528263.8894,0.915346582365555,-0.777752503916249
15846,-1.59727,1.20363,-54618680981.6671,56161739593.8856,0.909485669429784,0.111102085221639
15845,-1.61803,1.17557,-59115308149.8004,64532033294.5734,0.919253778306531,0.999999999969823
15845,-1.6383,1.14715,-65382261704.1884,70054344215.9906,0.909485669429917,-0.111102085282151
15844,-1.65808,1.11839,-69920261479.2338,78616261758.5077,0.915346582364627,0.777752503855772
15844,-1.67734,1.08928,-76208191059.1253,84105047025.1845,0.910462498171251,-0.333308963307506
15843,-1.6961,1.05984,-80735774789.8725,92336475253.3446,0.912416143750542,0.555523964080906
15843,-1.71433,1.03008,-86835626731.3236,97592808918.1181,0.912416143751375,-0.555523964158831
15842,-1.73205,1,-91226037567.6553,104991299065.749,0.910462498170697,0.333308963230296
15842,-1.74924,0.969619,-96918259134.7913,109803213921.757,0.915346582365764,-0.777752503931822
15841,-1.7659,0.938943,-100940666507.318,115961374053.491,0.909485669429762,0.111102085205035
15840,-1.78201,0.907981,-105229942886.569,121615601265.818,0.919253778306162,0.999999999951483
15840,-1.79759,0.876742,-109336918813.538,124740725646.648,0.909485669429984,-0.111102085301589
15839,-1.81262,0.845237,-112782787983.396,128831474720.523,0.915346582364318,0.777752503835071
15839,-1.82709,0.813473,-115859310397.459,130913069579.66,0.910462498171391,-0.333308963330024
15838,-1.84101,0.781462,-118194863495.067,133187371831.388,0.912416143750253,0.555523964056986
15838,-1.85437,0.749213,-120054732585.431,134115226500.23,0.912416143751674,-0.555523964183544
15837,-1.86716,0.716736,-121152247731.286,134268771431.622,0.910462498170589,0.333308963203294
15837,-1.87939,0.68404,-121680173057.645,134044623833.628,0.915346582366259,-0.777752503962095
15836,-1.89104,0.651136,-121572474003.719,131764262133.054,0.909485669429715,0.111102085173074
15835,-1.90211,0.618034,-121671775188.288,127668266999.086,0.919253778305508,0.999999999918209
15835,-1.91261,0.584743,-119572597905.047,125572261483.148,0.909485669430068,-0.111102085335144
15834,-1.92252,0.551275,-118627462816.998,118578598300.201,0.915346582363818,0.777752503801208
15834,-1.93185,0.517638,-115374179419,115884792739.589,0.910462498171639,-0.333308963364235
15833,-1.94059,0.483844,-113457148350.119,106287237185.214,0.912416143749876,0.555523964021923
15833,-1.94874,0.449902,-109226140510.02,103219905044.267,0.912416143752063,-0.555523964220183
15832,-1.9563,0.415823,-106391260477.14,91643725546.0029,0.910462498170272,0.333308963168156
15832,-1.96325,0.381618,-101397947926.849,88420040279.4571,0.915346582366716,-0.7777525039937
15831,-1.96962,0.347296,-97744310305.2326,75771739032.3575,0.909485669429575,0.111102085145728
15830,-1.97538,0.312869,-93806350267.3979,62811397106.4015,0.91925377830502,0.999999999895294
15830,-1.98054,0.278346,-88009915361.3854,59962036688.3782,0.909485669430092,-0.111102085358556
15829,-1.98509,0.243739,-83510356680.9291,47874321780.676,0.915346582363415,0.777752503777664
15829,-1.98904,0.209057,-77912309186.8699,45486449034.6711,0.910462498171765,-0.333308963386404
15828,-1.99239,0.174311,-73356767833.9676,35176174958.6447,0.912416143749651,0.555523964001473
15828,-1.99513,0.139513,-68356487853.3608,33359955594.4562,0.912416143752222,-0.5555239642384
15827,-1.99726,0.104672,-64333131878.5613,25380152778.7139,0.910462498170184,0.3333089631488
15827,-1.99878,0.069799,-60283060407.2848,24145154218.0491,0.915346582367074,-0.777752504016448
15826,-1.9997,0.0349048,-57334665768.0391,18639016599.357,0.909485669429527,0.111102085121831
15825,-2,2.46315e-16,-54492813171.118,15037829468.5442,0.919253778304535,0.999999999870803
15825,-1.9997,-0.0349048,-53002853950.6436,14686244439.6019,0.909485669430051,-0.111102085378547
15824,-1.99878,-0.069799,-51748185775.7994,13134853566.9855,0.915346582363134,0.777752503762804
15824,-1.99726,-0.104672,-51629854204.2179,13035055988.6901,0.910462498171696,-0.333308963393566
15823,-1.99513,-0.139513,-51994689683.4392,13046135292.8454,0.912416143749586,0.555523964001405
15823,-1.99239,-0.174311,-53091008526.117,13114189949.56,0.912416143752114,-0.555523964232279
15822,-1.98904,-0.209057,-54772373402.6577,14057858942.4749,0.910462498170195,0.333308963161688
15822,-1.98509,-0.243739,-56739680102.7176,14207591654.1002,0.915346582366744,-0.7777525039964
15821,-1.98054,-0.278346,-59018955833.5743,15176294302.7277,0.909485669429545,0.111102085145526
15820,-1.97538,-0.312869,-61276152438.4866,15213857441.5767,0.919253778305042,0.999999999897283
15820,-1.96962,-0.347296,-63034671486.8164,15084960278.2183,0.909485669429957,-0.111102085350017
15819,-1.96325,-0.381618,-64212282952.6934,12956412517.5898,0.915346582363609,0.777752503792499
15819,-1.9563,-0.415823,-64772748540.1533,12548970321.9045,0.910462498171549,-0.333308963366345
15818,-1.94874,-0.449902,-63698923347.1681,7741516939.21921,0.912416143749872,0.555523964026319
15818,-1.94059,-0.483844,-62573056200.7458,7215802581.05413,0.91241614375188,-0.555523964209544
15817,-1.93185,-0.517638,-58842067681.0904,440441866.180592,0.910462498170337,0.33330896318265
15817,-1.92252,-0.551275,-56071853339.0792,186964328.363589,0.915346582366458,-0.777752503976945
15816,-1.91261,-0.584743,-50448220889.3184,-6811987242.44562,0.909485669429567,0.111102085165898
15815,-1.90211,-0.618034,-44533549078.0825,-12982155671.2542,0.919253778305528,0.999999999919178
15815,-1.89104,-0.651136,-40847214465.4625,-11942846575.2063,0.90948566942994,-0.111102085328262
15814,-1.87939,-0.68404,-35555216585.6989,-15679816235.1519,0.915346582363942,0.77775250381428
15814,-1.86716,-0.716736,-32847861670.6505,-14451511879.8028,0.910462498171397,-0.333308963343943
15813,-1.85437,-0.749213,-29618832111.7062,-16292409954.6245,0.912416143750119,0.555523964050056
15813,-1.84101,-0.781462,-28515495299.3771,-15601544394.1702,0.912416143751582,-0.555523964183381
15812,-1.82709,-0.813473,-27828807984.5701,-16680580036.2291,0.910462498170486,0.333308963212263
15812,-1.81262,-0.845237,-28354729998.2943,-16891761615.1996,0.915346582365912,-0.777752503943197
15811,-1.79759,-0.876742,-29351633283.9338,-17657981598.3634,0.909485669429641,0.111102085200675
15810,-1.78201,-0.907981,-30611287829.1877,-18374522143.7664,0.919253778306197,0.999999999954239
15810,-1.7659,-0.938943,-30715594545.6758,-18404959386.4857,0.90948566942985,-0.11110208529261
15809,-1.74924,-0.969619,-29606512925.5283,-19101484011.2436,0.915346582364535,0.777752503850301
15809,-1.73205,-1,-26551549529.9953,-17114137060.8717,0.9104624981712,-0.333308963308458
15808,-1.71433,-1.03008,-20643808956.3891,-16253040485.7804,0.912416143750526,0.555523964084446
15808,-1.6961,-1.05984,-14072948105.3602,-11072739241.9311,0.912416143751243,-0.555523964150944
15807,-1.67734,-1.08928,-5531064693.82065,-5873078884.46146,0.910462498170725,0.333308963242434
15807,-1.65808,-1.11839,2374745031.91623,2517121955.33403,0.915346582365503,-0.7777525039155
15806,-1.6383,-1.14715,8523286112.6623,12331402684.9214,0.90948566942967,0.111102085228524
15805,-1.61803,-1.17557,13183251319.9444,24270074595.7742,0.919253778306763,0.999999999982893
15805,-1.59727,-1.20363,17314580909.2975,31330034279.6762,0.909485669429812,-0.111102085265547
15804,-1.57602,-1.23132,19358939153.5728,41013392519.2131,0.915346582364898,0.777752503876549
15804,-1.55429,-1.25864,22714246042.2515,47266805286.3237,0.910462498170935,-0.333308963280012
15803,-1.53209,-1.28558,23355225808.4009,59064197785.8557,0.912416143750815,0.555523964114853
15803,-1.50942,-1.31212,27814386141.2687,69451899235.5827,0.912416143750855,-0.555523964118957
15802,-1.48629,-1.33826,25934618204.8749,90179337592.2278,0.910462498170897,0.333308963276791
15802,-1.46271,-1.364,30779860286.2126,105544181421.053,0.915346582364928,-0.77775250387821
15801,-1.43868,-1.38932,24519804907.292,133162703133.164,0.909485669429954,0.111102085257172
15801,-1.41421,-1.41421,28566601630.1602,150399728054.361,0.919253778307098,-0.999999999999989
10084,-1.38932,-1.43868,13460981962.4279,178980802692.057,-0.909485669429983,0.111102085260242
10184,-1.364,-1.46271,11985067348.1768,193930529857.315,-0.915346582364814,-0.777752503871363
10184,-1.33826,-1.48629,11842185460.6151,207450491944.301,-0.910462498171062,0.333308963290425
10284,-1.31212,-1.50942,-12686744416.5646,239517642898.113,-0.912416143750702,-0.555523964098991
10284,-1.28558,-1.53209,-13160936175.0048,246184667475.996,-0.912416143751175,0.55552396414059
10384,-1.25864,-1.55429,-53960631579.8945,276629276376.329,-0.910462498170858,-0.333308963247603
10384,-1.23132,-1.57602,-54513652339.6916,267645476122.454,-0.915346582365569,0.777752503916277
10484,-1.20363,-1.59727,43618873474.186,190224359797.07,-0.909485669429755,-0.111102085221656
10584,-1.17557,-1.61803,157817782979.429,107877422657.517,-0.919253778306467,-0.999999999969833
10584,-1.14715,-1.6383,168279310491.556,112589760037.344,-0.909485669429891,0.111102085282108
10684,-1.11839,-1.65808,180871333498.116,112766671491.384,-0.915346582364624,-0.777752503855743
10684,-1.08928,-1.67734,182926780743.37,110527094149.748,-0.910462498171255,0.333308963307532
10784,-1.05984,-1.6961,168849046113.567,113322094566.615,-0.912416143750544,-0.555523964080908
10784,-1.03008,-1.71433,161345338572.827,104939695817.642,-0.912416143751393,0.555523964158839
10884,-1,-1.73205,135577639272.224,107662777466.121,-0.910462498170715,-0.333308963230315
10884,-0.969619,-1.74924,128856696236.644,99518705336.5483,-0.915346582365772,0.777752503931858
10984,-0.938943,-1.7659,102906989714.482,101994813523.678,-0.909485669429763,-0.111102085205032
11084,-0.907981,-1.78201,71980118132.7065,106639220815.53,-0.919253778306154,-0.99999999995149
11084,-0.876742,-1.79759,66258793018.6912,97717917678.0458,-0.909485669429981,0.111102085301552
11184,-0.845237,-1.81262,38164083346.2406,99953021040.894,-0.915346582364332,-0.777752503835052
11184,-0.813473,-1.82709,34931500409.7886,91784622317.7414,-0.910462498171421,0.333308963330044
11284,-0.781462,-1.84101,18199107546.3176,90552685630.9648,-0.912416143750289,-0.555523964056998
11284,-0.749213,-1.85437,16228258819.0577,84357686708.18,-0.912416143751684,0.555523964183542
11384,-0.716736,-1.86716,8431586060.58238,80967526519.3373,-0.910462498170579,-0.333308963203316
11384,-0.68404,-1.87939,6521625666.84044,75546248819.78,-0.915346582366256,0.777752503962127
11484,-0.651136,-1.89104,2007161035.44587,71043075350.829,-0.9094856694297,-0.111102085173069
11584,-0.618034,-1.90211,-3867068289.43442,66985043281.3205,-0.919253778305473,-0.9999999999182
11584,-0.584743,-1.91261,-4868161464.84603,62096260603.3699,-0.909485669430035,0.111102085335111
11684,-0.551275,-1.92252,-11982149568.9829,59158116838.3605,-0.915346582363772,-0.777752503801188
11684,-0.517638,-1.93185,-12496569670.1914,54463741384.9004,-0.910462498171642,0.333308963364261
11784,-0.483844,-1.94059,-17904156170.2703,51436684174.2729,-0.912416143749915,-0.555523964021929
11784,-0.449902,-1.94874,-17914771902.3702,47514896221.1287,-0.912416143752077,0.555523964220183
11884,-0.415823,-1.9563,-21550327683.3416,43004622431.3053,-0.910462498170266,-0.33330896316818
11884,-0.381618,-1.96325,-22257204974.7601,37004690811.2457,-0.915346582366712,0.777752503993725
11984,-0.347296,-1.96962,-20766347542.1407,27064344177.3081,-0.909485669429565,-0.111102085145729
12084,-0.312869,-1.97538,-11667934674.897,15026043955.8034,-0.919253778305011,-0.999999999895287
12084,-0.278346,-1.98054,-13070913975.6091,6537768784.09381,-0.909485669430107,0.111102085358526
12184,-0.243739,-1.98509,-5752129093.1744,-2723172790.9947,-0.915346582363447,-0.777752503777644
12184,-0.209057,-1.98904,-6519470382.92371,-8650073512.18837,-0.910462498171781,0.333308963386432
12284,-0.174311,-1.99239,-3248509106.98969,-14758130956.1634,-0.912416143749663,-0.555523964001473
12284,-0.139513,-1.99513,-3695606814.00494,-19993844919.4823,-0.912416143752267,0.555523964238395
12384,-0.104672,-1.99726,-1828446086.15094,-24305608375.5887,-0.910462498170238,-0.333308963148834
12384,-0.069799,-1.99878,-1999104872.22775,-27687746804.0278,-0.915346582367131,0.777752504016471
12484,-0.0349048,-1.9997,-1792623939.79694,-30316765154.8471,-0.909485669429557,-0.111102085121833
12584,-4.35203e-16,-2,-1554461296.43067,-32683923907.7902,-0.919253778304537,-0.999999999870803
12584,0.0349048,-1.9997,-1489803579.73092,-34844280084.0881,-0.909485669430058,0.111102085378513
12684,0.069799,-1.99878,-198717713.35292,-36920526518.5416,-0.915346582363139,-0.777752503762792
12684,0.104672,-1.99726,-92023134.6299034,-39047206184.9639,-0.9104624981717,0.333308963393593
12784,0.139513,-1.99513,2376159398.15662,-40924866734.9498,-0.912416143749591,-0.555523964001403
12784,0.174311,-1.99239,2521356574.04236,-42820739958.9168,-0.912416143752134,0.555523964232273
12884,0.209057,-1.98904,5787886448.90077,-44100709747.3618,-0.91046249817019,-0.333308963161724
12884,0.243739,-1.98509,5936435298.33352,-45454300195.5163,-0.915346582366752,0.777752503996427
12984,0.278346,-1.98054,9456863107.45428,-45823203278.7162,-0.909485669429543,-0.111102085145531
13084,0.312869,-1.97538,12918226666.5822,-45937668362.4208,-0.919253778305079,-0.999999999897294
13084,0.347296,-1.96962,12872470411.5761,-45905072415.5142,-0.909485669429971,0.111102085349981
13184,0.381618,-1.96325,15940708680.8752,-45123679888.5406,-0.915346582363621,-0.777752503792476
13184,0.415823,-1.9563,15677343563.1859,-44413674336.078,-0.910462498171561,0.33330896336634
13284,0.449902,-1.94874,18097407579.0528,-42814460019.7303,-0.912416143749886,-0.555523964026324
13284,0.483844,-1.94059,17551686010.1329,-41459418109.8882,-0.912416143751904,0.555523964209538
13384,0.517638,-1.93185,19124257037.3726,-39131580108.263,-0.910462498170363,-0.333308963182687
13384,0.551275,-1.92252,18244023527.7403,-37167198711.6366,-0.915346582366464,0.777752503976962
13484,0.584743,-1.91261,18799723268.8395,-34205438615.4607,-0.909485669429569,-0.111102085165906
13584,0.618034,-1.90211,18611606579.8908,-31337456912.1861,-0.919253778305519,-0.999999999919186
13584,0.651136,-1.89104,16998965203.114,-28287782179.7644,-0.909485669429928,0.111102085328226
13684,0.68404,-1.87939,15748354030.4468,-25118991154.9601,-0.915346582363942,-0.777752503814258
13684,0.716736,-1.86716,13911681257.6879,-21835661207.2446,-0.910462498171394,0.333308963343945
13784,0.749213,-1.85437,11926240948.4759,-18633300921.3018,-0.912416143750121,-0.555523964050058
13784,0.781462,-1.84101,10033784185.8586,-15372782164.0651,-0.91241614375158,0.555523964183364
13884,0.813473,-1.82709,7794271863.38888,-12362919547.633,-0.91046249817049,-0.333308963212306
13884,0.845237,-1.81262,6032536547.78265,-9373636281.02042,-0.915346582365913,0.777752503943214
13984,0.876742,-1.79759,4028340488.83873,-6713581922.59286,-0.909485669429626,-0.1111020852007
14084,0.907981,-1.78201,2376453948.36728,-4284951857.2299,-0.919253778306215,-0.999999999954254
14084,0.938943,-1.7659,1106348723.57866,-1989541622.22091,-0.909485669429858,0.111102085292581
14184,0.969619,-1.74924,26533160.2317043,-51331602.3876188,-0.915346582364524,-0.777752503850263
14184,1,-1.73205,-815230147.274228,1595434060.98201,-0.910462498171194,0.333308963308465
14284,1.03008,-1.71433,-1436430956.75371,2914995039.38281,-0.91241614375052,-0.55552396408445
14284,1.05984,-1.6961,-1879944101.54987,3921106591.6392,-0.912416143751235,0.55552396415093
14384,1.08928,-1.67734,-2268626128.67146,4560880996.29882,-0.910462498170724,-0.333308963242461
14384,1.11839,-1.65808,-2407605549.51676,5024254646.9767,-0.915346582365498,0.777752503915531
14484,1.14715,-1.6383,-2814766388.74598,5045664858.62121,-0.909485669429676,-0.111102085228531
14584,1.17557,-1.61803,-3450561538.75915,4661089514.63888,-0.919253778306762,-0.999999999982903
14584,1.20363,-1.59727,-3481278431.26795,4715165509.40624,-0.909485669429825,0.1111020852655
14684,1.23132,-1.57602,-4596176866.96074,3873053083.24961,-0.91534658236492,-0.777752503876537
14684,1.25864,-1.55429,-4787202329.8428,3976497294.57143,-0.910462498170955,0.333308963280004
14784,1.28558,-1.53209,-6757972733.85034,2794020591.13143,-0.912416143750819,-0.555523964114867
14784,1.31212,-1.50942,-7299492693.38828,3147538367.80851,-0.912416143750872,0.555523964118932
14884,1.33826,-1.48629,-10321228128.8946,1728936421.78556,-0.910462498170903,-0.333308963276861
14884,1.364,-1.46271,-11315123541.836,2429444475.33483,-0.915346582364901,0.777752503878194
14984,1.38932,-1.43868,-15140418420.7584,937368511.661591,-0.909485669429939,-0.111102085257194
14984,1.41421,-1.41421,-16507425688.1051,1951632018.72363,-0.919253778307102,0.999999999999985
5850,1.43868,-1.38932,-20544527257.6993,649260924.46518,0.909485669429985,-0.111102085260202
5849,1.46271,-1.364,-24253421761.3992,-333227727.586016,0.915346582364833,0.777752503871339
5849,1.48629,-1.33826,-25928481463.0242,1095072567.06624,0.910462498171102,-0.333308963290407
5848,1.50942,-1.31212,-29262448375.2373,756395904.693623,0.91241614375073,0.555523964099018
5848,1.53209,-1.28558,-31011545168.4453,2329908292.01612,0.912416143751186,-0.555523964140576
5847,1.55429,-1.25864,-33802707166.9844,2488813510.24471,0.91046249817085,0.333308963247604
5847,1.57602,-1.23132,-35390399910.4817,3971788507.63249,0.91534658236556,-0.777752503916265
5846,1.59727,-1.20363,-37439137438.3606,4313127197.14903,0.909485669429786,0.111102085221649
5845,1.61803,-1.17557,-39085424045.8054,4973219109.47853,0.919253778306525,0.999999999969829
5845,1.6383,-1.14715,-40118728489.7268,5948419246.0807,0.909485669429914,-0.11110208528211
5844,1.65808,-1.11839,-41298464555.2453,6645961281.15711,0.915346582364627,0.777752503855747
5844,1.67734,-1.08928,-42262361298.7903,7479326213.73429,0.910462498171258,-0.333308963307527
5843,1.6961,-1.05984,-43234356188.3341,8193450862.74164,0.912416143750537,0.555523964080912
5843,1.71433,-1.03008,-44111348324.2019,8900199271.62488,0.912416143751378,-0.555523964158821
5842,1.73205,-1,-44912693652.45,9456507585.58014,0.910462498170701,0.333308963230334
5842,1.74924,-0.969619,-45607285481.1478,10019465285.2564,0.915346582365767,-0.777752503931841
5841,1.7659,-0.938943,-46260616852.0747,10322734066.0625,0.909485669429766,0.111102085205045
5840,1.78201,-0.907981,-46915966342.4761,10555170980.1816,0.919253778306158,0.99999999995149
5840,1.79759,-0.876742,-47437435381.844,10925764093.5463,0.909485669429983,-0.111102085301555
5839,1.81262,-0.845237,-48076054449.6254,11117429648.5477,0.915346582364319,0.777752503835052
5839,1.82709,-0.813473,-48686750087.0104,11463924323.7766,0.910462498171384,-0.333308963330046
5838,1.84101,-0.781462,-49396128707.77,11657734095.8779,0.912416143750258,0.555523964056995
5838,1.85437,-0.749213,-50082262388.1972,11981008154.9664,0.91241614375167,-0.555523964183538
5837,1.86716,-0.716736,-50834483100.539,12090472434.7971,0.91046249817059,0.333308963203332
5837,1.87939,-0.68404,-51524116922.8219,12376260749.4623,0.915346582366259,-0.777752503962114
5836,1.89104,-0.651136,-52261444116.0256,12316719816.0727,0.909485669429712,0.11110208517308
5835,1.90211,-0.618034,-53042931999.7877,12163245145.2553,0.919253778305505,0.999999999918216
5835,1.91261,-0.584743,-53630337578.2562,12348877785.3653,0.909485669430072,-0.111102085335106
5834,1.92252,-0.551275,-54376672050.8612,12132964480.1524,0.915346582363824,0.777752503801191
5834,1.93185,-0.517638,-55002081621.019,12303358151.8519,0.910462498171638,-0.333308963364257
5833,1.94059,-0.483844,-55751914930.0051,12141911574.6858,0.912416143749874,0.555523964021932
5833,1.94874,-0.449902,-56446920193.5432,12306745542.4817,0.91241614375206,-0.555523964220175
5832,1.9563,-0.415823,-57203255235.0242,12257281743.1726,0.910462498170272,0.333308963168192
5832,1.96325,-0.381618,-57945853280.5269,12414458960.4463,0.915346582366721,-0.777752503993719
5831,1.96962,-0.347296,-58653113794.7588,12452766701.8698,0.909485669429573,0.111102085145735
5830,1.97538,-0.312869,-59384283198.4222,12550665885.9589,0.919253778305019,0.999999999895301
5830,1.98054,-0.278346,-59955303025.3754,12638481892.2212,0.909485669430095,-0.11110208535852
5829,1.98509,-0.243739,-60547002415.2283,12660946088.3112,0.915346582363408,0.777752503777643
5829,1.98904,-0.209057,-60986138846.8719,12715241024.3242,0.910462498171767,-0.333308963386425
5828,1.99239,-0.174311,-61403618005.048,12592388688.3756,0.91241614374965,0.555523964001481
5828,1.99513,-0.139513,-61716761973.0759,12619458426.4014,0.912416143752221,-0.555523964238393
5827,1.99726,-0.104672,-61991554054.4666,12320846246.2722,0.910462498170182,0.333308963148836
5827,1.99878,-0.069799,-62227882808.3202,12336806404.0642,0.915346582367075,-0.777752504016468
5826,1.9997,-0.0349048,-62436626695.5281,11860200095.6056,0.909485669429527,0.111102085121839
