origElemNum,globCoord-x,globCoord-y,acouPotentialD1-,locCoord-xi,locCoord-eta
5825,2,-2.20442e-18,-0.0013679982921514,0.919253778304535,0.999999999870795
5825,1.9997,0.0349048,-0.00105650631409466,0.909485669430051,-0.11110208537854
5824,1.99878,0.069799,-0.00074502362560402,0.915346582363134,0.7777525037628
5824,1.99726,0.104672,-0.000433643220605422,0.910462498171695,-0.333308963393583
5823,1.99513,0.139513,-0.000122224878039964,0.912416143749585,0.555523964001403
5823,1.99239,0.174311,0.000188995495192526,0.912416143752112,-0.555523964232293
5822,1.98904,0.209057,0.000499958900433533,0.910462498170195,0.33330896316169
5822,1.98509,0.243739,0.000811062505873332,0.915346582366752,-0.777752503996411
5821,1.98054,0.278346,0.00112128636299523,0.909485669429537,0.111102085145532
5820,1.97538,0.312869,0.00143233577118826,0.91925377830504,0.999999999897275
5820,1.96962,0.347296,0.00174135350218679,0.909485669429959,-0.111102085350008
5819,1.96325,0.381618,0.00205123231698295,0.915346582363608,0.777752503792493
5819,1.9563,0.415823,0.00235918980518078,0.910462498171543,-0.333308963366333
5818,1.94874,0.449902,0.00266700429951845,0.912416143749872,0.555523964026318
5818,1.94059,0.483844,0.0029734849316606,0.912416143751876,-0.555523964209557
5817,1.93185,0.517638,0.0032784152766748,0.910462498170338,0.333308963182653
5817,1.92252,0.551275,0.00358318066836154,0.915346582366455,-0.777752503976955
5816,1.91261,0.584743,0.0038846795827525,0.909485669429567,0.111102085165898
5815,1.90211,0.618034,0.00418763768220138,0.919253778305533,0.999999999919169
5815,1.89104,0.651136,0.00448534382642642,0.909485669429933,-0.111102085328256
5814,1.87939,0.68404,0.00478464871027225,0.915346582363941,0.777752503814277
5814,1.86716,0.716736,0.0050801754575629,0.910462498171402,-0.333308963343933
5813,1.85437,0.749213,0.00537567209274277,0.912416143750119,0.555523964050056
5813,1.84101,0.781462,0.00566922639248528,0.912416143751575,-0.555523964183394
5812,1.82709,0.813473,0.00596090305044284,0.910462498170486,0.333308963212263
5812,1.81262,0.845237,0.00625268338292709,0.915346582365915,-0.777752503943209
5811,1.79759,0.876742,0.00654037536392827,0.909485669429635,0.111102085200681
5810,1.78201,0.907981,0.00683037477614999,0.919253778306195,0.999999999954235
5810,1.7659,0.938943,0.00711365980974529,0.909485669429844,-0.111102085292603
5809,1.74924,0.969619,0.00739930274466554,0.915346582364538,0.777752503850291
5809,1.73205,1,0.00768014681121476,0.910462498171199,-0.333308963308445
5808,1.71433,1.03008,0.00796100765426174,0.912416143750526,0.555523964084446
5808,1.6961,1.05984,0.00823934471542234,0.912416143751246,-0.555523964150953
5807,1.67734,1.08928,0.0085150658384491,0.910462498170725,0.333308963242434
5807,1.65808,1.11839,0.008790814483466,0.915346582365508,-0.777752503915519
5806,1.6383,1.14715,0.00906101791570198,0.909485669429676,0.11110208522853
5805,1.61803,1.17557,0.00933407746198545,0.919253778306765,0.999999999982884
5805,1.59727,1.20363,0.00959837531651538,0.909485669429817,-0.111102085265541
5804,1.57602,1.23132,0.00986561550616483,0.9153465823649,0.777752503876539
5804,1.55429,1.25864,0.0101268165532851,0.910462498170939,-0.333308963279996
5803,1.53209,1.28558,0.0103880835920715,0.912416143750815,0.555523964114853
5803,1.50942,1.31212,0.0106463168755231,0.91241614375085,-0.555523964118972
5802,1.48629,1.33826,0.0109014938770796,0.910462498170897,0.333308963276791
5802,1.46271,1.364,0.0111567923864019,0.915346582364929,-0.77775250387822
5801,1.43868,1.38932,0.0114055836530157,0.909485669429954,0.111102085257182
5801,1.41421,1.41421,0.0116578502643338,0.919253778307104,-0.999999999999994
850,1.38932,1.43868,0.0118998610303666,0.909485669429991,-0.111102085260227
849,1.364,1.46271,0.0121454017887276,0.915346582364834,0.777752503871359
849,1.33826,1.48629,0.0123838393822304,0.910462498171096,-0.333308963290402
848,1.31212,1.50942,0.0126222871273986,0.912416143750729,0.555523964099008
848,1.28558,1.53209,0.0128570529802986,0.912416143751184,-0.555523964140596
847,1.25864,1.55429,0.0130879522579495,0.910462498170846,0.333308963247574
847,1.23132,1.57602,0.013318824292841,0.915346582365554,-0.777752503916259
846,1.20363,1.59727,0.013541535354876,0.90948566942978,0.111102085221654
845,1.17557,1.61803,0.0137681961190954,0.919253778306528,0.999999999969813
845,1.14715,1.6383,0.0139821001402577,0.909485669429915,-0.111102085282135
844,1.11839,1.65808,0.0141999884883853,0.915346582364625,0.777752503855763
844,1.08928,1.67734,0.0144089713993707,0.910462498171253,-0.333308963307521
843,1.05984,1.6961,0.0146176441354846,0.912416143750542,0.555523964080906
843,1.03008,1.71433,0.0148215418201503,0.912416143751377,-0.555523964158847
842,1,1.73205,0.0150204434759356,0.910462498170698,0.333308963230309
842,0.969619,1.74924,0.0152190127414031,0.915346582365766,-0.777752503931825
841,0.938943,1.7659,0.0154074552218043,0.909485669429764,0.111102085205048
840,0.907981,1.78201,0.0156003866325928,0.919253778306164,0.99999999995148
840,0.876742,1.79759,0.0157777226730092,0.909485669429979,-0.11110208530158
839,0.845237,1.81262,0.0159595976328111,0.91534658236432,0.777752503835068
839,0.813473,1.82709,0.0161305372155079,0.91046249817139,-0.33330896333004
838,0.781462,1.84101,0.0163008655827406,0.912416143750255,0.555523964056983
838,0.749213,1.85437,0.0164652455222329,0.912416143751674,-0.555523964183563
837,0.716736,1.86716,0.0166234020573042,0.910462498170584,0.333308963203304
837,0.68404,1.87939,0.0167809334327749,0.915346582366261,-0.777752503962098
836,0.651136,1.89104,0.0169262157140455,0.909485669429719,0.111102085173086
835,0.618034,1.90211,0.0170766569237307,0.919253778305509,0.999999999918205
835,0.584743,1.91261,0.0172084970153033,0.909485669430073,-0.111102085335132
834,0.551275,1.92252,0.0173455614239891,0.915346582363819,0.777752503801204
834,0.517638,1.93185,0.017469520353695,0.910462498171637,-0.333308963364254
833,0.483844,1.94059,0.0175925498814606,0.912416143749877,0.55552396402192
833,0.449902,1.94874,0.017708325748182,0.91241614375206,-0.555523964220202
832,0.415823,1.9563,0.0178165582512354,0.910462498170279,0.333308963168166
832,0.381618,1.96325,0.017923875895958,0.915346582366717,-0.777752503993703
831,0.347296,1.96962,0.0180167647905647,0.909485669429573,0.111102085145737
830,0.312869,1.97538,0.0181155959780443,0.919253778305012,0.99999999989529
830,0.278346,1.98054,0.0181928522797315,0.909485669430091,-0.111102085358547
829,0.243739,1.98509,0.0182761923480286,0.915346582363415,0.77775250377766
829,0.209057,1.98904,0.0183445227265781,0.910462498171767,-0.333308963386422
828,0.174311,1.99239,0.0184119100822199,0.912416143749651,0.55552396400147
828,0.139513,1.99513,0.0184711388496048,0.912416143752224,-0.555523964238419
827,0.104672,1.99726,0.0185220065221101,0.910462498170184,0.33330896314881
827,0.069799,1.99878,0.018572024139529,0.915346582367074,-0.777752504016452
826,0.0349048,1.9997,0.018605962075106,0.909485669429527,0.111102085121841
825,1.27747e-16,2,0.0186467772947882,0.919253778304535,0.999999999870799
825,-0.0349048,1.9997,0.0186635033688118,0.909485669430051,-0.111102085378537
824,-0.069799,1.99878,0.018687243041637,0.915346582363134,0.777752503762801
824,-0.104672,1.99726,0.0186943851830918,0.910462498171695,-0.333308963393583
823,-0.139513,1.99513,0.018700766870742,0.912416143749585,0.555523964001401
823,-0.174311,1.99239,0.0186984060603502,0.912416143752112,-0.555523964232297
822,-0.209057,1.98904,0.0186873111500393,0.910462498170195,0.333308963161685
822,-0.243739,1.98509,0.0186756793190986,0.915346582366744,-0.777752503996403
821,-0.278346,1.98054,0.0186472158674849,0.909485669429538,0.111102085145537
820,-0.312869,1.97538,0.0186266488286299,0.919253778305041,0.999999999897278
820,-0.347296,1.96962,0.0185808183211128,0.90948566942996,-0.111102085350006
819,-0.381618,1.96325,0.0185430061745622,0.915346582363608,0.777752503792493
819,-0.415823,1.9563,0.0184879839349841,0.910462498171543,-0.333308963366333
818,-0.449902,1.94874,0.0184326488175982,0.912416143749872,0.555523964026316
818,-0.483844,1.94059,0.0183685118209045,0.912416143751875,-0.555523964209561
817,-0.517638,1.93185,0.0182956899427027,0.910462498170336,0.333308963182646
817,-0.551275,1.92252,0.0182228244640872,0.915346582366457,-0.777752503976948
816,-0.584743,1.91261,0.0181328590778866,0.909485669429562,0.111102085165907
815,-0.618034,1.90211,0.0180516848072286,0.919253778305526,0.999999999919175
815,-0.651136,1.89104,0.017944798536685,0.909485669429935,-0.111102085328253
814,-0.68404,1.87939,0.017846852804697,0.915346582363941,0.777752503814277
814,-0.716736,1.86716,0.0177318171022526,0.910462498171402,-0.333308963343933
813,-0.749213,1.85437,0.017617218206263,0.912416143750117,0.555523964050053
813,-0.781462,1.84101,0.0174944010808123,0.912416143751584,-0.555523964183396
812,-0.813473,1.82709,0.0173635525355447,0.910462498170484,0.33330896321226
812,-0.845237,1.81262,0.0172334149214793,0.91534658236591,-0.7777525039432
811,-0.876742,1.79759,0.0170866492035488,0.909485669429639,0.111102085200672
810,-0.907981,1.78201,0.0169494277431825,0.919253778306197,0.999999999954239
810,-0.938943,1.7659,0.0167868596936896,0.909485669429848,-0.111102085292613
809,-0.969619,1.74924,0.0166339435262226,0.915346582364533,0.777752503850298
809,-1,1.73205,0.0164645519946279,0.910462498171205,-0.333308963308436
808,-1.03008,1.71433,0.0162962704494834,0.912416143750522,0.55552396408444
808,-1.05984,1.6961,0.0161204659759032,0.912416143751243,-0.555523964150944
807,-1.08928,1.67734,0.0159372663976022,0.910462498170733,0.33330896324243
807,-1.11839,1.65808,0.015755361467211,0.915346582365511,-0.777752503915504
806,-1.14715,1.6383,0.0155575444692885,0.909485669429678,0.11110208522852
805,-1.17557,1.61803,0.015369722301895,0.91925377830677,0.999999999982889
805,-1.20363,1.59727,0.0151574482107926,0.909485669429819,-0.111102085265551
804,-1.23132,1.57602,0.0149552506681397,0.915346582364893,0.777752503876544
804,-1.25864,1.55429,0.0147375113924798,0.910462498170937,-0.333308963279986
803,-1.28558,1.53209,0.0145215014872219,0.912416143750809,0.555523964114847
803,-1.31212,1.50942,0.014298825731319,0.912416143750849,-0.555523964118962
802,-1.33826,1.48629,0.0140696544591689,0.910462498170897,0.333308963276791
802,-1.364,1.46271,0.013842376959768,0.915346582364928,-0.77775250387821
801,-1.38932,1.43868,0.013600398024118,0.909485669429954,0.111102085257172
801,-1.41421,1.41421,0.0133686312798165,0.919253778307104,-0.999999999999994
15850,-1.43868,1.38932,0.0131141539423852,0.909485669429991,-0.111102085260237
15849,-1.46271,1.364,0.0128699502701524,0.915346582364828,0.777752503871364
15849,-1.48629,1.33826,0.0126116578033176,0.910462498171103,-0.333308963290387
15848,-1.50942,1.31212,0.0123556517432497,0.912416143750729,0.555523964099008
15848,-1.53209,1.28558,0.012093981747352,0.912416143751185,-0.555523964140586
15847,-1.55429,1.25864,0.0118267749458153,0.910462498170851,0.333308963247569
15847,-1.57602,1.23132,0.0115619371500806,0.915346582365555,-0.777752503916249
15846,-1.59727,1.20363,0.0112838213118516,0.909485669429784,0.111102085221639
15845,-1.61803,1.17557,0.0110158256464238,0.919253778306531,0.999999999969823
15845,-1.6383,1.14715,0.0107272034381341,0.909485669429917,-0.111102085282151
15844,-1.65808,1.11839,0.0104487669310309,0.915346582364627,0.777752503855772
15844,-1.67734,1.08928,0.0101579732994238,0.910462498171251,-0.333308963307506
15843,-1.6961,1.05984,0.00986995096681841,0.912416143750542,0.555523964080906
15843,-1.71433,1.03008,0.00957738599280627,0.912416143751375,-0.555523964158831
15842,-1.73205,1,0.00928043689072334,0.910462498170697,0.333308963230296
15842,-1.74924,0.969619,0.00898632226120531,0.915346582365764,-0.777752503931822
15841,-1.7659,0.938943,0.00868085866193695,0.909485669429762,0.111102085205035
15840,-1.78201,0.907981,0.0083852560106885,0.919253778306162,0.999999999951483
15840,-1.79759,0.876742,0.00807180557934657,0.909485669429984,-0.111102085301589
15839,-1.81262,0.845237,0.00776825489071274,0.915346582364318,0.777752503835071
15839,-1.82709,0.813473,0.00745439497015017,0.910462498171391,-0.333308963330024
15838,-1.84101,0.781462,0.00714376357601578,0.912416143750253,0.555523964056986
15838,-1.85437,0.749213,0.00682984483754697,0.912416143751674,-0.555523964183544
15837,-1.86716,0.716736,0.00651271743377789,0.910462498170589,0.333308963203294
15837,-1.87939,0.68404,0.00619879108179141,0.915346582366259,-0.777752503962095
15836,-1.89104,0.651136,0.00587560041748446,0.909485669429715,0.111102085173074
15835,-1.90211,0.618034,0.00556180391036935,0.919253778305508,0.999999999918209
15835,-1.91261,0.584743,0.00523328804359286,0.909485669430068,-0.111102085335144
15834,-1.92252,0.551275,0.00491416045009734,0.915346582363818,0.777752503801208
15834,-1.93185,0.517638,0.00458680503428816,0.910462498171639,-0.333308963364235
15833,-1.94059,0.483844,0.00426285930530149,0.912416143749876,0.555523964021923
15833,-1.94874,0.449902,0.00393661240589973,0.912416143752063,-0.555523964220183
15832,-1.9563,0.415823,0.00360810606310887,0.910462498170272,0.333308963168156
15832,-1.96325,0.381618,0.00328292587717508,0.915346582366716,-0.7777525039937
15831,-1.96962,0.347296,0.00295050716319597,0.909485669429575,0.111102085145728
15830,-1.97538,0.312869,0.00262680503639088,0.91925377830502,0.999999999895294
15830,-1.98054,0.278346,0.00229156029836922,0.909485669430092,-0.111102085358556
15829,-1.98509,0.243739,0.001965054263038,0.915346582363415,0.777752503777664
15829,-1.98904,0.209057,0.00163261203439279,0.910462498171765,-0.333308963386404
15828,-1.99239,0.174311,0.00130388504150068,0.912416143749651,0.555523964001473
15828,-1.99513,0.139513,0.000974152524862021,0.912416143752222,-0.5555239642384
15827,-1.99726,0.104672,0.000643498063845705,0.910462498170184,0.3333089631488
15827,-1.99878,0.069799,0.000316475808477788,0.915346582367074,-0.777752504016448
15826,-1.9997,0.0349048,-1.55771804347344e-05,0.909485669429527,0.111102085121831
15825,-2,2.46315e-16,-0.000339707516349444,0.919253778304535,0.999999999870803
15825,-1.9997,-0.0349048,-0.00067248355822792,0.909485669430051,-0.111102085378547
15824,-1.99878,-0.069799,-0.000997437532264281,0.915346582363134,0.777752503762804
15824,-1.99726,-0.104672,-0.00132648762171403,0.910462498171696,-0.333308963393566
15823,-1.99513,-0.139513,-0.00165175008866879,0.912416143749586,0.555523964001405
15823,-1.99239,-0.174311,-0.00197697095786806,0.912416143752114,-0.555523964232279
15822,-1.98904,-0.209057,-0.0023018651194146,0.910462498170195,0.333308963161688
15822,-1.98509,-0.243739,-0.00262295601553415,0.915346582366744,-0.7777525039964
15821,-1.98054,-0.278346,-0.00294654397808885,0.909485669429545,0.111102085145526
15820,-1.97538,-0.312869,-0.00326309159263689,0.919253778305042,0.999999999897283
15820,-1.96962,-0.347296,-0.00358473001458477,0.909485669429957,-0.111102085350017
15819,-1.96325,-0.381618,-0.00389954266928822,0.915346582363609,0.777752503792499
15819,-1.9563,-0.415823,-0.00421627731613853,0.910462498171549,-0.333308963366345
15818,-1.94874,-0.449902,-0.00452926444772774,0.912416143749872,0.555523964026319
15818,-1.94059,-0.483844,-0.0048412330497566,0.91241614375188,-0.555523964209544
15817,-1.93185,-0.517638,-0.00515185895892831,0.910462498170337,0.33330896318265
15817,-1.92252,-0.551275,-0.00545871794250906,0.915346582366458,-0.777752503976945
15816,-1.91261,-0.584743,-0.00576603436481551,0.909485669429567,0.111102085165898
15815,-1.90211,-0.618034,-0.00606741891252614,0.919253778305528,0.999999999919178
15815,-1.89104,-0.651136,-0.00637075420137234,0.90948566942994,-0.111102085328262
15814,-1.87939,-0.68404,-0.00666833772977581,0.915346582363942,0.77775250381428
15814,-1.86716,-0.716736,-0.00696559941983316,0.910462498171397,-0.333308963343943
15813,-1.85437,-0.749213,-0.00725896297570387,0.912416143750119,0.555523964050056
15813,-1.84101,-0.781462,-0.00754998461120369,0.912416143751582,-0.555523964183381
15812,-1.82709,-0.813473,-0.00783836519193716,0.910462498170486,0.333308963212263
15812,-1.81262,-0.845237,-0.00812286339292906,0.915346582365912,-0.777752503943197
15811,-1.79759,-0.876742,-0.00840566164593767,0.909485669429641,0.111102085200675
15810,-1.78201,-0.907981,-0.00868367517301453,0.919253778306197,0.999999999954239
15810,-1.7659,-0.938943,-0.00896062683941736,0.90948566942985,-0.11110208529261
15809,-1.74924,-0.969619,-0.00923299943918197,0.915346582364535,0.777752503850301
15809,-1.73205,-1,-0.00950297993855886,0.9104624981712,-0.333308963308458
15808,-1.71433,-1.03008,-0.00976913016044231,0.912416143750526,0.555523964084446
15808,-1.6961,-1.05984,-0.0100319144051963,0.912416143751243,-0.555523964150944
15807,-1.67734,-1.08928,-0.0102911610725429,0.910462498170725,0.333308963242434
15807,-1.65808,-1.11839,-0.0105466933505466,0.915346582365503,-0.7777525039155
15806,-1.6383,-1.14715,-0.0107986438928079,0.90948566942967,0.111102085228524
15805,-1.61803,-1.17557,-0.0110470571683794,0.919253778306763,0.999999999982893
15805,-1.59727,-1.20363,-0.0112915602065406,0.909485669429812,-0.111102085265547
15804,-1.57602,-1.23132,-0.0115327365514336,0.915346582364898,0.777752503876549
15804,-1.55429,-1.25864,-0.0117696637669427,0.910462498170935,-0.333308963280012
15803,-1.53209,-1.28558,-0.0120029406230865,0.912416143750815,0.555523964114853
15803,-1.50942,-1.31212,-0.0122319841546421,0.912416143750855,-0.555523964118957
15802,-1.48629,-1.33826,-0.0124566177559443,0.910462498170897,0.333308963276791
15802,-1.46271,-1.364,-0.0126777228232322,0.915346582364928,-0.77775250387821
15801,-1.43868,-1.38932,-0.0128934057538795,0.909485669429954,0.111102085257172
15801,-1.41421,-1.41421,-0.0131068092545585,0.919253778307098,-0.999999999999989
10084,-1.38932,-1.43868,-0.0133133412828671,-0.909485669429983,0.111102085260242
10184,-1.364,-1.46271,-0.0135177956234775,-0.915346582364814,-0.777752503871363
10184,-1.33826,-1.48629,-0.013716121245008,-0.910462498171062,0.333308963290425
10284,-1.31212,-1.50942,-0.013911082686413,-0.912416143750702,-0.555523964098991
10284,-1.28558,-1.53209,-0.0141010986021147,-0.912416143751175,0.55552396414059
10384,-1.25864,-1.55429,-0.014286129201713,-0.910462498170858,-0.333308963247603
10384,-1.23132,-1.57602,-0.0144680259654458,-0.915346582365569,0.777752503916277
10484,-1.20363,-1.59727,-0.0146431324372419,-0.909485669429755,-0.111102085221656
10584,-1.17557,-1.61803,-0.0148173607345097,-0.919253778306467,-0.999999999969833
10584,-1.14715,-1.6383,-0.0149824785795535,-0.909485669429891,0.111102085282108
10684,-1.11839,-1.65808,-0.015146914106997,-0.915346582364624,-0.777752503855743
10684,-1.08928,-1.67734,-0.0153038342340445,-0.910462498171255,0.333308963307532
10784,-1.05984,-1.6961,-0.0154578992738211,-0.912416143750544,-0.555523964080908
10784,-1.03008,-1.71433,-0.0156066300472855,-0.912416143751393,0.555523964158839
10884,-1,-1.73205,-0.015749986136793,-0.910462498170715,-0.333308963230315
10884,-0.969619,-1.74924,-0.0158907246043113,-0.915346582365772,0.777752503931858
10984,-0.938943,-1.7659,-0.0160233400911647,-0.909485669429763,-0.111102085205032
11084,-0.907981,-1.78201,-0.0161564694964529,-0.919253778306154,-0.99999999995149
11084,-0.876742,-1.79759,-0.0162782458096758,-0.909485669429981,0.111102085301552
11184,-0.845237,-1.81262,-0.0164007456422703,-0.915346582364332,-0.777752503835052
11184,-0.813473,-1.82709,-0.0165144999428854,-0.910462498171421,0.333308963330044
11284,-0.781462,-1.84101,-0.0166259756920363,-0.912416143750289,-0.555523964056998
11284,-0.749213,-1.85437,-0.0167318530772491,-0.912416143751684,0.555523964183542
11384,-0.716736,-1.86716,-0.0168322490649083,-0.910462498170579,-0.333308963203316
11384,-0.68404,-1.87939,-0.0169307149224313,-0.915346582366256,0.777752503962127
11484,-0.651136,-1.89104,-0.0170201518288325,-0.9094856694297,-0.111102085173069
11584,-0.618034,-1.90211,-0.0171115579106859,-0.919253778305473,-0.9999999999182
11584,-0.584743,-1.91261,-0.0171898303081151,-0.909485669430035,0.111102085335111
11684,-0.551275,-1.92252,-0.0172702993062053,-0.915346582363772,-0.777752503801188
11684,-0.517638,-1.93185,-0.0173412752899741,-0.910462498171642,0.333308963364261
11784,-0.483844,-1.94059,-0.0174108559016696,-0.912416143749915,-0.555523964021929
11784,-0.449902,-1.94874,-0.0174750782492793,-0.912416143752077,0.555523964220183
11884,-0.415823,-1.9563,-0.0175340889953412,-0.910462498170266,-0.33330896316818
11884,-0.381618,-1.96325,-0.0175920680361521,-0.915346582366712,0.777752503993725
11984,-0.347296,-1.96962,-0.0176404297630067,-0.909485669429565,-0.111102085145729
12084,-0.312869,-1.97538,-0.0176921973900114,-0.919253778305011,-0.999999999895287
12084,-0.278346,-1.98054,-0.0177294126815475,-0.909485669430107,0.111102085358526
12184,-0.243739,-1.98509,-0.0177701961639552,-0.915346582363447,-0.777752503777644
12184,-0.209057,-1.98904,-0.0178007601532061,-0.910462498171781,0.333308963386432
12284,-0.174311,-1.99239,-0.0178305864568327,-0.912416143749663,-0.555523964001473
12284,-0.139513,-1.99513,-0.0178550331474548,-0.912416143752267,0.555523964238395
12384,-0.104672,-1.99726,-0.0178741795660334,-0.910462498170238,-0.333308963148834
12384,-0.069799,-1.99878,-0.0178928868670224,-0.915346582367131,0.777752504016471
12484,-0.0349048,-1.9997,-0.0179013492014741,-0.909485669429557,-0.111102085121833
12584,-4.35203e-16,-2,-0.0179144723607661,-0.919253778304537,-0.999999999870803
12584,0.0349048,-1.9997,-0.0179120747425402,-0.909485669430058,0.111102085378513
12684,0.069799,-1.99878,-0.01791451730212,-0.915346582363139,-0.777752503762792
12684,0.104672,-1.99726,-0.0179063856957101,-0.9104624981717,0.333308963393593
12784,0.139513,-1.99513,-0.0178980830575089,-0.912416143749591,-0.555523964001403
12784,0.174311,-1.99239,-0.0178843807495917,-0.912416143752134,0.555523964232273
12884,0.209057,-1.98904,-0.0178651444581535,-0.91046249817019,-0.333308963161724
12884,0.243739,-1.98509,-0.0178458609652553,-0.915346582366752,0.777752503996427
12984,0.278346,-1.98054,-0.0178153223717498,-0.909485669429543,-0.111102085145531
13084,0.312869,-1.97538,-0.0177903534323397,-0.919253778305079,-0.999999999897294
13084,0.347296,-1.96962,-0.0177483843715914,-0.909485669429971,0.111102085349981
13184,0.381618,-1.96325,-0.0177121726471442,-0.915346582363621,-0.777752503792476
13184,0.415823,-1.9563,-0.0176647168148148,-0.910462498171561,0.33330896336634
13284,0.449902,-1.94874,-0.0176174709396434,-0.912416143749886,-0.555523964026324
13284,0.483844,-1.94059,-0.0175647315899034,-0.912416143751904,0.555523964209538
13384,0.517638,-1.93185,-0.0175062994120615,-0.910462498170363,-0.333308963182687
13384,0.551275,-1.92252,-0.0174480924670488,-0.915346582366464,0.777752503976962
13484,0.584743,-1.91261,-0.0173780377329161,-0.909485669429569,-0.111102085165906
13584,0.618034,-1.90211,-0.017314155924964,-0.919253778305519,-0.999999999919186
13584,0.651136,-1.89104,-0.0172322612475106,-0.909485669429928,0.111102085328226
13684,0.68404,-1.87939,-0.0171565934388263,-0.915346582363942,-0.777752503814258
13684,0.716736,-1.86716,-0.0170689558981465,-0.910462498171394,0.333308963343945
13784,0.749213,-1.85437,-0.016981465829661,-0.912416143750121,-0.555523964050058
13784,0.781462,-1.84101,-0.0168880244989524,-0.91241614375158,0.555523964183364
13884,0.813473,-1.82709,-0.0167885172861154,-0.91046249817049,-0.333308963212306
13884,0.845237,-1.81262,-0.0166891468164105,-0.915346582365913,0.777752503943214
13984,0.876742,-1.79759,-0.0165775668366071,-0.909485669429626,-0.1111020852007
14084,0.907981,-1.78201,-0.0164723102309835,-0.919253778306215,-0.999999999954254
14084,0.938943,-1.7659,-0.01634878874836,-0.909485669429858,0.111102085292581
14184,0.969619,-1.74924,-0.0162315736281954,-0.915346582364524,-0.777752503850263
14184,1,-1.73205,-0.016102220686973,-0.910462498171194,0.333308963308465
14284,1.03008,-1.71433,-0.0159729210090058,-0.91241614375052,-0.55552396408445
14284,1.05984,-1.6961,-0.0158375279787259,-0.912416143751235,0.55552396415093
14384,1.08928,-1.67734,-0.0156959973383922,-0.910462498170724,-0.333308963242461
14384,1.11839,-1.65808,-0.0155544660376662,-0.915346582365498,0.777752503915531
14484,1.14715,-1.6383,-0.0154007870340271,-0.909485669429676,-0.111102085228531
14584,1.17557,-1.61803,-0.0152531233520513,-0.919253778306762,-0.999999999982903
14584,1.20363,-1.59727,-0.0150875407312299,-0.909485669429825,0.1111020852655
14684,1.23132,-1.57602,-0.0149278911760191,-0.91534658236492,-0.777752503876537
14684,1.25864,-1.55429,-0.0147563904977315,-0.910462498170955,0.333308963280004
14784,1.28558,-1.53209,-0.0145847460802277,-0.912416143750819,-0.555523964114867
14784,1.31212,-1.50942,-0.0144070911420115,-0.912416143750872,0.555523964118932
14884,1.33826,-1.48629,-0.0142234136177772,-0.910462498170903,-0.333308963276861
14884,1.364,-1.46271,-0.0140394720464204,-0.915346582364901,0.777752503878194
14984,1.38932,-1.43868,-0.0138439652068588,-0.909485669429939,-0.111102085257194
14984,1.41421,-1.41421,-0.0136537425579267,-0.919253778307102,0.999999999999985
5850,1.43868,-1.38932,-0.0134467229203838,0.909485669429985,-0.111102085260202
5849,1.46271,-1.364,-0.0132448595038879,0.915346582364833,0.777752503871339
5849,1.48629,-1.33826,-0.0130319607061308,0.910462498171102,-0.333308963290407
5848,1.50942,-1.31212,-0.0128187326389877,0.91241614375073,0.555523964099018
5848,1.53209,-1.28558,-0.0125999369839088,0.912416143751186,-0.555523964140576
5847,1.55429,-1.25864,-0.012375752449489,0.91046249817085,0.333308963247604
5847,1.57602,-1.23132,-0.0121511822033473,0.91534658236556,-0.777752503916265
5846,1.59727,-1.20363,-0.0119166761700654,0.909485669429786,0.111102085221649
5845,1.61803,-1.17557,-0.011686553368345,0.919253778306525,0.999999999969829
5845,1.6383,-1.14715,-0.0114423356477199,0.909485669429914,-0.11110208528211
5844,1.65808,-1.11839,-0.0112023605489011,0.915346582364627,0.777752503855747
5844,1.67734,-1.08928,-0.0109532301806541,0.910462498171258,-0.333308963307527
5843,1.6961,-1.05984,-0.0107037663244691,0.912416143750537,0.555523964080912
5843,1.71433,-1.03008,-0.0104497000441056,0.912416143751378,-0.555523964158821
5842,1.73205,-1,-0.0101911694964743,0.910462498170701,0.333308963230334
5842,1.74924,-0.969619,-0.00993218009802457,0.915346582365767,-0.777752503931841
5841,1.7659,-0.938943,-0.00966508860930653,0.909485669429766,0.111102085205045
5840,1.78201,-0.907981,-0.00940122938809187,0.919253778306158,0.99999999995149
5840,1.79759,-0.876742,-0.00912608207416785,0.909485669429983,-0.111102085301555
5839,1.81262,-0.845237,-0.00885400177366894,0.915346582364319,0.777752503835052
5839,1.82709,-0.813473,-0.00857468866844572,0.910462498171384,-0.333308963330046
5838,1.84101,-0.781462,-0.00829498551556047,0.912416143750258,0.555523964056995
5838,1.85437,-0.749213,-0.00801172754737649,0.91241614375167,-0.555523964183538
5837,1.86716,-0.716736,-0.00772531387573596,0.91046249817059,0.333308963203332
5837,1.87939,-0.68404,-0.00743855026938613,0.915346582366259,-0.777752503962114
5836,1.89104,-0.651136,-0.0071465027428964,0.909485669429712,0.11110208517308
5835,1.90211,-0.618034,-0.00685666160003739,0.919253778305505,0.999999999918216
5835,1.91261,-0.584743,-0.00655989089522001,0.909485669430072,-0.111102085335106
5834,1.92252,-0.551275,-0.00626524601513705,0.915346582363824,0.777752503801191
5834,1.93185,-0.517638,-0.00596651873208704,0.910462498171638,-0.333308963364257
5833,1.94059,-0.483844,-0.00566780076322507,0.912416143749874,0.555523964021932
5833,1.94874,-0.449902,-0.00536727641520397,0.91241614375206,-0.555523964220175
5832,1.9563,-0.415823,-0.00506510668012769,0.910462498170272,0.333308963168192
5832,1.96325,-0.381618,-0.00476284960239033,0.915346582366721,-0.777752503993719
5831,1.96962,-0.347296,-0.00445765252519708,0.909485669429573,0.111102085145735
5830,1.97538,-0.312869,-0.00415358560614447,0.919253778305019,0.999999999895301
5830,1.98054,-0.278346,-0.00384573010141839,0.909485669430095,-0.11110208535852
5829,1.98509,-0.243739,-0.00353885429219108,0.915346582363408,0.777752503777643
5829,1.98904,-0.209057,-0.00322989508758423,0.910462498171767,-0.333308963386425
5828,1.99239,-0.174311,-0.00292089063105933,0.91241614374965,0.555523964001481
5828,1.99513,-0.139513,-0.00261108604444199,0.912416143752221,-0.555523964238393
5827,1.99726,-0.104672,-0.00230069851638208,0.910462498170182,0.333308963148836
5827,1.99878,-0.069799,-0.00199023080597571,0.915346582367075,-0.777752504016468
5826,1.9997,-0.0349048,-0.00167904719702815,0.909485669429527,0.111102085121839
