origElemNum,globCoord-x,globCoord-y,acouPotentialD1-,locCoord-xi,locCoord-eta
5825,2,-2.20442e-18,0.00591061095375526,0.919253778304535,0.999999999870795
5825,1.9997,0.0349048,0.00576782071792243,0.909485669430051,-0.11110208537854
5824,1.99878,0.069799,0.00563590224462482,0.915346582363134,0.7777525037628
5824,1.99726,0.104672,0.00549905224902973,0.910462498171695,-0.333308963393583
5823,1.99513,0.139513,0.00536779750863534,0.912416143749585,0.555523964001403
5823,1.99239,0.174311,0.00523693764102705,0.912416143752112,-0.555523964232293
5822,1.98904,0.209057,0.00510651353446356,0.910462498170195,0.33330896316169
5822,1.98509,0.243739,0.00498168084081123,0.915346582366752,-0.777752503996411
5821,1.98054,0.278346,0.0048522996057633,0.909485669429537,0.111102085145532
5820,1.97538,0.312869,0.00473357531004795,0.91925377830504,0.999999999897275
5820,1.96962,0.347296,0.00460556339350131,0.909485669429959,-0.111102085350008
5819,1.96325,0.381618,0.00448823014697905,0.915346582363608,0.777752503792493
5819,1.9563,0.415823,0.00436692641555899,0.910462498171543,-0.333308963366333
5818,1.94874,0.449902,0.00425150598716917,0.912416143749872,0.555523964026318
5818,1.94059,0.483844,0.00413722817968015,0.912416143751876,-0.555523964209557
5817,1.93185,0.517638,0.00402431803490959,0.910462498170338,0.333308963182653
5817,1.92252,0.551275,0.00391735924290274,0.915346582366455,-0.777752503976955
5816,1.91261,0.584743,0.00380741572252423,0.909485669429567,0.111102085165898
5815,1.90211,0.618034,0.00370789494846691,0.919253778305533,0.999999999919169
5815,1.89104,0.651136,0.00360108012959163,0.909485669429933,-0.111102085328256
5814,1.87939,0.68404,0.00350456502292429,0.915346582363941,0.777752503814277
5814,1.86716,0.716736,0.00340521261531173,0.910462498171402,-0.333308963343933
5813,1.85437,0.749213,0.00331169004275821,0.912416143750119,0.555523964050056
5813,1.84101,0.781462,0.00321968719482206,0.912416143751575,-0.555523964183394
5812,1.82709,0.813473,0.00312923586933381,0.910462498170486,0.333308963212263
5812,1.81262,0.845237,0.00304452512773856,0.915346582365915,-0.777752503943209
5811,1.79759,0.876742,0.00295725149850509,0.909485669429635,0.111102085200681
5810,1.78201,0.907981,0.00287974725017862,0.919253778306195,0.999999999954235
5810,1.7659,0.938943,0.00279573292576685,0.909485669429844,-0.111102085292603
5809,1.74924,0.969619,0.00272138828048693,0.915346582364538,0.777752503850291
5809,1.73205,1,0.00264477004800789,0.910462498171199,-0.333308963308445
5808,1.71433,1.03008,0.00257384361698239,0.912416143750526,0.555523964084446
5808,1.6961,1.05984,0.0025047470685715,0.912416143751246,-0.555523964150953
5807,1.67734,1.08928,0.00243765407313481,0.910462498170725,0.333308963242434
5807,1.65808,1.11839,0.00237624161902208,0.915346582365508,-0.777752503915519
5806,1.6383,1.14715,0.00231336996859992,0.909485669429676,0.11110208522853
5805,1.61803,1.17557,0.00225973169496149,0.919253778306765,0.999999999982884
5805,1.59727,1.20363,0.00220131950842087,0.909485669429817,-0.111102085265541
5804,1.57602,1.23132,0.00215205177718302,0.9153465823649,0.777752503876539
5804,1.55429,1.25864,0.00210166154247959,0.910462498170939,-0.333308963279996
5803,1.53209,1.28558,0.00205694314558226,0.912416143750815,0.555523964114853
5803,1.50942,1.31212,0.00201456172510642,0.91241614375085,-0.555523964118972
5802,1.48629,1.33826,0.00197457805055554,0.910462498170897,0.333308963276791
5802,1.46271,1.364,0.00194017492869542,0.915346582364929,-0.77775250387822
5801,1.43868,1.38932,0.00190505560579351,0.909485669429954,0.111102085257182
5801,1.41421,1.41421,0.00187855769338432,0.919253778307104,-0.999999999999994
850,1.38932,1.43868,0.00184837730102717,0.909485669429991,-0.111102085260227
849,1.364,1.46271,0.00182670831923261,0.915346582364834,0.777752503871359
849,1.33826,1.48629,0.00180450281180771,0.910462498171096,-0.333308963290402
848,1.31212,1.50942,0.00178770755352208,0.912416143750729,0.555523964099008
848,1.28558,1.53209,0.0017733585326213,0.912416143751184,-0.555523964140596
847,1.25864,1.55429,0.00176144009507039,0.910462498170846,0.333308963247574
847,1.23132,1.57602,0.00175480358716354,0.915346582365554,-0.777752503916259
846,1.20363,1.59727,0.00174774074165356,0.90948566942978,0.111102085221654
845,1.17557,1.61803,0.0017486876155399,0.919253778306528,0.999999999969813
845,1.14715,1.6383,0.0017465145823957,0.909485669429915,-0.111102085282135
844,1.11839,1.65808,0.00175227070124896,0.915346582364625,0.777752503855763
844,1.08928,1.67734,0.00175775726540133,0.910462498171253,-0.333308963307521
843,1.05984,1.6961,0.00176834897946504,0.912416143750542,0.555523964080906
843,1.03008,1.71433,0.00178133499093639,0.912416143751377,-0.555523964158847
842,1,1.73205,0.00179663250670937,0.910462498170698,0.333308963230309
842,0.969619,1.74924,0.0018168868265056,0.915346582365766,-0.777752503931825
841,0.938943,1.7659,0.00183670932454088,0.909485669429764,0.111102085205048
840,0.907981,1.78201,0.00186403393757234,0.919253778306164,0.99999999995148
840,0.876742,1.79759,0.00188831548893772,0.909485669429979,-0.11110208530158
839,0.845237,1.81262,0.0019200359004364,0.91534658236432,0.777752503835068
839,0.813473,1.82709,0.00195137024267916,0.91046249817139,-0.33330896333004
838,0.781462,1.84101,0.00198745316743159,0.912416143750255,0.555523964056983
838,0.749213,1.85437,0.00202567082295224,0.912416143751674,-0.555523964183563
837,0.716736,1.86716,0.00206590315323959,0.910462498170584,0.333308963203304
837,0.68404,1.87939,0.0021107413017853,0.915346582366261,-0.777752503962098
836,0.651136,1.89104,0.00215487635403333,0.909485669429719,0.111102085173086
835,0.618034,1.90211,0.00220614859182625,0.919253778305509,0.999999999918205
835,0.584743,1.91261,0.00225411137167363,0.909485669430073,-0.111102085335132
834,0.551275,1.92252,0.00230918216520282,0.915346582363819,0.777752503801204
834,0.517638,1.93185,0.00236355397701281,0.910462498171637,-0.333308963364254
833,0.483844,1.94059,0.00242237441351376,0.912416143749877,0.55552396402192
833,0.449902,1.94874,0.00248301730290358,0.91241614375206,-0.555523964220202
832,0.415823,1.9563,0.00254537583629921,0.910462498170279,0.333308963168166
832,0.381618,1.96325,0.00261207989789189,0.915346582366717,-0.777752503993703
831,0.347296,1.96962,0.00267773205570128,0.909485669429573,0.111102085145737
830,0.312869,1.97538,0.00275034501653717,0.919253778305012,0.99999999989529
830,0.278346,1.98054,0.00281911231621209,0.909485669430091,-0.111102085358547
829,0.243739,1.98509,0.00289479978742417,0.915346582363415,0.77775250377766
829,0.209057,1.98904,0.00296921063908236,0.910462498171767,-0.333308963386422
828,0.174311,1.99239,0.00304775167780872,0.912416143749651,0.55552396400147
828,0.139513,1.99513,0.00312763624600369,0.912416143752224,-0.555523964238419
827,0.104672,1.99726,0.0032088018728475,0.910462498170184,0.33330896314881
827,0.069799,1.99878,0.00329405181885558,0.915346582367074,-0.777752504016452
826,0.0349048,1.9997,0.00337770404734675,0.909485669429527,0.111102085121841
825,1.27747e-16,2,0.00346828422054323,0.919253778304535,0.999999999870799
825,-0.0349048,1.9997,0.00355430534879057,0.909485669430051,-0.111102085378537
824,-0.069799,1.99878,0.00364724522109925,0.915346582363134,0.777752503762801
824,-0.104672,1.99726,0.00373833719042524,0.910462498171695,-0.333308963393583
823,-0.139513,1.99513,0.00383339040223829,0.912416143749585,0.555523964001401
823,-0.174311,1.99239,0.00392941371079265,0.912416143752112,-0.555523964232297
822,-0.209057,1.98904,0.00402634961831767,0.910462498170195,0.333308963161685
822,-0.243739,1.98509,0.00412722943249922,0.915346582366744,-0.777752503996403
821,-0.278346,1.98054,0.00422589376422184,0.909485669429538,0.111102085145537
820,-0.312869,1.97538,0.00433160124283965,0.919253778305041,0.999999999897278
820,-0.347296,1.96962,0.00443181183186025,0.90948566942996,-0.111102085350006
819,-0.381618,1.96325,0.00453907012012234,0.915346582363608,0.777752503792493
819,-0.415823,1.9563,0.00464380708241444,0.910462498171543,-0.333308963366333
818,-0.449902,1.94874,0.00475243037776688,0.912416143749872,0.555523964026316
818,-0.483844,1.94059,0.0048616965648062,0.912416143751875,-0.555523964209561
817,-0.517638,1.93185,0.00497163739421172,0.910462498170336,0.333308963182646
817,-0.551275,1.92252,0.00508551900382427,0.915346582366457,-0.777752503976948
816,-0.584743,1.91261,0.00519669149796611,0.909485669429562,0.111102085165907
815,-0.618034,1.90211,0.00531515442713953,0.919253778305526,0.999999999919175
815,-0.651136,1.89104,0.00542723547822192,0.909485669429935,-0.111102085328253
814,-0.68404,1.87939,0.00554658174936668,0.915346582363941,0.777752503814277
814,-0.716736,1.86716,0.00566272256348935,0.910462498171402,-0.333308963343933
813,-0.749213,1.85437,0.00578269326773914,0.912416143750117,0.555523964050053
813,-0.781462,1.84101,0.00590295215464516,0.912416143751584,-0.555523964183396
812,-0.813473,1.82709,0.00602357758960684,0.910462498170484,0.33330896321226
812,-0.845237,1.81262,0.00614812184618323,0.91534658236591,-0.7777525039432
811,-0.876742,1.79759,0.00626938665200072,0.909485669429639,0.111102085200672
810,-0.907981,1.78201,0.00639821814350306,0.919253778306197,0.999999999954239
810,-0.938943,1.7659,0.00651985126547142,0.909485669429848,-0.111102085292613
809,-0.969619,1.74924,0.00664905571432004,0.915346582364533,0.777752503850298
809,-1,1.73205,0.00677459461244442,0.910462498171205,-0.333308963308436
808,-1.03008,1.71433,0.00690405449437389,0.912416143750522,0.55552396408444
808,-1.05984,1.6961,0.00703365626676172,0.912416143751243,-0.555523964150944
807,-1.08928,1.67734,0.00716349998020399,0.910462498170733,0.33330896324243
807,-1.11839,1.65808,0.00729736572840804,0.915346582365511,-0.777752503915504
806,-1.14715,1.6383,0.00742762583968808,0.909485669429678,0.11110208522852
805,-1.17557,1.61803,0.00756579408228287,0.91925377830677,0.999999999982889
805,-1.20363,1.59727,0.00769620924187057,0.909485669429819,-0.111102085265551
804,-1.23132,1.57602,0.00783452537392697,0.915346582364893,0.777752503876544
804,-1.25864,1.55429,0.00796879767550437,0.910462498170937,-0.333308963279986
803,-1.28558,1.53209,0.0081070252750172,0.912416143750809,0.555523964114847
803,-1.31212,1.50942,0.00824516227274933,0.912416143750849,-0.555523964118962
802,-1.33826,1.48629,0.00838321033555291,0.910462498170897,0.333308963276791
802,-1.364,1.46271,0.00852524259169642,0.915346582364928,-0.77775250387821
801,-1.38932,1.43868,0.00866300092799176,0.909485669429954,0.111102085257172
801,-1.41421,1.41421,0.00880890744381164,0.919253778307104,-0.999999999999994
15850,-1.43868,1.38932,0.00894623100138051,0.909485669429991,-0.111102085260237
15849,-1.46271,1.364,0.00909174089914308,0.915346582364828,0.777752503871364
15849,-1.48629,1.33826,0.0092327463745321,0.910462498171103,-0.333308963290387
15848,-1.50942,1.31212,0.00937772725784252,0.912416143750729,0.555523964099008
15848,-1.53209,1.28558,0.00952238350005829,0.912416143751185,-0.555523964140586
15847,-1.55429,1.25864,0.00966664308702441,0.910462498170851,0.333308963247569
15847,-1.57602,1.23132,0.00981485008918744,0.915346582365555,-0.777752503916249
15846,-1.59727,1.20363,0.00995816466620808,0.909485669429784,0.111102085221639
15845,-1.61803,1.17557,0.0101098452460153,0.919253778306531,0.999999999969823
15845,-1.6383,1.14715,0.0102521533773787,0.909485669429917,-0.111102085282151
15844,-1.65808,1.11839,0.0104029020440998,0.915346582364627,0.777752503855772
15844,-1.67734,1.08928,0.0105487150215975,0.910462498171251,-0.333308963307506
15843,-1.6961,1.05984,0.0106984876621244,0.912416143750542,0.555523964080906
15843,-1.71433,1.03008,0.0108476772740006,0.912416143751375,-0.555523964158831
15842,-1.73205,1,0.0109960906173293,0.910462498170697,0.333308963230296
15842,-1.74924,0.969619,0.0111483430907401,0.915346582365764,-0.777752503931822
15841,-1.7659,0.938943,0.0112949163696338,0.909485669429762,0.111102085205035
15840,-1.78201,0.907981,0.0114499760809932,0.919253778306162,0.999999999951483
15840,-1.79759,0.876742,0.0115945280569351,0.909485669429984,-0.111102085301589
15839,-1.81262,0.845237,0.0117476206313984,0.915346582364318,0.777752503835071
15839,-1.82709,0.813473,0.0118949515791515,0.910462498171391,-0.333308963330024
15838,-1.84101,0.781462,0.012046021078133,0.912416143750253,0.555523964056986
15838,-1.85437,0.749213,0.0121959784503641,0.912416143751674,-0.555523964183544
15837,-1.86716,0.716736,0.0123445960846222,0.910462498170589,0.333308963203294
15837,-1.87939,0.68404,0.012496795658515,0.915346582366259,-0.777752503962095
15836,-1.89104,0.651136,0.0126424770688582,0.909485669429715,0.111102085173074
15835,-1.90211,0.618034,0.0127966844761551,0.919253778305508,0.999999999918209
15835,-1.91261,0.584743,0.0129393531206932,0.909485669430068,-0.111102085335144
15834,-1.92252,0.551275,0.0130906108085545,0.915346582363818,0.777752503801208
15834,-1.93185,0.517638,0.0132353833806386,0.910462498171639,-0.333308963364235
15833,-1.94059,0.483844,0.0133836890358748,0.912416143749876,0.555523964021923
15833,-1.94874,0.449902,0.013530434474758,0.912416143752063,-0.555523964220183
15832,-1.9563,0.415823,0.0136754442759088,0.910462498170272,0.333308963168156
15832,-1.96325,0.381618,0.0138238515114685,0.915346582366716,-0.7777525039937
15831,-1.96962,0.347296,0.0139651701097544,0.909485669429575,0.111102085145728
15830,-1.97538,0.312869,0.0141150385485708,0.91925377830502,0.999999999895294
15830,-1.98054,0.278346,0.014252446158599,0.909485669430092,-0.111102085358556
15829,-1.98509,0.243739,0.014398374325357,0.915346582363415,0.777752503777664
15829,-1.98904,0.209057,0.0145369230332781,0.910462498171765,-0.333308963386404
15828,-1.99239,0.174311,0.0146786090314922,0.912416143749651,0.555523964001473
15828,-1.99513,0.139513,0.0148180463473776,0.912416143752222,-0.5555239642384
15827,-1.99726,0.104672,0.0149551505889175,0.910462498170184,0.3333089631488
15827,-1.99878,0.069799,0.0150953060705593,0.915346582367074,-0.777752504016448
15826,-1.9997,0.0349048,0.0152276514872269,0.909485669429527,0.111102085121831
15825,-2,2.46315e-16,0.0153684679558689,0.919253778304535,0.999999999870803
15825,-1.9997,-0.0349048,0.0154959159830088,0.909485669430051,-0.111102085378547
15824,-1.99878,-0.069799,0.0156317840633145,0.915346582363134,0.777752503762804
15824,-1.99726,-0.104672,0.0157595112562271,0.910462498171696,-0.333308963393566
15823,-1.99513,-0.139513,0.0158900414895919,0.912416143749586,0.555523964001405
15823,-1.99239,-0.174311,0.0160177684739999,0.912416143752114,-0.555523964232279
15822,-1.98904,-0.209057,0.0161426105128288,0.910462498170195,0.333308963161688
15822,-1.98509,-0.243739,0.0162701718891016,0.915346582366744,-0.7777525039964
15821,-1.98054,-0.278346,0.0163891378681402,0.909485669429545,0.111102085145526
15820,-1.97538,-0.312869,0.0165164513443738,0.919253778305042,0.999999999897283
15820,-1.96962,-0.347296,0.0166293162464839,0.909485669429957,-0.111102085350017
15819,-1.96325,-0.381618,0.0167504616006865,0.915346582363609,0.777752503792499
15819,-1.9563,-0.415823,0.0168626521871604,0.910462498171549,-0.333308963366345
15818,-1.94874,-0.449902,0.0169773543695544,0.912416143749872,0.555523964026319
15818,-1.94059,-0.483844,0.0170887830058377,0.91241614375188,-0.555523964209544
15817,-1.93185,-0.517638,0.0171969871368812,0.910462498170337,0.33330896318265
15817,-1.92252,-0.551275,0.0173077038402209,0.915346582366458,-0.777752503976945
15816,-1.91261,-0.584743,0.0174093210853764,0.909485669429567,0.111102085165898
15815,-1.90211,-0.618034,0.0175191957040974,0.919253778305528,0.999999999919178
15815,-1.89104,-0.651136,0.0176137859881898,0.90948566942994,-0.111102085328262
15814,-1.87939,-0.68404,0.0177165052092192,0.915346582363942,0.77775250381428
15814,-1.86716,-0.716736,0.0178095339823725,0.910462498171397,-0.333308963343943
15813,-1.85437,-0.749213,0.0179047756158846,0.912416143750119,0.555523964050056
15813,-1.84101,-0.781462,0.0179962791621949,0.912416143751582,-0.555523964183381
15812,-1.82709,-0.813473,0.0180841916828639,0.910462498170486,0.333308963212263
15812,-1.81262,-0.845237,0.0181743855106251,0.915346582365912,-0.777752503943197
15811,-1.79759,-0.876742,0.0182550677701054,0.909485669429641,0.111102085200675
15810,-1.78201,-0.907981,0.0183439208027743,0.919253778306197,0.999999999954239
15810,-1.7659,-0.938943,0.0184170813180496,0.90948566942985,-0.11110208529261
15809,-1.74924,-0.969619,0.0184983348637724,0.915346582364535,0.777752503850301
15809,-1.73205,-1,0.018569724163729,0.9104624981712,-0.333308963308458
15808,-1.71433,-1.03008,0.0186433000153266,0.912416143750526,0.555523964084446
15808,-1.6961,-1.05984,0.0187131006869419,0.912416143751243,-0.555523964150944
15807,-1.67734,-1.08928,0.0187792989314671,0.910462498170725,0.333308963242434
15807,-1.65808,-1.11839,0.0188477773450716,0.915346582365503,-0.7777525039155
15806,-1.6383,-1.14715,0.0189067937568747,0.90948566942967,0.111102085228524
15805,-1.61803,-1.17557,0.0189740055274419,0.919253778306763,0.999999999982893
15805,-1.59727,-1.20363,0.0190256405566253,0.909485669429812,-0.111102085265547
15804,-1.57602,-1.23132,0.0190854046721072,0.915346582364898,0.777752503876549
15804,-1.55429,-1.25864,0.019135387313762,0.910462498170935,-0.333308963280012
15803,-1.53209,-1.28558,0.0191875434389496,0.912416143750815,0.555523964114853
15803,-1.50942,-1.31212,0.0192358954870246,0.912416143750855,-0.555523964118957
15802,-1.48629,-1.33826,0.0192804804436658,0.910462498170897,0.333308963276791
15802,-1.46271,-1.364,0.0193272527213426,0.915346582364928,-0.77775250387821
15801,-1.43868,-1.38932,0.019364266046094,0.909485669429954,0.111102085257172
15801,-1.41421,-1.41421,0.0194094331071293,0.919253778307098,-0.999999999999989
10084,-1.38932,-1.43868,0.0194388173037632,-0.909485669429983,0.111102085260242
10184,-1.364,-1.46271,0.0194763532236275,-0.915346582364814,-0.777752503871363
10184,-1.33826,-1.48629,0.0195040720102448,-0.910462498171062,0.333308963290425
10284,-1.31212,-1.50942,0.019533949894988,-0.912416143750702,-0.555523964098991
10284,-1.28558,-1.53209,0.0195599841111308,-0.912416143751175,0.55552396414059
10384,-1.25864,-1.55429,0.0195821137961089,-0.910462498170858,-0.333308963247603
10384,-1.23132,-1.57602,0.0196063618340682,-0.915346582365569,0.777752503916277
10484,-1.20363,-1.59727,0.019620609326122,-0.909485669429755,-0.111102085221656
10584,-1.17557,-1.61803,0.0196429940622509,-0.919253778306467,-0.999999999969833
10584,-1.14715,-1.6383,0.0196494215142736,-0.909485669429891,0.111102085282108
10684,-1.11839,-1.65808,0.0196640400547487,-0.915346582364624,-0.777752503855743
10684,-1.08928,-1.67734,0.0196688446924509,-0.910462498171255,0.333308963307532
10784,-1.05984,-1.6961,0.0196757897189741,-0.912416143750544,-0.555523964080908
10784,-1.03008,-1.71433,0.0196788447317309,-0.912416143751393,0.555523964158839
10884,-1,-1.73205,0.0196777972224805,-0.910462498170715,-0.333308963230315
10884,-0.969619,-1.74924,0.0196787528977691,-0.915346582365772,0.777752503931858
10984,-0.938943,-1.7659,0.019669281693934,-0.909485669429763,-0.111102085205032
11084,-0.907981,-1.78201,0.0196678690362738,-0.919253778306154,-0.99999999995149
11084,-0.876742,-1.79759,0.0196499320560833,-0.909485669429981,0.111102085301552
11184,-0.845237,-1.81262,0.0196401078351124,-0.915346582364332,-0.777752503835052
11184,-0.813473,-1.82709,0.0196200689965167,-0.910462498171421,0.333308963330044
11284,-0.781462,-1.84101,0.0196020102105949,-0.912416143750289,-0.555523964056998
11284,-0.749213,-1.85437,0.0195798142171833,-0.912416143751684,0.555523964183542
11384,-0.716736,-1.86716,0.0195532845842209,-0.910462498170579,-0.333308963203316
11384,-0.68404,-1.87939,0.0195286102678917,-0.915346582366256,0.777752503962127
11484,-0.651136,-1.89104,0.019493309503067,-0.9094856694297,-0.111102085173069
11584,-0.618034,-1.90211,0.0194660124316971,-0.919253778305473,-0.9999999999182
11584,-0.584743,-1.91261,0.0194221183545017,-0.909485669430035,0.111102085335111
11684,-0.551275,-1.92252,0.0193863184725863,-0.915346582363772,-0.777752503801188
11684,-0.517638,-1.93185,0.0193403115740228,-0.910462498171642,0.333308963364261
11784,-0.483844,-1.94059,0.0192962965629609,-0.912416143749915,-0.555523964021929
11784,-0.449902,-1.94874,0.0192481886657647,-0.912416143752077,0.555523964220183
11884,-0.415823,-1.9563,0.0191958809719167,-0.910462498170266,-0.33330896316818
11884,-0.381618,-1.96325,0.0191455019720337,-0.915346582366712,0.777752503993725
11984,-0.347296,-1.96962,0.0190848029106152,-0.909485669429565,-0.111102085145729
12084,-0.312869,-1.97538,0.0190321389617262,-0.919253778305011,-0.999999999895287
12084,-0.278346,-1.98054,0.0189631958089738,-0.909485669430107,0.111102085358526
12184,-0.243739,-1.98509,0.0189023236918442,-0.915346582363447,-0.777752503777644
12184,-0.209057,-1.98904,0.0188313416143389,-0.910462498171781,0.333308963386432
12284,-0.174311,-1.99239,0.0187623539644733,-0.912416143749663,-0.555523964001473
12284,-0.139513,-1.99513,0.0186893136055507,-0.912416143752267,0.555523964238395
12384,-0.104672,-1.99726,0.0186122470872205,-0.910462498170238,-0.333308963148834
12384,-0.069799,-1.99878,0.0185372077807499,-0.915346582367131,0.777752504016471
12484,-0.0349048,-1.9997,0.0184522577591993,-0.909485669429557,-0.111102085121833
12584,-4.35203e-16,-2,0.0183753993358119,-0.919253778304537,-0.999999999870803
12584,0.0349048,-1.9997,0.0182828143025616,-0.909485669430058,0.111102085378513
12684,0.069799,-1.99878,0.0181983503725629,-0.915346582363139,-0.777752503762792
12684,0.104672,-1.99726,0.0181041510775957,-0.9104624981717,0.333308963393593
12784,0.139513,-1.99513,0.0180121158821072,-0.912416143749591,-0.555523964001403
12784,0.174311,-1.99239,0.0179163106634632,-0.912416143752134,0.555523964232273
12884,0.209057,-1.98904,0.0178167996115222,-0.91046249817019,-0.333308963161724
12884,0.243739,-1.98509,0.0177195296776208,-0.915346582366752,0.777752503996427
12984,0.278346,-1.98054,0.0176128231996784,-0.909485669429543,-0.111102085145531
13084,0.312869,-1.97538,0.0175143324086387,-0.919253778305079,-0.999999999897294
13084,0.347296,-1.96962,0.0174006955503134,-0.909485669429971,0.111102085349981
13184,0.381618,-1.96325,0.0172953233204126,-0.915346582363621,-0.777752503792476
13184,0.415823,-1.9563,0.0171807333409187,-0.910462498171561,0.33330896336634
13284,0.449902,-1.94874,0.017068641668188,-0.912416143749886,-0.555523964026324
13284,0.483844,-1.94059,0.0169532701577472,-0.912416143751904,0.555523964209538
13384,0.517638,-1.93185,0.0168347573021248,-0.910462498170363,-0.333308963182687
13384,0.551275,-1.92252,0.0167188856031678,-0.915346582366464,0.777752503976962
13484,0.584743,-1.91261,0.0165942421431782,-0.909485669429569,-0.111102085165906
13584,0.618034,-1.90211,0.0164780424067085,-0.919253778305519,-0.999999999919186
13584,0.651136,-1.89104,0.0163473234014957,-0.909485669429928,0.111102085328226
13684,0.68404,-1.87939,0.0162250593280039,-0.915346582363942,-0.777752503814258
13684,0.716736,-1.86716,0.0160940313068887,-0.910462498171394,0.333308963343945
13784,0.749213,-1.85437,0.0159658215012663,-0.912416143750121,-0.555523964050058
13784,0.781462,-1.84101,0.0158347532921809,-0.91241614375158,0.555523964183364
13884,0.813473,-1.82709,0.0157010192377997,-0.91046249817049,-0.333308963212306
13884,0.845237,-1.81262,0.0155703006502493,-0.915346582365913,0.777752503943214
13984,0.876742,-1.79759,0.0154314313870211,-0.909485669429626,-0.1111020852007
14084,0.907981,-1.78201,0.0153012974805924,-0.919253778306215,-0.999999999954254
14084,0.938943,-1.7659,0.0151574078818481,-0.909485669429858,0.111102085292581
14184,0.969619,-1.74924,0.0150222938446664,-0.915346582364524,-0.777752503850263
14184,1,-1.73205,0.0148791046150762,-0.910462498171194,0.333308963308465
14284,1.03008,-1.71433,0.0147391832241683,-0.91241614375052,-0.55552396408445
14284,1.05984,-1.6961,0.0145969720027753,-0.912416143751235,0.55552396415093
14384,1.08928,-1.67734,0.0144526182876995,-0.910462498170724,-0.333308963242461
14384,1.11839,-1.65808,0.014311719440687,-0.915346582365498,0.777752503915531
14484,1.14715,-1.6383,0.014163267949477,-0.909485669429676,-0.111102085228531
14584,1.17557,-1.61803,0.0140239196982784,-0.919253778306762,-0.999999999982903
14584,1.20363,-1.59727,0.0138715043231202,-0.909485669429825,0.1111020852655
14684,1.23132,-1.57602,0.0137282518948375,-0.91534658236492,-0.777752503876537
14684,1.25864,-1.55429,0.0135775269524822,-0.910462498170955,0.333308963280004
14784,1.28558,-1.53209,0.0134305016388744,-0.912416143750819,-0.555523964114867
14784,1.31212,-1.50942,0.0132816659605875,-0.912416143750872,0.555523964118932
14884,1.33826,-1.48629,0.0131310831960656,-0.910462498170903,-0.333308963276861
14884,1.364,-1.46271,0.0129843492250303,-0.915346582364901,0.777752503878194
14984,1.38932,-1.43868,0.012830395082561,-0.909485669429939,-0.111102085257194
14984,1.41421,-1.41421,0.0126859332459754,-0.919253778307102,0.999999999999985
5850,1.43868,-1.38932,0.012528743243998,0.909485669429985,-0.111102085260202
5849,1.46271,-1.364,0.012381127347218,0.915346582364833,0.777752503871339
5849,1.48629,-1.33826,0.0122264024705864,0.910462498171102,-0.333308963290407
5848,1.50942,-1.31212,0.012075750015756,0.91241614375073,0.555523964099018
5848,1.53209,-1.28558,0.0119236246921417,0.912416143751186,-0.555523964140576
5847,1.55429,-1.25864,0.0117700098712771,0.91046249817085,0.333308963247604
5847,1.57602,-1.23132,0.0116205752557823,0.91534658236556,-0.777752503916265
5846,1.59727,-1.20363,0.0114640253052078,0.909485669429786,0.111102085221649
5845,1.61803,-1.17557,0.0113173587167242,0.919253778306525,0.999999999969829
5845,1.6383,-1.14715,0.0111579302952206,0.909485669429914,-0.11110208528211
5844,1.65808,-1.11839,0.0110084534597208,0.915346582364627,0.777752503855747
5844,1.67734,-1.08928,0.0108519064587708,0.910462498171258,-0.333308963307527
5843,1.6961,-1.05984,0.010699644550805,0.912416143750537,0.555523964080912
5843,1.71433,-1.03008,0.0105459841577462,0.912416143751378,-0.555523964158821
5842,1.73205,-1,0.0103908186851536,0.910462498170701,0.333308963230334
5842,1.74924,-0.969619,0.0102399817923941,0.915346582365767,-0.777752503931841
5841,1.7659,-0.938943,0.0100817919458685,0.909485669429766,0.111102085205045
5840,1.78201,-0.907981,0.00993377325956421,0.919253778306158,0.99999999995149
5840,1.79759,-0.876742,0.00977264595326498,0.909485669429983,-0.111102085301555
5839,1.81262,-0.845237,0.00962179511665183,0.915346582364319,0.777752503835052
5839,1.82709,-0.813473,0.00946383702745145,0.910462498171384,-0.333308963330046
5838,1.84101,-0.781462,0.00931047066660076,0.912416143750258,0.555523964056995
5838,1.85437,-0.749213,0.00915595281794009,0.91241614375167,-0.555523964183538
5837,1.86716,-0.716736,0.00900036514417289,0.91046249817059,0.333308963203332
5837,1.87939,-0.68404,0.00884952125765597,0.915346582366259,-0.777752503962114
5836,1.89104,-0.651136,0.00869202967414045,0.909485669429712,0.11110208517308
5835,1.90211,-0.618034,0.00854514539916167,0.919253778305505,0.999999999918216
5835,1.91261,-0.584743,0.0083861647824375,0.909485669430072,-0.111102085335106
5834,1.92252,-0.551275,0.00823791808644054,0.915346582363824,0.777752503801191
5834,1.93185,-0.517638,0.00808345491760179,0.910462498171638,-0.333308963364257
5833,1.94059,-0.483844,0.0079341001369281,0.912416143749874,0.555523964021932
5833,1.94874,-0.449902,0.00778422906542226,0.91241614375206,-0.555523964220175
5832,1.9563,-0.415823,0.00763376122440692,0.910462498170272,0.333308963168192
5832,1.96325,-0.381618,0.00748841207157223,0.915346582366721,-0.777752503993719
5831,1.96962,-0.347296,0.0073367508952362,0.909485669429573,0.111102085145735
5830,1.97538,-0.312869,0.00719587415645093,0.919253778305019,0.999999999895301
5830,1.98054,-0.278346,0.00704308510812204,0.909485669430095,-0.11110208535852
5829,1.98509,-0.243739,0.00690111003220187,0.915346582363408,0.777752503777643
5829,1.98904,-0.209057,0.00675306699332467,0.910462498171767,-0.333308963386425
5828,1.99239,-0.174311,0.00661028218753783,0.91241614374965,0.555523964001481
5828,1.99513,-0.139513,0.00646721064391344,0.912416143752221,-0.555523964238393
5827,1.99726,-0.104672,0.00632400240654918,0.910462498170182,0.333308963148836
5827,1.99878,-0.069799,0.00618616175734263,0.915346582367075,-0.777752504016468
5826,1.9997,-0.0349048,0.00604296392629631,0.909485669429527,0.111102085121839
