origElemNum,globCoord-x,globCoord-y,acouPotentialD1-,locCoord-xi,locCoord-eta
5825,2,-2.20442e-18,1566.00336329008,0.919253778304535,0.999999999870795
5825,1.9997,0.0349048,1502.41649815659,0.909485669430051,-0.11110208537854
5824,1.99878,0.069799,1427.84012401047,0.915346582363134,0.7777525037628
5824,1.99726,0.104672,1330.89225276926,0.910462498171695,-0.333308963393583
5823,1.99513,0.139513,1228.01847186817,0.912416143749585,0.555523964001403
5823,1.99239,0.174311,1119.70587040354,0.912416143752112,-0.555523964232293
5822,1.98904,0.209057,1013.2866526296,0.910462498170195,0.33330896316169
5822,1.98509,0.243739,905.690130428877,0.915346582366752,-0.777752503996411
5821,1.98054,0.278346,798.665008302648,0.909485669429537,0.111102085145532
5820,1.97538,0.312869,686.402177905435,0.91925377830504,0.999999999897275
5820,1.96962,0.347296,565.994944686306,0.909485669429959,-0.111102085350008
5819,1.96325,0.381618,439.690258267739,0.915346582363608,0.777752503792493
5819,1.9563,0.415823,311.200745894982,0.910462498171543,-0.333308963366333
5818,1.94874,0.449902,191.242167110721,0.912416143749872,0.555523964026318
5818,1.94059,0.483844,87.8042328840425,0.912416143751876,-0.555523964209557
5817,1.93185,0.517638,-18.3420609217372,0.910462498170338,0.333308963182653
5817,1.92252,0.551275,-128.565842214269,0.915346582366455,-0.777752503976955
5816,1.91261,0.584743,-288.143684950716,0.909485669429567,0.111102085165898
5815,1.90211,0.618034,-465.100435975909,0.919253778305533,0.999999999919169
5815,1.89104,0.651136,-612.683591952762,0.909485669429933,-0.111102085328256
5814,1.87939,0.68404,-748.217276991297,0.915346582363941,0.777752503814277
5814,1.86716,0.716736,-815.64255237013,0.910462498171402,-0.333308963343933
5813,1.85437,0.749213,-900.629716572647,0.912416143750119,0.555523964050056
5813,1.84101,0.781462,-1008.79338899817,0.912416143751575,-0.555523964183394
5812,1.82709,0.813473,-1118.22949586516,0.910462498170486,0.333308963212263
5812,1.81262,0.845237,-1230.49902753169,0.915346582365915,-0.777752503943209
5811,1.79759,0.876742,-1294.4731723839,0.909485669429635,0.111102085200681
5810,1.78201,0.907981,-1350.93099615354,0.919253778306195,0.999999999954235
5810,1.7659,0.938943,-1499.51133002889,0.909485669429844,-0.111102085292603
5809,1.74924,0.969619,-1655.8709418691,0.915346582364538,0.777752503850291
5809,1.73205,1,-1824.46103429109,0.910462498171199,-0.333308963308445
5808,1.71433,1.03008,-1975.60166642591,0.912416143750526,0.555523964084446
5808,1.6961,1.05984,-2097.09056961594,0.912416143751246,-0.555523964150953
5807,1.67734,1.08928,-2263.09367010402,0.910462498170725,0.333308963242434
5807,1.65808,1.11839,-2460.84704823091,0.915346582365508,-0.777752503915519
5806,1.6383,1.14715,-2596.7217126772,0.909485669429676,0.11110208522853
5805,1.61803,1.17557,-2721.44004969508,0.919253778306765,0.999999999982884
5805,1.59727,1.20363,-2800.90505372849,0.909485669429817,-0.111102085265541
5804,1.57602,1.23132,-2888.21308573758,0.9153465823649,0.777752503876539
5804,1.55429,1.25864,-2990.33974640368,0.910462498170939,-0.333308963279996
5803,1.53209,1.28558,-3100.05473012827,0.912416143750815,0.555523964114853
5803,1.50942,1.31212,-3218.3426359693,0.91241614375085,-0.555523964118972
5802,1.48629,1.33826,-3415.77568304017,0.910462498170897,0.333308963276791
5802,1.46271,1.364,-3667.7623864965,0.915346582364929,-0.77775250387822
5801,1.43868,1.38932,-3888.86959715442,0.909485669429954,0.111102085257182
5801,1.41421,1.41421,-4106.44646576833,0.919253778307104,-0.999999999999994
850,1.38932,1.43868,-4264.18979927315,0.909485669429991,-0.111102085260227
849,1.364,1.46271,-4402.48549062735,0.915346582364834,0.777752503871359
849,1.33826,1.48629,-4446.40666525264,0.910462498171096,-0.333308963290402
848,1.31212,1.50942,-4486.23104710043,0.912416143750729,0.555523964099008
848,1.28558,1.53209,-4517.30190974677,0.912416143751184,-0.555523964140596
847,1.25864,1.55429,-4575.77173733614,0.910462498170846,0.333308963247574
847,1.23132,1.57602,-4654.17321346479,0.915346582365554,-0.777752503916259
846,1.20363,1.59727,-4785.83658217221,0.90948566942978,0.111102085221654
845,1.17557,1.61803,-4934.9780112557,0.919253778306528,0.999999999969813
845,1.14715,1.6383,-5082.25626892058,0.909485669429915,-0.111102085282135
844,1.11839,1.65808,-5202.51540742294,0.915346582364625,0.777752503855763
844,1.08928,1.67734,-5196.90805351858,0.910462498171253,-0.333308963307521
843,1.05984,1.6961,-5185.59064239051,0.912416143750542,0.555523964080906
843,1.03008,1.71433,-5162.91705483055,0.912416143751377,-0.555523964158847
842,1,1.73205,-5131.81337126563,0.910462498170698,0.333308963230309
842,0.969619,1.74924,-5097.24664820714,0.915346582365766,-0.777752503931825
841,0.938943,1.7659,-5123.34628271148,0.909485669429764,0.111102085205048
840,0.907981,1.78201,-5170.04420947427,0.919253778306164,0.99999999995148
840,0.876742,1.79759,-5120.33753242471,0.909485669429979,-0.11110208530158
839,0.845237,1.81262,-5056.76474549024,0.91534658236432,0.777752503835068
839,0.813473,1.82709,-4916.01177741465,0.91046249817139,-0.33330896333004
838,0.781462,1.84101,-4792.41163048569,0.912416143750255,0.555523964056983
838,0.749213,1.85437,-4691.1342121671,0.912416143751674,-0.555523964183563
837,0.716736,1.86716,-4577.00804237274,0.910462498170584,0.333308963203304
837,0.68404,1.87939,-4456.7301999267,0.915346582366261,-0.777752503962098
836,0.651136,1.89104,-4390.75281513994,0.909485669429719,0.111102085173086
835,0.618034,1.90211,-4343.95478147248,0.919253778305509,0.999999999918205
835,0.584743,1.91261,-4271.48481225111,0.909485669430073,-0.111102085335132
834,0.551275,1.92252,-4182.47551953703,0.915346582363819,0.777752503801204
834,0.517638,1.93185,-4003.266484312,0.910462498171637,-0.333308963364254
833,0.483844,1.94059,-3831.33485629777,0.912416143749877,0.55552396402192
833,0.449902,1.94874,-3666.18506525155,0.91241614375206,-0.555523964220202
832,0.415823,1.9563,-3539.63161496499,0.910462498170279,0.333308963168166
832,0.381618,1.96325,-3441.70384903805,0.915346582366717,-0.777752503993703
831,0.347296,1.96962,-3390.7714930437,0.909485669429573,0.111102085145737
830,0.312869,1.97538,-3358.29781992892,0.919253778305012,0.99999999989529
830,0.278346,1.98054,-3299.95148553739,0.909485669430091,-0.111102085358547
829,0.243739,1.98509,-3235.38070957366,0.915346582363415,0.77775250377766
829,0.209057,1.98904,-3119.04743287433,0.910462498171767,-0.333308963386422
828,0.174311,1.99239,-3050.10092705771,0.912416143749651,0.55552396400147
828,0.139513,1.99513,-3047.90801985218,0.912416143752224,-0.555523964238419
827,0.104672,1.99726,-3133.41734047829,0.910462498170184,0.33330896314881
827,0.069799,1.99878,-3280.2713540283,0.915346582367074,-0.777752504016452
826,0.0349048,1.9997,-3365.75484725558,0.909485669429527,0.111102085121841
825,1.27747e-16,2,-3442.6250023405,0.919253778304535,0.999999999870799
825,-0.0349048,1.9997,-3426.02288321065,0.909485669430051,-0.111102085378537
824,-0.069799,1.99878,-3439.59169312482,0.915346582363134,0.777752503762801
824,-0.104672,1.99726,-3546.81740630192,0.910462498171695,-0.333308963393583
823,-0.139513,1.99513,-3694.00977542936,0.912416143749585,0.555523964001401
823,-0.174311,1.99239,-3896.77114963244,0.912416143752112,-0.555523964232297
822,-0.209057,1.98904,-4027.76519906699,0.910462498170195,0.333308963161685
822,-0.243739,1.98509,-4113.82215785002,0.915346582366744,-0.777752503996403
821,-0.278346,1.98054,-4125.69815136421,0.909485669429538,0.111102085145537
820,-0.312869,1.97538,-4125.23197446066,0.919253778305041,0.999999999897278
820,-0.347296,1.96962,-4220.6141431274,0.90948566942996,-0.111102085350006
819,-0.381618,1.96325,-4332.66511884933,0.915346582363608,0.777752503792493
819,-0.415823,1.9563,-4489.91663090538,0.910462498171543,-0.333308963366333
818,-0.449902,1.94874,-4606.17033369239,0.912416143749872,0.555523964026316
818,-0.483844,1.94059,-4657.67767599199,0.912416143751875,-0.555523964209561
817,-0.517638,1.93185,-4675.84774244467,0.910462498170336,0.333308963182646
817,-0.551275,1.92252,-4673.66911153649,0.915346582366457,-0.777752503976948
816,-0.584743,1.91261,-4732.0202228915,0.909485669429562,0.111102085165907
815,-0.618034,1.90211,-4808.56043220663,0.919253778305526,0.999999999919175
815,-0.651136,1.89104,-4901.02023272032,0.909485669429935,-0.111102085328253
814,-0.68404,1.87939,-4980.82422207151,0.915346582363941,0.777752503814277
814,-0.716736,1.86716,-5000.26571458811,0.910462498171402,-0.333308963343933
813,-0.749213,1.85437,-5004.62377027081,0.912416143750117,0.555523964050053
813,-0.781462,1.84101,-4984.78925275193,0.912416143751584,-0.555523964183396
812,-0.813473,1.82709,-4947.95586326677,0.910462498170484,0.33330896321226
812,-0.845237,1.81262,-4899.92606996592,0.91534658236591,-0.7777525039432
811,-0.876742,1.79759,-4815.56693198932,0.909485669429639,0.111102085200672
810,-0.907981,1.78201,-4721.50802299021,0.919253778306197,0.999999999954239
810,-0.938943,1.7659,-4641.72200292642,0.909485669429848,-0.111102085292613
809,-0.969619,1.74924,-4568.56743105699,0.915346582364533,0.777752503850298
809,-1,1.73205,-4526.81328674828,0.910462498171205,-0.333308963308436
808,-1.03008,1.71433,-4477.98425943852,0.912416143750522,0.55552396408444
808,-1.05984,1.6961,-4419.42618911028,0.912416143751243,-0.555523964150944
807,-1.08928,1.67734,-4341.39392736321,0.910462498170733,0.33330896324243
807,-1.11839,1.65808,-4249.8203920423,0.915346582365511,-0.777752503915504
806,-1.14715,1.6383,-4134.03215269089,0.909485669429678,0.11110208522852
805,-1.17557,1.61803,-4010.14535147344,0.91925377830677,0.999999999982889
805,-1.20363,1.59727,-3831.58403989256,0.909485669429819,-0.111102085265551
804,-1.23132,1.57602,-3642.71567818865,0.915346582364893,0.777752503876544
804,-1.25864,1.55429,-3424.83589408635,0.910462498170937,-0.333308963279986
803,-1.28558,1.53209,-3216.92722524534,0.912416143750809,0.555523964114847
803,-1.31212,1.50942,-3026.77672814796,0.912416143750849,-0.555523964118962
802,-1.33826,1.48629,-2882.07114327767,0.910462498170897,0.333308963276791
802,-1.364,1.46271,-2765.64896662714,0.915346582364928,-0.77775250387821
801,-1.38932,1.43868,-2695.20010319701,0.909485669429954,0.111102085257172
801,-1.41421,1.41421,-2632.69784503403,0.919253778307104,-0.999999999999994
15850,-1.43868,1.38932,-2556.19721632529,0.909485669429991,-0.111102085260237
15849,-1.46271,1.364,-2463.98700592375,0.915346582364828,0.777752503871364
15849,-1.48629,1.33826,-2321.27968509133,0.910462498171103,-0.333308963290387
15848,-1.50942,1.31212,-2160.47485750592,0.912416143750729,0.555523964099008
15848,-1.53209,1.28558,-1974.97964611454,0.912416143751185,-0.555523964140586
15847,-1.55429,1.25864,-1792.96228653576,0.910462498170851,0.333308963247569
15847,-1.57602,1.23132,-1610.84081087253,0.915346582365555,-0.777752503916249
15846,-1.59727,1.20363,-1433.99847538111,0.909485669429784,0.111102085221639
15845,-1.61803,1.17557,-1252.63835737018,0.919253778306531,0.999999999969823
15845,-1.6383,1.14715,-1036.5878638963,0.909485669429917,-0.111102085282151
15844,-1.65808,1.11839,-806.352018892055,0.915346582364627,0.777752503855772
15844,-1.67734,1.08928,-544.101238999526,0.910462498171251,-0.333308963307506
15843,-1.6961,1.05984,-282.095161747194,0.912416143750542,0.555523964080906
15843,-1.71433,1.03008,-24.7314648371454,0.912416143751375,-0.555523964158831
15842,-1.73205,1,233.057600559492,0.910462498170697,0.333308963230296
15842,-1.74924,0.969619,493.244467014009,0.915346582365764,-0.777752503931822
15841,-1.7659,0.938943,787.170013878386,0.909485669429762,0.111102085205035
15840,-1.78201,0.907981,1094.29376293783,0.919253778306162,0.999999999951483
15840,-1.79759,0.876742,1357.9280868868,0.909485669429984,-0.111102085301589
15839,-1.81262,0.845237,1601.79679552287,0.915346582364318,0.777752503835071
15839,-1.82709,0.813473,1747.39419545238,0.910462498171391,-0.333308963330024
15838,-1.84101,0.781462,1902.33165952069,0.912416143750253,0.555523964056986
15838,-1.85437,0.749213,2068.2229642529,0.912416143751674,-0.555523964183544
15837,-1.86716,0.716736,2328.74616774611,0.910462498170589,0.333308963203294
15837,-1.87939,0.68404,2654.56063010965,0.915346582366259,-0.777752503962095
15836,-1.89104,0.651136,3026.46923814739,0.909485669429715,0.111102085173074
15835,-1.90211,0.618034,3414.85776176999,0.919253778305508,0.999999999918209
15835,-1.91261,0.584743,3732.37100203111,0.909485669430068,-0.111102085335144
15834,-1.92252,0.551275,4046.46759019064,0.915346582363818,0.777752503801208
15834,-1.93185,0.517638,4328.03711238605,0.910462498171639,-0.333308963364235
15833,-1.94059,0.483844,4612.92723063808,0.912416143749876,0.555523964021923
15833,-1.94874,0.449902,4899.56918231774,0.912416143752063,-0.555523964220183
15832,-1.9563,0.415823,5148.86562455742,0.910462498170272,0.333308963168156
15832,-1.96325,0.381618,5375.13330645905,0.915346582366716,-0.7777525039937
15831,-1.96962,0.347296,5466.52635577953,0.909485669429575,0.111102085145728
15830,-1.97538,0.312869,5526.90777412249,0.91925377830502,0.999999999895294
15830,-1.98054,0.278346,5396.77424276869,0.909485669430092,-0.111102085358556
15829,-1.98509,0.243739,5260.23293249777,0.915346582363415,0.777752503777664
15829,-1.98904,0.209057,5094.3774656823,0.910462498171765,-0.333308963386404
15828,-1.99239,0.174311,5012.90255130336,0.912416143749651,0.555523964001473
15828,-1.99513,0.139513,5057.84966475349,0.912416143752222,-0.5555239642384
15827,-1.99726,0.104672,5268.83360741115,0.910462498170184,0.3333089631488
15827,-1.99878,0.069799,5593.04586472442,0.915346582367074,-0.777752504016448
15826,-1.9997,0.0349048,5955.93136753302,0.909485669429527,0.111102085121831
15825,-2,2.46315e-16,6336.07186777826,0.919253778304535,0.999999999870803
15825,-1.9997,-0.0349048,6509.02929916722,0.909485669430051,-0.111102085378547
15824,-1.99878,-0.069799,6651.79934191963,0.915346582363134,0.777752503762804
15824,-1.99726,-0.104672,6648.2016234429,0.910462498171696,-0.333308963393566
15823,-1.99513,-0.139513,6673.22245074494,0.912416143749586,0.555523964001405
15823,-1.99239,-0.174311,6738.89713507653,0.912416143752114,-0.555523964232279
15822,-1.98904,-0.209057,6920.23144290945,0.910462498170195,0.333308963161688
15822,-1.98509,-0.243739,7180.12200929014,0.915346582366744,-0.7777525039964
15821,-1.98054,-0.278346,7411.19983729698,0.909485669429545,0.111102085145526
15820,-1.97538,-0.312869,7638.78058010319,0.919253778305042,0.999999999897283
15820,-1.96962,-0.347296,7601.55441024745,0.909485669429957,-0.111102085350017
15819,-1.96325,-0.381618,7565.78749244848,0.915346582363609,0.777752503792499
15819,-1.9563,-0.415823,7525.74552141589,0.910462498171549,-0.333308963366345
15818,-1.94874,-0.449902,7604.93364683109,0.912416143749872,0.555523964026319
15818,-1.94059,-0.483844,7861.59156991619,0.91241614375188,-0.555523964209544
15817,-1.93185,-0.517638,8076.76977510723,0.910462498170337,0.33330896318265
15817,-1.92252,-0.551275,8266.33230180776,0.915346582366458,-0.777752503976945
15816,-1.91261,-0.584743,8126.25323051324,0.909485669429567,0.111102085165898
15815,-1.90211,-0.618034,7907.9610535141,0.919253778305528,0.999999999919178
15815,-1.89104,-0.651136,7684.87123647608,0.90948566942994,-0.111102085328262
15814,-1.87939,-0.68404,7500.74576143539,0.915346582363942,0.77775250381428
15814,-1.86716,-0.716736,7451.46585866064,0.910462498171397,-0.333308963343943
15813,-1.85437,-0.749213,7346.17026387719,0.912416143750119,0.555523964050056
15813,-1.84101,-0.781462,7152.45092263452,0.912416143751582,-0.555523964183381
15812,-1.82709,-0.813473,6975.69563165287,0.910462498170486,0.333308963212263
15812,-1.81262,-0.845237,6813.26194420569,0.915346582365912,-0.777752503943197
15811,-1.79759,-0.876742,6738.18407578309,0.909485669429641,0.111102085200675
15810,-1.78201,-0.907981,6693.1949006064,0.919253778306197,0.999999999954239
15810,-1.7659,-0.938943,6443.89362263219,0.90948566942985,-0.11110208529261
15809,-1.74924,-0.969619,6202.45614573886,0.915346582364535,0.777752503850301
15809,-1.73205,-1,5959.36915709206,0.9104624981712,-0.333308963308458
15808,-1.71433,-1.03008,5721.17774292042,0.912416143750526,0.555523964084446
15808,-1.6961,-1.05984,5485.16449610729,0.912416143751243,-0.555523964150944
15807,-1.67734,-1.08928,5121.51311542532,0.910462498170725,0.333308963242434
15807,-1.65808,-1.11839,4676.16488591163,0.915346582365503,-0.7777525039155
15806,-1.6383,-1.14715,4251.56877065501,0.90948566942967,0.111102085228524
15805,-1.61803,-1.17557,3840.0365537647,0.919253778306763,0.999999999982893
15805,-1.59727,-1.20363,3310.07406963361,0.909485669429812,-0.111102085265547
15804,-1.57602,-1.23132,2763.66975904575,0.915346582364898,0.777752503876549
15804,-1.55429,-1.25864,2118.05901087049,0.910462498170935,-0.333308963280012
15803,-1.53209,-1.28558,1478.77394425955,0.912416143750815,0.555523964114853
15803,-1.50942,-1.31212,843.454286200695,0.912416143750855,-0.555523964118957
15802,-1.48629,-1.33826,120.892859136643,0.910462498170897,0.333308963276791
15802,-1.46271,-1.364,-656.380316022896,0.915346582364928,-0.77775250387821
15801,-1.43868,-1.38932,-1467.57860027065,0.909485669429954,0.111102085257172
15801,-1.41421,-1.41421,-2279.74507261079,0.919253778307098,-0.999999999999989
10084,-1.38932,-1.43868,-3224.57156701218,-0.909485669429983,0.111102085260242
10184,-1.364,-1.46271,-4135.88608826616,-0.915346582364814,-0.777752503871363
10184,-1.33826,-1.48629,-4945.52281675464,-0.910462498171062,0.333308963290425
10284,-1.31212,-1.50942,-5743.80977259425,-0.912416143750702,-0.555523964098991
10284,-1.28558,-1.53209,-6530.88209281004,-0.912416143751175,0.55552396414059
10384,-1.25864,-1.55429,-7351.18266500164,-0.910462498170858,-0.333308963247603
10384,-1.23132,-1.57602,-8190.27308271714,-0.915346582365569,0.777752503916277
10484,-1.20363,-1.59727,-8731.08026699942,-0.909485669429755,-0.111102085221656
10584,-1.17557,-1.61803,-9191.67330325893,-0.919253778306467,-0.999999999969833
10584,-1.14715,-1.6383,-9259.13189439214,-0.909485669429891,0.111102085282108
10684,-1.11839,-1.65808,-9280.28053259928,-0.915346582364624,-0.777752503855743
10684,-1.08928,-1.67734,-9136.85402687877,-0.910462498171255,0.333308963307532
10784,-1.05984,-1.6961,-8950.92629757208,-0.912416143750544,-0.555523964080908
10784,-1.03008,-1.71433,-8704.99142247024,-0.912416143751393,0.555523964158839
10884,-1,-1.73205,-8427.08209400777,-0.910462498170715,-0.333308963230315
10884,-0.969619,-1.74924,-8126.09727758828,-0.915346582365772,0.777752503931858
10984,-0.938943,-1.7659,-7805.31810879309,-0.909485669429763,-0.111102085205032
11084,-0.907981,-1.78201,-7476.38542146081,-0.919253778306154,-0.99999999995149
11084,-0.876742,-1.79759,-7223.32036625035,-0.909485669429981,0.111102085301552
11184,-0.845237,-1.81262,-6994.78070816485,-0.915346582364332,-0.777752503835052
11184,-0.813473,-1.82709,-6875.13784518325,-0.910462498171421,0.333308963330044
11284,-0.781462,-1.84101,-6781.70547118721,-0.912416143750289,-0.555523964056998
11284,-0.749213,-1.85437,-6729.09070970779,-0.912416143751684,0.555523964183542
11384,-0.716736,-1.86716,-6754.51800782096,-0.910462498170579,-0.333308963203316
11384,-0.68404,-1.87939,-6830.68604868259,-0.915346582366256,0.777752503962127
11484,-0.651136,-1.89104,-6848.65466751915,-0.9094856694297,-0.111102085173069
11584,-0.618034,-1.90211,-6849.19978423548,-0.919253778305473,-0.9999999999182
11584,-0.584743,-1.91261,-6951.56742836771,-0.909485669430035,0.111102085335111
11684,-0.551275,-1.92252,-7065.834502231,-0.915346582363772,-0.777752503801188
11684,-0.517638,-1.93185,-7239.47306263487,-0.910462498171642,0.333308963364261
11784,-0.483844,-1.94059,-7375.16467282327,-0.912416143749915,-0.555523964021929
11784,-0.449902,-1.94874,-7455.69438229779,-0.912416143752077,0.555523964220183
11884,-0.415823,-1.9563,-7627.61543549852,-0.910462498170266,-0.33330896316818
11884,-0.381618,-1.96325,-7859.37834765137,-0.915346582366712,0.777752503993725
11984,-0.347296,-1.96962,-7996.74430302516,-0.909485669429565,-0.111102085145729
12084,-0.312869,-1.97538,-8109.43426367186,-0.919253778305011,-0.999999999895287
12084,-0.278346,-1.98054,-8065.18592043928,-0.909485669430107,0.111102085358526
12184,-0.243739,-1.98509,-8055.7214846061,-0.915346582363447,-0.777752503777644
12184,-0.209057,-1.98904,-8183.98708720239,-0.910462498171781,0.333308963386432
12284,-0.174311,-1.99239,-8253.78490083132,-0.912416143749663,-0.555523964001473
12284,-0.139513,-1.99513,-8235.35973601286,-0.912416143752267,0.555523964238395
12384,-0.104672,-1.99726,-8056.52738596149,-0.910462498170238,-0.333308963148834
12384,-0.069799,-1.99878,-7772.29910517113,-0.915346582367131,0.777752504016471
12484,-0.0349048,-1.9997,-7695.66373481778,-0.909485669429557,-0.111102085121833
12584,-4.35203e-16,-2,-7673.60383035271,-0.919253778304537,-0.999999999870803
12584,0.0349048,-1.9997,-7901.75415993167,-0.909485669430058,0.111102085378513
12684,0.069799,-1.99878,-8069.71675907406,-0.915346582363139,-0.777752503762792
12684,0.104672,-1.99726,-7983.98942750254,-0.9104624981717,0.333308963393593
12784,0.139513,-1.99513,-7836.6015204038,-0.912416143749591,-0.555523964001403
12784,0.174311,-1.99239,-7593.03125677988,-0.912416143752134,0.555523964232273
12884,0.209057,-1.98904,-7550.42821783727,-0.91046249817019,-0.333308963161724
12884,0.243739,-1.98509,-7643.31798777874,-0.915346582366752,0.777752503996427
12984,0.278346,-1.98054,-7811.71842274697,-0.909485669429543,-0.111102085145531
13084,0.312869,-1.97538,-8002.44278834726,-0.919253778305079,-0.999999999897294
13084,0.347296,-1.96962,-7906.69920366639,-0.909485669429971,0.111102085349981
13184,0.381618,-1.96325,-7781.61507775631,-0.915346582363621,-0.777752503792476
13184,0.415823,-1.9563,-7521.11807234289,-0.910462498171561,0.33330896336634
13284,0.449902,-1.94874,-7289.78101772597,-0.912416143749886,-0.555523964026324
13284,0.483844,-1.94059,-7098.98667798072,-0.912416143751904,0.555523964209538
13384,0.517638,-1.93185,-6980.54858846502,-0.910462498170363,-0.333308963182687
13384,0.551275,-1.92252,-6910.375968127,-0.915346582366464,0.777752503976962
13484,0.584743,-1.91261,-6901.67634120022,-0.909485669429569,-0.111102085165906
13584,0.618034,-1.90211,-6907.56146339707,-0.919253778305519,-0.999999999919186
13584,0.651136,-1.89104,-6835.96564948156,-0.909485669429928,0.111102085328226
13684,0.68404,-1.87939,-6716.33035313438,-0.915346582363942,-0.777752503814258
13684,0.716736,-1.86716,-6398.98732631855,-0.910462498171394,0.333308963343945
13784,0.749213,-1.85437,-6037.87101140754,-0.912416143750121,-0.555523964050058
13784,0.781462,-1.84101,-5608.08817817287,-0.91241614375158,0.555523964183364
13884,0.813473,-1.82709,-5251.41472458247,-0.91046249817049,-0.333308963212306
13884,0.845237,-1.81262,-4945.14199143504,-0.915346582365913,0.777752503943214
13984,0.876742,-1.79759,-4719.76705524771,-0.909485669429626,-0.1111020852007
14084,0.907981,-1.78201,-4515.97173941814,-0.919253778306215,-0.999999999954254
14084,0.938943,-1.7659,-4364.6712517694,-0.909485669429858,0.111102085292581
14184,0.969619,-1.74924,-4216.13648111473,-0.915346582364524,-0.777752503850263
14184,1,-1.73205,-4078.87899204032,-0.910462498171194,0.333308963308465
14284,1.03008,-1.71433,-3910.45722463418,-0.91241614375052,-0.55552396408445
14284,1.05984,-1.6961,-3695.60825876575,-0.912416143751235,0.55552396415093
14384,1.08928,-1.67734,-3495.95627014163,-0.910462498170724,-0.333308963242461
14384,1.11839,-1.65808,-3305.9724555077,-0.915346582365498,0.777752503915531
14484,1.14715,-1.6383,-3150.15628242923,-0.909485669429676,-0.111102085228531
14584,1.17557,-1.61803,-3001.665203466,-0.919253778306762,-0.999999999982903
14584,1.20363,-1.59727,-2835.28208290343,-0.909485669429825,0.1111020852655
14684,1.23132,-1.57602,-2674.40116339356,-0.91534658236492,-0.777752503876537
14684,1.25864,-1.55429,-2539.31215516735,-0.910462498170955,0.333308963280004
14784,1.28558,-1.53209,-2376.75635530974,-0.912416143750819,-0.555523964114867
14784,1.31212,-1.50942,-2173.41045679207,-0.912416143750872,0.555523964118932
14884,1.33826,-1.48629,-1963.05975511628,-0.910462498170903,-0.333308963276861
14884,1.364,-1.46271,-1747.33886527679,-0.915346582364901,0.777752503878194
14984,1.38932,-1.43868,-1538.84180927296,-0.909485669429939,-0.111102085257194
14984,1.41421,-1.41421,-1329.28028595548,-0.919253778307102,0.999999999999985
5850,1.43868,-1.38932,-1119.74122061911,0.909485669429985,-0.111102085260202
5849,1.46271,-1.364,-919.917112453599,0.915346582364833,0.777752503871339
5849,1.48629,-1.33826,-774.604645381869,0.910462498171102,-0.333308963290407
5848,1.50942,-1.31212,-636.87995080114,0.91241614375073,0.555523964099018
5848,1.53209,-1.28558,-513.390913371206,0.912416143751186,-0.555523964140576
5847,1.55429,-1.25864,-384.468030659757,0.91046249817085,0.333308963247604
5847,1.57602,-1.23132,-251.152409509132,0.91534658236556,-0.777752503916265
5846,1.59727,-1.20363,-90.5204986140741,0.909485669429786,0.111102085221649
5845,1.61803,-1.17557,77.4034210913152,0.919253778306525,0.999999999969829
5845,1.6383,-1.14715,310.517246194993,0.909485669429914,-0.11110208528211
5844,1.65808,-1.11839,544.085363376035,0.915346582364627,0.777752503855747
5844,1.67734,-1.08928,780.885213759945,0.910462498171258,-0.333308963307527
5843,1.6961,-1.05984,1006.7021511248,0.912416143750537,0.555523964080912
5843,1.71433,-1.03008,1216.4606677532,0.912416143751378,-0.555523964158821
5842,1.73205,-1,1404.49345854028,0.910462498170701,0.333308963230334
5842,1.74924,-0.969619,1577.4944183857,0.915346582365767,-0.777752503931841
5841,1.7659,-0.938943,1705.72473128567,0.909485669429766,0.111102085205045
5840,1.78201,-0.907981,1821.23504682963,0.919253778306158,0.99999999995149
5840,1.79759,-0.876742,1936.66712884438,0.909485669429983,-0.111102085301555
5839,1.81262,-0.845237,2040.8223574305,0.915346582364319,0.777752503835052
5839,1.82709,-0.813473,2108.15841203566,0.910462498171384,-0.333308963330046
5838,1.84101,-0.781462,2169.65043347374,0.912416143750258,0.555523964056995
5838,1.85437,-0.749213,2224.24433396619,0.91241614375167,-0.555523964183538
5837,1.86716,-0.716736,2269.0829469177,0.91046249817059,0.333308963203332
5837,1.87939,-0.68404,2305.2920916497,0.915346582366259,-0.777752503962114
5836,1.89104,-0.651136,2315.47169627631,0.909485669429712,0.11110208517308
5835,1.90211,-0.618034,2313.48812255223,0.919253778305505,0.999999999918216
5835,1.91261,-0.584743,2333.60994441408,0.909485669430072,-0.111102085335106
5834,1.92252,-0.551275,2340.95720882975,0.915346582363824,0.777752503801191
5834,1.93185,-0.517638,2322.31190988238,0.910462498171638,-0.333308963364257
5833,1.94059,-0.483844,2287.21818694114,0.912416143749874,0.555523964021932
5833,1.94874,-0.449902,2231.81050001546,0.91241614375206,-0.555523964220175
5832,1.9563,-0.415823,2190.38807882598,0.910462498170272,0.333308963168192
5832,1.96325,-0.381618,2155.48092697349,0.915346582366721,-0.777752503993719
5831,1.96962,-0.347296,2104.63082313335,0.909485669429573,0.111102085145735
5830,1.97538,-0.312869,2043.39370512447,0.919253778305019,0.999999999895301
5830,1.98054,-0.278346,1967.18857732818,0.909485669430095,-0.11110208535852
5829,1.98509,-0.243739,1892.20346480133,0.915346582363408,0.777752503777643
5829,1.98904,-0.209057,1847.77338261934,0.910462498171767,-0.333308963386425
5828,1.99239,-0.174311,1804.24044766875,0.91241614374965,0.555523964001481
5828,1.99513,-0.139513,1766.19572511553,0.912416143752221,-0.555523964238393
5827,1.99726,-0.104672,1720.4475559709,0.910462498170182,0.333308963148836
5827,1.99878,-0.069799,1667.02542811479,0.915346582367075,-0.777752504016468
5826,1.9997,-0.0349048,1618.70509295175,0.909485669429527,0.111102085121839
