origElemNum,globCoord-x,globCoord-y,acouPotentialD1-,locCoord-xi,locCoord-eta
5825,2,-2.20442e-18,-12945.9321054769,0.919253778304535,0.999999999870795
5825,1.9997,0.0349048,-12863.9811588667,0.909485669430051,-0.11110208537854
5824,1.99878,0.069799,-12782.97366401,0.915346582363134,0.7777525037628
5824,1.99726,0.104672,-12693.7624092179,0.910462498171695,-0.333308963393583
5823,1.99513,0.139513,-12609.7697930849,0.912416143749585,0.555523964001403
5823,1.99239,0.174311,-12531.4240251489,0.912416143752112,-0.555523964232293
5822,1.98904,0.209057,-12424.9059682689,0.910462498170195,0.33330896316169
5822,1.98509,0.243739,-12300.950565507,0.915346582366752,-0.777752503996411
5821,1.98054,0.278346,-12114.1078530091,0.909485669429537,0.111102085145532
5820,1.97538,0.312869,-11914.6593139084,0.91925377830504,0.999999999897275
5820,1.96962,0.347296,-11686.4074400773,0.909485669429959,-0.111102085350008
5819,1.96325,0.381618,-11464.9347791716,0.915346582363608,0.777752503792493
5819,1.9563,0.415823,-11257.9294812298,0.910462498171543,-0.333308963366333
5818,1.94874,0.449902,-11051.6679192959,0.912416143749872,0.555523964026318
5818,1.94059,0.483844,-10844.6736127705,0.912416143751876,-0.555523964209557
5817,1.93185,0.517638,-10624.060981096,0.910462498170338,0.333308963182653
5817,1.92252,0.551275,-10395.3192266095,0.915346582366455,-0.777752503976955
5816,1.91261,0.584743,-10155.8173580211,0.909485669429567,0.111102085165898
5815,1.90211,0.618034,-9915.94174977964,0.919253778305533,0.999999999919169
5815,1.89104,0.651136,-9642.11652786264,0.909485669429933,-0.111102085328256
5814,1.87939,0.68404,-9362.16558103824,0.915346582363941,0.777752503814277
5814,1.86716,0.716736,-9048.50219384782,0.910462498171402,-0.333308963343933
5813,1.85437,0.749213,-8753.95461982527,0.912416143750119,0.555523964050056
5813,1.84101,0.781462,-8486.77580299256,0.912416143751575,-0.555523964183394
5812,1.82709,0.813473,-8268.32604592145,0.910462498170486,0.333308963212263
5812,1.81262,0.845237,-8083.54619639032,0.915346582365915,-0.777752503943209
5811,1.79759,0.876742,-7870.21174285806,0.909485669429635,0.111102085200681
5810,1.78201,0.907981,-7652.6814850035,0.919253778306195,0.999999999954235
5810,1.7659,0.938943,-7407.17875712434,0.909485669429844,-0.111102085292603
5809,1.74924,0.969619,-7187.44336230345,0.915346582364538,0.777752503850291
5809,1.73205,1,-7059.05711885279,0.910462498171199,-0.333308963308445
5808,1.71433,1.03008,-6926.52364087756,0.912416143750526,0.555523964084446
5808,1.6961,1.05984,-6785.92865456996,0.912416143751246,-0.555523964150953
5807,1.67734,1.08928,-6554.50776297084,0.910462498170725,0.333308963242434
5807,1.65808,1.11839,-6263.84317574463,0.915346582365508,-0.777752503915519
5806,1.6383,1.14715,-6025.20188875605,0.909485669429676,0.11110208522853
5805,1.61803,1.17557,-5801.08464056202,0.919253778306765,0.999999999982884
5805,1.59727,1.20363,-5632.78655370985,0.909485669429817,-0.111102085265541
5804,1.57602,1.23132,-5443.54238034906,0.9153465823649,0.777752503876539
5804,1.55429,1.25864,-5168.39330259926,0.910462498170939,-0.333308963279996
5803,1.53209,1.28558,-4922.79924021497,0.912416143750815,0.555523964114853
5803,1.50942,1.31212,-4721.18923011877,0.91241614375085,-0.555523964118972
5802,1.48629,1.33826,-4524.34691649072,0.910462498170897,0.333308963276791
5802,1.46271,1.364,-4331.69245066518,0.915346582364929,-0.77775250387822
5801,1.43868,1.38932,-4094.91546307737,0.909485669429954,0.111102085257182
5801,1.41421,1.41421,-3849.899681708,0.919253778307104,-0.999999999999994
850,1.38932,1.43868,-3680.15086296726,0.909485669429991,-0.111102085260227
849,1.364,1.46271,-3498.8488339352,0.915346582364834,0.777752503871359
849,1.33826,1.48629,-3261.34530987186,0.910462498171096,-0.333308963290402
848,1.31212,1.50942,-3015.9334574822,0.912416143750729,0.555523964099008
848,1.28558,1.53209,-2757.38078525315,0.912416143751184,-0.555523964140596
847,1.25864,1.55429,-2473.27799380636,0.910462498170846,0.333308963247574
847,1.23132,1.57602,-2172.31672503853,0.915346582365554,-0.777752503916259
846,1.20363,1.59727,-1861.34957472773,0.90948566942978,0.111102085221654
845,1.17557,1.61803,-1548.0274183045,0.919253778306528,0.999999999969813
845,1.14715,1.6383,-1283.54647152975,0.909485669429915,-0.111102085282135
844,1.11839,1.65808,-1007.78513059127,0.915346582364625,0.777752503855763
844,1.08928,1.67734,-686.786101574609,0.910462498171253,-0.333308963307521
843,1.05984,1.6961,-423.91248818575,0.912416143750542,0.555523964080906
843,1.03008,1.71433,-248.726431369958,0.912416143751377,-0.555523964158847
842,1,1.73205,-70.7959381791243,0.910462498170698,0.333308963230309
842,0.969619,1.74924,109.364302673588,0.915346582365766,-0.777752503931825
841,0.938943,1.7659,436.632346565489,0.909485669429764,0.111102085205048
840,0.907981,1.78201,803.002067338622,0.919253778306164,0.99999999995148
840,0.876742,1.79759,1166.093936309,0.909485669429979,-0.11110208530158
839,0.845237,1.81262,1527.50454042814,0.91534658236432,0.777752503835068
839,0.813473,1.82709,1868.37182307412,0.91046249817139,-0.33330896333004
838,0.781462,1.84101,2165.39755794707,0.912416143750255,0.555523964056983
838,0.749213,1.85437,2393.9891852034,0.912416143751674,-0.555523964183563
837,0.716736,1.86716,2538.09430589317,0.910462498170584,0.333308963203304
837,0.68404,1.87939,2627.73852026359,0.915346582366261,-0.777752503962098
836,0.651136,1.89104,2775.89548337357,0.909485669429719,0.111102085173086
835,0.618034,1.90211,2943.4219794587,0.919253778305509,0.999999999918205
835,0.584743,1.91261,3201.97722429565,0.909485669430073,-0.111102085335132
834,0.551275,1.92252,3457.89792183951,0.915346582363819,0.777752503801204
834,0.517638,1.93185,3682.97002258663,0.910462498171637,-0.333308963364254
833,0.483844,1.94059,3896.1838774399,0.912416143749877,0.55552396402192
833,0.449902,1.94874,4088.2203880627,0.91241614375206,-0.555523964220202
832,0.415823,1.9563,4255.46443577364,0.910462498170279,0.333308963168166
832,0.381618,1.96325,4408.45215152447,0.915346582366717,-0.777752503993703
831,0.347296,1.96962,4483.31306455453,0.909485669429573,0.111102085145737
830,0.312869,1.97538,4543.97348047178,0.919253778305012,0.99999999989529
830,0.278346,1.98054,4563.07796342096,0.909485669430091,-0.111102085358547
829,0.243739,1.98509,4597.67118568943,0.915346582363415,0.77775250377766
829,0.209057,1.98904,4672.70996548547,0.910462498171767,-0.333308963386422
828,0.174311,1.99239,4753.87500082811,0.912416143749651,0.55552396400147
828,0.139513,1.99513,4840.62278174813,0.912416143752224,-0.555523964238419
827,0.104672,1.99726,4869.55383933329,0.910462498170184,0.33330896314881
827,0.069799,1.99878,4862.67370261615,0.915346582367074,-0.777752504016452
826,0.0349048,1.9997,4769.40645723625,0.909485669429527,0.111102085121841
825,1.27747e-16,2,4660.88879790252,0.919253778304535,0.999999999870799
825,-0.0349048,1.9997,4525.47905142128,0.909485669430051,-0.111102085378537
824,-0.069799,1.99878,4402.01713485002,0.915346582363134,0.777752503762801
824,-0.104672,1.99726,4302.00946876727,0.910462498171695,-0.333308963393583
823,-0.139513,1.99513,4203.14962810091,0.912416143749585,0.555523964001401
823,-0.174311,1.99239,4102.27191443703,0.912416143752112,-0.555523964232297
822,-0.209057,1.98904,3959.74044172507,0.910462498170195,0.333308963161685
822,-0.243739,1.98509,3791.84010673659,0.915346582366744,-0.777752503996403
821,-0.278346,1.98054,3566.29172313768,0.909485669429538,0.111102085145537
820,-0.312869,1.97538,3331.31400590611,0.919253778305041,0.999999999897278
820,-0.347296,1.96962,3091.94637767541,0.90948566942996,-0.111102085350006
819,-0.381618,1.96325,2862.26058124581,0.915346582363608,0.777752503792493
819,-0.415823,1.9563,2655.26949199852,0.910462498171543,-0.333308963366333
818,-0.449902,1.94874,2435.48842023624,0.912416143749872,0.555523964026316
818,-0.483844,1.94059,2194.62683826119,0.912416143751875,-0.555523964209561
817,-0.517638,1.93185,1901.42099847422,0.910462498170336,0.333308963182646
817,-0.551275,1.92252,1574.51373726635,0.915346582366457,-0.777752503976948
816,-0.584743,1.91261,1236.01567706027,0.909485669429562,0.111102085165907
815,-0.618034,1.90211,897.074326111743,0.919253778305526,0.999999999919175
815,-0.651136,1.89104,646.37442679622,0.909485669429935,-0.111102085328253
814,-0.68404,1.87939,407.651316491305,0.915346582363941,0.777752503814277
814,-0.716736,1.86716,210.54429282708,0.910462498171402,-0.333308963343933
813,-0.749213,1.85437,-14.0389460645006,0.912416143750117,0.555523964050053
813,-0.781462,1.84101,-280.245721569359,0.912416143751584,-0.555523964183396
812,-0.813473,1.82709,-588.747790424956,0.910462498170484,0.33330896321226
812,-0.845237,1.81262,-924.718912642642,0.91534658236591,-0.7777525039432
811,-0.876742,1.79759,-1222.60727734398,0.909485669429639,0.111102085200672
810,-0.907981,1.78201,-1509.02545928099,0.919253778306197,0.999999999954239
810,-0.938943,1.7659,-1708.04531874898,0.909485669429848,-0.111102085292613
809,-0.969619,1.74924,-1903.76029632625,0.915346582364533,0.777752503850298
809,-1,1.73205,-2095.10140127945,0.910462498171205,-0.333308963308436
808,-1.03008,1.71433,-2304.20843376165,0.912416143750522,0.55552396408444
808,-1.05984,1.6961,-2541.65623268972,0.912416143751243,-0.555523964150944
807,-1.08928,1.67734,-2788.85269919514,0.910462498170733,0.33330896324243
807,-1.11839,1.65808,-3041.24739647736,0.915346582365511,-0.777752503915504
806,-1.14715,1.6383,-3287.23756924418,0.909485669429678,0.11110208522852
805,-1.17557,1.61803,-3528.50766711529,0.91925377830677,0.999999999982889
805,-1.20363,1.59727,-3773.20155264017,0.909485669429819,-0.111102085265551
804,-1.23132,1.57602,-4014.05453736743,0.915346582364893,0.777752503876544
804,-1.25864,1.55429,-4254.23368083793,0.910462498170937,-0.333308963279986
803,-1.28558,1.53209,-4487.81050355466,0.912416143750809,0.555523964114847
803,-1.31212,1.50942,-4713.93104971134,0.912416143750849,-0.555523964118962
802,-1.33826,1.48629,-4947.97011883017,0.910462498170897,0.333308963276791
802,-1.364,1.46271,-5187.38587525387,0.915346582364928,-0.77775250387821
801,-1.38932,1.43868,-5469.74781031447,0.909485669429954,0.111102085257172
801,-1.41421,1.41421,-5765.00602869682,0.919253778307104,-0.999999999999994
15850,-1.43868,1.38932,-6121.4961886751,0.909485669429991,-0.111102085260237
15849,-1.46271,1.364,-6488.96716725463,0.915346582364828,0.777752503871364
15849,-1.48629,1.33826,-6888.58014622984,0.910462498171103,-0.333308963290387
15848,-1.50942,1.31212,-7297.26389578056,0.912416143750729,0.555523964099008
15848,-1.53209,1.28558,-7717.75240223987,0.912416143751185,-0.555523964140586
15847,-1.55429,1.25864,-8139.26918914854,0.910462498170851,0.333308963247569
15847,-1.57602,1.23132,-8561.99791331047,0.915346582365555,-0.777752503916249
15846,-1.59727,1.20363,-8960.77450418383,0.909485669429784,0.111102085221639
15845,-1.61803,1.17557,-9354.79083910119,0.919253778306531,0.999999999969823
15845,-1.6383,1.14715,-9693.84567904086,0.909485669429917,-0.111102085282151
15844,-1.65808,1.11839,-10025.888898504,0.915346582364627,0.777752503855772
15844,-1.67734,1.08928,-10324.3978600058,0.910462498171251,-0.333308963307506
15843,-1.6961,1.05984,-10622.7145689865,0.912416143750542,0.555523964080906
15843,-1.71433,1.03008,-10919.5682816746,0.912416143751375,-0.555523964158831
15842,-1.73205,1,-11241.4644490081,0.910462498170697,0.333308963230296
15842,-1.74924,0.969619,-11580.8925230176,0.915346582365764,-0.777752503931822
15841,-1.7659,0.938943,-11983.0896493778,0.909485669429762,0.111102085205035
15840,-1.78201,0.907981,-12402.9325090193,0.919253778306162,0.999999999951483
15840,-1.79759,0.876742,-12881.0232832733,0.909485669429984,-0.111102085301589
15839,-1.81262,0.845237,-13353.3153426111,0.915346582364318,0.777752503835071
15839,-1.82709,0.813473,-13794.3854541083,0.910462498171391,-0.333308963330024
15838,-1.84101,0.781462,-14200.3421637633,0.912416143750253,0.555523964056986
15838,-1.85437,0.749213,-14552.3313367654,0.912416143751674,-0.555523964183544
15837,-1.86716,0.716736,-14916.7125508784,0.910462498170589,0.333308963203294
15837,-1.87939,0.68404,-15289.9017104208,0.915346582366259,-0.777752503962095
15836,-1.89104,0.651136,-15784.3987331313,0.909485669429715,0.111102085173074
15835,-1.90211,0.618034,-16311.0581787499,0.919253778305508,0.999999999918209
15835,-1.91261,0.584743,-16895.6296648699,0.909485669430068,-0.111102085335144
15834,-1.92252,0.551275,-17438.8496809237,0.915346582363818,0.777752503801208
15834,-1.93185,0.517638,-17809.5944816814,0.910462498171639,-0.333308963364235
15833,-1.94059,0.483844,-18039.4158901397,0.912416143749876,0.555523964021923
15833,-1.94874,0.449902,-18057.4704726057,0.912416143752063,-0.555523964220183
15832,-1.9563,0.415823,-17960.683975883,0.910462498170272,0.333308963168156
15832,-1.96325,0.381618,-17785.8881383582,0.915346582366716,-0.7777525039937
15831,-1.96962,0.347296,-17674.4942656529,0.909485669429575,0.111102085145728
15830,-1.97538,0.312869,-17575.5155494863,0.91925377830502,0.999999999895294
15830,-1.98054,0.278346,-17671.0026473504,0.909485669430092,-0.111102085358556
15829,-1.98509,0.243739,-17788.3243482304,0.915346582363415,0.777752503777664
15829,-1.98904,0.209057,-18001.7890390136,0.910462498171765,-0.333308963386404
15828,-1.99239,0.174311,-18216.5549078544,0.912416143749651,0.555523964001473
15828,-1.99513,0.139513,-18433.1739534627,0.912416143752222,-0.5555239642384
15827,-1.99726,0.104672,-18608.3691628189,0.910462498170184,0.3333089631488
15827,-1.99878,0.069799,-18757.9214367792,0.915346582367074,-0.777752504016448
15826,-1.9997,0.0349048,-18807.8341805785,0.909485669429527,0.111102085121831
15825,-2,2.46315e-16,-18836.3129366901,0.919253778304535,0.999999999870803
15825,-1.9997,-0.0349048,-18676.9487097994,0.909485669430051,-0.111102085378547
15824,-1.99878,-0.069799,-18476.121666101,0.915346582363134,0.777752503762804
15824,-1.99726,-0.104672,-18107.4111136425,0.910462498171696,-0.333308963393566
15823,-1.99513,-0.139513,-17686.8785328345,0.912416143749586,0.555523964001405
15823,-1.99239,-0.174311,-17190.4317361887,0.912416143752114,-0.555523964232279
15822,-1.98904,-0.209057,-16713.4766967887,0.910462498170195,0.333308963161688
15822,-1.98509,-0.243739,-16248.7217288319,0.915346582366744,-0.7777525039964
15821,-1.98054,-0.278346,-15866.3163573417,0.909485669429545,0.111102085145526
15820,-1.97538,-0.312869,-15504.2308570167,0.919253778305042,0.999999999897283
15820,-1.96962,-0.347296,-15110.4135556383,0.909485669429957,-0.111102085350017
15819,-1.96325,-0.381618,-14674.6482875471,0.915346582363609,0.777752503792499
15819,-1.9563,-0.415823,-14073.4987728222,0.910462498171549,-0.333308963366345
15818,-1.94874,-0.449902,-13423.3301202354,0.912416143749872,0.555523964026319
15818,-1.94059,-0.483844,-12701.4654737306,0.91241614375188,-0.555523964209544
15817,-1.93185,-0.517638,-12087.3629502671,0.910462498170337,0.33330896318265
15817,-1.92252,-0.551275,-11544.4320440107,0.915346582366458,-0.777752503976945
15816,-1.91261,-0.584743,-11155.80417828,0.909485669429567,0.111102085165898
15815,-1.90211,-0.618034,-10805.3964406549,0.919253778305528,0.999999999919178
15815,-1.89104,-0.651136,-10258.7069317373,0.90948566942994,-0.111102085328262
15814,-1.87939,-0.68404,-9655.73918285191,0.915346582363942,0.77775250381428
15814,-1.86716,-0.716736,-8832.72513041965,0.910462498171397,-0.333308963343943
15813,-1.85437,-0.749213,-8100.69198324846,0.912416143750119,0.555523964050056
15813,-1.84101,-0.781462,-7507.08186704249,0.912416143751582,-0.555523964183381
15812,-1.82709,-0.813473,-7123.37918388627,0.910462498170486,0.333308963212263
15812,-1.81262,-0.845237,-6880.27053469746,0.915346582365912,-0.777752503943197
15811,-1.79759,-0.876742,-6479.75338352957,0.909485669429641,0.111102085200675
15810,-1.78201,-0.907981,-6041.02743169648,0.919253778306197,0.999999999954239
15810,-1.7659,-0.938943,-5454.76665959713,0.90948566942985,-0.11110208529261
15809,-1.74924,-0.969619,-4939.0941256177,0.915346582364535,0.777752503850301
15809,-1.73205,-1,-4702.81207820672,0.9104624981712,-0.333308963308458
15808,-1.71433,-1.03008,-4446.54863270362,0.912416143750526,0.555523964084446
15808,-1.6961,-1.05984,-4159.19108445928,0.912416143751243,-0.555523964150944
15807,-1.67734,-1.08928,-3641.77318223255,0.910462498170725,0.333308963242434
15807,-1.65808,-1.11839,-2972.06305240059,0.915346582365503,-0.7777525039155
15806,-1.6383,-1.14715,-2384.65122045414,0.90948566942967,0.111102085228524
15805,-1.61803,-1.17557,-1821.32054371851,0.919253778306763,0.999999999982893
15805,-1.59727,-1.20363,-1278.50740160746,0.909485669429812,-0.111102085265547
15804,-1.57602,-1.23132,-722.529232496996,0.915346582364898,0.777752503876549
15804,-1.55429,-1.25864,-96.9237496542613,0.910462498170935,-0.333308963280012
15803,-1.53209,-1.28558,408.225646273525,0.912416143750815,0.555523964114853
15803,-1.50942,-1.31212,735.049124943223,0.912416143750855,-0.555523964118957
15802,-1.48629,-1.33826,1032.58738566859,0.910462498170897,0.333308963276791
15802,-1.46271,-1.364,1309.39075491454,0.915346582364928,-0.77775250387821
15801,-1.43868,-1.38932,1569.29534792106,0.909485669429954,0.111102085257172
15801,-1.41421,-1.41421,1822.0548693457,0.919253778307098,-0.999999999999989
10084,-1.38932,-1.43868,2054.38570784189,-0.909485669429983,0.111102085260242
10184,-1.364,-1.46271,2297.65248702843,-0.915346582364814,-0.777752503871363
10184,-1.33826,-1.48629,2599.76728383158,-0.910462498171062,0.333308963290425
10284,-1.31212,-1.50942,2886.24077942172,-0.912416143750702,-0.555523964098991
10284,-1.28558,-1.53209,3152.27305131528,-0.912416143751175,0.55552396414059
10384,-1.25864,-1.55429,3282.82767051367,-0.910462498170858,-0.333308963247603
10384,-1.23132,-1.57602,3320.24798134538,-0.915346582365569,0.777752503916277
10484,-1.20363,-1.59727,3463.87801534889,-0.909485669429755,-0.111102085221656
10584,-1.17557,-1.61803,3627.77625819861,-0.919253778306467,-0.999999999969833
10584,-1.14715,-1.6383,4233.1628249122,-0.909485669429891,0.111102085282108
10684,-1.11839,-1.65808,4809.27750441066,-0.915346582364624,-0.777752503855743
10684,-1.08928,-1.67734,5291.2328279626,-0.910462498171255,0.333308963307532
10784,-1.05984,-1.6961,5708.38266004533,-0.912416143750544,-0.555523964080908
10784,-1.03008,-1.71433,6031.59616570265,-0.912416143751393,0.555523964158839
10884,-1,-1.73205,6316.52215528741,-0.910462498170715,-0.333308963230315
10884,-0.969619,-1.74924,6573.73907782472,-0.915346582365772,0.777752503931858
10984,-0.938943,-1.7659,6748.92714110407,-0.909485669429763,-0.111102085205032
11084,-0.907981,-1.78201,6899.37474132608,-0.919253778306154,-0.99999999995149
11084,-0.876742,-1.79759,7087.25903449598,-0.909485669429981,0.111102085301552
11184,-0.845237,-1.81262,7268.95292462806,-0.915346582364332,-0.777752503835052
11184,-0.813473,-1.82709,7440.98692221602,-0.910462498171421,0.333308963330044
11284,-0.781462,-1.84101,7651.92669663334,-0.912416143750289,-0.555523964056998
11284,-0.749213,-1.85437,7923.79373790841,-0.912416143751684,0.555523964183542
11384,-0.716736,-1.86716,8188.47606381506,-0.910462498170579,-0.333308963203316
11384,-0.68404,-1.87939,8446.02901043882,-0.915346582366256,0.777752503962127
11484,-0.651136,-1.89104,8420.90966106189,-0.9094856694297,-0.111102085173069
11584,-0.618034,-1.90211,8319.60896543055,-0.919253778305473,-0.9999999999182
11584,-0.584743,-1.91261,8304.38036208559,-0.909485669430035,0.111102085335111
11684,-0.551275,-1.92252,8310.6073279975,-0.915346582363772,-0.777752503801188
11684,-0.517638,-1.93185,8426.09016069894,-0.910462498171642,0.333308963364261
11784,-0.483844,-1.94059,8418.29774087167,-0.912416143749915,-0.555523964021929
11784,-0.449902,-1.94874,8229.36945950908,-0.912416143752077,0.555523964220183
11884,-0.415823,-1.9563,8053.11143864236,-0.910462498170266,-0.33330896316818
11884,-0.381618,-1.96325,7883.48662491452,-0.915346582366712,0.777752503993725
11984,-0.347296,-1.96962,7965.15267051379,-0.909485669429565,-0.111102085145729
12084,-0.312869,-1.97538,8104.47302074214,-0.919253778305011,-0.999999999895287
12084,-0.278346,-1.98054,8063.32455281036,-0.909485669430107,0.111102085358526
12184,-0.243739,-1.98509,7954.69223170959,-0.915346582363447,-0.777752503777644
12184,-0.209057,-1.98904,7595.03159397283,-0.910462498171781,0.333308963386432
12284,-0.174311,-1.99239,7293.9073750607,-0.912416143749663,-0.555523964001473
12284,-0.139513,-1.99513,7083.20429867361,-0.912416143752267,0.555523964238395
12384,-0.104672,-1.99726,7045.84854195501,-0.910462498170238,-0.333308963148834
12384,-0.069799,-1.99878,7121.19612170467,-0.915346582367131,0.777752504016471
12484,-0.0349048,-1.9997,7044.47631942641,-0.909485669429557,-0.111102085121833
12584,-4.35203e-16,-2,6926.01859376363,-0.919253778304537,-0.999999999870803
12584,0.0349048,-1.9997,6382.44690293131,-0.909485669430058,0.111102085378513
12684,0.069799,-1.99878,5837.3773616599,-0.915346582363139,-0.777752503762792
12684,0.104672,-1.99726,5291.68164587723,-0.9104624981717,0.333308963393593
12784,0.139513,-1.99513,4845.70575059105,-0.912416143749591,-0.555523964001403
12784,0.174311,-1.99239,4550.56006478252,-0.912416143752134,0.555523964232273
12884,0.209057,-1.98904,4319.18869450369,-0.91046249817019,-0.333308963161724
12884,0.243739,-1.98509,4128.58789273905,-0.915346582366752,0.777752503996427
12984,0.278346,-1.98054,3859.49356187239,-0.909485669429543,-0.111102085145531
13084,0.312869,-1.97538,3568.04510045946,-0.919253778305079,-0.999999999897294
13084,0.347296,-1.96962,3047.75036684063,-0.909485669429971,0.111102085349981
13184,0.381618,-1.96325,2496.325326366,-0.915346582363621,-0.777752503792476
13184,0.415823,-1.9563,1821.3938194464,-0.910462498171561,0.33330896336634
13284,0.449902,-1.94874,1191.57497058421,-0.912416143749886,-0.555523964026324
13284,0.483844,-1.94059,628.740208193683,-0.912416143751904,0.555523964209538
13384,0.517638,-1.93185,227.402885878748,-0.910462498170363,-0.333308963182687
13384,0.551275,-1.92252,-68.6345801423554,-0.915346582366464,0.777752503976962
13484,0.584743,-1.91261,-242.638790737122,-0.909485669429569,-0.111102085165906
13584,0.618034,-1.90211,-394.025533763498,-0.919253778305519,-0.999999999919186
13584,0.651136,-1.89104,-578.220925698524,-0.909485669429928,0.111102085328226
13684,0.68404,-1.87939,-785.529139745497,-0.915346582363942,-0.777752503814258
13684,0.716736,-1.86716,-1054.75991407093,-0.910462498171394,0.333308963343945
13784,0.749213,-1.85437,-1351.82819773678,-0.912416143750121,-0.555523964050058
13784,0.781462,-1.84101,-1686.82866048979,-0.91241614375158,0.555523964183364
13884,0.813473,-1.82709,-2066.19275282054,-0.91046249817049,-0.333308963212306
13884,0.845237,-1.81262,-2476.6109702556,-0.915346582365913,0.777752503943214
13984,0.876742,-1.79759,-2872.71066152399,-0.909485669429626,-0.1111020852007
14084,0.907981,-1.78201,-3269.17659951918,-0.919253778306215,-0.999999999954254
14084,0.938943,-1.7659,-3517.54921242608,-0.909485669429858,0.111102085292581
14184,0.969619,-1.74924,-3755.38427761432,-0.915346582364524,-0.777752503850263
14184,1,-1.73205,-3932.91904632263,-0.910462498171194,0.333308963308465
14284,1.03008,-1.71433,-4125.47284378053,-0.91241614375052,-0.55552396408445
14284,1.05984,-1.6961,-4337.4275804876,-0.912416143751235,0.55552396415093
14384,1.08928,-1.67734,-4522.56495907495,-0.910462498170724,-0.333308963242461
14384,1.11839,-1.65808,-4691.97617662864,-0.915346582365498,0.777752503915531
14484,1.14715,-1.6383,-4844.06332006012,-0.909485669429676,-0.111102085228531
14584,1.17557,-1.61803,-4997.18056594095,-0.919253778306762,-0.999999999982903
14584,1.20363,-1.59727,-5239.04084293246,-0.909485669429825,0.1111020852655
14684,1.23132,-1.57602,-5481.00935354073,-0.91534658236492,-0.777752503876537
14684,1.25864,-1.55429,-5700.4268245393,-0.910462498170955,0.333308963280004
14784,1.28558,-1.53209,-5903.68853793336,-0.912416143750819,-0.555523964114867
14784,1.31212,-1.50942,-6078.52924397864,-0.912416143750872,0.555523964118932
14884,1.33826,-1.48629,-6286.26311538097,-0.910462498170903,-0.333308963276861
14884,1.364,-1.46271,-6517.95148093074,-0.915346582364901,0.777752503878194
14984,1.38932,-1.43868,-6691.42804536791,-0.909485669429939,-0.111102085257194
14984,1.41421,-1.41421,-6854.43835681952,-0.919253778307102,0.999999999999985
5850,1.43868,-1.38932,-6957.65546152833,0.909485669429985,-0.111102085260202
5849,1.46271,-1.364,-7070.71946107404,0.915346582364833,0.777752503871339
5849,1.48629,-1.33826,-7210.60529081949,0.910462498171102,-0.333308963290407
5848,1.50942,-1.31212,-7351.63681655914,0.91241614375073,0.555523964099018
5848,1.53209,-1.28558,-7492.78754429625,0.912416143751186,-0.555523964140576
5847,1.55429,-1.25864,-7639.33840904445,0.91046249817085,0.333308963247604
5847,1.57602,-1.23132,-7791.30430670689,0.91534658236556,-0.777752503916265
5846,1.59727,-1.20363,-7951.66764682226,0.909485669429786,0.111102085221649
5845,1.61803,-1.17557,-8119.25281948758,0.919253778306525,0.999999999969829
5845,1.6383,-1.14715,-8244.60839219682,0.909485669429914,-0.11110208528211
5844,1.65808,-1.11839,-8375.22050177617,0.915346582364627,0.777752503855747
5844,1.67734,-1.08928,-8505.31332801541,0.910462498171258,-0.333308963307527
5843,1.6961,-1.05984,-8645.62361754654,0.912416143750537,0.555523964080912
5843,1.71433,-1.03008,-8797.83793028015,0.912416143751378,-0.555523964158821
5842,1.73205,-1,-8924.74189404059,0.910462498170701,0.333308963230334
5842,1.74924,-0.969619,-9036.42779994671,0.915346582365767,-0.777752503931841
5841,1.7659,-0.938943,-9188.5655518023,0.909485669429766,0.111102085205045
5840,1.78201,-0.907981,-9353.67745886268,0.919253778306158,0.99999999995149
5840,1.79759,-0.876742,-9567.35661032655,0.909485669429983,-0.111102085301555
5839,1.81262,-0.845237,-9779.12726736054,0.915346582364319,0.777752503835052
5839,1.82709,-0.813473,-9975.15221719002,0.910462498171384,-0.333308963330046
5838,1.84101,-0.781462,-10185.6089188304,0.912416143750258,0.555523964056995
5838,1.85437,-0.749213,-10416.9016256624,0.91241614375167,-0.555523964183538
5837,1.86716,-0.716736,-10648.0477006854,0.91046249817059,0.333308963203332
5837,1.87939,-0.68404,-10879.319527627,0.915346582366259,-0.777752503962114
5836,1.89104,-0.651136,-11057.6726903675,0.909485669429712,0.11110208517308
5835,1.90211,-0.618034,-11223.4415195945,0.919253778305505,0.999999999918216
5835,1.91261,-0.584743,-11397.5801242087,0.909485669430072,-0.111102085335106
5834,1.92252,-0.551275,-11578.696247413,0.915346582363824,0.777752503801191
5834,1.93185,-0.517638,-11783.8407818915,0.910462498171638,-0.333308963364257
5833,1.94059,-0.483844,-11967.0903933409,0.912416143749874,0.555523964021932
5833,1.94874,-0.449902,-12116.5909792325,0.91241614375206,-0.555523964220175
5832,1.9563,-0.415823,-12230.4504481151,0.910462498170272,0.333308963168192
5832,1.96325,-0.381618,-12321.2021950831,0.915346582366721,-0.777752503993719
5831,1.96962,-0.347296,-12412.8669443863,0.909485669429573,0.111102085145735
5830,1.97538,-0.312869,-12506.4937112331,0.919253778305019,0.999999999895301
5830,1.98054,-0.278346,-12595.7826557211,0.909485669430095,-0.11110208535852
5829,1.98509,-0.243739,-12681.5969910866,0.915346582363408,0.777752503777643
5829,1.98904,-0.209057,-12745.3930990523,0.910462498171767,-0.333308963386425
5828,1.99239,-0.174311,-12807.3701058536,0.91241614374965,0.555523964001481
5828,1.99513,-0.139513,-12865.1099999261,0.912416143752221,-0.555523964238393
5827,1.99726,-0.104672,-12915.7345487422,0.910462498170182,0.333308963148836
5827,1.99878,-0.069799,-12962.6239909654,0.915346582367075,-0.777752504016468
5826,1.9997,-0.0349048,-12959.2843679006,0.909485669429527,0.111102085121839
