origElemNum,globCoord-x,globCoord-y,acouPotentialD1-,locCoord-xi,locCoord-eta
5825,2,-2.20442e-18,3534532.16138475,0.919253778304535,0.999999999870795
5825,1.9997,0.0349048,3465699.13146091,0.909485669430051,-0.11110208537854
5824,1.99878,0.069799,3393863.07846381,0.915346582363134,0.7777525037628
5824,1.99726,0.104672,3321257.89330258,0.910462498171695,-0.333308963393583
5823,1.99513,0.139513,3249121.41224548,0.912416143749585,0.555523964001403
5823,1.99239,0.174311,3179558.28781298,0.912416143752112,-0.555523964232293
5822,1.98904,0.209057,3113315.06339296,0.910462498170195,0.33330896316169
5822,1.98509,0.243739,3048163.94048877,0.915346582366752,-0.777752503996411
5821,1.98054,0.278346,2983645.78049818,0.909485669429537,0.111102085145532
5820,1.97538,0.312869,2916881.32619206,0.91925377830504,0.999999999897275
5820,1.96962,0.347296,2843917.27697955,0.909485669429959,-0.111102085350008
5819,1.96325,0.381618,2767489.38047433,0.915346582363608,0.777752503792493
5819,1.9563,0.415823,2686224.40176892,0.910462498171543,-0.333308963366333
5818,1.94874,0.449902,2606139.71956567,0.912416143749872,0.555523964026318
5818,1.94059,0.483844,2529245.0008973,0.912416143751876,-0.555523964209557
5817,1.93185,0.517638,2461873.7940004,0.910462498170338,0.333308963182653
5817,1.92252,0.551275,2400028.71480724,0.915346582366455,-0.777752503976955
5816,1.91261,0.584743,2346461.18236035,0.909485669429567,0.111102085165898
5815,1.90211,0.618034,2293170.77529527,0.919253778305533,0.999999999919169
5815,1.89104,0.651136,2232541.95156886,0.909485669429933,-0.111102085328256
5814,1.87939,0.68404,2167237.80969838,0.915346582363941,0.777752503814277
5814,1.86716,0.716736,2089951.79781969,0.910462498171402,-0.333308963343933
5813,1.85437,0.749213,2011507.73065574,0.912416143750119,0.555523964050056
5813,1.84101,0.781462,1932373.63815052,0.912416143751575,-0.555523964183394
5812,1.82709,0.813473,1861853.36048815,0.910462498170486,0.333308963212263
5812,1.81262,0.845237,1796429.79659755,0.915346582365915,-0.777752503943209
5811,1.79759,0.876742,1739727.66694371,0.909485669429635,0.111102085200681
5810,1.78201,0.907981,1683700.81029416,0.919253778306195,0.999999999954235
5810,1.7659,0.938943,1624452.2807259,0.909485669429844,-0.111102085292603
5809,1.74924,0.969619,1561512.36055094,0.915346582364538,0.777752503850291
5809,1.73205,1,1489563.25070639,0.910462498171199,-0.333308963308445
5808,1.71433,1.03008,1413583.54429459,0.912416143750526,0.555523964084446
5808,1.6961,1.05984,1332439.97203864,0.912416143751246,-0.555523964150953
5807,1.67734,1.08928,1253224.72369175,0.910462498170725,0.333308963242434
5807,1.65808,1.11839,1174662.82389635,0.915346582365508,-0.777752503915519
5806,1.6383,1.14715,1105959.38592395,0.909485669429676,0.11110208522853
5805,1.61803,1.17557,1038198.09546001,0.919253778306765,0.999999999982884
5805,1.59727,1.20363,964877.844039905,0.909485669429817,-0.111102085265541
5804,1.57602,1.23132,884101.246782972,0.9153465823649,0.777752503876539
5804,1.55429,1.25864,778754.061473094,0.910462498170939,-0.333308963279996
5803,1.53209,1.28558,667176.314635901,0.912416143750815,0.555523964114853
5803,1.50942,1.31212,546915.728931649,0.91241614375085,-0.555523964118972
5802,1.48629,1.33826,423262.701944106,0.910462498170897,0.333308963276791
5802,1.46271,1.364,297176.515562044,0.915346582364929,-0.77775250387822
5801,1.43868,1.38932,142627.081496285,0.909485669429954,0.111102085257182
5801,1.41421,1.41421,-19283.4147888474,0.919253778307104,-0.999999999999994
850,1.38932,1.43868,-191573.827129675,0.909485669429991,-0.111102085260227
849,1.364,1.46271,-360328.033812498,0.915346582364834,0.777752503871359
849,1.33826,1.48629,-513720.141858895,0.910462498171096,-0.333308963290402
848,1.31212,1.50942,-663361.437435165,0.912416143750729,0.555523964099008
848,1.28558,1.53209,-807177.682555778,0.912416143751184,-0.555523964140596
847,1.25864,1.55429,-933958.881403686,0.910462498170846,0.333308963247574
847,1.23132,1.57602,-1048993.04004772,0.915346582365554,-0.777752503916259
846,1.20363,1.59727,-1136853.7540781,0.90948566942978,0.111102085221654
845,1.17557,1.61803,-1216698.38765959,0.919253778306528,0.999999999969813
845,1.14715,1.6383,-1288228.52408439,0.909485669429915,-0.111102085282135
844,1.11839,1.65808,-1359036.39120358,0.915346582364625,0.777752503855763
844,1.08928,1.67734,-1431416.5570938,0.910462498171253,-0.333308963307521
843,1.05984,1.6961,-1509416.17941732,0.912416143750542,0.555523964080906
843,1.03008,1.71433,-1596292.8837568,0.912416143751377,-0.555523964158847
842,1,1.73205,-1682815.15319201,0.910462498170698,0.333308963230309
842,0.969619,1.74924,-1769127.26591172,0.915346582365766,-0.777752503931825
841,0.938943,1.7659,-1828177.0008265,0.909485669429764,0.111102085205048
840,0.907981,1.78201,-1880586.63952053,0.919253778306164,0.99999999995148
840,0.876742,1.79759,-1911883.1621869,0.909485669429979,-0.11110208530158
839,0.845237,1.81262,-1941866.46420281,0.91534658236432,0.777752503835068
839,0.813473,1.82709,-1965164.58282665,0.91046249817139,-0.33330896333004
838,0.781462,1.84101,-1982992.27500137,0.912416143750255,0.555523964056983
838,0.749213,1.85437,-1992145.78238029,0.912416143751674,-0.555523964183563
837,0.716736,1.86716,-1992324.49696055,0.910462498170584,0.333308963203304
837,0.68404,1.87939,-1987207.05287362,0.915346582366261,-0.777752503962098
836,0.651136,1.89104,-1982306.77017859,0.909485669429719,0.111102085173086
835,0.618034,1.90211,-1979478.20358244,0.919253778305509,0.999999999918205
835,0.584743,1.91261,-1985324.27865304,0.909485669430073,-0.111102085335132
834,0.551275,1.92252,-1993818.5535303,0.915346582363819,0.777752503801204
834,0.517638,1.93185,-2002605.83802857,0.910462498171637,-0.333308963364254
833,0.483844,1.94059,-2013290.24173421,0.912416143749877,0.55552396402192
833,0.449902,1.94874,-2024733.30020982,0.91241614375206,-0.555523964220202
832,0.415823,1.9563,-2046543.07953189,0.910462498170279,0.333308963168166
832,0.381618,1.96325,-2077206.12463609,0.915346582366717,-0.777752503993703
831,0.347296,1.96962,-2125097.90360642,0.909485669429573,0.111102085145737
830,0.312869,1.97538,-2182186.78403874,0.919253778305012,0.99999999989529
830,0.278346,1.98054,-2248668.3129938,0.909485669430091,-0.111102085358547
829,0.243739,1.98509,-2321458.41824171,0.915346582363415,0.77775250377766
829,0.209057,1.98904,-2397942.89770596,0.910462498171767,-0.333308963386422
828,0.174311,1.99239,-2481684.06033339,0.912416143749651,0.55552396400147
828,0.139513,1.99513,-2572429.13236333,0.912416143752224,-0.555523964238419
827,0.104672,1.99726,-2668324.62433893,0.910462498170184,0.33330896314881
827,0.069799,1.99878,-2770519.83963925,0.915346582367074,-0.777752504016452
826,0.0349048,1.9997,-2863476.04042146,0.909485669429527,0.111102085121841
825,1.27747e-16,2,-2960804.77831019,0.919253778304535,0.999999999870799
825,-0.0349048,1.9997,-3031984.35550498,0.909485669430051,-0.111102085378537
824,-0.069799,1.99878,-3106488.78323816,0.915346582363134,0.777752503762801
824,-0.104672,1.99726,-3167040.03687761,0.910462498171695,-0.333308963393583
823,-0.139513,1.99513,-3230807.02724183,0.912416143749585,0.555523964001401
823,-0.174311,1.99239,-3294834.52393931,0.912416143752112,-0.555523964232297
822,-0.209057,1.98904,-3359367.70891672,0.910462498170195,0.333308963161685
822,-0.243739,1.98509,-3427147.99498758,0.915346582366744,-0.777752503996403
821,-0.278346,1.98054,-3478282.29107322,0.909485669429538,0.111102085145537
820,-0.312869,1.97538,-3531703.97256805,0.919253778305041,0.999999999897278
820,-0.347296,1.96962,-3544937.98511801,0.90948566942996,-0.111102085350006
819,-0.381618,1.96325,-3557638.73195696,0.915346582363608,0.777752503792493
819,-0.415823,1.9563,-3542982.05772541,0.910462498171543,-0.333308963366333
818,-0.449902,1.94874,-3526928.53380704,0.912416143749872,0.555523964026316
818,-0.483844,1.94059,-3504730.31427643,0.912416143751875,-0.555523964209561
817,-0.517638,1.93185,-3484192.08866264,0.910462498170336,0.333308963182646
817,-0.551275,1.92252,-3467048.16672968,0.915346582366457,-0.777752503976948
816,-0.584743,1.91261,-3442838.61224499,0.909485669429562,0.111102085165907
815,-0.618034,1.90211,-3421606.80041462,0.919253778305526,0.999999999919175
815,-0.651136,1.89104,-3373654.60033948,0.909485669429935,-0.111102085328253
814,-0.68404,1.87939,-3324592.09289464,0.915346582363941,0.777752503814277
814,-0.716736,1.86716,-3253455.33000339,0.910462498171402,-0.333308963343933
813,-0.749213,1.85437,-3177798.83297854,0.912416143750117,0.555523964050053
813,-0.781462,1.84101,-3092655.09055793,0.912416143751584,-0.555523964183396
812,-0.813473,1.82709,-2999186.74191239,0.910462498170484,0.33330896321226
812,-0.845237,1.81262,-2901459.54513069,0.91534658236591,-0.7777525039432
811,-0.876742,1.79759,-2782740.46843539,0.909485669429639,0.111102085200672
810,-0.907981,1.78201,-2661021.04989646,0.919253778306197,0.999999999954239
810,-0.938943,1.7659,-2506040.13475308,0.909485669429848,-0.111102085292613
809,-0.969619,1.74924,-2348367.46366914,0.915346582364533,0.777752503850298
809,-1,1.73205,-2173458.48733097,0.910462498171205,-0.333308963308436
808,-1.03008,1.71433,-1997157.74830989,0.912416143750522,0.55552396408444
808,-1.05984,1.6961,-1818112.59315994,0.912416143751243,-0.555523964150944
807,-1.08928,1.67734,-1637482.74205181,0.910462498170733,0.33330896324243
807,-1.11839,1.65808,-1455759.84808893,0.915346582365511,-0.777752503915504
806,-1.14715,1.6383,-1262980.51464239,0.909485669429678,0.11110208522852
805,-1.17557,1.61803,-1067022.40890353,0.91925377830677,0.999999999982889
805,-1.20363,1.59727,-850929.32353967,0.909485669429819,-0.111102085265551
804,-1.23132,1.57602,-631359.412496666,0.915346582364893,0.777752503876544
804,-1.25864,1.55429,-400494.025238858,0.910462498170937,-0.333308963279986
803,-1.28558,1.53209,-167488.815619656,0.912416143750809,0.555523964114847
803,-1.31212,1.50942,68055.076216115,0.912416143750849,-0.555523964118962
802,-1.33826,1.48629,302281.801170541,0.910462498170897,0.333308963276791
802,-1.364,1.46271,536470.836268391,0.915346582364928,-0.77775250387821
801,-1.38932,1.43868,765461.59644387,0.909485669429954,0.111102085257172
801,-1.41421,1.41421,995504.399701849,0.919253778307104,-0.999999999999994
15850,-1.43868,1.38932,1214191.88126401,0.909485669429991,-0.111102085260237
15849,-1.46271,1.364,1432732.47644496,0.915346582364828,0.777752503871364
15849,-1.48629,1.33826,1640186.21079227,0.910462498171103,-0.333308963290387
15848,-1.50942,1.31212,1843891.0021579,0.912416143750729,0.555523964099008
15848,-1.53209,1.28558,2040099.42819638,0.912416143751185,-0.555523964140586
15847,-1.55429,1.25864,2229075.35544527,0.910462498170851,0.333308963247569
15847,-1.57602,1.23132,2414483.78222714,0.915346582365555,-0.777752503916249
15846,-1.59727,1.20363,2587521.50149171,0.909485669429784,0.111102085221639
15845,-1.61803,1.17557,2760261.23285342,0.919253778306531,0.999999999969823
15845,-1.6383,1.14715,2918079.34381029,0.909485669429917,-0.111102085282151
15844,-1.65808,1.11839,3078443.01410362,0.915346582364627,0.777752503855772
15844,-1.67734,1.08928,3238567.32678981,0.910462498171251,-0.333308963307506
15843,-1.6961,1.05984,3408640.5587189,0.912416143750542,0.555523964080906
15843,-1.71433,1.03008,3591989.67240129,0.912416143751375,-0.555523964158831
15842,-1.73205,1,3795424.20013815,0.910462498170697,0.333308963230296
15842,-1.74924,0.969619,4013311.11145073,0.915346582365764,-0.777752503931822
15841,-1.7659,0.938943,4252645.23838142,0.909485669429762,0.111102085205035
15840,-1.78201,0.907981,4499813.28324187,0.919253778306162,0.999999999951483
15840,-1.79759,0.876742,4763458.37898219,0.909485669429984,-0.111102085301589
15839,-1.81262,0.845237,5032434.60269865,0.915346582364318,0.777752503835071
15839,-1.82709,0.813473,5312947.80867625,0.910462498171391,-0.333308963330024
15838,-1.84101,0.781462,5599175.24087485,0.912416143750253,0.555523964056986
15838,-1.85437,0.749213,5892325.82839173,0.912416143751674,-0.555523964183544
15837,-1.86716,0.716736,6182454.5907289,0.910462498170589,0.333308963203294
15837,-1.87939,0.68404,6471538.58329553,0.915346582366259,-0.777752503962095
15836,-1.89104,0.651136,6739180.97127731,0.909485669429715,0.111102085173074
15835,-1.90211,0.618034,7003648.87216313,0.919253778305508,0.999999999918209
15835,-1.91261,0.584743,7236455.80377789,0.909485669430068,-0.111102085335144
15834,-1.92252,0.551275,7467960.55888443,0.915346582363818,0.777752503801208
15834,-1.93185,0.517638,7685918.54746346,0.910462498171639,-0.333308963364235
15833,-1.94059,0.483844,7901152.65640193,0.912416143749876,0.555523964021923
15833,-1.94874,0.449902,8110976.4544104,0.912416143752063,-0.555523964220183
15832,-1.9563,0.415823,8299293.0696458,0.910462498170272,0.333308963168156
15832,-1.96325,0.381618,8473628.3415317,0.915346582366716,-0.7777525039937
15831,-1.96962,0.347296,8573067.02572205,0.909485669429575,0.111102085145728
15830,-1.97538,0.312869,8653694.05985231,0.91925377830502,0.999999999895294
15830,-1.98054,0.278346,8590382.0908196,0.909485669430092,-0.111102085358556
15829,-1.98509,0.243739,8496587.86664625,0.915346582363415,0.777752503777664
15829,-1.98904,0.209057,8285683.35223958,0.910462498171765,-0.333308963386404
15828,-1.99239,0.174311,8038607.46502583,0.912416143749651,0.555523964001473
15828,-1.99513,0.139513,7738738.57274336,0.912416143752222,-0.5555239642384
15827,-1.99726,0.104672,7443389.27729701,0.910462498170184,0.3333089631488
15827,-1.99878,0.069799,7150111.05789055,0.915346582367074,-0.777752504016448
15826,-1.9997,0.0349048,6929393.12443639,0.909485669429527,0.111102085121831
15825,-2,2.46315e-16,6725440.78785301,0.919253778304535,0.999999999870803
15825,-1.9997,-0.0349048,6638349.44639685,0.909485669430051,-0.111102085378547
15824,-1.99878,-0.069799,6566639.02858535,0.915346582363134,0.777752503762804
15824,-1.99726,-0.104672,6557737.51829032,0.910462498171696,-0.333308963393566
15823,-1.99513,-0.139513,6551698.73264209,0.912416143749586,0.555523964001405
15823,-1.99239,-0.174311,6549603.24161302,0.912416143752114,-0.555523964232279
15822,-1.98904,-0.209057,6515148.43271664,0.910462498170195,0.333308963161688
15822,-1.98509,-0.243739,6459283.44319284,0.915346582366744,-0.7777525039964
15821,-1.98054,-0.278346,6346629.64619884,0.909485669429545,0.111102085145526
15820,-1.97538,-0.312869,6219324.80737566,0.919253778305042,0.999999999897283
15820,-1.96962,-0.347296,6047819.68532304,0.909485669429957,-0.111102085350017
15819,-1.96325,-0.381618,5875342.63746577,0.915346582363609,0.777752503792499
15819,-1.9563,-0.415823,5703744.53817748,0.910462498171549,-0.333308963366345
15818,-1.94874,-0.449902,5549151.16234527,0.912416143749872,0.555523964026319
15818,-1.94059,-0.483844,5421036.07099102,0.91241614375188,-0.555523964209544
15817,-1.93185,-0.517638,5338823.87893757,0.910462498170337,0.33330896318265
15817,-1.92252,-0.551275,5287382.52422949,0.915346582366458,-0.777752503976945
15816,-1.91261,-0.584743,5296502.40901484,0.909485669429567,0.111102085165898
15815,-1.90211,-0.618034,5322158.52659002,0.919253778305528,0.999999999919178
15815,-1.89104,-0.651136,5346391.72045615,0.90948566942994,-0.111102085328262
15814,-1.87939,-0.68404,5342535.17217835,0.915346582363942,0.77775250381428
15814,-1.86716,-0.716736,5219035.25862686,0.910462498171397,-0.333308963343943
15813,-1.85437,-0.749213,4997637.7758137,0.912416143750119,0.555523964050056
15813,-1.84101,-0.781462,4628500.51621304,0.912416143751582,-0.555523964183381
15812,-1.82709,-0.813473,4171177.15730839,0.910462498170486,0.333308963212263
15812,-1.81262,-0.845237,3655507.35219586,0.915346582365912,-0.777752503943197
15811,-1.79759,-0.876742,3199810.0731627,0.909485669429641,0.111102085200675
15810,-1.78201,-0.907981,2760948.51063029,0.919253778306197,0.999999999954239
15810,-1.7659,-0.938943,2487579.13960691,0.90948566942985,-0.11110208529261
15809,-1.74924,-0.969619,2237224.61923732,0.915346582364535,0.777752503850301
15809,-1.73205,-1,2068218.85652377,0.9104624981712,-0.333308963308458
15808,-1.71433,-1.03008,1945173.19089517,0.912416143750526,0.555523964084446
15808,-1.6961,-1.05984,1889092.38707526,0.912416143751243,-0.555523964150944
15807,-1.67734,-1.08928,1927141.76125061,0.910462498170725,0.333308963242434
15807,-1.65808,-1.11839,2029701.8050822,0.915346582365503,-0.7777525039155
15806,-1.6383,-1.14715,2121874.60918744,0.90948566942967,0.111102085228524
15805,-1.61803,-1.17557,2215424.5693835,0.919253778306763,0.999999999982893
15805,-1.59727,-1.20363,2061527.0639919,0.909485669429812,-0.111102085265547
15804,-1.57602,-1.23132,1883012.040083,0.915346582364898,0.777752503876549
15804,-1.55429,-1.25864,1591311.37660537,0.910462498170935,-0.333308963280012
15803,-1.53209,-1.28558,1290556.06617853,0.912416143750815,0.555523964114853
15803,-1.50942,-1.31212,973748.17979213,0.912416143750855,-0.555523964118957
15802,-1.48629,-1.33826,545147.120105992,0.910462498170897,0.333308963276791
15802,-1.46271,-1.364,44060.3150874975,0.915346582364928,-0.77775250387821
15801,-1.43868,-1.38932,-305356.406615455,0.909485669429954,0.111102085257172
15801,-1.41421,-1.41421,-611911.6483063,0.919253778307098,-0.999999999999989
10084,-1.38932,-1.43868,-837653.381363156,-0.909485669429983,0.111102085260242
10184,-1.364,-1.46271,-1094496.9484127,-0.915346582364814,-0.777752503871363
10184,-1.33826,-1.48629,-1498049.90624663,-0.910462498171062,0.333308963290425
10284,-1.31212,-1.50942,-2019372.17711547,-0.912416143750702,-0.555523964098991
10284,-1.28558,-1.53209,-2721071.22142619,-0.912416143751175,0.55552396414059
10384,-1.25864,-1.55429,-3609774.02944318,-0.910462498170858,-0.333308963247603
10384,-1.23132,-1.57602,-4620466.62624058,-0.915346582365569,0.777752503916277
10484,-1.20363,-1.59727,-5087689.94357008,-0.909485669429755,-0.111102085221656
10584,-1.17557,-1.61803,-5414339.37807319,-0.919253778306467,-0.999999999969833
10584,-1.14715,-1.6383,-4901616.89309703,-0.909485669429891,0.111102085282108
10684,-1.11839,-1.65808,-4401313.4694485,-0.915346582364624,-0.777752503855743
10684,-1.08928,-1.67734,-3965249.11973734,-0.910462498171255,0.333308963307532
10784,-1.05984,-1.6961,-3642653.98082485,-0.912416143750544,-0.555523964080908
10784,-1.03008,-1.71433,-3492390.44204443,-0.912416143751393,0.555523964158839
10884,-1,-1.73205,-3418781.77463159,-0.910462498170715,-0.333308963230315
10884,-0.969619,-1.74924,-3394922.36744848,-0.915346582365772,0.777752503931858
10984,-0.938943,-1.7659,-3415010.22333491,-0.909485669429763,-0.111102085205032
11084,-0.907981,-1.78201,-3442835.21696869,-0.919253778306154,-0.99999999995149
11084,-0.876742,-1.79759,-3542807.71912793,-0.909485669429981,0.111102085301552
11184,-0.845237,-1.81262,-3696879.72745597,-0.915346582364332,-0.777752503835052
11184,-0.813473,-1.82709,-4082969.43941229,-0.910462498171421,0.333308963330044
11284,-0.781462,-1.84101,-4441680.28702324,-0.912416143750289,-0.555523964056998
11284,-0.749213,-1.85437,-4762457.86439144,-0.912416143751684,0.555523964183542
11384,-0.716736,-1.86716,-4958672.06814102,-0.910462498170579,-0.333308963203316
11384,-0.68404,-1.87939,-5070649.18725975,-0.915346582366256,0.777752503962127
11484,-0.651136,-1.89104,-5279252.93052696,-0.9094856694297,-0.111102085173069
11584,-0.618034,-1.90211,-5509686.12103358,-0.919253778305473,-0.9999999999182
11584,-0.584743,-1.91261,-5799001.70763636,-0.909485669430035,0.111102085335111
11684,-0.551275,-1.92252,-6057884.15481054,-0.915346582363772,-0.777752503801188
11684,-0.517638,-1.93185,-6202461.89036836,-0.910462498171642,0.333308963364261
11784,-0.483844,-1.94059,-6324224.8324264,-0.912416143749915,-0.555523964021929
11784,-0.449902,-1.94874,-6412600.40237453,-0.912416143752077,0.555523964220183
11884,-0.415823,-1.9563,-6488822.00439321,-0.910462498170266,-0.33330896316818
11884,-0.381618,-1.96325,-6556413.43032393,-0.915346582366712,0.777752503993725
11984,-0.347296,-1.96962,-6546897.18174885,-0.909485669429565,-0.111102085145729
12084,-0.312869,-1.97538,-6517072.12577108,-0.919253778305011,-0.999999999895287
12084,-0.278346,-1.98054,-6401365.90674726,-0.909485669430107,0.111102085358526
12184,-0.243739,-1.98509,-6280671.18846459,-0.915346582363447,-0.777752503777644
12184,-0.209057,-1.98904,-6141615.87980688,-0.910462498171781,0.333308963386432
12284,-0.174311,-1.99239,-6028493.64264219,-0.912416143749663,-0.555523964001473
12284,-0.139513,-1.99513,-5953869.10480238,-0.912416143752267,0.555523964238395
12384,-0.104672,-1.99726,-5941960.82757601,-0.910462498170238,-0.333308963148834
12384,-0.069799,-1.99878,-5972460.30886495,-0.915346582367131,0.777752504016471
12484,-0.0349048,-1.9997,-6011351.9816022,-0.909485669429557,-0.111102085121833
12584,-4.35203e-16,-2,-6054404.48475316,-0.919253778304537,-0.999999999870803
12584,0.0349048,-1.9997,-6028639.21719151,-0.909485669430058,0.111102085378513
12684,0.069799,-1.99878,-5998195.35756153,-0.915346582363139,-0.777752503762792
12684,0.104672,-1.99726,-5937885.64448674,-0.9104624981717,0.333308963393593
12784,0.139513,-1.99513,-5877007.55403312,-0.912416143749591,-0.555523964001403
12784,0.174311,-1.99239,-5813220.23890709,-0.912416143752134,0.555523964232273
12884,0.209057,-1.98904,-5745566.49784929,-0.91046249817019,-0.333308963161724
12884,0.243739,-1.98509,-5676917.02515935,-0.915346582366752,0.777752503996427
12984,0.278346,-1.98054,-5603202.55445449,-0.909485669429543,-0.111102085145531
13084,0.312869,-1.97538,-5531613.98290062,-0.919253778305079,-0.999999999897294
13084,0.347296,-1.96962,-5448368.84829168,-0.909485669429971,0.111102085349981
13184,0.381618,-1.96325,-5359798.59533812,-0.915346582363621,-0.777752503792476
13184,0.415823,-1.9563,-5237054.48224752,-0.910462498171561,0.33330896336634
13284,0.449902,-1.94874,-5081957.26114918,-0.912416143749886,-0.555523964026324
13284,0.483844,-1.94059,-4876129.31241132,-0.912416143751904,0.555523964209538
13384,0.517638,-1.93185,-4609063.82085942,-0.910462498170363,-0.333308963182687
13384,0.551275,-1.92252,-4303260.20705641,-0.915346582366464,0.777752503976962
13484,0.584743,-1.91261,-3933567.84790699,-0.909485669429569,-0.111102085165906
13584,0.618034,-1.90211,-3552759.27554895,-0.919253778305519,-0.999999999919186
13584,0.651136,-1.89104,-3139668.16288797,-0.909485669429928,0.111102085328226
13684,0.68404,-1.87939,-2734472.24882174,-0.915346582363942,-0.777752503814258
13684,0.716736,-1.86716,-2342074.16066158,-0.910462498171394,0.333308963343945
13784,0.749213,-1.85437,-1970457.71718944,-0.912416143750121,-0.555523964050058
13784,0.781462,-1.84101,-1627196.41333145,-0.91241614375158,0.555523964183364
13884,0.813473,-1.82709,-1318723.70946018,-0.91046249817049,-0.333308963212306
13884,0.845237,-1.81262,-1035052.90573474,-0.915346582365913,0.777752503943214
13984,0.876742,-1.79759,-796159.0635193,-0.909485669429626,-0.1111020852007
14084,0.907981,-1.78201,-571646.16609442,-0.919253778306215,-0.999999999954254
14084,0.938943,-1.7659,-395582.080787133,-0.909485669429858,0.111102085292581
14184,0.969619,-1.74924,-229468.189494649,-0.915346582364524,-0.777752503850263
14184,1,-1.73205,-92230.3241716196,-0.910462498171194,0.333308963308465
14284,1.03008,-1.71433,33555.9461832955,-0.91241614375052,-0.55552396408445
14284,1.05984,-1.6961,143628.151956902,-0.912416143751235,0.55552396415093
14384,1.08928,-1.67734,236901.917038904,-0.910462498170724,-0.333308963242461
14384,1.11839,-1.65808,318479.362669465,-0.915346582365498,0.777752503915531
14484,1.14715,-1.6383,378091.973145489,-0.909485669429676,-0.111102085228531
14584,1.17557,-1.61803,431601.103973981,-0.919253778306762,-0.999999999982903
14584,1.20363,-1.59727,473100.043788308,-0.909485669429825,0.1111020852655
14684,1.23132,-1.57602,514001.775910168,-0.91534658236492,-0.777752503876537
14684,1.25864,-1.55429,553400.736601416,-0.910462498170955,0.333308963280004
14784,1.28558,-1.53209,592561.422700491,-0.912416143750819,-0.555523964114867
14784,1.31212,-1.50942,631337.993757105,-0.912416143750872,0.555523964118932
14884,1.33826,-1.48629,680368.386431793,-0.910462498170903,-0.333308963276861
14884,1.364,-1.46271,736325.315972713,-0.915346582364901,0.777752503878194
14984,1.38932,-1.43868,813455.115033469,-0.909485669429939,-0.111102085257194
14984,1.41421,-1.41421,896133.598555611,-0.919253778307102,0.999999999999985
5850,1.43868,-1.38932,989465.866982384,0.909485669429985,-0.111102085260202
5849,1.46271,-1.364,1085061.56646561,0.915346582364833,0.777752503871339
5849,1.48629,-1.33826,1188058.57831533,0.910462498171102,-0.333308963290407
5848,1.50942,-1.31212,1297953.5902859,0.91241614375073,0.555523964099018
5848,1.53209,-1.28558,1417804.97280675,0.912416143751186,-0.555523964140576
5847,1.55429,-1.25864,1543392.07615846,0.91046249817085,0.333308963247604
5847,1.57602,-1.23132,1673105.77910221,0.91534658236556,-0.777752503916265
5846,1.59727,-1.20363,1806234.95452829,0.909485669429786,0.111102085221649
5845,1.61803,-1.17557,1940953.97037703,0.919253778306525,0.999999999969829
5845,1.6383,-1.14715,2087109.71490024,0.909485669429914,-0.11110208528211
5844,1.65808,-1.11839,2234463.94294461,0.915346582364627,0.777752503855747
5844,1.67734,-1.08928,2383441.44881376,0.910462498171258,-0.333308963307527
5843,1.6961,-1.05984,2524726.33204238,0.912416143750537,0.555523964080912
5843,1.71433,-1.03008,2653885.51523044,0.912416143751378,-0.555523964158821
5842,1.73205,-1,2774907.08802638,0.910462498170701,0.333308963230334
5842,1.74924,-0.969619,2890784.36887442,0.915346582365767,-0.777752503931841
5841,1.7659,-0.938943,3004163.25151052,0.909485669429766,0.111102085205045
5840,1.78201,-0.907981,3117614.46914469,0.919253778306158,0.99999999995149
5840,1.79759,-0.876742,3214772.26425062,0.909485669429983,-0.111102085301555
5839,1.81262,-0.845237,3308988.71263196,0.915346582364319,0.777752503835052
5839,1.82709,-0.813473,3388799.28269105,0.910462498171384,-0.333308963330046
5838,1.84101,-0.781462,3468104.55607671,0.912416143750258,0.555523964056995
5838,1.85437,-0.749213,3546271.48690975,0.91241614375167,-0.555523964183538
5837,1.86716,-0.716736,3622700.37668734,0.91046249817059,0.333308963203332
5837,1.87939,-0.68404,3698071.01519462,0.915346582366259,-0.777752503962114
5836,1.89104,-0.651136,3759615.38733838,0.909485669429712,0.11110208517308
5835,1.90211,-0.618034,3817707.51774482,0.919253778305505,0.999999999918216
5835,1.91261,-0.584743,3859326.8609889,0.909485669430072,-0.111102085335106
5834,1.92252,-0.551275,3899275.83791337,0.915346582363824,0.777752503801191
5834,1.93185,-0.517638,3933714.88451528,0.910462498171638,-0.333308963364257
5833,1.94059,-0.483844,3963657.50760167,0.912416143749874,0.555523964021932
5833,1.94874,-0.449902,3987249.702504,0.91241614375206,-0.555523964220175
5832,1.9563,-0.415823,3997423.29653659,0.910462498170272,0.333308963168192
5832,1.96325,-0.381618,3998030.08599315,0.915346582366721,-0.777752503993719
5831,1.96962,-0.347296,3980080.59872952,0.909485669429573,0.111102085145735
5830,1.97538,-0.312869,3955731.23498262,0.919253778305019,0.999999999895301
5830,1.98054,-0.278346,3919660.71141062,0.909485669430095,-0.11110208535852
5829,1.98509,-0.243739,3881032.91873856,0.915346582363408,0.777752503777643
5829,1.98904,-0.209057,3840611.9635581,0.910462498171767,-0.333308963386425
5828,1.99239,-0.174311,3798233.30108443,0.91241614374965,0.555523964001481
5828,1.99513,-0.139513,3754509.46500592,0.912416143752221,-0.555523964238393
5827,1.99726,-0.104672,3706863.25368412,0.910462498170182,0.333308963148836
5827,1.99878,-0.069799,3655404.73138333,0.915346582367075,-0.777752504016468
5826,1.9997,-0.0349048,3597200.77473977,0.909485669429527,0.111102085121839
