origElemNum,globCoord-x,globCoord-y,acouPotentialD1-,locCoord-xi,locCoord-eta
5825,2,-2.20442e-18,-0.0157820804876539,0.919253778304535,0.999999999870795
5825,1.9997,0.0349048,-0.0161966764193647,0.909485669430051,-0.11110208537854
5824,1.99878,0.069799,-0.0166069787190712,0.915346582363134,0.7777525037628
5824,1.99726,0.104672,-0.0170161470407482,0.910462498171695,-0.333308963393583
5823,1.99513,0.139513,-0.0174213800399069,0.912416143749585,0.555523964001403
5823,1.99239,0.174311,-0.0178238009464777,0.912416143752112,-0.555523964232293
5822,1.98904,0.209057,-0.0182236697523513,0.910462498170195,0.33330896316169
5822,1.98509,0.243739,-0.018618924703236,0.915346582366752,-0.777752503996411
5821,1.98054,0.278346,-0.019013076298958,0.909485669429537,0.111102085145532
5820,1.97538,0.312869,-0.019399787270568,0.91925377830504,0.999999999897275
5820,1.96962,0.347296,-0.019787127103029,0.909485669429959,-0.111102085350008
5819,1.96325,0.381618,-0.0201658491148175,0.915346582363608,0.777752503792493
5819,1.9563,0.415823,-0.0205416967121827,0.910462498171543,-0.333308963366333
5818,1.94874,0.449902,-0.0209104065993895,0.912416143749872,0.555523964026318
5818,1.94059,0.483844,-0.0212740848503663,0.912416143751876,-0.555523964209557
5817,1.93185,0.517638,-0.021633287130697,0.910462498170338,0.333308963182653
5817,1.92252,0.551275,-0.0219848680697932,0.915346582366455,-0.777752503976955
5816,1.91261,0.584743,-0.0223352446244885,0.909485669429567,0.111102085165898
5815,1.90211,0.618034,-0.0226742146593301,0.919253778305533,0.999999999919169
5815,1.89104,0.651136,-0.0230151151071289,0.909485669429933,-0.111102085328256
5814,1.87939,0.68404,-0.0233437567217986,0.915346582363941,0.777752503814277
5814,1.86716,0.716736,-0.0236710861611147,0.910462498171402,-0.333308963343933
5813,1.85437,0.749213,-0.0239897166481431,0.912416143750119,0.555523964050056
5813,1.84101,0.781462,-0.0243037409620843,0.912416143751575,-0.555523964183394
5812,1.82709,0.813473,-0.0246143883086198,0.910462498170486,0.333308963212263
5812,1.81262,0.845237,-0.0249162361639473,0.915346582365915,-0.777752503943209
5811,1.79759,0.876742,-0.0252211187664741,0.909485669429635,0.111102085200681
5810,1.78201,0.907981,-0.0255112898702888,0.919253778306195,0.999999999954235
5810,1.7659,0.938943,-0.0258095915061935,0.909485669429844,-0.111102085292603
5809,1.74924,0.969619,-0.0260922751379691,0.915346582364538,0.777752503850291
5809,1.73205,1,-0.0263776584294075,0.910462498171199,-0.333308963308445
5808,1.71433,1.03008,-0.0266532777267878,0.912416143750526,0.555523964084446
5808,1.6961,1.05984,-0.0269255637960847,0.912416143751246,-0.555523964150953
5807,1.67734,1.08928,-0.0271953309257344,0.910462498170725,0.333308963242434
5807,1.65808,1.11839,-0.0274550859371118,0.915346582365508,-0.777752503915519
5806,1.6383,1.14715,-0.027719878885105,0.909485669429676,0.11110208522853
5805,1.61803,1.17557,-0.0279666116765398,0.919253778306765,0.999999999982884
5805,1.59727,1.20363,-0.0282265414453924,0.909485669429817,-0.111102085265541
5804,1.57602,1.23132,-0.0284675426941447,0.9153465823649,0.777752503876539
5804,1.55429,1.25864,-0.0287124559407848,0.910462498170939,-0.333308963279996
5803,1.53209,1.28558,-0.0289457451930088,0.912416143750815,0.555523964114853
5803,1.50942,1.31212,-0.0291751488252672,0.91241614375085,-0.555523964118972
5802,1.48629,1.33826,-0.0294008327880518,0.910462498170897,0.333308963276791
5802,1.46271,1.364,-0.0296145635860736,0.915346582364929,-0.77775250387822
5801,1.43868,1.38932,-0.029831152536506,0.909485669429954,0.111102085257182
5801,1.41421,1.41421,-0.0300269668937927,0.919253778307104,-0.999999999999994
850,1.38932,1.43868,-0.0302308059893511,0.909485669429991,-0.111102085260227
849,1.364,1.46271,-0.0304128450404984,0.915346582364834,0.777752503871359
849,1.33826,1.48629,-0.0305942812394553,0.910462498171096,-0.333308963290402
848,1.31212,1.50942,-0.0307603314150926,0.912416143750729,0.555523964099008
848,1.28558,1.53209,-0.0309177692051041,0.912416143751184,-0.555523964140596
847,1.25864,1.55429,-0.0310656075839128,0.910462498170846,0.333308963247574
847,1.23132,1.57602,-0.0311973088564529,0.915346582365554,-0.777752503916259
846,1.20363,1.59727,-0.0313263990487972,0.90948566942978,0.111102085221654
845,1.17557,1.61803,-0.0314328897057458,0.919253778306528,0.999999999969813
845,1.14715,1.6383,-0.0315467854656321,0.909485669429915,-0.111102085282135
844,1.11839,1.65808,-0.0316386698709818,0.915346582364625,0.777752503855763
844,1.08928,1.67734,-0.0317307932604666,0.910462498171253,-0.333308963307521
843,1.05984,1.6961,-0.0318081971767289,0.912416143750542,0.555523964080906
843,1.03008,1.71433,-0.0318783374735147,0.912416143751377,-0.555523964158847
842,1,1.73205,-0.0319414335941969,0.910462498170698,0.333308963230309
842,0.969619,1.74924,-0.0319896668544917,0.915346582365766,-0.777752503931825
841,0.938943,1.7659,-0.0320401395393482,0.909485669429764,0.111102085205048
840,0.907981,1.78201,-0.0320679438971454,0.919253778306164,0.99999999995148
840,0.876742,1.79759,-0.032107503697707,0.909485669429979,-0.11110208530158
839,0.845237,1.81262,-0.0321247353700382,0.91534658236432,0.777752503835068
839,0.813473,1.82709,-0.0321473290302062,0.91046249817139,-0.33330896333004
838,0.781462,1.84101,-0.0321571492093356,0.912416143750255,0.555523964056983
838,0.749213,1.85437,-0.0321638890341936,0.912416143751674,-0.555523964183563
837,0.716736,1.86716,-0.032168418110217,0.910462498170584,0.333308963203304
837,0.68404,1.87939,-0.0321602983987828,0.915346582366261,-0.777752503962098
836,0.651136,1.89104,-0.0321606686071166,0.909485669429719,0.111102085173086
835,0.618034,1.90211,-0.0321376119580903,0.919253778305509,0.999999999918205
835,0.584743,1.91261,-0.0321339678423283,0.909485669430073,-0.111102085335132
834,0.551275,1.92252,-0.0321066985044064,0.915346582363819,0.777752503801204
834,0.517638,1.93185,-0.0320885288549321,0.910462498171637,-0.333308963364254
833,0.483844,1.94059,-0.032056579751482,0.912416143749877,0.55552396402192
833,0.449902,1.94874,-0.0320213742056191,0.91241614375206,-0.555523964220202
832,0.415823,1.9563,-0.0319804120025634,0.910462498170279,0.333308963168166
832,0.381618,1.96325,-0.0319240801914204,0.915346582366717,-0.777752503993703
831,0.347296,1.96962,-0.0318686476338763,0.909485669429573,0.111102085145737
830,0.312869,1.97538,-0.0317878090687191,0.919253778305012,0.99999999989529
830,0.278346,1.98054,-0.0317144042891714,0.909485669430091,-0.111102085358547
829,0.243739,1.98509,-0.0316150198973325,0.915346582363415,0.77775250377766
829,0.209057,1.98904,-0.0315122771019124,0.910462498171767,-0.333308963386422
828,0.174311,1.99239,-0.0313910659250664,0.912416143749651,0.55552396400147
828,0.139513,1.99513,-0.0312585476362417,0.912416143752224,-0.555523964238419
827,0.104672,1.99726,-0.0311130826896176,0.910462498170184,0.33330896314881
827,0.069799,1.99878,-0.0309487514676681,0.915346582367074,-0.777752504016452
826,0.0349048,1.9997,-0.0307774685998512,0.909485669429527,0.111102085121841
825,1.27747e-16,2,-0.0305820262575058,0.919253778304535,0.999999999870799
825,-0.0349048,1.9997,-0.030386511874571,0.909485669430051,-0.111102085378537
824,-0.069799,1.99878,-0.0301679137914294,0.915346582363134,0.777752503762801
824,-0.104672,1.99726,-0.0299442897766123,0.910462498171695,-0.333308963393583
823,-0.139513,1.99513,-0.0297051854939551,0.912416143749585,0.555523964001401
823,-0.174311,1.99239,-0.0294571490335098,0.912416143752112,-0.555523964232297
822,-0.209057,1.98904,-0.0292030824868278,0.910462498170195,0.333308963161685
822,-0.243739,1.98509,-0.0289357777962605,0.915346582366744,-0.777752503996403
821,-0.278346,1.98054,-0.0286720010272234,0.909485669429538,0.111102085145537
820,-0.312869,1.97538,-0.0283882679878825,0.919253778305041,0.999999999897278
820,-0.347296,1.96962,-0.0281210741264473,0.90948566942996,-0.111102085350006
819,-0.381618,1.96325,-0.0278351251952513,0.915346582363608,0.777752503792493
819,-0.415823,1.9563,-0.0275582992599146,0.910462498171543,-0.333308963366333
818,-0.449902,1.94874,-0.0272732991532046,0.912416143749872,0.555523964026316
818,-0.483844,1.94059,-0.0269903104296926,0.912416143751875,-0.555523964209561
817,-0.517638,1.93185,-0.0267118386396711,0.910462498170336,0.333308963182646
817,-0.551275,1.92252,-0.0264265351356397,0.915346582366457,-0.777752503976948
816,-0.584743,1.91261,-0.0261585302412595,0.909485669429562,0.111102085165907
815,-0.618034,1.90211,-0.0258721250582721,0.919253778305526,0.999999999919175
815,-0.651136,1.89104,-0.0256142854841613,0.909485669429935,-0.111102085328253
814,-0.68404,1.87939,-0.0253374664756612,0.915346582363941,0.777752503814277
814,-0.716736,1.86716,-0.0250778482479499,0.910462498171402,-0.333308963343933
813,-0.749213,1.85437,-0.024811357405162,0.912416143750117,0.555523964050053
813,-0.781462,1.84101,-0.0245504503325369,0.912416143751584,-0.555523964183396
812,-0.813473,1.82709,-0.0242948223915542,0.910462498170484,0.33330896321226
812,-0.845237,1.81262,-0.0240318711030833,0.91534658236591,-0.7777525039432
811,-0.876742,1.79759,-0.0237862990810871,0.909485669429639,0.111102085200672
810,-0.907981,1.78201,-0.0235204144738413,0.919253778306197,0.999999999954239
810,-0.938943,1.7659,-0.0232822002760348,0.909485669429848,-0.111102085292613
809,-0.969619,1.74924,-0.0230230938446483,0.915346582364533,0.777752503850298
809,-1,1.73205,-0.0227794101377999,0.910462498171205,-0.333308963308436
808,-1.03008,1.71433,-0.0225255598525891,0.912416143750522,0.55552396408444
808,-1.05984,1.6961,-0.0222729583147049,0.912416143751243,-0.555523964150944
807,-1.08928,1.67734,-0.0220201290491531,0.910462498170733,0.33330896324243
807,-1.11839,1.65808,-0.0217564864668281,0.915346582365511,-0.777752503915504
806,-1.14715,1.6383,-0.0215026884677212,0.909485669429678,0.11110208522852
805,-1.17557,1.61803,-0.0212277043694392,0.91925377830677,0.999999999982889
805,-1.20363,1.59727,-0.0209734349314711,0.909485669429819,-0.111102085265551
804,-1.23132,1.57602,-0.0206978054221052,0.915346582364893,0.777752503876544
804,-1.25864,1.55429,-0.0204291640789574,0.910462498170937,-0.333308963279986
803,-1.28558,1.53209,-0.0201489803288864,0.912416143750809,0.555523964114847
803,-1.31212,1.50942,-0.0198665172166547,0.912416143750849,-0.555523964118962
802,-1.33826,1.48629,-0.019581892401434,0.910462498170897,0.333308963276791
802,-1.364,1.46271,-0.0192866322968068,0.915346582364928,-0.77775250387821
801,-1.38932,1.43868,-0.0189958263751318,0.909485669429954,0.111102085257172
801,-1.41421,1.41421,-0.0186862218683075,0.919253778307104,-0.999999999999994
15850,-1.43868,1.38932,-0.0183863158785501,0.909485669429991,-0.111102085260237
15849,-1.46271,1.364,-0.0180682657658747,0.915346582364828,0.777752503871364
15849,-1.48629,1.33826,-0.0177536223192234,0.910462498171103,-0.333308963290387
15848,-1.50942,1.31212,-0.0174293001676112,0.912416143750729,0.555523964099008
15848,-1.53209,1.28558,-0.0171025868760753,0.912416143751185,-0.555523964140586
15847,-1.55429,1.25864,-0.0167727223235762,0.910462498170851,0.333308963247569
15847,-1.57602,1.23132,-0.0164336935441739,0.915346582365555,-0.777752503916249
15846,-1.59727,1.20363,-0.0160969093578918,0.909485669429784,0.111102085221639
15845,-1.61803,1.17557,-0.0157456419662785,0.919253778306531,0.999999999969823
15845,-1.6383,1.14715,-0.0154049301680875,0.909485669429917,-0.111102085282151
15844,-1.65808,1.11839,-0.0150507662191279,0.915346582364627,0.777752503855772
15844,-1.67734,1.08928,-0.0146989601666029,0.910462498171251,-0.333308963307506
15843,-1.6961,1.05984,-0.0143393392578006,0.912416143750542,0.555523964080906
15843,-1.71433,1.03008,-0.0139767779823471,0.912416143751375,-0.555523964158831
15842,-1.73205,1,-0.0136117730357423,0.910462498170697,0.333308963230296
15842,-1.74924,0.969619,-0.0132403041570225,0.915346582365764,-0.777752503931822
15841,-1.7659,0.938943,-0.0128722867393661,0.909485669429762,0.111102085205035
15840,-1.78201,0.907981,-0.0124950423184345,0.919253778306162,0.999999999951483
15840,-1.79759,0.876742,-0.0121239177058368,0.909485669429984,-0.111102085301589
15839,-1.81262,0.845237,-0.011744446624415,0.915346582364318,0.777752503835071
15839,-1.82709,0.813473,-0.0113682097893017,0.910462498171391,-0.333308963330024
15838,-1.84101,0.781462,-0.0109878619323138,0.912416143750253,0.555523964056986
15838,-1.85437,0.749213,-0.0106069214519017,0.912416143751674,-0.555523964183544
15837,-1.86716,0.716736,-0.0102254788999071,0.910462498170589,0.333308963203294
15837,-1.87939,0.68404,-0.00984098204391189,0.915346582366259,-0.777752503962095
15836,-1.89104,0.651136,-0.00945785990693427,0.909485669429715,0.111102085173074
15835,-1.90211,0.618034,-0.00906974899970871,0.919253778305508,0.999999999918209
15835,-1.91261,0.584743,-0.00868463251592365,0.909485669430068,-0.111102085335144
15834,-1.92252,0.551275,-0.00829582033629907,0.915346582363818,0.777752503801208
15834,-1.93185,0.517638,-0.00790996031920872,0.910462498171639,-0.333308963364235
15833,-1.94059,0.483844,-0.00752320054110745,0.912416143749876,0.555523964021923
15833,-1.94874,0.449902,-0.00713754700473801,0.912416143752063,-0.555523964220183
15832,-1.9563,0.415823,-0.00675198359244695,0.910462498170272,0.333308963168156
15832,-1.96325,0.381618,-0.00636582348463119,0.915346582366716,-0.7777525039937
15831,-1.96962,0.347296,-0.00598013340939254,0.909485669429575,0.111102085145728
15830,-1.97538,0.312869,-0.00559381891817953,0.91925377830502,0.999999999895294
15830,-1.98054,0.278346,-0.00521100603667907,0.909485669430092,-0.111102085358556
15829,-1.98509,0.243739,-0.00482876062027106,0.915346582363415,0.777752503777664
15829,-1.98904,0.209057,-0.00444825172198032,0.910462498171765,-0.333308963386404
15828,-1.99239,0.174311,-0.00407005519435039,0.912416143749651,0.555523964001473
15828,-1.99513,0.139513,-0.0036947367753737,0.912416143752222,-0.5555239642384
15827,-1.99726,0.104672,-0.00332087544903135,0.910462498170184,0.3333089631488
15827,-1.99878,0.069799,-0.00294934519594321,0.915346582367074,-0.777752504016448
15826,-1.9997,0.0349048,-0.00257922183952681,0.909485669429527,0.111102085121831
15825,-2,2.46315e-16,-0.00221325890927538,0.919253778304535,0.999999999870803
15825,-1.9997,-0.0349048,-0.00184839903482355,0.909485669430051,-0.111102085378547
15824,-1.99878,-0.069799,-0.00148855868370865,0.915346582363134,0.777752503762804
15824,-1.99726,-0.104672,-0.00113000373372201,0.910462498171696,-0.333308963393566
15823,-1.99513,-0.139513,-0.000775760440592932,0.912416143749586,0.555523964001405
15823,-1.99239,-0.174311,-0.000424344967102315,0.912416143752114,-0.555523964232279
15822,-1.98904,-0.209057,-7.74381902170928e-05,0.910462498170195,0.333308963161688
15822,-1.98509,-0.243739,0.000263087684224034,0.915346582366744,-0.7777525039964
15821,-1.98054,-0.278346,0.000601993088591528,0.909485669429545,0.111102085145526
15820,-1.97538,-0.312869,0.000932144424625064,0.919253778305042,0.999999999897283
15820,-1.96962,-0.347296,0.00126173012227993,0.909485669429957,-0.111102085350017
15819,-1.96325,-0.381618,0.00158207326340299,0.915346582363609,0.777752503792499
15819,-1.9563,-0.415823,0.00190242993515292,0.910462498171549,-0.333308963366345
15818,-1.94874,-0.449902,0.0022156911395707,0.912416143749872,0.555523964026319
15818,-1.94059,-0.483844,0.00252498834445976,0.91241614375188,-0.555523964209544
15817,-1.93185,-0.517638,0.00282917275835231,0.910462498170337,0.33330896318265
15817,-1.92252,-0.551275,0.00312458747100302,0.915346582366458,-0.777752503976945
15816,-1.91261,-0.584743,0.00341854156990267,0.909485669429567,0.111102085165898
15815,-1.90211,-0.618034,0.00369931584519953,0.919253778305528,0.999999999919178
15815,-1.89104,-0.651136,0.00398598566594264,0.90948566942994,-0.111102085328262
15814,-1.87939,-0.68404,0.00425938009588113,0.915346582363942,0.77775250381428
15814,-1.86716,-0.716736,0.00453437114439941,0.910462498171397,-0.333308963343943
15813,-1.85437,-0.749213,0.00479999106207887,0.912416143750119,0.555523964050056
15813,-1.84101,-0.781462,0.00506114897961281,0.912416143751582,-0.555523964183381
15812,-1.82709,-0.813473,0.00531798646850811,0.910462498170486,0.333308963212263
15812,-1.81262,-0.845237,0.00556469339333798,0.915346582365912,-0.777752503943197
15811,-1.79759,-0.876742,0.00581242146681009,0.909485669429641,0.111102085200675
15810,-1.78201,-0.907981,0.00604339987294048,0.919253778306197,0.999999999954239
15810,-1.7659,-0.938943,0.0062832856061715,0.90948566942985,-0.11110208529261
15809,-1.74924,-0.969619,0.0065057553691498,0.915346582364535,0.777752503850301
15809,-1.73205,-1,0.00672974339244551,0.9104624981712,-0.333308963308458
15808,-1.71433,-1.03008,0.00694317312163284,0.912416143750526,0.555523964084446
15808,-1.6961,-1.05984,0.00715309662473643,0.912416143751243,-0.555523964150944
15807,-1.67734,-1.08928,0.00736027883787041,0.910462498170725,0.333308963242434
15807,-1.65808,-1.11839,0.00755665991252959,0.915346582365503,-0.7777525039155
15806,-1.6383,-1.14715,0.00775759988851717,0.90948566942967,0.111102085228524
15805,-1.61803,-1.17557,0.00793893207254214,0.919253778306763,0.999999999982893
15805,-1.59727,-1.20363,0.00813048114803859,0.909485669429812,-0.111102085265547
15804,-1.57602,-1.23132,0.00830220656790266,0.915346582364898,0.777752503876549
15804,-1.55429,-1.25864,0.00848012159968671,0.910462498170935,-0.333308963280012
15803,-1.53209,-1.28558,0.00864618893595139,0.912416143750815,0.555523964114853
15803,-1.50942,-1.31212,0.00880909324610436,0.912416143750855,-0.555523964118957
15802,-1.48629,-1.33826,0.00896828868591238,0.910462498170897,0.333308963276791
15802,-1.46271,-1.364,0.00911472043537745,0.915346582364928,-0.77775250387821
15801,-1.43868,-1.38932,0.0092686615178705,0.909485669429954,0.111102085257172
15801,-1.41421,-1.41421,0.00940092208230577,0.919253778307098,-0.999999999999989
10084,-1.38932,-1.43868,0.00955318145915474,-0.909485669429983,0.111102085260242
10184,-1.364,-1.46271,0.00968371233055105,-0.915346582364814,-0.777752503871363
10184,-1.33826,-1.48629,0.0098231442283824,-0.910462498171062,0.333308963290425
10284,-1.31212,-1.50942,0.00995031551609711,-0.912416143750702,-0.555523964098991
10284,-1.28558,-1.53209,0.0100752475590779,-0.912416143751175,0.55552396414059
10384,-1.25864,-1.55429,0.0101993430987848,-0.910462498170858,-0.333308963247603
10384,-1.23132,-1.57602,0.0103118535428323,-0.915346582365569,0.777752503916277
10484,-1.20363,-1.59727,0.010435844275884,-0.909485669429755,-0.111102085221656
10584,-1.17557,-1.61803,0.01053781621329,-0.919253778306467,-0.999999999969833
10584,-1.14715,-1.6383,0.0106593129545649,-0.909485669429891,0.111102085282108
10684,-1.11839,-1.65808,0.010758902084151,-0.915346582364624,-0.777752503855743
10684,-1.08928,-1.67734,0.0108707140914964,-0.910462498171255,0.333308963307532
10784,-1.05984,-1.6961,0.01097272529093,-0.912416143750544,-0.555523964080908
10784,-1.03008,-1.71433,0.0110766772555847,-0.912416143751393,0.555523964158839
10884,-1,-1.73205,0.0111822501068546,-0.910462498170715,-0.333308963230315
10884,-0.969619,-1.74924,0.011277878151816,-0.915346582365772,0.777752503931858
10984,-0.938943,-1.7659,0.0113850950891189,-0.909485669429763,-0.111102085205032
11084,-0.907981,-1.78201,0.0114706469624846,-0.919253778306154,-0.99999999995149
11084,-0.876742,-1.79759,0.0115806060436284,-0.909485669429981,0.111102085301552
11184,-0.845237,-1.81262,0.0116692193429332,-0.915346582364332,-0.777752503835052
11184,-0.813473,-1.82709,0.0117696812522653,-0.910462498171421,0.333308963330044
11284,-0.781462,-1.84101,0.0118601502276588,-0.912416143750289,-0.555523964056998
11284,-0.749213,-1.85437,0.0119516490821868,-0.912416143751684,0.555523964183542
11384,-0.716736,-1.86716,0.0120436527208216,-0.910462498170579,-0.333308963203316
11384,-0.68404,-1.87939,0.0121255444937259,-0.915346582366256,0.777752503962127
11484,-0.651136,-1.89104,0.0122188638551528,-0.9094856694297,-0.111102085173069
11584,-0.618034,-1.90211,0.0122917978286925,-0.919253778305473,-0.9999999999182
11584,-0.584743,-1.91261,0.0123849058812921,-0.909485669430035,0.111102085335111
11684,-0.551275,-1.92252,0.0124564905571346,-0.915346582363772,-0.777752503801188
11684,-0.517638,-1.93185,0.0125339643812418,-0.910462498171642,0.333308963364261
11784,-0.483844,-1.94059,0.0125981325342397,-0.912416143749915,-0.555523964021929
11784,-0.449902,-1.94874,0.0126575466050519,-0.912416143752077,0.555523964220183
11884,-0.415823,-1.9563,0.0127115984583991,-0.910462498170266,-0.33330896316818
11884,-0.381618,-1.96325,0.0127519149367985,-0.915346582366712,0.777752503993725
11984,-0.347296,-1.96962,0.012793315909421,-0.909485669429565,-0.111102085145729
12084,-0.312869,-1.97538,0.0128119653349693,-0.919253778305011,-0.999999999895287
12084,-0.278346,-1.98054,0.0128326891475624,-0.909485669430107,0.111102085358526
12184,-0.243739,-1.98509,0.0128286442890223,-0.915346582363447,-0.777752503777644
12184,-0.209057,-1.98904,0.0128189875143726,-0.910462498171781,0.333308963386432
12284,-0.174311,-1.99239,0.0127888334074269,-0.912416143749663,-0.555523964001473
12284,-0.139513,-1.99513,0.0127438376001196,-0.912416143752267,0.555523964238395
12384,-0.104672,-1.99726,0.0126841962403863,-0.910462498170238,-0.333308963148834
12384,-0.069799,-1.99878,0.0126035305867998,-0.915346582367131,0.777752504016471
12484,-0.0349048,-1.9997,0.0125135957810996,-0.909485669429557,-0.111102085121833
12584,-4.35203e-16,-2,0.0123951400641648,-0.919253778304537,-0.999999999870803
12584,0.0349048,-1.9997,0.0122740042390501,-0.909485669430058,0.111102085378513
12684,0.069799,-1.99878,0.0121238823173775,-0.915346582363139,-0.777752503762792
12684,0.104672,-1.99726,0.0119664634166128,-0.9104624981717,0.333308963393593
12784,0.139513,-1.99513,0.0117882400382151,-0.912416143749591,-0.555523964001403
12784,0.174311,-1.99239,0.0115975389961039,-0.912416143752134,0.555523964232273
12884,0.209057,-1.98904,0.0113952181426067,-0.91046249817019,-0.333308963161724
12884,0.243739,-1.98509,0.0111720623726341,-0.915346582366752,0.777752503996427
12984,0.278346,-1.98054,0.0109519971435977,-0.909485669429543,-0.111102085145531
13084,0.312869,-1.97538,0.0107028257430156,-0.919253778305079,-0.999999999897294
13084,0.347296,-1.96962,0.0104737994911037,-0.909485669429971,0.111102085349981
13184,0.381618,-1.96325,0.0102186853179008,-0.915346582363621,-0.777752503792476
13184,0.415823,-1.9563,0.00997925520298957,-0.910462498171561,0.33330896336634
13284,0.449902,-1.94874,0.00973024062765515,-0.912416143749886,-0.555523964026324
13284,0.483844,-1.94059,0.00948676220172857,-0.912416143751904,0.555523964209538
13384,0.517638,-1.93185,0.00925143137323976,-0.910462498170363,-0.333308963182687
13384,0.551275,-1.92252,0.00900911332890134,-0.915346582366464,0.777752503976962
13484,0.584743,-1.91261,0.00879309847766279,-0.909485669429569,-0.111102085165906
13584,0.618034,-1.90211,0.0085569450355985,-0.919253778305519,-0.999999999919186
13584,0.651136,-1.89104,0.00836527244695899,-0.909485669429928,0.111102085328226
13684,0.68404,-1.87939,0.00815529921236733,-0.915346582363942,-0.777752503814258
13684,0.716736,-1.86716,0.00797253259131881,-0.910462498171394,0.333308963343945
13784,0.749213,-1.85437,0.00778598129238146,-0.912416143750121,-0.555523964050058
13784,0.781462,-1.84101,0.00760938907652177,-0.91241614375158,0.555523964183364
13884,0.813473,-1.82709,0.00743947200315953,-0.91046249817049,-0.333308963212306
13884,0.845237,-1.81262,0.00726530283814505,-0.915346582365913,0.777752503943214
13984,0.876742,-1.79759,0.00710318119574808,-0.909485669429626,-0.1111020852007
14084,0.907981,-1.78201,0.00692599391156062,-0.919253778306215,-0.999999999954254
14084,0.938943,-1.7659,0.00676323328879163,-0.909485669429858,0.111102085292581
14184,0.969619,-1.74924,0.00658414860588003,-0.915346582364524,-0.777752503850263
14184,1,-1.73205,0.00640635695722025,-0.910462498171194,0.333308963308465
14284,1.03008,-1.71433,0.00621749405349339,-0.91241614375052,-0.55552396408445
14284,1.05984,-1.6961,0.00602241449379254,-0.912416143751235,0.55552396415093
14384,1.08928,-1.67734,0.00581927458202725,-0.910462498170724,-0.333308963242461
14384,1.11839,-1.65808,0.00560461869965661,-0.915346582365498,0.777752503915531
14484,1.14715,-1.6383,0.0053818141469614,-0.909485669429676,-0.111102085228531
14584,1.17557,-1.61803,0.00514349232159935,-0.919253778306762,-0.999999999982903
14584,1.20363,-1.59727,0.0048946805005692,-0.909485669429825,0.1111020852655
14684,1.23132,-1.57602,0.00462972949246163,-0.91534658236492,-0.777752503876537
14684,1.25864,-1.55429,0.00435340674240778,-0.910462498170955,0.333308963280004
14784,1.28558,-1.53209,0.00406227573691619,-0.912416143750819,-0.555523964114867
14784,1.31212,-1.50942,0.00375785034931639,-0.912416143750872,0.555523964118932
14884,1.33826,-1.48629,0.00344082341869619,-0.910462498170903,-0.333308963276861
14884,1.364,-1.46271,0.00310943241955284,-0.915346582364901,0.777752503878194
14984,1.38932,-1.43868,0.00277129612551932,-0.909485669429939,-0.111102085257194
14984,1.41421,-1.41421,0.00241782861224506,-0.919253778307102,0.999999999999985
5850,1.43868,-1.38932,0.00206577445598562,0.909485669429985,-0.111102085260202
5849,1.46271,-1.364,0.0016999211690406,0.915346582364833,0.777752503871339
5849,1.48629,-1.33826,0.00133380205821803,0.910462498171102,-0.333308963290407
5848,1.50942,-1.31212,0.000958873045506572,0.91241614375073,0.555523964099018
5848,1.53209,-1.28558,0.000579920416898003,0.912416143751186,-0.555523964140576
5847,1.55429,-1.25864,0.000198080965115105,0.91046249817085,0.333308963247604
5847,1.57602,-1.23132,-0.000191462967605946,0.91534658236556,-0.777752503916265
5846,1.59727,-1.20363,-0.000577714072276374,0.909485669429786,0.111102085221649
5845,1.61803,-1.17557,-0.000975889799078574,0.919253778306525,0.999999999969829
5845,1.6383,-1.14715,-0.00136617982528177,0.909485669429914,-0.11110208528211
5844,1.65808,-1.11839,-0.00176741768815413,0.915346582364627,0.777752503855747
5844,1.67734,-1.08928,-0.00216320521562622,0.910462498171258,-0.333308963307527
5843,1.6961,-1.05984,-0.00256350524292804,0.912416143750537,0.555523964080912
5843,1.71433,-1.03008,-0.00296263682665171,0.912416143751378,-0.555523964158821
5842,1.73205,-1,-0.00336180296850375,0.910462498170701,0.333308963230334
5842,1.74924,-0.969619,-0.00376551070329861,0.915346582365767,-0.777752503931841
5841,1.7659,-0.938943,-0.0041664330948373,0.909485669429766,0.111102085205045
5840,1.78201,-0.907981,-0.00457621029101891,0.919253778306158,0.99999999995149
5840,1.79759,-0.876742,-0.00497863932490147,0.909485669429983,-0.111102085301555
5839,1.81262,-0.845237,-0.00538890079906248,0.915346582364319,0.777752503835052
5839,1.82709,-0.813473,-0.00579537184553205,0.910462498171384,-0.333308963330046
5838,1.84101,-0.781462,-0.00620509305522797,0.912416143750258,0.555523964056995
5838,1.85437,-0.749213,-0.00661428208679754,0.91241614375167,-0.555523964183538
5837,1.86716,-0.716736,-0.00702349090748805,0.91046249817059,0.333308963203332
5837,1.87939,-0.68404,-0.00743537725795482,0.915346582366259,-0.777752503962114
5836,1.89104,-0.651136,-0.00784468576517134,0.909485669429712,0.11110208517308
5835,1.90211,-0.618034,-0.00825863893113075,0.919253778305505,0.999999999918216
5835,1.91261,-0.584743,-0.00866849536582153,0.909485669430072,-0.111102085335106
5834,1.92252,-0.551275,-0.009082672977678,0.915346582363824,0.777752503801191
5834,1.93185,-0.517638,-0.00949643339729236,0.910462498171638,-0.333308963364257
5833,1.94059,-0.483844,-0.00991263399352014,0.912416143749874,0.555523964021932
5833,1.94874,-0.449902,-0.0103300295350296,0.91241614375206,-0.555523964220175
5832,1.9563,-0.415823,-0.0107481585602851,0.910462498170272,0.333308963168192
5832,1.96325,-0.381618,-0.0111674784425929,0.915346582366721,-0.777752503993719
5831,1.96962,-0.347296,-0.0115867537312812,0.909485669429573,0.111102085145735
5830,1.97538,-0.312869,-0.0120069105200314,0.919253778305019,0.999999999895301
5830,1.98054,-0.278346,-0.0124278304607252,0.909485669430095,-0.11110208535852
5829,1.98509,-0.243739,-0.0128488501425424,0.915346582363408,0.777752503777643
5829,1.98904,-0.209057,-0.0132699752675833,0.910462498171767,-0.333308963386425
5828,1.99239,-0.174311,-0.0136908605491872,0.91241614374965,0.555523964001481
5828,1.99513,-0.139513,-0.0141117834084759,0.912416143752221,-0.555523964238393
5827,1.99726,-0.104672,-0.0145318584212737,0.910462498170182,0.333308963148836
5827,1.99878,-0.069799,-0.0149502097880368,0.915346582367075,-0.777752504016468
5826,1.9997,-0.0349048,-0.0153678549520946,0.909485669429527,0.111102085121839
