origElemNum,globCoord-x,globCoord-y,acouPotentialD1-,locCoord-xi,locCoord-eta
5825,2,-2.20442e-18,-0.551525136881123,0.919253778304535,0.999999999870795
5825,1.9997,0.0349048,-0.5522502427656,0.909485669430051,-0.11110208537854
5824,1.99878,0.069799,-0.552976372555054,0.915346582363134,0.7777525037628
5824,1.99726,0.104672,-0.553703709298838,0.910462498171695,-0.333308963393583
5823,1.99513,0.139513,-0.554431478044075,0.912416143749585,0.555523964001403
5823,1.99239,0.174311,-0.555159111704384,0.912416143752112,-0.555523964232293
5822,1.98904,0.209057,-0.555886607221683,0.910462498170195,0.33330896316169
5822,1.98509,0.243739,-0.556614471327547,0.915346582366752,-0.777752503996411
5821,1.98054,0.278346,-0.557343176699318,0.909485669429537,0.111102085145532
5820,1.97538,0.312869,-0.558073558487478,0.91925377830504,0.999999999897275
5820,1.96962,0.347296,-0.558797667762879,0.909485669429959,-0.111102085350008
5819,1.96325,0.381618,-0.559522564779277,0.915346582363608,0.777752503792493
5819,1.9563,0.415823,-0.560243549548834,0.910462498171543,-0.333308963366333
5818,1.94874,0.449902,-0.560963220191641,0.912416143749872,0.555523964026318
5818,1.94059,0.483844,-0.561679466292554,0.912416143751876,-0.555523964209557
5817,1.93185,0.517638,-0.562393864907726,0.910462498170338,0.333308963182653
5817,1.92252,0.551275,-0.563107876231259,0.915346582366455,-0.777752503976955
5816,1.91261,0.584743,-0.563818045359303,0.909485669429567,0.111102085165898
5815,1.90211,0.618034,-0.564529500888198,0.919253778305533,0.999999999919169
5815,1.89104,0.651136,-0.565230735049233,0.909485669429933,-0.111102085328256
5814,1.87939,0.68404,-0.565932955825166,0.915346582363941,0.777752503814277
5814,1.86716,0.716736,-0.566629322330149,0.910462498171402,-0.333308963343933
5813,1.85437,0.749213,-0.567324346592654,0.912416143750119,0.555523964050056
5813,1.84101,0.781462,-0.568015525133511,0.912416143751575,-0.555523964183394
5812,1.82709,0.813473,-0.568702712082751,0.910462498170486,0.333308963212263
5812,1.81262,0.845237,-0.569388250078125,0.915346582365915,-0.777752503943209
5811,1.79759,0.876742,-0.570067578881645,0.909485669429635,0.111102085200681
5810,1.78201,0.907981,-0.570747835897318,0.919253778306195,0.999999999954235
5810,1.7659,0.938943,-0.571417251022611,0.909485669429844,-0.111102085292603
5809,1.74924,0.969619,-0.572087420162081,0.915346582364538,0.777752503850291
5809,1.73205,1,-0.572750460038082,0.910462498171199,-0.333308963308445
5808,1.71433,1.03008,-0.573411332100633,0.912416143750526,0.555523964084446
5808,1.6961,1.05984,-0.574067145049627,0.912416143751246,-0.555523964150953
5807,1.67734,1.08928,-0.574716578518903,0.910462498170725,0.333308963242434
5807,1.65808,1.11839,-0.575362714478665,0.915346582365508,-0.777752503915519
5806,1.6383,1.14715,-0.576002931388831,0.909485669429676,0.11110208522853
5805,1.61803,1.17557,-0.576644032420942,0.919253778306765,0.999999999982884
5805,1.59727,1.20363,-0.577274738896643,0.909485669429817,-0.111102085265541
5804,1.57602,1.23132,-0.57790569437197,0.9153465823649,0.777752503876539
5804,1.55429,1.25864,-0.578527476392914,0.910462498170939,-0.333308963279996
5803,1.53209,1.28558,-0.579145551638708,0.912416143750815,0.555523964114853
5803,1.50942,1.31212,-0.579756097327874,0.91241614375085,-0.555523964118972
5802,1.48629,1.33826,-0.580358052491937,0.910462498170897,0.333308963276791
5802,1.46271,1.364,-0.580955817455945,0.915346582364929,-0.77775250387822
5801,1.43868,1.38932,-0.581537693278908,0.909485669429954,0.111102085257182
5801,1.41421,1.41421,-0.582119858144175,0.919253778307104,-0.999999999999994
850,1.38932,1.43868,-0.582675943464735,0.909485669429991,-0.111102085260227
849,1.364,1.46271,-0.583231985887183,0.915346582364834,0.777752503871359
849,1.33826,1.48629,-0.583767945257778,0.910462498171096,-0.333308963290402
848,1.31212,1.50942,-0.584297692089516,0.912416143750729,0.555523964099008
848,1.28558,1.53209,-0.584814321266718,0.912416143751184,-0.555523964140596
847,1.25864,1.55429,-0.585317694931084,0.910462498170846,0.333308963247574
847,1.23132,1.57602,-0.585814927371213,0.915346582365554,-0.777752503916259
846,1.20363,1.59727,-0.586294041524148,0.90948566942978,0.111102085221654
845,1.17557,1.61803,-0.586774861702053,0.919253778306528,0.999999999969813
845,1.14715,1.6383,-0.587236563279235,0.909485669429915,-0.111102085282135
844,1.11839,1.65808,-0.587702640014114,0.915346582364625,0.777752503855763
844,1.08928,1.67734,-0.58816201876536,0.910462498171253,-0.333308963307521
843,1.05984,1.6961,-0.588621917988411,0.912416143750542,0.555523964080906
843,1.03008,1.71433,-0.589078758784096,0.912416143751377,-0.555523964158847
842,1,1.73205,-0.589535846555781,0.910462498170698,0.333308963230309
842,0.969619,1.74924,-0.589994919697304,0.915346582365766,-0.777752503931825
841,0.938943,1.7659,-0.590453238171449,0.909485669429764,0.111102085205048
840,0.907981,1.78201,-0.590915133419737,0.919253778306164,0.99999999995148
840,0.876742,1.79759,-0.591370921404587,0.909485669429979,-0.11110208530158
839,0.845237,1.81262,-0.59182842067099,0.91534658236432,0.777752503835068
839,0.813473,1.82709,-0.592278648335044,0.91046249817139,-0.33330896333004
838,0.781462,1.84101,-0.592724205940929,0.912416143750255,0.555523964056983
838,0.749213,1.85437,-0.593160333680753,0.912416143751674,-0.555523964183563
837,0.716736,1.86716,-0.593582819032924,0.910462498170584,0.333308963203304
837,0.68404,1.87939,-0.593998014225456,0.915346582366261,-0.777752503962098
836,0.651136,1.89104,-0.59438772407545,0.909485669429719,0.111102085173086
835,0.618034,1.90211,-0.594775846054585,0.919253778305509,0.999999999918205
835,0.584743,1.91261,-0.595122558584936,0.909485669430073,-0.111102085335132
834,0.551275,1.92252,-0.595467157933544,0.915346582363819,0.777752503801204
834,0.517638,1.93185,-0.595781562960644,0.910462498171637,-0.333308963364254
833,0.483844,1.94059,-0.596084676894751,0.912416143749877,0.55552396402192
833,0.449902,1.94874,-0.596366827689846,0.91241614375206,-0.555523964220202
832,0.415823,1.9563,-0.596626134076501,0.910462498170279,0.333308963168166
832,0.381618,1.96325,-0.596873129350106,0.915346582366717,-0.777752503993703
831,0.347296,1.96962,-0.597088506092133,0.909485669429573,0.111102085145737
830,0.312869,1.97538,-0.597302695753745,0.919253778305012,0.99999999989529
830,0.278346,1.98054,-0.597474935987801,0.909485669430091,-0.111102085358547
829,0.243739,1.98509,-0.59764786713135,0.915346582363415,0.77775250377766
829,0.209057,1.98904,-0.597796931529491,0.910462498171767,-0.333308963386422
828,0.174311,1.99239,-0.597937443286147,0.912416143749651,0.55552396400147
828,0.139513,1.99513,-0.598060786646817,0.912416143752224,-0.555523964238419
827,0.104672,1.99726,-0.598167433198918,0.910462498170184,0.33330896314881
827,0.069799,1.99878,-0.598265461598086,0.915346582367074,-0.777752504016452
826,0.0349048,1.9997,-0.598341970982483,0.909485669429527,0.111102085121841
825,1.27747e-16,2,-0.598418233327675,0.919253778304535,0.999999999870799
825,-0.0349048,1.9997,-0.598466707460981,0.909485669430051,-0.111102085378537
824,-0.069799,1.99878,-0.598515542585604,0.915346582363134,0.777752503762801
824,-0.104672,1.99726,-0.598548156482691,0.910462498171695,-0.333308963393583
823,-0.139513,1.99513,-0.598575641067711,0.912416143749585,0.555523964001401
823,-0.174311,1.99239,-0.598593017059862,0.912416143752112,-0.555523964232297
822,-0.209057,1.98904,-0.598603148726317,0.910462498170195,0.333308963161685
822,-0.243739,1.98509,-0.598609044338152,0.915346582366744,-0.777752503996403
821,-0.278346,1.98054,-0.598611509011838,0.909485669429538,0.111102085145537
820,-0.312869,1.97538,-0.598613259937858,0.919253778305041,0.999999999897278
820,-0.347296,1.96962,-0.598606599498269,0.90948566942996,-0.111102085350006
819,-0.381618,1.96325,-0.598598518503761,0.915346582363608,0.777752503792493
819,-0.415823,1.9563,-0.598589448990535,0.910462498171543,-0.333308963366333
818,-0.449902,1.94874,-0.598577424148609,0.912416143749872,0.555523964026316
818,-0.483844,1.94059,-0.59856257555072,0.912416143751875,-0.555523964209561
817,-0.517638,1.93185,-0.598546017551554,0.910462498170336,0.333308963182646
817,-0.551275,1.92252,-0.598526157956478,0.915346582366457,-0.777752503976948
816,-0.584743,1.91261,-0.598505239356418,0.909485669429562,0.111102085165907
815,-0.618034,1.90211,-0.598478313447063,0.919253778305526,0.999999999919175
815,-0.651136,1.89104,-0.59844574616336,0.909485669429935,-0.111102085328253
814,-0.68404,1.87939,-0.598405352701873,0.915346582363941,0.777752503814277
814,-0.716736,1.86716,-0.598359533421035,0.910462498171402,-0.333308963343933
813,-0.749213,1.85437,-0.598304150662722,0.912416143750117,0.555523964050053
813,-0.781462,1.84101,-0.598239069458624,0.912416143751584,-0.555523964183396
812,-0.813473,1.82709,-0.598160728708616,0.910462498170484,0.33330896321226
812,-0.845237,1.81262,-0.598070323850815,0.91534658236591,-0.7777525039432
811,-0.876742,1.79759,-0.597964053545514,0.909485669429639,0.111102085200672
810,-0.907981,1.78201,-0.597846611653572,0.919253778306197,0.999999999954239
810,-0.938943,1.7659,-0.597708537810246,0.909485669429848,-0.111102085292613
809,-0.969619,1.74924,-0.597558807758923,0.915346582364533,0.777752503850298
809,-1,1.73205,-0.597390595460349,0.910462498171205,-0.333308963308436
808,-1.03008,1.71433,-0.597207546045572,0.912416143750522,0.55552396408444
808,-1.05984,1.6961,-0.597006807895101,0.912416143751243,-0.555523964150944
807,-1.08928,1.67734,-0.596786104163933,0.910462498170733,0.33330896324243
807,-1.11839,1.65808,-0.596549379999022,0.915346582365511,-0.777752503915504
806,-1.14715,1.6383,-0.596294515481207,0.909485669429678,0.11110208522852
805,-1.17557,1.61803,-0.596029162677847,0.91925377830677,0.999999999982889
805,-1.20363,1.59727,-0.595739808900965,0.909485669429819,-0.111102085265551
804,-1.23132,1.57602,-0.595439743185338,0.915346582364893,0.777752503876544
804,-1.25864,1.55429,-0.595120067045888,0.910462498170937,-0.333308963279986
803,-1.28558,1.53209,-0.59478736708932,0.912416143750809,0.555523964114847
803,-1.31212,1.50942,-0.594439003198142,0.912416143750849,-0.555523964118962
802,-1.33826,1.48629,-0.594076355186507,0.910462498170897,0.333308963276791
802,-1.364,1.46271,-0.593701748777918,0.915346582364928,-0.77775250387821
801,-1.38932,1.43868,-0.593311515986895,0.909485669429954,0.111102085257172
801,-1.41421,1.41421,-0.592911733362305,0.919253778307104,-0.999999999999994
15850,-1.43868,1.38932,-0.59249331105291,0.909485669429991,-0.111102085260237
15849,-1.46271,1.364,-0.592065614794369,0.915346582364828,0.777752503871364
15849,-1.48629,1.33826,-0.591624166448929,0.910462498171103,-0.333308963290387
15848,-1.50942,1.31212,-0.591172873749528,0.912416143750729,0.555523964099008
15848,-1.53209,1.28558,-0.590710946066811,0.912416143751185,-0.555523964140586
15847,-1.55429,1.25864,-0.590237287125803,0.910462498170851,0.333308963247569
15847,-1.57602,1.23132,-0.589752953893219,0.915346582365555,-0.777752503916249
15846,-1.59727,1.20363,-0.589257317283449,0.909485669429784,0.111102085221639
15845,-1.61803,1.17557,-0.588751985602572,0.919253778306531,0.999999999969823
15845,-1.6383,1.14715,-0.588235764392525,0.909485669429917,-0.111102085282151
15844,-1.65808,1.11839,-0.587710521348254,0.915346582364627,0.777752503855772
15844,-1.67734,1.08928,-0.587178261061989,0.910462498171251,-0.333308963307506
15843,-1.6961,1.05984,-0.586634375743194,0.912416143750542,0.555523964080906
15843,-1.71433,1.03008,-0.586078237617493,0.912416143751375,-0.555523964158831
15842,-1.73205,1,-0.585512814865887,0.910462498170697,0.333308963230296
15842,-1.74924,0.969619,-0.584937537682938,0.915346582365764,-0.777752503931822
15841,-1.7659,0.938943,-0.584355716687973,0.909485669429762,0.111102085205035
15840,-1.78201,0.907981,-0.583763432250905,0.919253778306162,0.999999999951483
15840,-1.79759,0.876742,-0.583163769966942,0.909485669429984,-0.111102085301589
15839,-1.81262,0.845237,-0.58255312166315,0.915346582364318,0.777752503835071
15839,-1.82709,0.813473,-0.581935826328262,0.910462498171391,-0.333308963330024
15838,-1.84101,0.781462,-0.581308058854401,0.912416143750253,0.555523964056986
15838,-1.85437,0.749213,-0.580671197253683,0.912416143751674,-0.555523964183544
15837,-1.86716,0.716736,-0.580027074987549,0.910462498170589,0.333308963203294
15837,-1.87939,0.68404,-0.579373526531775,0.915346582366259,-0.777752503962095
15836,-1.89104,0.651136,-0.57871659030949,0.909485669429715,0.111102085173074
15835,-1.90211,0.618034,-0.578047925737568,0.919253778305508,0.999999999918209
15835,-1.91261,0.584743,-0.577373240164456,0.909485669430068,-0.111102085335144
15834,-1.92252,0.551275,-0.576686590672039,0.915346582363818,0.777752503801208
15834,-1.93185,0.517638,-0.575997484498864,0.910462498171639,-0.333308963364235
15833,-1.94059,0.483844,-0.575299346332221,0.912416143749876,0.555523964021923
15833,-1.94874,0.449902,-0.574595608683203,0.912416143752063,-0.555523964220183
15832,-1.9563,0.415823,-0.573883842537875,0.910462498170272,0.333308963168156
15832,-1.96325,0.381618,-0.573161378915045,0.915346582366716,-0.7777525039937
15831,-1.96962,0.347296,-0.572438056745305,0.909485669429575,0.111102085145728
15830,-1.97538,0.312869,-0.571701951908896,0.91925377830502,0.999999999895294
15830,-1.98054,0.278346,-0.570964897166866,0.909485669430092,-0.111102085358556
15829,-1.98509,0.243739,-0.570216373224214,0.915346582363415,0.777752503777664
15829,-1.98904,0.209057,-0.569473846559017,0.910462498171765,-0.333308963386404
15828,-1.99239,0.174311,-0.568722744367984,0.912416143749651,0.555523964001473
15828,-1.99513,0.139513,-0.567967755794204,0.912416143752222,-0.5555239642384
15827,-1.99726,0.104672,-0.567209021191998,0.910462498170184,0.3333089631488
15827,-1.99878,0.069799,-0.566441861643476,0.915346582367074,-0.777752504016448
15826,-1.9997,0.0349048,-0.565679504646617,0.909485669429527,0.111102085121831
15825,-2,2.46315e-16,-0.564904541073599,0.919253778304535,0.999999999870803
15825,-1.9997,-0.0349048,-0.564138490570149,0.909485669430051,-0.111102085378547
15824,-1.99878,-0.069799,-0.563360176370265,0.915346582363134,0.777752503762804
15824,-1.99726,-0.104672,-0.562589293756368,0.910462498171696,-0.333308963393566
15823,-1.99513,-0.139513,-0.561811533572447,0.912416143749586,0.555523964001405
15823,-1.99239,-0.174311,-0.561033161189676,0.912416143752114,-0.555523964232279
15822,-1.98904,-0.209057,-0.560255051070819,0.910462498170195,0.333308963161688
15822,-1.98509,-0.243739,-0.559470700132009,0.915346582366744,-0.7777525039964
15821,-1.98054,-0.278346,-0.558700288741952,0.909485669429545,0.111102085145526
15820,-1.97538,-0.312869,-0.557918525424278,0.919253778305042,0.999999999897283
15820,-1.96962,-0.347296,-0.557148288788051,0.909485669429957,-0.111102085350017
15819,-1.96325,-0.381618,-0.556365993169097,0.915346582363609,0.777752503792499
15819,-1.9563,-0.415823,-0.55559572918674,0.910462498171549,-0.333308963366345
15818,-1.94874,-0.449902,-0.554819795807159,0.912416143749872,0.555523964026319
15818,-1.94059,-0.483844,-0.554045644706555,0.91241614375188,-0.555523964209544
15817,-1.93185,-0.517638,-0.553276466847296,0.910462498170337,0.33330896318265
15817,-1.92252,-0.551275,-0.552503858196148,0.915346582366458,-0.777752503976945
15816,-1.91261,-0.584743,-0.551746770818629,0.909485669429567,0.111102085165898
15815,-1.90211,-0.618034,-0.550978023075868,0.919253778305528,0.999999999919178
15815,-1.89104,-0.651136,-0.550228784704723,0.90948566942994,-0.111102085328262
15814,-1.87939,-0.68404,-0.549468248935111,0.915346582363942,0.77775250381428
15814,-1.86716,-0.716736,-0.548725546811191,0.910462498171397,-0.333308963343943
15813,-1.85437,-0.749213,-0.547980847083993,0.912416143750119,0.555523964050056
15813,-1.84101,-0.781462,-0.547243902643749,0.912416143751582,-0.555523964183381
15812,-1.82709,-0.813473,-0.546513391217121,0.910462498170486,0.333308963212263
15812,-1.81262,-0.845237,-0.545780137467431,0.915346582365912,-0.777752503943197
15811,-1.79759,-0.876742,-0.545065867372942,0.909485669429641,0.111102085200675
15810,-1.78201,-0.907981,-0.544340147144796,0.919253778306197,0.999999999954239
15810,-1.7659,-0.938943,-0.543643646028637,0.90948566942985,-0.11110208529261
15809,-1.74924,-0.969619,-0.542936269126714,0.915346582364535,0.777752503850301
15809,-1.73205,-1,-0.54225110879366,0.9104624981712,-0.333308963308458
15808,-1.71433,-1.03008,-0.541565168430212,0.912416143750526,0.555523964084446
15808,-1.6961,-1.05984,-0.540889245595584,0.912416143751243,-0.555523964150944
15807,-1.67734,-1.08928,-0.540220834659732,0.910462498170725,0.333308963242434
15807,-1.65808,-1.11839,-0.539550085523244,0.915346582365503,-0.7777525039155
15806,-1.6383,-1.14715,-0.538903764697651,0.90948566942967,0.111102085228524
15805,-1.61803,-1.17557,-0.538246653145472,0.919253778306763,0.999999999982893
15805,-1.59727,-1.20363,-0.537621881178458,0.909485669429812,-0.111102085265547
15804,-1.57602,-1.23132,-0.536985550145152,0.915346582364898,0.777752503876549
15804,-1.55429,-1.25864,-0.536371507797609,0.910462498170935,-0.333308963280012
15803,-1.53209,-1.28558,-0.535756748763969,0.912416143750815,0.555523964114853
15803,-1.50942,-1.31212,-0.535152552536016,0.912416143750855,-0.555523964118957
15802,-1.48629,-1.33826,-0.534560225933703,0.910462498170897,0.333308963276791
15802,-1.46271,-1.364,-0.533968170625277,0.915346582364928,-0.77775250387821
15801,-1.43868,-1.38932,-0.533398866635493,0.909485669429954,0.111102085257172
15801,-1.41421,-1.41421,-0.532817830640578,0.919253778307098,-0.999999999999989
10084,-1.38932,-1.43868,-0.532268800701868,-0.909485669429983,0.111102085260242
10184,-1.364,-1.46271,-0.531708055426135,-0.915346582364814,-0.777752503871363
10184,-1.33826,-1.48629,-0.531170617590306,-0.910462498171062,0.333308963290425
10284,-1.31212,-1.50942,-0.530633652491689,-0.912416143750702,-0.555523964098991
10284,-1.28558,-1.53209,-0.530109250137693,-0.912416143751175,0.55552396414059
10384,-1.25864,-1.55429,-0.529595843285998,-0.910462498170858,-0.333308963247603
10384,-1.23132,-1.57602,-0.529082028412156,-0.915346582365569,0.777752503916277
10484,-1.20363,-1.59727,-0.528591797655299,-0.909485669429755,-0.111102085221656
10584,-1.17557,-1.61803,-0.528089930274578,-0.919253778306467,-0.999999999969833
10584,-1.14715,-1.6383,-0.52762215757365,-0.909485669429891,0.111102085282108
10684,-1.11839,-1.65808,-0.527143321540155,-0.915346582364624,-0.777752503855743
10684,-1.08928,-1.67734,-0.526690337925736,-0.910462498171255,0.333308963307532
10784,-1.05984,-1.6961,-0.526235427094056,-0.912416143750544,-0.555523964080908
10784,-1.03008,-1.71433,-0.52578936478627,-0.912416143751393,0.555523964158839
10884,-1,-1.73205,-0.525354446983359,-0.910462498170715,-0.333308963230315
10884,-0.969619,-1.74924,-0.524919285072258,-0.915346582365772,0.777752503931858
10984,-0.938943,-1.7659,-0.524508501675959,-0.909485669429763,-0.111102085205032
11084,-0.907981,-1.78201,-0.5240863821891,-0.919253778306154,-0.99999999995149
11084,-0.876742,-1.79759,-0.523696743713952,-0.909485669429981,0.111102085301552
11184,-0.845237,-1.81262,-0.523294987714495,-0.915346582364332,-0.777752503835052
11184,-0.813473,-1.82709,-0.522914969115018,-0.910462498171421,0.333308963330044
11284,-0.781462,-1.84101,-0.522532418086269,-0.912416143750289,-0.555523964056998
11284,-0.749213,-1.85437,-0.522157934653423,-0.912416143751684,0.555523964183542
11384,-0.716736,-1.86716,-0.521792586518029,-0.910462498170579,-0.333308963203316
11384,-0.68404,-1.87939,-0.521425259821042,-0.915346582366256,0.777752503962127
11484,-0.651136,-1.89104,-0.521079264473816,-0.9094856694297,-0.111102085173069
11584,-0.618034,-1.90211,-0.520719901652753,-0.919253778305473,-0.9999999999182
11584,-0.584743,-1.91261,-0.520386558438068,-0.909485669430035,0.111102085335111
11684,-0.551275,-1.92252,-0.520039104161921,-0.915346582363772,-0.777752503801188
11684,-0.517638,-1.93185,-0.519712459173385,-0.910462498171642,0.333308963364261
11784,-0.483844,-1.94059,-0.519382735544889,-0.912416143749915,-0.555523964021929
11784,-0.449902,-1.94874,-0.519061750627464,-0.912416143752077,0.555523964220183
11884,-0.415823,-1.9563,-0.51874839133964,-0.910462498170266,-0.33330896316818
11884,-0.381618,-1.96325,-0.518430703989015,-0.915346582366712,0.777752503993725
11984,-0.347296,-1.96962,-0.518139998353888,-0.909485669429565,-0.111102085145729
12084,-0.312869,-1.97538,-0.517834165309716,-0.919253778305011,-0.999999999895287
12084,-0.278346,-1.98054,-0.517566961820959,-0.909485669430107,0.111102085358526
12184,-0.243739,-1.98509,-0.517286907415259,-0.915346582363447,-0.777752503777644
12184,-0.209057,-1.98904,-0.517044997719815,-0.910462498171781,0.333308963386432
12284,-0.174311,-1.99239,-0.51680630900043,-0.912416143749663,-0.555523964001473
12284,-0.139513,-1.99513,-0.516587598756899,-0.912416143752267,0.555523964238395
12384,-0.104672,-1.99726,-0.516391444130695,-0.910462498170238,-0.333308963148834
12384,-0.069799,-1.99878,-0.51620047110023,-0.915346582367131,0.777752504016471
12484,-0.0349048,-1.9997,-0.51605488385784,-0.909485669429557,-0.111102085121833
12584,-4.35203e-16,-2,-0.515898965964484,-0.919253778304537,-0.999999999870803
12584,0.0349048,-1.9997,-0.515805951453761,-0.909485669430058,0.111102085378513
12684,0.069799,-1.99878,-0.515703842862837,-0.915346582363139,-0.777752503762792
12684,0.104672,-1.99726,-0.515648638633796,-0.9104624981717,0.333308963393593
12784,0.139513,-1.99513,-0.51560197859252,-0.912416143749591,-0.555523964001403
12784,0.174311,-1.99239,-0.515581336820893,-0.912416143752134,0.555523964232273
12884,0.209057,-1.98904,-0.51558541042907,-0.91046249817019,-0.333308963161724
12884,0.243739,-1.98509,-0.515598288993425,-0.915346582366752,0.777752503996427
12984,0.278346,-1.98054,-0.515654449560156,-0.909485669429543,-0.111102085145531
13084,0.312869,-1.97538,-0.515705393147245,-0.919253778305079,-0.999999999897294
13084,0.347296,-1.96962,-0.515800817156921,-0.909485669429971,0.111102085349981
13184,0.381618,-1.96325,-0.515889210115956,-0.915346582363621,-0.777752503792476
13184,0.415823,-1.9563,-0.516008523503343,-0.910462498171561,0.33330896336634
13284,0.449902,-1.94874,-0.516131216439144,-0.912416143749886,-0.555523964026324
13284,0.483844,-1.94059,-0.516268061270606,-0.912416143751904,0.555523964209538
13384,0.517638,-1.93185,-0.51641912449732,-0.910462498170363,-0.333308963182687
13384,0.551275,-1.92252,-0.516574355195624,-0.915346582366464,0.777752503976962
13484,0.584743,-1.91261,-0.516751514305711,-0.909485669429569,-0.111102085165906
13584,0.618034,-1.90211,-0.516922856894327,-0.919253778305519,-0.999999999919186
13584,0.651136,-1.89104,-0.517117681858298,-0.909485669429928,0.111102085328226
13684,0.68404,-1.87939,-0.517306431066751,-0.915346582363942,-0.777752503814258
13684,0.716736,-1.86716,-0.517513979502037,-0.910462498171394,0.333308963343945
13784,0.749213,-1.85437,-0.517722390318458,-0.912416143750121,-0.555523964050058
13784,0.781462,-1.84101,-0.517939020136921,-0.91241614375158,0.555523964183364
13884,0.813473,-1.82709,-0.518159889804186,-0.91046249817049,-0.333308963212306
13884,0.845237,-1.81262,-0.51837897712205,-0.915346582365913,0.777752503943214
13984,0.876742,-1.79759,-0.518607424393462,-0.909485669429626,-0.1111020852007
14084,0.907981,-1.78201,-0.518827680392357,-0.919253778306215,-0.999999999954254
14084,0.938943,-1.7659,-0.519061650038366,-0.909485669429858,0.111102085292581
14184,0.969619,-1.74924,-0.519287612149095,-0.915346582364524,-0.777752503850263
14184,1,-1.73205,-0.5195251577716,-0.910462498171194,0.333308963308465
14284,1.03008,-1.71433,-0.519760752741237,-0.91241614375052,-0.55552396408445
14284,1.05984,-1.6961,-0.520000951919871,-0.912416143751235,0.55552396415093
14384,1.08928,-1.67734,-0.520245609671607,-0.910462498170724,-0.333308963242461
14384,1.11839,-1.65808,-0.520487699314033,-0.915346582365498,0.777752503915531
14484,1.14715,-1.6383,-0.520749319128784,-0.909485669429676,-0.111102085228531
14584,1.17557,-1.61803,-0.521003088379594,-0.919253778306762,-0.999999999982903
14584,1.20363,-1.59727,-0.521289910559263,-0.909485669429825,0.1111020852655
14684,1.23132,-1.57602,-0.521570530173326,-0.91534658236492,-0.777752503876537
14684,1.25864,-1.55429,-0.521877803227717,-0.910462498170955,0.333308963280004
14784,1.28558,-1.53209,-0.522190220123606,-0.912416143750819,-0.555523964114867
14784,1.31212,-1.50942,-0.522518819152893,-0.912416143750872,0.555523964118932
14884,1.33826,-1.48629,-0.522865525218087,-0.910462498170903,-0.333308963276861
14884,1.364,-1.46271,-0.523218897378357,-0.915346582364901,0.777752503878194
14984,1.38932,-1.43868,-0.523600515951874,-0.909485669429939,-0.111102085257194
14984,1.41421,-1.41421,-0.52397772310098,-0.919253778307102,0.999999999999985
5850,1.43868,-1.38932,-0.524392357326741,0.909485669429985,-0.111102085260202
5849,1.46271,-1.364,-0.524802866820743,0.915346582364833,0.777752503871339
5849,1.48629,-1.33826,-0.525239872252146,0.910462498171102,-0.333308963290407
5848,1.50942,-1.31212,-0.525682844764453,0.91241614375073,0.555523964099018
5848,1.53209,-1.28558,-0.526141402405646,0.912416143751186,-0.555523964140576
5847,1.55429,-1.25864,-0.52661425901868,0.91046249817085,0.333308963247604
5847,1.57602,-1.23132,-0.527092714690422,0.91534658236556,-0.777752503916265
5846,1.59727,-1.20363,-0.527593028831335,0.909485669429786,0.111102085221649
5845,1.61803,-1.17557,-0.52809077953707,0.919253778306525,0.999999999969829
5845,1.6383,-1.14715,-0.528616705629486,0.909485669429914,-0.11110208528211
5844,1.65808,-1.11839,-0.529140778662553,0.915346582364627,0.777752503855747
5844,1.67734,-1.08928,-0.529686448421579,0.910462498171258,-0.333308963307527
5843,1.6961,-1.05984,-0.530237032737535,0.912416143750537,0.555523964080912
5843,1.71433,-1.03008,-0.530799261995917,0.912416143751378,-0.555523964158821
5842,1.73205,-1,-0.531373656853746,0.910462498170701,0.333308963230334
5842,1.74924,-0.969619,-0.53195376964063,0.915346582365767,-0.777752503931841
5841,1.7659,-0.938943,-0.53255255742656,0.909485669429766,0.111102085205045
5840,1.78201,-0.907981,-0.533151488803128,0.919253778306158,0.99999999995149
5840,1.79759,-0.876742,-0.533771705673487,0.909485669429983,-0.111102085301555
5839,1.81262,-0.845237,-0.534391467654415,0.915346582364319,0.777752503835052
5839,1.82709,-0.813473,-0.535024429166423,0.910462498171384,-0.333308963330046
5838,1.84101,-0.781462,-0.535660032378717,0.912416143750258,0.555523964056995
5838,1.85437,-0.749213,-0.536301563797327,0.91241614375167,-0.555523964183538
5837,1.86716,-0.716736,-0.536950089099102,0.91046249817059,0.333308963203332
5837,1.87939,-0.68404,-0.537602194176865,0.915346582366259,-0.777752503962114
5836,1.89104,-0.651136,-0.538265320111495,0.909485669429712,0.11110208517308
5835,1.90211,-0.618034,-0.53892935719348,0.919253778305505,0.999999999918216
5835,1.91261,-0.584743,-0.539601745917644,0.909485669430072,-0.111102085335106
5834,1.92252,-0.551275,-0.540274422243624,0.915346582363824,0.777752503801191
5834,1.93185,-0.517638,-0.540953916363951,0.910462498171638,-0.333308963364257
5833,1.94059,-0.483844,-0.541635797481222,0.912416143749874,0.555523964021932
5833,1.94874,-0.449902,-0.542321884820848,0.91241614375206,-0.555523964220175
5832,1.9563,-0.415823,-0.543011503268375,0.910462498170272,0.333308963168192
5832,1.96325,-0.381618,-0.54370302801009,0.915346582366721,-0.777752503993719
5831,1.96962,-0.347296,-0.544400089633604,0.909485669429573,0.111102085145735
5830,1.97538,-0.312869,-0.545097904300058,0.919253778305019,0.999999999895301
5830,1.98054,-0.278346,-0.545799767046894,0.909485669430095,-0.11110208535852
5829,1.98509,-0.243739,-0.546503122997046,0.915346582363408,0.777752503777643
5829,1.98904,-0.209057,-0.547213958714108,0.910462498171767,-0.333308963386425
5828,1.99239,-0.174311,-0.547926729214084,0.91241614374965,0.555523964001481
5828,1.99513,-0.139513,-0.548642380035235,0.912416143752221,-0.555523964238393
5827,1.99726,-0.104672,-0.549360006664646,0.910462498170182,0.333308963148836
5827,1.99878,-0.069799,-0.550078939093288,0.915346582367075,-0.777752504016468
5826,1.9997,-0.0349048,-0.550801394711838,0.909485669429527,0.111102085121839
