origElemNum,globCoord-x,globCoord-y,acouPotentialD1-,locCoord-xi,locCoord-eta
5825,2,-2.20442e-18,-0.00136560256771624,0.919253778304535,0.999999999870795
5825,1.9997,0.0349048,-0.0013612660052827,0.909485669430051,-0.11110208537854
5824,1.99878,0.069799,-0.00135908748061585,0.915346582363134,0.7777525037628
5824,1.99726,0.104672,-0.00135579992409182,0.910462498171695,-0.333308963393583
5823,1.99513,0.139513,-0.00135358315940363,0.912416143749585,0.555523964001403
5823,1.99239,0.174311,-0.00135135523016888,0.912416143752112,-0.555523964232293
5822,1.98904,0.209057,-0.00134912930113898,0.910462498170195,0.33330896316169
5822,1.98509,0.243739,-0.00134797718049326,0.915346582366752,-0.777752503996411
5821,1.98054,0.278346,-0.00134577389383294,0.909485669429537,0.111102085145532
5820,1.97538,0.312869,-0.00134571526496201,0.91925377830504,0.999999999897275
5820,1.96962,0.347296,-0.00134356662678192,0.909485669429959,-0.111102085350008
5819,1.96325,0.381618,-0.0013435671675901,0.915346582363608,0.777752503792493
5819,1.9563,0.415823,-0.00134255135988328,0.910462498171543,-0.333308963366333
5818,1.94874,0.449902,-0.001342626604824,0.912416143749872,0.555523964026318
5818,1.94059,0.483844,-0.00134273796796998,0.912416143751876,-0.555523964209557
5817,1.93185,0.517638,-0.00134287202419493,0.910462498170338,0.333308963182653
5817,1.92252,0.551275,-0.00134408767492726,0.915346582366455,-0.777752503976955
5816,1.91261,0.584743,-0.00134424752299517,0.909485669429567,0.111102085165898
5815,1.90211,0.618034,-0.00134654443380038,0.919253778305533,0.999999999919169
5815,1.89104,0.651136,-0.0013467034080909,0.909485669429933,-0.111102085328256
5814,1.87939,0.68404,-0.00134899417353198,0.915346582363941,0.777752503814277
5814,1.86716,0.716736,-0.00135019676407445,0.910462498171402,-0.333308963343933
5813,1.85437,0.749213,-0.00135244443724891,0.912416143750119,0.555523964050056
5813,1.84101,0.781462,-0.00135465428125293,0.912416143751575,-0.555523964183394
5812,1.82709,0.813473,-0.00135679736547521,0.910462498170486,0.333308963212263
5812,1.81262,0.845237,-0.00135997076452278,0.915346582365915,-0.777752503943209
5811,1.79759,0.876742,-0.00136195043285745,0.909485669429635,0.111102085200681
5810,1.78201,0.907981,-0.0013660576033449,0.919253778306195,0.999999999954235
5810,1.7659,0.938943,-0.00136783660349239,0.909485669429844,-0.111102085292603
5809,1.74924,0.969619,-0.00137174075374813,0.915346582364538,0.777752503850291
5809,1.73205,1,-0.00137440777425946,0.910462498171199,-0.333308963308445
5808,1.71433,1.03008,-0.00137807247664658,0.912416143750526,0.555523964084446
5808,1.6961,1.05984,-0.00138160441286555,0.912416143751246,-0.555523964150953
5807,1.67734,1.08928,-0.00138498830179104,0.910462498170725,0.333308963242434
5807,1.65808,1.11839,-0.00138936759180402,0.915346582365508,-0.777752503915519
5806,1.6383,1.14715,-0.00139244638392979,0.909485669429676,0.11110208522853
5805,1.61803,1.17557,-0.00139767317713981,0.919253778306765,0.999999999982884
5805,1.59727,1.20363,-0.00140044494871984,0.909485669429817,-0.111102085265541
5804,1.57602,1.23132,-0.00140537444085303,0.9153465823649,0.777752503876539
5804,1.55429,1.25864,-0.00140899411390033,0.910462498170939,-0.333308963279996
5803,1.53209,1.28558,-0.00141361851764096,0.912416143750815,0.555523964114853
5803,1.50942,1.31212,-0.00141808466671247,0.91241614375085,-0.555523964118972
5802,1.48629,1.33826,-0.00142238664054974,0.910462498170897,0.333308963276791
5802,1.46271,1.364,-0.00142769979664517,0.915346582364929,-0.77775250387822
5801,1.43868,1.38932,-0.00143166947301243,0.909485669429954,0.111102085257182
5801,1.41421,1.41421,-0.00143783924568283,0.919253778307104,-0.999999999999994
850,1.38932,1.43868,-0.00144147553245217,0.909485669429991,-0.111102085260227
849,1.364,1.46271,-0.00144732436506435,0.915346582364834,0.777752503871359
849,1.33826,1.48629,-0.00145181917920802,0.910462498171096,-0.333308963290402
848,1.31212,1.50942,-0.00145734902683116,0.912416143750729,0.555523964099008
848,1.28558,1.53209,-0.00146272024806954,0.912416143751184,-0.555523964140596
847,1.25864,1.55429,-0.00146794118628564,0.910462498170846,0.333308963247574
847,1.23132,1.57602,-0.00147421517335473,0.915346582365554,-0.777752503916259
846,1.20363,1.59727,-0.00147914255261259,0.90948566942978,0.111102085221654
845,1.17557,1.61803,-0.00148634559101376,0.919253778306528,0.999999999969813
845,1.14715,1.6383,-0.00149098013137101,0.909485669429915,-0.111102085282135
844,1.11839,1.65808,-0.00149790216936892,0.915346582364625,0.777752503855763
844,1.08928,1.67734,-0.00150345169319952,0.910462498171253,-0.333308963307521
843,1.05984,1.6961,-0.00151007959656043,0.912416143750542,0.555523964080906
843,1.03008,1.71433,-0.00151655857234599,0.912416143751377,-0.555523964158847
842,1,1.73205,-0.00152289735377207,0.910462498170698,0.333308963230309
842,0.969619,1.74924,-0.00153033541144156,0.915346582365766,-0.777752503931825
841,0.938943,1.7659,-0.00153640128888977,0.909485669429764,0.111102085205048
840,0.907981,1.78201,-0.00154482882177459,0.919253778306164,0.99999999995148
840,0.876742,1.79759,-0.0015506230127677,0.909485669429979,-0.11110208530158
839,0.845237,1.81262,-0.00155879403548089,0.91534658236432,0.777752503835068
839,0.813473,1.82709,-0.00156556609100314,0.91046249817139,-0.33330896333004
838,0.781462,1.84101,-0.00157347195062091,0.912416143750255,0.555523964056983
838,0.749213,1.85437,-0.00158124562061727,0.912416143751674,-0.555523964183563
837,0.716736,1.86716,-0.00158889852960862,0.910462498170584,0.333308963203304
837,0.68404,1.87939,-0.00159771082432829,0.915346582366261,-0.777752503962098
836,0.651136,1.89104,-0.00160512100616898,0.909485669429719,0.111102085173086
835,0.618034,1.90211,-0.00161499563269648,0.919253778305509,0.999999999918205
835,0.584743,1.91261,-0.00162213924222849,0.909485669430073,-0.111102085335132
834,0.551275,1.92252,-0.00163175864106557,0.915346582363819,0.777752503801204
834,0.517638,1.93185,-0.00163991682150922,0.910462498171637,-0.333308963364254
833,0.483844,1.94059,-0.00164925292680875,0.912416143749877,0.55552396402192
833,0.449902,1.94874,-0.00165844385222,0.91241614375206,-0.555523964220202
832,0.415823,1.9563,-0.00166749448701475,0.910462498170279,0.333308963168166
832,0.381618,1.96325,-0.00167774727882526,0.915346582366717,-0.777752503993703
831,0.347296,1.96962,-0.00168650839281843,0.909485669429573,0.111102085145737
830,0.312869,1.97538,-0.00169784092542916,0.919253778305012,0.99999999989529
830,0.278346,1.98054,-0.00170628911883824,0.909485669430091,-0.111102085358547
829,0.243739,1.98509,-0.00171732580261191,0.915346582363415,0.77775250377766
829,0.209057,1.98904,-0.00172681986482735,0.910462498171767,-0.333308963386422
828,0.174311,1.99239,-0.00173753941766542,0.912416143749651,0.55552396400147
828,0.139513,1.99513,-0.00174809393449022,0.912416143752224,-0.555523964238419
827,0.104672,1.99726,-0.0017584711935103,0.910462498170184,0.33330896314881
827,0.069799,1.99878,-0.00177008970285012,0.915346582367074,-0.777752504016452
826,0.0349048,1.9997,-0.00178007907069791,0.909485669429527,0.111102085121841
825,1.27747e-16,2,-0.00179275270295516,0.919253778304535,0.999999999870799
825,-0.0349048,1.9997,-0.0018023048501199,0.909485669430051,-0.111102085378537
824,-0.069799,1.99878,-0.00181455811732007,0.915346582363134,0.777752503762801
824,-0.104672,1.99726,-0.00182511666847079,0.910462498171695,-0.333308963393583
823,-0.139513,1.99513,-0.00183692701277971,0.912416143749585,0.555523964001401
823,-0.174311,1.99239,-0.00184850924341278,0.912416143752112,-0.555523964232297
822,-0.209057,1.98904,-0.00185985038716146,0.910462498170195,0.333308963161685
822,-0.243739,1.98509,-0.00187246063961892,0.915346582366744,-0.777752503996403
821,-0.278346,1.98054,-0.00188328620080106,0.909485669429538,0.111102085145537
820,-0.312869,1.97538,-0.00189691815996745,0.919253778305041,0.999999999897278
820,-0.347296,1.96962,-0.0019071818999102,0.90948566942996,-0.111102085350006
819,-0.381618,1.96325,-0.00192026994452892,0.915346582363608,0.777752503792493
819,-0.415823,1.9563,-0.00193150198935462,0.910462498171543,-0.333308963366333
818,-0.449902,1.94874,-0.00194400474558919,0.912416143749872,0.555523964026316
818,-0.483844,1.94059,-0.00195619715087284,0.912416143751875,-0.555523964209561
817,-0.517638,1.93185,-0.00196804971766569,0.910462498170336,0.333308963182646
817,-0.551275,1.92252,-0.00198118085331239,0.915346582366457,-0.777752503976948
816,-0.584743,1.91261,-0.00199232234160165,0.909485669429562,0.111102085165907
815,-0.618034,1.90211,-0.00200638957888447,0.919253778305526,0.999999999919175
815,-0.651136,1.89104,-0.00201680443445181,0.909485669429935,-0.111102085328253
814,-0.68404,1.87939,-0.00203017433002402,0.915346582363941,0.777752503814277
814,-0.716736,1.86716,-0.00204152582272126,0.910462498171402,-0.333308963343933
813,-0.749213,1.85437,-0.00205418278001436,0.912416143750117,0.555523964050053
813,-0.781462,1.84101,-0.00206646691470993,0.912416143751584,-0.555523964183396
812,-0.813473,1.82709,-0.00207834809155811,0.910462498170484,0.33330896321226
812,-0.845237,1.81262,-0.00209154261111533,0.91534658236591,-0.7777525039432
811,-0.876742,1.79759,-0.00210259039850728,0.909485669429639,0.111102085200672
810,-0.907981,1.78201,-0.00211669802388973,0.919253778306197,0.999999999954239
810,-0.938943,1.7659,-0.00212689535520584,0.909485669429848,-0.111102085292613
809,-0.969619,1.74924,-0.00214017835596759,0.915346582364533,0.777752503850298
809,-1,1.73205,-0.0021512706431272,0.910462498171205,-0.333308963308436
808,-1.03008,1.71433,-0.00216369651554405,0.912416143750522,0.55552396408444
808,-1.05984,1.6961,-0.00217567590476737,0.912416143751243,-0.555523964150944
807,-1.08928,1.67734,-0.00218718901965959,0.910462498170733,0.33330896324243
807,-1.11839,1.65808,-0.00220005013806888,0.915346582365511,-0.777752503915504
806,-1.14715,1.6383,-0.00221062221243831,0.909485669429678,0.11110208522852
805,-1.17557,1.61803,-0.00222439047727824,0.91925377830677,0.999999999982889
805,-1.20363,1.59727,-0.00223403348194902,0.909485669429819,-0.111102085265551
804,-1.23132,1.57602,-0.00224690411461712,0.915346582364893,0.777752503876544
804,-1.25864,1.55429,-0.00225746867820135,0.910462498170937,-0.333308963279986
803,-1.28558,1.53209,-0.00226942616374871,0.912416143750809,0.555523964114847
803,-1.31212,1.50942,-0.00228091310383394,0.912416143750849,-0.555523964118962
802,-1.33826,1.48629,-0.00229191272625634,0.910462498170897,0.333308963276791
802,-1.364,1.46271,-0.00230432089633576,0.915346582364928,-0.77775250387821
801,-1.38932,1.43868,-0.0023143288661222,0.909485669429954,0.111102085257172
801,-1.41421,1.41421,-0.00232767186880409,0.919253778307104,-0.999999999999994
15850,-1.43868,1.38932,-0.00233666876831614,0.909485669429991,-0.111102085260237
15849,-1.46271,1.364,-0.00234902298969353,0.915346582364828,0.777752503871364
15849,-1.48629,1.33826,-0.00235892896408692,0.910462498171103,-0.333308963290387
15848,-1.50942,1.31212,-0.00237027424855301,0.912416143750729,0.555523964099008
15848,-1.53209,1.28558,-0.00238110964438028,0.912416143751185,-0.555523964140586
15847,-1.55429,1.25864,-0.00239144212591811,0.910462498170851,0.333308963247569
15847,-1.57602,1.23132,-0.00240324355440728,0.915346582365555,-0.777752503916249
15846,-1.59727,1.20363,-0.00241257083890741,0.909485669429784,0.111102085221639
15845,-1.61803,1.17557,-0.00242537192944213,0.919253778306531,0.999999999969823
15845,-1.6383,1.14715,-0.00243366776122348,0.909485669429917,-0.111102085282151
15844,-1.65808,1.11839,-0.00244544875718745,0.915346582364627,0.777752503855772
15844,-1.67734,1.08928,-0.00245467066629357,0.910462498171251,-0.333308963307506
15843,-1.6961,1.05984,-0.00246537334674615,0.912416143750542,0.555523964080906
15843,-1.71433,1.03008,-0.0024755257079663,0.912416143751375,-0.555523964158831
15842,-1.73205,1,-0.00248513677766958,0.910462498170697,0.333308963230296
15842,-1.74924,0.969619,-0.00249625825078648,0.915346582365764,-0.777752503931822
15841,-1.7659,0.938943,-0.00250479388607499,0.909485669429762,0.111102085205035
15840,-1.78201,0.907981,-0.00251692409201233,0.919253778306162,0.999999999951483
15840,-1.79759,0.876742,-0.00252436950807342,0.909485669429984,-0.111102085301589
15839,-1.81262,0.845237,-0.0025354235397434,0.915346582364318,0.777752503835071
15839,-1.82709,0.813473,-0.00254382663672373,0.910462498171391,-0.333308963330024
15838,-1.84101,0.781462,-0.00255377041773264,0.912416143750253,0.555523964056986
15838,-1.85437,0.749213,-0.00256315771377599,0.912416143751674,-0.555523964183544
15837,-1.86716,0.716736,-0.00257200984147626,0.910462498170589,0.333308963203294
15837,-1.87939,0.68404,-0.00258243890452841,0.915346582366259,-0.777752503962095
15836,-1.89104,0.651136,-0.0025902210876381,0.909485669429715,0.111102085173074
15835,-1.90211,0.618034,-0.00260172142746731,0.919253778305508,0.999999999918209
15835,-1.91261,0.584743,-0.00260838697365402,0.909485669430068,-0.111102085335144
15834,-1.92252,0.551275,-0.00261877494470255,0.915346582363818,0.777752503801208
15834,-1.93185,0.517638,-0.00262641809912722,0.910462498171639,-0.333308963364235
15833,-1.94059,0.483844,-0.00263564565835457,0.912416143749876,0.555523964021923
15833,-1.94874,0.449902,-0.00264429196662665,0.912416143752063,-0.555523964220183
15832,-1.9563,0.415823,-0.00265237552028543,0.910462498170272,0.333308963168156
15832,-1.96325,0.381618,-0.00266207626632654,0.915346582366716,-0.7777525039937
15831,-1.96962,0.347296,-0.00266903611959151,0.909485669429575,0.111102085145728
15830,-1.97538,0.312869,-0.00267981999188815,0.91925377830502,0.999999999895294
15830,-1.98054,0.278346,-0.00268564177863402,0.909485669430092,-0.111102085358556
15829,-1.98509,0.243739,-0.00269530456635158,0.915346582363415,0.777752503777664
15829,-1.98904,0.209057,-0.00270219026209033,0.910462498171765,-0.333308963386404
15828,-1.99239,0.174311,-0.00271072992087689,0.912416143749651,0.555523964001473
15828,-1.99513,0.139513,-0.00271870990141217,0.912416143752222,-0.5555239642384
15827,-1.99726,0.104672,-0.00272612494176086,0.910462498170184,0.3333089631488
15827,-1.99878,0.069799,-0.00273520962233517,0.915346582367074,-0.777752504016448
15826,-1.9997,0.0349048,-0.0027414645862791,0.909485669429527,0.111102085121831
15825,-2,2.46315e-16,-0.00275164094328206,0.919253778304535,0.999999999870803
15825,-1.9997,-0.0349048,-0.00275669755094023,0.909485669430051,-0.111102085378547
15824,-1.99878,-0.069799,-0.00276569213081254,0.915346582363134,0.777752503762804
15824,-1.99726,-0.104672,-0.00277182725112298,0.910462498171696,-0.333308963393566
15823,-1.99513,-0.139513,-0.00277965719991964,0.912416143749586,0.555523964001405
15823,-1.99239,-0.174311,-0.00278691193173845,0.912416143752114,-0.555523964232279
15822,-1.98904,-0.209057,-0.00279359149312189,0.910462498170195,0.333308963161688
15822,-1.98509,-0.243739,-0.002801983214431,0.915346582366744,-0.7777525039964
15821,-1.98054,-0.278346,-0.00280749236034189,0.909485669429545,0.111102085145526
15820,-1.97538,-0.312869,-0.0028170183530669,0.919253778305042,0.999999999897283
15820,-1.96962,-0.347296,-0.002821338262159,0.909485669429957,-0.111102085350017
15819,-1.96325,-0.381618,-0.00282969128092187,0.915346582363609,0.777752503792499
15819,-1.9563,-0.415823,-0.0028351390464973,0.910462498171549,-0.333308963366345
15818,-1.94874,-0.449902,-0.00284231172791996,0.912416143749872,0.555523964026319
15818,-1.94059,-0.483844,-0.00284888445899836,0.91241614375188,-0.555523964209544
15817,-1.93185,-0.517638,-0.0028548310614158,0.910462498170337,0.33330896318265
15817,-1.92252,-0.551275,-0.00286250103492925,0.915346582366458,-0.777752503976945
15816,-1.91261,-0.584743,-0.00286717942382831,0.909485669429567,0.111102085165898
15815,-1.90211,-0.618034,-0.00287594632644274,0.919253778305528,0.999999999919178
15815,-1.89104,-0.651136,-0.00287938364576025,0.90948566942994,-0.111102085328262
15814,-1.87939,-0.68404,-0.0028869383740283,0.915346582363942,0.77775250381428
15814,-1.86716,-0.716736,-0.00289154153003828,0.910462498171397,-0.333308963343943
15813,-1.85437,-0.749213,-0.00289790763234339,0.912416143750119,0.555523964050056
15813,-1.84101,-0.781462,-0.00290366887075987,0.912416143751582,-0.555523964183381
15812,-1.82709,-0.813473,-0.00290879329528774,0.910462498170486,0.333308963212263
15812,-1.81262,-0.845237,-0.00291567334717811,0.915346582365912,-0.777752503943197
15811,-1.79759,-0.876742,-0.0029195063565975,0.909485669429641,0.111102085200675
15810,-1.78201,-0.907981,-0.00292750035927022,0.919253778306197,0.999999999954239
15810,-1.7659,-0.938943,-0.00293004991515148,0.90948566942985,-0.11110208529261
15809,-1.74924,-0.969619,-0.00293677684816518,0.915346582364535,0.777752503850301
15809,-1.73205,-1,-0.00294045537221897,0.9104624981712,-0.333308963308458
15808,-1.71433,-1.03008,-0.00294589649416957,0.912416143750526,0.555523964084446
15808,-1.6961,-1.05984,-0.00295067768853681,0.912416143751243,-0.555523964150944
15807,-1.67734,-1.08928,-0.0029547760010886,0.910462498170725,0.333308963242434
15807,-1.65808,-1.11839,-0.00296063323743728,0.915346582365503,-0.7777525039155
15806,-1.6383,-1.14715,-0.00296336498327854,0.90948566942967,0.111102085228524
15805,-1.61803,-1.17557,-0.00297031102183064,0.919253778306763,0.999999999982893
15805,-1.59727,-1.20363,-0.00297170403762844,0.909485669429812,-0.111102085265547
15804,-1.57602,-1.23132,-0.00297732759952645,0.915346582364898,0.777752503876549
15804,-1.55429,-1.25864,-0.00297983874894166,0.910462498170935,-0.333308963280012
15803,-1.53209,-1.28558,-0.00298412451954591,0.912416143750815,0.555523964114853
15803,-1.50942,-1.31212,-0.00298772481557633,0.912416143750855,-0.555523964118957
15802,-1.48629,-1.33826,-0.00299061327072212,0.910462498170897,0.333308963276791
15802,-1.46271,-1.364,-0.00299526746850416,0.915346582364928,-0.77775250387821
15801,-1.43868,-1.38932,-0.00299670916940219,0.909485669429954,0.111102085257172
15801,-1.41421,-1.41421,-0.00300239824226888,0.919253778307098,-0.999999999999989
10084,-1.38932,-1.43868,-0.00300235791800824,-0.909485669429983,0.111102085260242
10184,-1.364,-1.46271,-0.00300656037289117,-0.915346582364814,-0.777752503871363
10184,-1.33826,-1.48629,-0.00300749787504892,-0.910462498171062,0.333308963290425
10284,-1.31212,-1.50942,-0.00301016807016223,-0.912416143750702,-0.555523964098991
10284,-1.28558,-1.53209,-0.00301205982012391,-0.912416143751175,0.55552396414059
10384,-1.25864,-1.55429,-0.00301316615182184,-0.910462498170858,-0.333308963247603
10384,-1.23132,-1.57602,-0.00301600428875604,-0.915346582365569,0.777752503916277
10484,-1.20363,-1.59727,-0.00301552467295649,-0.909485669429755,-0.111102085221656
10584,-1.17557,-1.61803,-0.00301929371328378,-0.919253778306467,-0.999999999969833
10584,-1.14715,-1.6383,-0.00301716016915632,-0.909485669429891,0.111102085282108
10684,-1.11839,-1.65808,-0.00301924702558286,-0.915346582364624,-0.777752503855743
10684,-1.08928,-1.67734,-0.00301789494878982,-0.910462498171255,0.333308963307532
10784,-1.05984,-1.6961,-0.00301818550806227,-0.912416143750544,-0.555523964080908
10784,-1.03008,-1.71433,-0.00301755302839548,-0.912416143751393,0.555523964158839
10884,-1,-1.73205,-0.00301598444431804,-0.910462498170715,-0.333308963230315
10884,-0.969619,-1.74924,-0.00301604752996581,-0.915346582365772,0.777752503931858
10984,-0.938943,-1.7659,-0.00301258987505736,-0.909485669429763,-0.111102085205032
11084,-0.907981,-1.78201,-0.0030133217415074,-0.919253778306154,-0.99999999995149
11084,-0.876742,-1.79759,-0.00300790542297055,-0.909485669429981,0.111102085301552
11184,-0.845237,-1.81262,-0.00300664390910446,-0.915346582364332,-0.777752503835052
11184,-0.813473,-1.82709,-0.0030017544315969,-0.910462498171421,0.333308963330044
11284,-0.781462,-1.84101,-0.00299840258836385,-0.912416143750289,-0.555523964056998
11284,-0.749213,-1.85437,-0.00299398960900244,-0.912416143751684,0.555523964183542
11384,-0.716736,-1.86716,-0.00298851299394564,-0.910462498170579,-0.333308963203316
11384,-0.68404,-1.87939,-0.00298456145822998,-0.915346582366256,0.777752503962127
11484,-0.651136,-1.89104,-0.00297693414536895,-0.9094856694297,-0.111102085173069
11584,-0.618034,-1.90211,-0.00297339711488448,-0.919253778305473,-0.9999999999182
11584,-0.584743,-1.91261,-0.00296352118712703,-0.909485669430035,0.111102085335111
11684,-0.551275,-1.92252,-0.00295768535651381,-0.915346582363772,-0.777752503801188
11684,-0.517638,-1.93185,-0.00294805490886956,-0.910462498171642,0.333308963364261
11784,-0.483844,-1.94059,-0.00293982967000799,-0.912416143749915,-0.555523964021929
11784,-0.449902,-1.94874,-0.00293040239049681,-0.912416143752077,0.555523964220183
11884,-0.415823,-1.9563,-0.00291978053636916,-0.910462498170266,-0.33330896316818
11884,-0.381618,-1.96325,-0.00291054691821998,-0.915346582366712,0.777752503993725
11984,-0.347296,-1.96962,-0.00289753964340392,-0.909485669429565,-0.111102085145729
12084,-0.312869,-1.97538,-0.00288847061824565,-0.919253778305011,-0.999999999895287
12084,-0.278346,-1.98054,-0.0028730674632888,-0.909485669430107,0.111102085358526
12184,-0.243739,-1.98509,-0.00286157265629463,-0.915346582363447,-0.777752503777644
12184,-0.209057,-1.98904,-0.00284633280244664,-0.910462498171781,0.333308963386432
12284,-0.174311,-1.99239,-0.0028324416293502,-0.912416143749663,-0.555523964001473
12284,-0.139513,-1.99513,-0.00281737088295223,-0.912416143752267,0.555523964238395
12384,-0.104672,-1.99726,-0.00280113963944107,-0.910462498170238,-0.333308963148834
12384,-0.069799,-1.99878,-0.00278623596662984,-0.915346582367131,0.777752504016471
12484,-0.0349048,-1.9997,-0.00276771241511062,-0.909485669429557,-0.111102085121833
12584,-4.35203e-16,-2,-0.00275296209092752,-0.919253778304537,-0.999999999870803
12584,0.0349048,-1.9997,-0.00273221499508894,-0.909485669430058,0.111102085378513
12684,0.069799,-1.99878,-0.00271522956440924,-0.915346582363139,-0.777752503762792
12684,0.104672,-1.99726,-0.00269478892491226,-0.9104624981717,0.333308963393593
12784,0.139513,-1.99513,-0.00267571923306202,-0.912416143749591,-0.555523964001403
12784,0.174311,-1.99239,-0.00265565979624848,-0.912416143752134,0.555523964232273
12884,0.209057,-1.98904,-0.00263467432429095,-0.91046249817019,-0.333308963161724
12884,0.243739,-1.98509,-0.00261505762904503,-0.915346582366752,0.777752503996427
12984,0.278346,-1.98054,-0.00259231023697559,-0.909485669429543,-0.111102085145531
13084,0.312869,-1.97538,-0.00257318629591176,-0.919253778305079,-0.999999999897294
13084,0.347296,-1.96962,-0.00254884374228533,-0.909485669429971,0.111102085349981
13184,0.381618,-1.96325,-0.00252812500132021,-0.915346582363621,-0.777752503792476
13184,0.415823,-1.9563,-0.00250453400057295,-0.910462498171561,0.33330896336634
13284,0.449902,-1.94874,-0.00248241067457442,-0.912416143749886,-0.555523964026324
13284,0.483844,-1.94059,-0.0024596383757752,-0.912416143751904,0.555523964209538
13384,0.517638,-1.93185,-0.00243627551530665,-0.910462498170363,-0.333308963182687
13384,0.551275,-1.92252,-0.00241436866021498,-0.915346582366464,0.777752503976962
13484,0.584743,-1.91261,-0.00238992935661403,-0.909485669429569,-0.111102085165906
13584,0.618034,-1.90211,-0.00236894962711757,-0.919253778305519,-0.999999999919186
13584,0.651136,-1.89104,-0.00234363751676856,-0.909485669429928,0.111102085328226
13684,0.68404,-1.87939,-0.00232178870243744,-0.915346582363942,-0.777752503814258
13684,0.716736,-1.86716,-0.00229769950410677,-0.910462498171394,0.333308963343945
13784,0.749213,-1.85437,-0.00227516961246075,-0.912416143750121,-0.555523964050058
13784,0.781462,-1.84101,-0.00225234272608178,-0.91241614375158,0.555523964183364
13884,0.813473,-1.82709,-0.00222925581730778,-0.91046249817049,-0.333308963212306
13884,0.845237,-1.81262,-0.00220770139257769,-0.915346582365913,0.777752503943214
13984,0.876742,-1.79759,-0.00218416678158979,-0.909485669429626,-0.1111020852007
14084,0.907981,-1.78201,-0.00216390734801633,-0.919253778306215,-0.999999999954254
14084,0.938943,-1.7659,-0.00214005474718742,-0.909485669429858,0.111102085292581
14184,0.969619,-1.74924,-0.00211945784599959,-0.915346582364524,-0.777752503850263
14184,1,-1.73205,-0.00209706952203349,-0.910462498171194,0.333308963308465
14284,1.03008,-1.71433,-0.00207623252175115,-0.91241614375052,-0.55552396408445
14284,1.05984,-1.6961,-0.00205529723857295,-0.912416143751235,0.55552396415093
14384,1.08928,-1.67734,-0.00203428131366156,-0.910462498170724,-0.333308963242461
14384,1.11839,-1.65808,-0.00201478042328946,-0.915346582365498,0.777752503915531
14484,1.14715,-1.6383,-0.00199364893851271,-0.909485669429676,-0.111102085228531
14584,1.17557,-1.61803,-0.00197557749331132,-0.919253778306762,-0.999999999982903
14584,1.20363,-1.59727,-0.0019544068174318,-0.909485669429825,0.1111020852655
14684,1.23132,-1.57602,-0.00193626583659721,-0.91534658236492,-0.777752503876537
14684,1.25864,-1.55429,-0.00191661393734971,-0.910462498170955,0.333308963280004
14784,1.28558,-1.53209,-0.00189844668259994,-0.912416143750819,-0.555523964114867
14784,1.31212,-1.50942,-0.00188027382623474,-0.912416143750872,0.555523964118932
14884,1.33826,-1.48629,-0.00186209412491051,-0.910462498170903,-0.333308963276861
14884,1.364,-1.46271,-0.00184535586398299,-0.915346582364901,0.777752503878194
14984,1.38932,-1.43868,-0.00182717599641865,-0.909485669429939,-0.111102085257194
14984,1.41421,-1.41421,-0.00181183534644612,-0.919253778307102,0.999999999999985
5850,1.43868,-1.38932,-0.00179367063376697,0.909485669429985,-0.111102085260202
5849,1.46271,-1.364,-0.00177830622628336,0.915346582364833,0.777752503871339
5849,1.48629,-1.33826,-0.00176155280579567,0.910462498171102,-0.333308963290407
5848,1.50942,-1.31212,-0.00174617465404117,0.91241614375073,0.555523964099018
5848,1.53209,-1.28558,-0.00173079465957287,0.912416143751186,-0.555523964140576
5847,1.55429,-1.25864,-0.00171541745645057,0.91046249817085,0.333308963247604
5847,1.57602,-1.23132,-0.0017013820952246,0.91534658236556,-0.777752503916265
5846,1.59727,-1.20363,-0.00168602508916615,0.909485669429786,0.111102085221649
5845,1.61803,-1.17557,-0.00167330684966163,0.919253778306525,0.999999999969829
5845,1.6383,-1.14715,-0.0016579746219657,0.909485669429914,-0.11110208528211
5844,1.65808,-1.11839,-0.00164524367895735,0.915346582364627,0.777752503855747
5844,1.67734,-1.08928,-0.00163121662802078,0.910462498171258,-0.333308963307527
5843,1.6961,-1.05984,-0.00161846729307342,0.912416143750537,0.555523964080912
5843,1.71433,-1.03008,-0.00160571245011046,0.912416143751378,-0.555523964158821
5842,1.73205,-1,-0.00159296281107778,0.910462498170701,0.333308963230334
5842,1.74924,-0.969619,-0.00158146765430598,0.915346582365767,-0.777752503931841
5841,1.7659,-0.938943,-0.00156875359806023,0.909485669429766,0.111102085205045
5840,1.78201,-0.907981,-0.00155851184686785,0.919253778306158,0.99999999995149
5840,1.79759,-0.876742,-0.00154586171287065,0.909485669429983,-0.111102085301555
5839,1.81262,-0.845237,-0.0015356611037615,0.915346582364319,0.777752503835052
5839,1.82709,-0.813473,-0.00152429392397562,0.910462498171384,-0.333308963330046
5838,1.84101,-0.781462,-0.00151416125529858,0.912416143750258,0.555523964056995
5838,1.85437,-0.749213,-0.00150407564009636,0.91241614375167,-0.555523964183538
5837,1.86716,-0.716736,-0.001494059844641,0.91046249817059,0.333308963203332
5837,1.87939,-0.68404,-0.00148526974936807,0.915346582366259,-0.777752503962114
5836,1.89104,-0.651136,-0.00147542137670438,0.909485669429712,0.11110208517308
5835,1.90211,-0.618034,-0.00146793266719086,0.919253778305505,0.999999999918216
5835,1.91261,-0.584743,-0.00145827391638106,0.909485669430072,-0.111102085335106
5834,1.92252,-0.551275,-0.00145095579581341,0.915346582363824,0.777752503801191
5834,1.93185,-0.517638,-0.00144261013305823,0.910462498171638,-0.333308963364257
5833,1.94059,-0.483844,-0.00143547124145622,0.912416143749874,0.555523964021932
5833,1.94874,-0.449902,-0.0014284273317402,0.91241614375206,-0.555523964220175
5832,1.9563,-0.415823,-0.00142148138329615,0.910462498170272,0.333308963168192
5832,1.96325,-0.381618,-0.00141572736285777,0.915346582366721,-0.777752503993719
5831,1.96962,-0.347296,-0.0014089689670607,0.909485669429573,0.111102085145735
5830,1.97538,-0.312869,-0.00140447484090846,0.919253778305019,0.999999999895301
5830,1.98054,-0.278346,-0.0013978659649892,0.909485669430095,-0.11110208535852
5829,1.98509,-0.243739,-0.00139349290882803,0.915346582363408,0.777752503777643
5829,1.98904,-0.209057,-0.00138807231666184,0.910462498171767,-0.333308963386425
5828,1.99239,-0.174311,-0.00138376946747653,0.91241614374965,0.555523964001481
5828,1.99513,-0.139513,-0.00137948873465453,0.912416143752221,-0.555523964238393
5827,1.99726,-0.104672,-0.00137520998114558,0.910462498170182,0.333308963148836
5827,1.99878,-0.069799,-0.00137202492642384,0.915346582367075,-0.777752504016468
5826,1.9997,-0.0349048,-0.00136772958060373,0.909485669429527,0.111102085121839
