origElemNum,globCoord-x,globCoord-y,acouPotentialD1-,locCoord-xi,locCoord-eta
5825,2,-2.20442e-18,-0.00924895775102129,0.919253778304535,0.999999999870795
5825,1.9997,0.0349048,-0.00875646428259304,0.909485669430051,-0.11110208537854
5824,1.99878,0.069799,-0.00826544481874722,0.915346582363134,0.7777525037628
5824,1.99726,0.104672,-0.00776968940477924,0.910462498171695,-0.333308963393583
5823,1.99513,0.139513,-0.00727452118117928,0.912416143749585,0.555523964001403
5823,1.99239,0.174311,-0.00677806422492958,0.912416143752112,-0.555523964232293
5822,1.98904,0.209057,-0.00628066703861906,0.910462498170195,0.33330896316169
5822,1.98509,0.243739,-0.00578497809906675,0.915346582366752,-0.777752503996411
5821,1.98054,0.278346,-0.00528576710586617,0.909485669429537,0.111102085145532
5820,1.97538,0.312869,-0.00479154503471506,0.91925377830504,0.999999999897275
5820,1.96962,0.347296,-0.0042908047918519,0.909485669429959,-0.111102085350008
5819,1.96325,0.381618,-0.00379606975474906,0.915346582363608,0.777752503792493
5819,1.9563,0.415823,-0.00329878590849984,0.910462498171543,-0.333308963366333
5818,1.94874,0.449902,-0.00280483409672206,0.912416143749872,0.555523964026318
5818,1.94059,0.483844,-0.00231103385921816,0.912416143751876,-0.555523964209557
5817,1.93185,0.517638,-0.00181741660271865,0.910462498170338,0.333308963182653
5817,1.92252,0.551275,-0.00132811058669919,0.915346582366455,-0.777752503976955
5816,1.91261,0.584743,-0.000834974724470934,0.909485669429567,0.111102085165898
5815,1.90211,0.618034,-0.000351030124827571,0.919253778305533,0.999999999919169
5815,1.89104,0.651136,0.00014322513419184,0.909485669429933,-0.111102085328256
5814,1.87939,0.68404,0.000628265536225378,0.915346582363941,0.777752503814277
5814,1.86716,0.716736,0.00112072648752668,0.910462498171402,-0.333308963343933
5813,1.85437,0.749213,0.00160887319400368,0.912416143750119,0.555523964050056
5813,1.84101,0.781462,0.00209845423317113,0.912416143751575,-0.555523964183394
5812,1.82709,0.813473,0.00258833792553417,0.910462498170486,0.333308963212263
5812,1.81262,0.845237,0.00307206599678134,0.915346582365915,-0.777752503943209
5811,1.79759,0.876742,0.00356304442333047,0.909485669429635,0.111102085200681
5810,1.78201,0.907981,0.00404067123937818,0.919253778306195,0.999999999954235
5810,1.7659,0.938943,0.00453612859853434,0.909485669429844,-0.111102085292603
5809,1.74924,0.969619,0.00501840598008682,0.915346582364538,0.777752503850291
5809,1.73205,1,0.00551281437515793,0.910462498171199,-0.333308963308445
5808,1.71433,1.03008,0.00600168982351262,0.912416143750526,0.555523964084446
5808,1.6961,1.05984,0.00649365087035482,0.912416143751246,-0.555523964150953
5807,1.67734,1.08928,0.00698863021234068,0.910462498170725,0.333308963242434
5807,1.65808,1.11839,0.00747695498814885,0.915346582365508,-0.777752503915519
5806,1.6383,1.14715,0.00797882940946146,0.909485669429676,0.11110208522853
5805,1.61803,1.17557,0.00846388332220812,0.919253778306765,0.999999999982884
5805,1.59727,1.20363,0.00897403813405783,0.909485669429817,-0.111102085265541
5804,1.57602,1.23132,0.0094665404193708,0.9153465823649,0.777752503876539
5804,1.55429,1.25864,0.0099723815271639,0.910462498170939,-0.333308963279996
5803,1.53209,1.28558,0.010469803409573,0.912416143750815,0.555523964114853
5803,1.50942,1.31212,0.010968928886643,0.91241614375085,-0.555523964118972
5802,1.48629,1.33826,0.0114681777605315,0.910462498170897,0.333308963276791
5802,1.46271,1.364,0.0119573773956087,0.915346582364929,-0.77775250387822
5801,1.43868,1.38932,0.0124530729169198,0.909485669429954,0.111102085257182
5801,1.41421,1.41421,0.0129275951892841,0.919253778307104,-0.999999999999994
850,1.38932,1.43868,0.0134127624885708,0.909485669429991,-0.111102085260227
849,1.364,1.46271,0.0138748512979431,0.915346582364834,0.777752503871359
849,1.33826,1.48629,0.0143356696389945,0.910462498171096,-0.333308963290402
848,1.31212,1.50942,0.0147797349700048,0.912416143750729,0.555523964099008
848,1.28558,1.53209,0.0152136899459412,0.912416143751184,-0.555523964140596
847,1.25864,1.55429,0.0156367933292509,0.910462498170846,0.333308963247574
847,1.23132,1.57602,0.0160426553543028,0.915346582365554,-0.777752503916259
846,1.20363,1.59727,0.016443608837431,0.90948566942978,0.111102085221654
845,1.17557,1.61803,0.0168210930622433,0.919253778306528,0.999999999969813
845,1.14715,1.6383,0.0172002702497122,0.909485669429915,-0.111102085282135
844,1.11839,1.65808,0.017555872141909,0.915346582364625,0.777752503855763
844,1.08928,1.67734,0.0179055776762569,0.910462498171253,-0.333308963307521
843,1.05984,1.6961,0.0182374736072406,0.912416143750542,0.555523964080906
843,1.03008,1.71433,0.0185573164389152,0.912416143751377,-0.555523964158847
842,1,1.73205,0.0188665881055259,0.910462498170698,0.333308963230309
842,0.969619,1.74924,0.0191587093975286,0.915346582365766,-0.777752503931825
841,0.938943,1.7659,0.0194499602470672,0.909485669429764,0.111102085205048
840,0.907981,1.78201,0.0197178417207894,0.919253778306164,0.99999999995148
840,0.876742,1.79759,0.0199969922131498,0.909485669429979,-0.11110208530158
839,0.845237,1.81262,0.0202540079646831,0.91534658236432,0.777752503835068
839,0.813473,1.82709,0.0205180042019134,0.91046249817139,-0.33330896333004
838,0.781462,1.84101,0.0207711734934656,0.912416143750255,0.555523964056983
838,0.749213,1.85437,0.0210245760554377,0.912416143751674,-0.555523964183563
837,0.716736,1.86716,0.02128189619238,0.910462498170584,0.333308963203304
837,0.68404,1.87939,0.0215296042775719,0.915346582366261,-0.777752503962098
836,0.651136,1.89104,0.0217980540627571,0.909485669429719,0.111102085173086
835,0.618034,1.90211,0.0220429168000901,0.919253778305509,0.999999999918205
835,0.584743,1.91261,0.0223267576844559,0.909485669430073,-0.111102085335132
834,0.551275,1.92252,0.0225866834117702,0.915346582363819,0.777752503801204
834,0.517638,1.93185,0.0228716774743856,0.910462498171637,-0.333308963364254
833,0.483844,1.94059,0.0231482823421,0.912416143749877,0.55552396402192
833,0.449902,1.94874,0.0234332266310251,0.91241614375206,-0.555523964220202
832,0.415823,1.9563,0.0237257369704932,0.910462498170279,0.333308963168166
832,0.381618,1.96325,0.0240082130018742,0.915346582366717,-0.777752503993703
831,0.347296,1.96962,0.0243127806676722,0.909485669429573,0.111102085145737
830,0.312869,1.97538,0.024588274685367,0.919253778305012,0.99999999989529
830,0.278346,1.98054,0.0249008747442251,0.909485669430091,-0.111102085358547
829,0.243739,1.98509,0.0251825410422861,0.915346582363415,0.77775250377766
829,0.209057,1.98904,0.0254809018438065,0.910462498171767,-0.333308963386422
828,0.174311,1.99239,0.0257619882319061,0.912416143749651,0.55552396400147
828,0.139513,1.99513,0.0260406659407846,0.912416143752224,-0.555523964238419
827,0.104672,1.99726,0.0263135114683406,0.910462498170184,0.33330896314881
827,0.069799,1.99878,0.0265669173011484,0.915346582367074,-0.777752504016452
826,0.0349048,1.9997,0.0268247926859795,0.909485669429527,0.111102085121841
825,1.27747e-16,2,0.0270495369335944,0.919253778304535,0.999999999870799
825,-0.0349048,1.9997,0.0272851868398819,0.909485669430051,-0.111102085378537
824,-0.069799,1.99878,0.0274865761987323,0.915346582363134,0.777752503762801
824,-0.104672,1.99726,0.0276840262590313,0.910462498171695,-0.333308963393583
823,-0.139513,1.99513,0.0278561197520184,0.912416143749585,0.555523964001401
823,-0.174311,1.99239,0.0280116026818963,0.912416143752112,-0.555523964232297
822,-0.209057,1.98904,0.0281490146381061,0.910462498170195,0.333308963161685
822,-0.243739,1.98509,0.0282613153651671,0.915346582366744,-0.777752503996403
821,-0.278346,1.98054,0.0283609746999547,0.909485669429538,0.111102085145537
820,-0.312869,1.97538,0.0284295800735256,0.919253778305041,0.999999999897278
820,-0.347296,1.96962,0.0284900987393488,0.90948566942996,-0.111102085350006
819,-0.381618,1.96325,0.0285204109822388,0.915346582363608,0.777752503792493
819,-0.415823,1.9563,0.0285350950855526,0.910462498171543,-0.333308963366333
818,-0.449902,1.94874,0.0285263314908453,0.912416143749872,0.555523964026316
818,-0.483844,1.94059,0.0284989462890986,0.912416143751875,-0.555523964209561
817,-0.517638,1.93185,0.0284534448203119,0.910462498170336,0.333308963182646
817,-0.551275,1.92252,0.0283861646630207,0.915346582366457,-0.777752503976948
816,-0.584743,1.91261,0.028305740875109,0.909485669429562,0.111102085165907
815,-0.618034,1.90211,0.0282014097780214,0.919253778305526,0.999999999919175
815,-0.651136,1.89104,0.0280895088492114,0.909485669429935,-0.111102085328253
814,-0.68404,1.87939,0.0279557875885823,0.915346582363941,0.777752503814277
814,-0.716736,1.86716,0.0278125789241,0.910462498171402,-0.333308963343933
813,-0.749213,1.85437,0.0276534651613977,0.912416143750117,0.555523964050053
813,-0.781462,1.84101,0.027482839972989,0.912416143751584,-0.555523964183396
812,-0.813473,1.82709,0.0273016079600157,0.910462498170484,0.33330896321226
812,-0.845237,1.81262,0.0271058498123672,0.91534658236591,-0.7777525039432
811,-0.876742,1.79759,0.026905724980228,0.909485669429639,0.111102085200672
810,-0.907981,1.78201,0.0266881560926584,0.919253778306197,0.999999999954239
810,-0.938943,1.7659,0.0264741173394371,0.909485669429848,-0.111102085292613
809,-0.969619,1.74924,0.026244373676978,0.915346582364533,0.777752503850298
809,-1,1.73205,0.0260158072528643,0.910462498171205,-0.333308963308436
808,-1.03008,1.71433,0.0257777786679205,0.912416143750522,0.55552396408444
808,-1.05984,1.6961,0.0255360983920002,0.912416143751243,-0.555523964150944
807,-1.08928,1.67734,0.0252913155965898,0.910462498170733,0.33330896324243
807,-1.11839,1.65808,0.025037653785092,0.915346582365511,-0.777752503915504
806,-1.14715,1.6383,0.0247888860682972,0.909485669429678,0.11110208522852
805,-1.17557,1.61803,0.0245259779024676,0.91925377830677,0.999999999982889
805,-1.20363,1.59727,0.0242763902192465,0.909485669429819,-0.111102085265551
804,-1.23132,1.57602,0.024012735916311,0.915346582364893,0.777752503876544
804,-1.25864,1.55429,0.02375437420954,0.910462498170937,-0.333308963279986
803,-1.28558,1.53209,0.023488656356236,0.912416143750809,0.555523964114847
803,-1.31212,1.50942,0.0232222186777487,0.912416143750849,-0.555523964118962
802,-1.33826,1.48629,0.0229552975363132,0.910462498170897,0.333308963276791
802,-1.364,1.46271,0.0226812913723713,0.915346582364928,-0.77775250387821
801,-1.38932,1.43868,0.0224134000353532,0.909485669429954,0.111102085257172
801,-1.41421,1.41421,0.022131811748252,0.919253778307104,-0.999999999999994
15850,-1.43868,1.38932,0.0218631278033988,0.909485669429991,-0.111102085260237
15849,-1.46271,1.364,0.0215806325499779,0.915346582364828,0.777752503871364
15849,-1.48629,1.33826,0.0213033831543938,0.910462498171103,-0.333308963290387
15848,-1.50942,1.31212,0.0210184346858822,0.912416143750729,0.555523964099008
15848,-1.53209,1.28558,0.0207319582334739,0.912416143751185,-0.555523964140586
15847,-1.55429,1.25864,0.0204431446865415,0.910462498170851,0.333308963247569
15847,-1.57602,1.23132,0.0201464543524549,0.915346582365555,-0.777752503916249
15846,-1.59727,1.20363,0.0198525088902404,0.909485669429784,0.111102085221639
15845,-1.61803,1.17557,0.0195453283276745,0.919253778306531,0.999999999969823
15845,-1.6383,1.14715,0.0192479172447472,0.909485669429917,-0.111102085282151
15844,-1.65808,1.11839,0.0189374938028169,0.915346582364627,0.777752503855772
15844,-1.67734,1.08928,0.018628831775796,0.910462498171251,-0.333308963307506
15843,-1.6961,1.05984,0.0183116143376993,0.912416143750542,0.555523964080906
15843,-1.71433,1.03008,0.0179902472110919,0.912416143751375,-0.555523964158831
15842,-1.73205,1,0.0176651587460976,0.910462498170697,0.333308963230296
15842,-1.74924,0.969619,0.0173324911104448,0.915346582365764,-0.777752503931822
15841,-1.7659,0.938943,0.0170001968796283,0.909485669429762,0.111102085205035
15840,-1.78201,0.907981,0.0166571388211244,0.919253778306162,0.999999999951483
15840,-1.79759,0.876742,0.0163165446836511,0.909485669429984,-0.111102085301589
15839,-1.81262,0.845237,0.0159653182000422,0.915346582364318,0.777752503835071
15839,-1.82709,0.813473,0.0156117840155039,0.910462498171391,-0.333308963330024
15838,-1.84101,0.781462,0.015250663178974,0.912416143750253,0.555523964056986
15838,-1.85437,0.749213,0.0148843897093275,0.912416143751674,-0.555523964183544
15837,-1.86716,0.716736,0.0145137712191777,0.910462498170589,0.333308963203294
15837,-1.87939,0.68404,0.0141370308260675,0.915346582366259,-0.777752503962095
15836,-1.89104,0.651136,0.0137573394983107,0.909485669429715,0.111102085173074
15835,-1.90211,0.618034,0.0133704229853321,0.919253778305508,0.999999999918209
15835,-1.91261,0.584743,0.0129810710819282,0.909485669430068,-0.111102085335144
15834,-1.92252,0.551275,0.0125851805801487,0.915346582363818,0.777752503801208
15834,-1.93185,0.517638,0.0121853604143457,0.910462498171639,-0.333308963364235
15833,-1.94059,0.483844,0.011780411874374,0.912416143749876,0.555523964021923
15833,-1.94874,0.449902,0.0113709289454608,0.912416143752063,-0.555523964220183
15832,-1.9563,0.415823,0.010956987945716,0.910462498170272,0.333308963168156
15832,-1.96325,0.381618,0.0105390371798072,0.915346582366716,-0.7777525039937
15831,-1.96962,0.347296,0.0101143282881705,0.909485669429575,0.111102085145728
15830,-1.97538,0.312869,0.00968642311408318,0.91925377830502,0.999999999895294
15830,-1.98054,0.278346,0.00925258421876364,0.909485669430092,-0.111102085358556
15829,-1.98509,0.243739,0.00881684005775188,0.915346582363415,0.777752503777664
15829,-1.98904,0.209057,0.00837556448378636,0.910462498171765,-0.333308963386404
15828,-1.99239,0.174311,0.00793169642249114,0.912416143749651,0.555523964001473
15828,-1.99513,0.139513,0.00748372870310079,0.912416143752222,-0.5555239642384
15827,-1.99726,0.104672,0.00703126781928769,0.910462498170184,0.3333089631488
15827,-1.99878,0.069799,0.00657703053090455,0.915346582367074,-0.777752504016448
15826,-1.9997,0.0349048,0.00611779766108287,0.909485669429527,0.111102085121831
15825,-2,2.46315e-16,0.00566087384501844,0.919253778304535,0.999999999870803
15825,-1.9997,-0.0349048,0.00519492416607409,0.909485669430051,-0.111102085378547
15824,-1.99878,-0.069799,0.0047321906556655,0.915346582363134,0.777752503762804
15824,-1.99726,-0.104672,0.00426422745616674,0.910462498171696,-0.333308963393566
15823,-1.99513,-0.139513,0.00379641264584324,0.912416143749586,0.555523964001405
15823,-1.99239,-0.174311,0.00332527322760929,0.912416143752114,-0.555523964232279
15822,-1.98904,-0.209057,0.00285128719262137,0.910462498170195,0.333308963161688
15822,-1.98509,-0.243739,0.00237881641386911,0.915346582366744,-0.7777525039964
15821,-1.98054,-0.278346,0.00189973190196318,0.909485669429545,0.111102085145526
15820,-1.97538,-0.312869,0.00142742230759325,0.919253778305042,0.999999999897283
15820,-1.96962,-0.347296,0.00094416408147947,0.909485669429957,-0.111102085350017
15819,-1.96325,-0.381618,0.000468086713791681,0.915346582363609,0.777752503792499
15819,-1.9563,-0.415823,-1.66028345716572e-05,0.910462498171549,-0.333308963366345
15818,-1.94874,-0.449902,-0.000497663174832588,0.912416143749872,0.555523964026319
15818,-1.94059,-0.483844,-0.000979993340906099,0.91241614375188,-0.555523964209544
15817,-1.93185,-0.517638,-0.00146387870153176,0.910462498170337,0.33330896318265
15817,-1.92252,-0.551275,-0.00194335615410221,0.915346582366458,-0.777752503976945
15816,-1.91261,-0.584743,-0.00243003699975872,0.909485669429567,0.111102085165898
15815,-1.90211,-0.618034,-0.00290560948171106,0.919253778305528,0.999999999919178
15815,-1.89104,-0.651136,-0.00339452582159746,0.90948566942994,-0.111102085328262
15814,-1.87939,-0.68404,-0.00387153185239086,0.915346582363942,0.77775250381428
15814,-1.86716,-0.716736,-0.00435578759862968,0.910462498171397,-0.333308963343943
15813,-1.85437,-0.749213,-0.00483381198852614,0.912416143750119,0.555523964050056
15813,-1.84101,-0.781462,-0.00531206893536149,0.912416143751582,-0.555523964183381
15812,-1.82709,-0.813473,-0.00579185507530827,0.910462498170486,0.333308963212263
15812,-1.81262,-0.845237,-0.00626538128492324,0.915346582365912,-0.777752503943197
15811,-1.79759,-0.876742,-0.00674803610715382,0.909485669429641,0.111102085200675
15810,-1.78201,-0.907981,-0.00721608643205906,0.919253778306197,0.999999999954239
15810,-1.7659,-0.938943,-0.0077000580976468,0.90948566942985,-0.11110208529261
15809,-1.74924,-0.969619,-0.00816845014523523,0.915346582364535,0.777752503850301
15809,-1.73205,-1,-0.00864453850009325,0.9104624981712,-0.333308963308458
15808,-1.71433,-1.03008,-0.00911284400748761,0.912416143750526,0.555523964084446
15808,-1.6961,-1.05984,-0.00958145928984884,0.912416143751243,-0.555523964150944
15807,-1.67734,-1.08928,-0.0100514786597107,0.910462498170725,0.333308963242434
15807,-1.65808,-1.11839,-0.0105137317495834,0.915346582365503,-0.7777525039155
15806,-1.6383,-1.14715,-0.0109852279173692,0.90948566942967,0.111102085228524
15805,-1.61803,-1.17557,-0.0114391119698442,0.919253778306763,0.999999999982893
15805,-1.59727,-1.20363,-0.0119094629858541,0.909485669429812,-0.111102085265547
15804,-1.57602,-1.23132,-0.0123620726337261,0.915346582364898,0.777752503876549
15804,-1.55429,-1.25864,-0.0128250779252525,0.910462498170935,-0.333308963280012
15803,-1.53209,-1.28558,-0.0132794253162953,0.912416143750815,0.555523964114853
15803,-1.50942,-1.31212,-0.0137345283783407,0.912416143750855,-0.555523964118957
15802,-1.48629,-1.33826,-0.0141901735999081,0.910462498170897,0.333308963276791
15802,-1.46271,-1.364,-0.014636524780591,0.915346582364928,-0.77775250387821
15801,-1.43868,-1.38932,-0.0150929856408599,0.909485669429954,0.111102085257172
15801,-1.41421,-1.41421,-0.0155301031624302,0.919253778307098,-0.999999999999989
10084,-1.38932,-1.43868,-0.0159861861573807,-0.909485669429983,0.111102085260242
10184,-1.364,-1.46271,-0.0164226095541835,-0.915346582364814,-0.777752503871363
10184,-1.33826,-1.48629,-0.0168687913526853,-0.910462498171062,0.333308963290425
10284,-1.31212,-1.50942,-0.0173048260099873,-0.912416143750702,-0.555523964098991
10284,-1.28558,-1.53209,-0.0177404390863159,-0.912416143751175,0.55552396414059
10384,-1.25864,-1.55429,-0.0181756947409148,-0.910462498170858,-0.333308963247603
10384,-1.23132,-1.57602,-0.018600503247213,-0.915346582365569,0.777752503916277
10484,-1.20363,-1.59727,-0.0190345511815758,-0.909485669429755,-0.111102085221656
10584,-1.17557,-1.61803,-0.0194478755310863,-0.919253778306467,-0.999999999969833
10584,-1.14715,-1.6383,-0.0198765370917133,-0.909485669429891,0.111102085282108
10684,-1.11839,-1.65808,-0.0202837257765091,-0.915346582364624,-0.777752503855743
10684,-1.08928,-1.67734,-0.0206979366808801,-0.910462498171255,0.333308963307532
10784,-1.05984,-1.6961,-0.0211002356438643,-0.912416143750544,-0.555523964080908
10784,-1.03008,-1.71433,-0.02150022213814,-0.912416143751393,0.555523964158839
10884,-1,-1.73205,-0.0218962817510262,-0.910462498170715,-0.333308963230315
10884,-0.969619,-1.74924,-0.0222789769823234,-0.915346582365772,0.777752503931858
10984,-0.938943,-1.7659,-0.0226655593827383,-0.909485669429763,-0.111102085205032
11084,-0.907981,-1.78201,-0.0230287312574492,-0.919253778306154,-0.99999999995149
11084,-0.876742,-1.79759,-0.0234047365419085,-0.909485669429981,0.111102085301552
11184,-0.845237,-1.81262,-0.0237570385759251,-0.915346582364332,-0.777752503835052
11184,-0.813473,-1.82709,-0.0241135637814194,-0.910462498171421,0.333308963330044
11284,-0.781462,-1.84101,-0.0244550665588419,-0.912416143750289,-0.555523964056998
11284,-0.749213,-1.85437,-0.0247907565164343,-0.912416143751684,0.555523964183542
11384,-0.716736,-1.86716,-0.0251188810932771,-0.910462498170579,-0.333308963203316
11384,-0.68404,-1.87939,-0.0254302919242598,-0.915346582366256,0.777752503962127
11484,-0.651136,-1.89104,-0.0257431124531223,-0.9094856694297,-0.111102085173069
11584,-0.618034,-1.90211,-0.0260296554869725,-0.919253778305473,-0.9999999999182
11584,-0.584743,-1.91261,-0.0263265577592601,-0.909485669430035,0.111102085335111
11684,-0.551275,-1.92252,-0.0265966458739574,-0.915346582363772,-0.777752503801188
11684,-0.517638,-1.93185,-0.0268679995248955,-0.910462498171642,0.333308963364261
11784,-0.483844,-1.94059,-0.0271215556759362,-0.912416143749915,-0.555523964021929
11784,-0.449902,-1.94874,-0.0273668041503695,-0.912416143752077,0.555523964220183
11884,-0.415823,-1.9563,-0.0276033642741525,-0.910462498170266,-0.33330896316818
11884,-0.381618,-1.96325,-0.0278212816214916,-0.915346582366712,0.777752503993725
11984,-0.347296,-1.96962,-0.0280425482821118,-0.909485669429565,-0.111102085145729
12084,-0.312869,-1.97538,-0.0282353262631791,-0.919253778305011,-0.999999999895287
12084,-0.278346,-1.98054,-0.0284398354914442,-0.909485669430107,0.111102085358526
12184,-0.243739,-1.98509,-0.0286150935964596,-0.915346582363447,-0.777752503777644
12184,-0.209057,-1.98904,-0.028792565686578,-0.910462498171781,0.333308963386432
12284,-0.174311,-1.99239,-0.0289513168963714,-0.912416143749663,-0.555523964001473
12284,-0.139513,-1.99513,-0.0291021238511605,-0.912416143752267,0.555523964238395
12384,-0.104672,-1.99726,-0.0292457257494923,-0.910462498170238,-0.333308963148834
12384,-0.069799,-1.99878,-0.0293706969690191,-0.915346582367131,0.777752504016471
12484,-0.0349048,-1.9997,-0.0294986458215353,-0.909485669429557,-0.111102085121833
12584,-4.35203e-16,-2,-0.0295960094419423,-0.919253778304537,-0.999999999870803
12584,0.0349048,-1.9997,-0.0297098056897389,-0.909485669430058,0.111102085378513
12684,0.069799,-1.99878,-0.0297931928347641,-0.915346582363139,-0.777752503762792
12684,0.104672,-1.99726,-0.029881037895889,-0.9104624981717,0.333308963393593
12784,0.139513,-1.99513,-0.0299514683899046,-0.912416143749591,-0.555523964001403
12784,0.174311,-1.99239,-0.0300168552791213,-0.912416143752134,0.555523964232273
12884,0.209057,-1.98904,-0.0300774894911401,-0.91046249817019,-0.333308963161724
12884,0.243739,-1.98509,-0.0301209152571008,-0.915346582366752,0.777752503996427
12984,0.278346,-1.98054,-0.0301725417009962,-0.909485669429543,-0.111102085145531
13084,0.312869,-1.97538,-0.0301948626507122,-0.919253778305079,-0.999999999897294
13084,0.347296,-1.96962,-0.0302390762101623,-0.909485669429971,0.111102085349981
13184,0.381618,-1.96325,-0.0302552763315824,-0.915346582363621,-0.777752503792476
13184,0.415823,-1.9563,-0.0302834838071937,-0.910462498171561,0.33330896336634
13284,0.449902,-1.94874,-0.0302971576089784,-0.912416143749886,-0.555523964026324
13284,0.483844,-1.94059,-0.0303094208820188,-0.912416143751904,0.555523964209538
13384,0.517638,-1.93185,-0.0303209857078246,-0.910462498170363,-0.333308963182687
13384,0.551275,-1.92252,-0.0303191049264302,-0.915346582366464,0.777752503976962
13484,0.584743,-1.91261,-0.0303295639182775,-0.909485669429569,-0.111102085165906
13584,0.618034,-1.90211,-0.0303147145259747,-0.919253778305519,-0.999999999919186
13584,0.651136,-1.89104,-0.0303244777057906,-0.909485669429928,0.111102085328226
13684,0.68404,-1.87939,-0.0303095462404058,-0.915346582363942,-0.777752503814258
13684,0.716736,-1.86716,-0.0303057128264728,-0.910462498171394,0.333308963343945
13784,0.749213,-1.85437,-0.0302888491382743,-0.912416143750121,-0.555523964050058
13784,0.781462,-1.84101,-0.0302701492197676,-0.91241614375158,0.555523964183364
13884,0.813473,-1.82709,-0.0302488091152664,-0.91046249817049,-0.333308963212306
13884,0.845237,-1.81262,-0.0302147838119356,-0.915346582365913,0.777752503943214
13984,0.876742,-1.79759,-0.0301851339520028,-0.909485669429626,-0.1111020852007
14084,0.907981,-1.78201,-0.0301328537216255,-0.919253778306215,-0.999999999954254
14084,0.938943,-1.7659,-0.0300884582632034,-0.909485669429858,0.111102085292581
14184,0.969619,-1.74924,-0.0300202614865443,-0.915346582364524,-0.777752503850263
14184,1,-1.73205,-0.0299485162586939,-0.910462498171194,0.333308963308465
14284,1.03008,-1.71433,-0.0298590059564204,-0.91241614375052,-0.55552396408445
14284,1.05984,-1.6961,-0.0297577250403011,-0.912416143751235,0.55552396415093
14384,1.08928,-1.67734,-0.0296444196591547,-0.910462498170724,-0.333308963242461
14384,1.11839,-1.65808,-0.0295136055332709,-0.915346582365498,0.777752503915531
14484,1.14715,-1.6383,-0.029374807964269,-0.909485669429676,-0.111102085228531
14584,1.17557,-1.61803,-0.0292128706725637,-0.919253778306762,-0.999999999982903
14584,1.20363,-1.59727,-0.0290458161171818,-0.909485669429825,0.1111020852655
14684,1.23132,-1.57602,-0.0288556629955731,-0.91534658236492,-0.777752503876537
14684,1.25864,-1.55429,-0.0286570214171555,-0.910462498170955,0.333308963280004
14784,1.28558,-1.53209,-0.0284402554208367,-0.912416143750819,-0.555523964114867
14784,1.31212,-1.50942,-0.0282102700558752,-0.912416143750872,0.555523964118932
14884,1.33826,-1.48629,-0.0279672293175722,-0.910462498170903,-0.333308963276861
14884,1.364,-1.46271,-0.0277062968269845,-0.915346582364901,0.777752503878194
14984,1.38932,-1.43868,-0.0274386700010907,-0.909485669429939,-0.111102085257194
14984,1.41421,-1.41421,-0.027148717119224,-0.919253778307102,0.999999999999985
5850,1.43868,-1.38932,-0.0268599362598735,0.909485669429985,-0.111102085260202
5849,1.46271,-1.364,-0.0265504252758025,0.915346582364833,0.777752503871339
5849,1.48629,-1.33826,-0.0262399424240965,0.910462498171102,-0.333308963290407
5848,1.50942,-1.31212,-0.0259172674801335,0.91241614375073,0.555523964099018
5848,1.53209,-1.28558,-0.0255898273531665,0.912416143751186,-0.555523964140576
5847,1.55429,-1.25864,-0.0252599839070356,0.91046249817085,0.333308963247604
5847,1.57602,-1.23132,-0.0249201760360617,0.91534658236556,-0.777752503916265
5846,1.59727,-1.20363,-0.0245874329954202,0.909485669429786,0.111102085221649
5845,1.61803,-1.17557,-0.024238347025049,0.919253778306525,0.999999999969829
5845,1.6383,-1.14715,-0.0239020895490792,0.909485669429914,-0.11110208528211
5844,1.65808,-1.11839,-0.0235498143526549,0.915346582364627,0.777752503855747
5844,1.67734,-1.08928,-0.0232021668094327,0.910462498171258,-0.333308963307527
5843,1.6961,-1.05984,-0.0228461156995672,0.912416143750537,0.555523964080912
5843,1.71433,-1.03008,-0.0224883194154039,0.912416143751378,-0.555523964158821
5842,1.73205,-1,-0.0221284286836822,0.910462498170701,0.333308963230334
5842,1.74924,-0.969619,-0.0217610689783902,0.915346582365767,-0.777752503931841
5841,1.7659,-0.938943,-0.0213965336497161,0.909485669429766,0.111102085205045
5840,1.78201,-0.907981,-0.0210200532229881,0.919253778306158,0.99999999995149
5840,1.79759,-0.876742,-0.0206496546605787,0.909485669429983,-0.111102085301555
5839,1.81262,-0.845237,-0.0202678140366347,0.915346582364319,0.777752503835052
5839,1.82709,-0.813473,-0.0198862394793379,0.910462498171384,-0.333308963330046
5838,1.84101,-0.781462,-0.0194972556394879,0.912416143750258,0.555523964056995
5838,1.85437,-0.749213,-0.0191041856902945,0.91241614375167,-0.555523964183538
5837,1.86716,-0.716736,-0.0187064750968239,0.91046249817059,0.333308963203332
5837,1.87939,-0.68404,-0.0183021569574208,0.915346582366259,-0.777752503962114
5836,1.89104,-0.651136,-0.0178956251224444,0.909485669429712,0.11110208517308
5835,1.90211,-0.618034,-0.0174815587733743,0.919253778305505,0.999999999918216
5835,1.91261,-0.584743,-0.0170655224357158,0.909485669430072,-0.111102085335106
5834,1.92252,-0.551275,-0.0166423588961382,0.915346582363824,0.777752503801191
5834,1.93185,-0.517638,-0.0162144812084375,0.910462498171638,-0.333308963364257
5833,1.94059,-0.483844,-0.0157806011371441,0.912416143749874,0.555523964021932
5833,1.94874,-0.449902,-0.0153411409334132,0.91241614375206,-0.555523964220175
5832,1.9563,-0.415823,-0.0148961909815593,0.910462498170272,0.333308963168192
5832,1.96325,-0.381618,-0.0144462854889733,0.915346582366721,-0.777752503993719
5831,1.96962,-0.347296,-0.0139917764948489,0.909485669429573,0.111102085145735
5830,1.97538,-0.312869,-0.0135338967712955,0.919253778305019,0.999999999895301
5830,1.98054,-0.278346,-0.013070550962516,0.909485669430095,-0.11110208535852
5829,1.98509,-0.243739,-0.0126046237996462,0.915346582363408,0.777752503777643
5829,1.98904,-0.209057,-0.0121339592858569,0.910462498171767,-0.333308963386425
5828,1.99239,-0.174311,-0.0116605607201823,0.91241614374965,0.555523964001481
5828,1.99513,-0.139513,-0.0111835593582279,0.912416143752221,-0.555523964238393
5827,1.99726,-0.104672,-0.0107033607048975,0.910462498170182,0.333308963148836
5827,1.99878,-0.069799,-0.0102216034028558,0.915346582367075,-0.777752504016468
5826,1.9997,-0.0349048,-0.00973494256422168,0.909485669429527,0.111102085121839
