origElemNum,globCoord-x,globCoord-y,acouIntensity-x,acouIntensity-y,locCoord-xi,locCoord-eta
5825,2,-2.20442e-18,-3.41674686581693e-05,1.1466773451981e-05,0.919253778304535,0.999999999870795
5825,1.9997,0.0349048,-3.45622380864678e-05,1.1454183471801e-05,0.909485669430051,-0.11110208537854
5824,1.99878,0.069799,-3.49206789959507e-05,1.03536426394443e-05,0.915346582363134,0.7777525037628
5824,1.99726,0.104672,-3.53120268149695e-05,1.03300187722436e-05,0.910462498171695,-0.333308963393583
5823,1.99513,0.139513,-3.56310879172559e-05,9.1860969642224e-06,0.912416143749585,0.555523964001403
5823,1.99239,0.174311,-3.60183554299661e-05,9.15169967857744e-06,0.912416143752112,-0.555523964232293
5822,1.98904,0.209057,-3.62951552849075e-05,7.96552690113258e-06,0.910462498170195,0.33330896316169
5822,1.98509,0.243739,-3.66781071118792e-05,7.92059115041062e-06,0.915346582366752,-0.777752503996411
5821,1.98054,0.278346,-3.69099670869108e-05,6.69426574405203e-06,0.909485669429537,0.111102085145532
5820,1.97538,0.312869,-3.70991063314537e-05,5.44590109177084e-06,0.91925377830504,0.999999999897275
5820,1.96962,0.347296,-3.7472620333059e-05,5.37438300124475e-06,0.909485669429959,-0.111102085350008
5819,1.96325,0.381618,-3.76133120830472e-05,4.08947613762054e-06,0.915346582363608,0.777752503792493
5819,1.9563,0.415823,-3.79827768880187e-05,4.00791932739026e-06,0.910462498171543,-0.333308963366333
5818,1.94874,0.449902,-3.8073110346966e-05,2.68533555750742e-06,0.912416143749872,0.555523964026318
5818,1.94059,0.483844,-3.8436723469972e-05,2.59431602813831e-06,0.912416143751876,-0.555523964209557
5817,1.93185,0.517638,-3.84741731693158e-05,1.23976026054517e-06,0.910462498170338,0.333308963182653
5817,1.92252,0.551275,-3.8832261660096e-05,1.13953256473139e-06,0.915346582366455,-0.777752503976955
5816,1.91261,0.584743,-3.88167584036525e-05,-2.4356194055729e-07,0.909485669429567,0.111102085165898
5815,1.90211,0.618034,-3.87530056371594e-05,-1.63890775386128e-06,0.919253778305533,0.999999999919169
5815,1.89104,0.651136,-3.91010553249746e-05,-1.76439685800192e-06,0.909485669429933,-0.111102085328256
5814,1.87939,0.68404,-3.89826211293341e-05,-3.18543667777779e-06,0.915346582363941,0.777752503814277
5814,1.86716,0.716736,-3.93273517179044e-05,-3.32069925887447e-06,0.910462498171402,-0.333308963343933
5813,1.85437,0.749213,-3.91537803980143e-05,-4.76602299879514e-06,0.912416143750119,0.555523964050056
5813,1.84101,0.781462,-3.9495397970953e-05,-4.91117316114937e-06,0.912416143751575,-0.555523964183394
5812,1.82709,0.813473,-3.92654495812611e-05,-6.37822918537713e-06,0.910462498170486,0.333308963212263
5812,1.81262,0.845237,-3.96039017719254e-05,-6.53323483020183e-06,0.915346582365915,-0.777752503943209
5811,1.79759,0.876742,-3.93176391183443e-05,-8.01914968909794e-06,0.909485669429635,0.111102085200681
5810,1.78201,0.907981,-3.89804016871909e-05,-9.50710917009875e-06,0.919253778306195,0.999999999954235
5810,1.7659,0.938943,-3.93101535270351e-05,-9.68910082902419e-06,0.909485669429844,-0.111102085292603
5809,1.74924,0.969619,-3.8914334036023e-05,-1.11935624242393e-05,0.915346582364538,0.777752503850291
5809,1.73205,1,-3.92405566553501e-05,-1.13856347942376e-05,0.910462498171199,-0.333308963308445
5808,1.71433,1.03008,-3.87841476961458e-05,-1.2902680537931e-05,0.912416143750526,0.555523964084446
5808,1.6961,1.05984,-3.91058844427843e-05,-1.31043607597275e-05,0.912416143751246,-0.555523964150953
5807,1.67734,1.08928,-3.85849550735166e-05,-1.46313543498916e-05,0.910462498170725,0.333308963242434
5807,1.65808,1.11839,-3.88998793207083e-05,-1.48411395058826e-05,0.915346582365508,-0.777752503915519
5806,1.6383,1.14715,-3.83110606144898e-05,-1.63717262619198e-05,0.909485669429676,0.11110208522853
5805,1.61803,1.17557,-3.76704661712744e-05,-1.78901994278929e-05,0.919253778306765,0.999999999982884
5805,1.59727,1.20363,-3.79577381457308e-05,-1.81142360342362e-05,0.909485669429817,-0.111102085265541
5804,1.57602,1.23132,-3.72490858707202e-05,-1.96224954602067e-05,0.9153465823649,0.777752503876539
5804,1.55429,1.25864,-3.75240658803168e-05,-1.9849067598249e-05,0.910462498170939,-0.333308963279996
5803,1.53209,1.28558,-3.67466168660538e-05,-2.13423643233199e-05,0.912416143750815,0.555523964114853
5803,1.50942,1.31212,-3.70077728250561e-05,-2.15694406136483e-05,0.91241614375085,-0.555523964118972
5802,1.48629,1.33826,-3.61619958161077e-05,-2.30405384544931e-05,0.910462498170897,0.333308963276791
5802,1.46271,1.364,-3.64086761353878e-05,-2.32666518185734e-05,0.915346582364929,-0.77775250387822
5801,1.43868,1.38932,-3.54978016620882e-05,-2.47094978495828e-05,0.909485669429954,0.111102085257182
5801,1.41421,1.41421,-3.57307713866028e-05,-2.49346052400993e-05,0.919253778307104,-0.999999999999994
850,1.38932,1.43868,-3.47558278248899e-05,-2.63462578518857e-05,0.909485669429991,-0.111102085260227
849,1.364,1.46271,-3.37418946655273e-05,-2.77228169762626e-05,0.915346582364834,0.777752503871359
849,1.33826,1.48629,-3.39415314099277e-05,-2.79459386196543e-05,0.910462498171096,-0.333308963290402
848,1.31212,1.50942,-3.28696896064974e-05,-2.92861915060127e-05,0.912416143750729,0.555523964099008
848,1.28558,1.53209,-3.30574300145254e-05,-2.95074224661295e-05,0.912416143751184,-0.555523964140596
847,1.25864,1.55429,-3.19314514197505e-05,-3.08084391318345e-05,0.910462498170846,0.333308963247574
847,1.23132,1.57602,-3.21085703262676e-05,-3.10287756090043e-05,0.915346582365554,-0.777752503916259
846,1.20363,1.59727,-3.09316098708435e-05,-3.22904728023918e-05,0.90948566942978,0.111102085221654
845,1.17557,1.61803,-2.97184850404962e-05,-3.35148386445556e-05,0.919253778306528,0.999999999969813
845,1.14715,1.6383,-2.98697133929468e-05,-3.37344281842009e-05,0.909485669429915,-0.111102085282135
844,1.11839,1.65808,-2.86041333041221e-05,-3.49191836183907e-05,0.915346582364625,0.777752503855763
844,1.08928,1.67734,-2.87461265389197e-05,-3.51379776697853e-05,0.910462498171253,-0.333308963307521
843,1.05984,1.6961,-2.74292866543706e-05,-3.62811776256872e-05,0.912416143750542,0.555523964080906
843,1.03008,1.71433,-2.75622268304782e-05,-3.64989656141189e-05,0.912416143751377,-0.555523964158847
842,1,1.73205,-2.61965982825674e-05,-3.75983000860512e-05,0.910462498170698,0.333308963230309
842,0.969619,1.74924,-2.63211291732606e-05,-3.78155298726918e-05,0.915346582365766,-0.777752503931825
841,0.938943,1.7659,-2.49057508767952e-05,-3.88707467098521e-05,0.909485669429764,0.111102085205048
840,0.907981,1.78201,-2.34563782105823e-05,-3.98849616469972e-05,0.919253778306164,0.99999999995148
840,0.876742,1.79759,-2.35580168344297e-05,-4.00977715828538e-05,0.909485669429979,-0.11110208530158
839,0.845237,1.81262,-2.20610286641795e-05,-4.10668739252959e-05,0.91534658236432,0.777752503835068
839,0.813473,1.82709,-2.21562095526509e-05,-4.12810765419438e-05,0.91046249817139,-0.33330896333004
838,0.781462,1.84101,-2.06129996873865e-05,-4.22058830679728e-05,0.912416143750255,0.555523964056983
838,0.749213,1.85437,-2.07023399284305e-05,-4.24228077677374e-05,0.912416143751674,-0.555523964183563
837,0.716736,1.86716,-1.9114856410524e-05,-4.3303885544893e-05,0.910462498170584,0.333308963203304
837,0.68404,1.87939,-1.91992445251125e-05,-4.35259739248592e-05,0.915346582366261,-0.777752503962098
836,0.651136,1.89104,-1.75669555069594e-05,-4.43648098914868e-05,0.909485669429719,0.111102085173086
835,0.618034,1.90211,-1.59003263365722e-05,-4.51610176491044e-05,0.919253778305509,0.999999999918205
835,0.584743,1.91261,-1.59677808202528e-05,-4.53889021200006e-05,0.909485669430073,-0.111102085335132
834,0.551275,1.92252,-1.42550680719663e-05,-4.61398937695146e-05,0.915346582363819,0.777752503801204
834,0.517638,1.93185,-1.43168729137649e-05,-4.63718208982362e-05,0.910462498171637,-0.333308963364254
833,0.483844,1.94059,-1.25575081943242e-05,-4.70722973164659e-05,0.912416143749877,0.55552396402192
833,0.449902,1.94874,-1.261245590539e-05,-4.73035767967313e-05,0.91241614375206,-0.555523964220202
832,0.415823,1.9563,-1.0809555855217e-05,-4.79434046244135e-05,0.910462498170279,0.333308963168166
832,0.381618,1.96325,-1.08566707318868e-05,-4.81685961983854e-05,0.915346582366717,-0.777752503993703
831,0.347296,1.96962,-9.01759803322095e-06,-4.87384867455984e-05,0.909485669429573,0.111102085145737
830,0.312869,1.97538,-7.15779465869388e-06,-4.92548945490284e-05,0.919253778305012,0.99999999989529
830,0.278346,1.98054,-7.18298697413371e-06,-4.94436689302827e-05,0.909485669430091,-0.111102085358547
829,0.243739,1.98509,-5.2947032966356e-06,-4.98756117565011e-05,0.915346582363415,0.77775250377766
829,0.209057,1.98904,-5.31243938330517e-06,-5.00413751499674e-05,0.910462498171767,-0.333308963386422
828,0.174311,1.99239,-3.40388382856557e-06,-5.0380123555732e-05,0.912416143749651,0.55552396400147
828,0.139513,1.99513,-3.41506181368007e-06,-5.05185310657671e-05,0.912416143752224,-0.555523964238419
827,0.104672,1.99726,-1.49712194294798e-06,-5.07582314920064e-05,0.910462498170184,0.33330896314881
827,0.069799,1.99878,-1.5030521492547e-06,-5.08669632852689e-05,0.915346582367074,-0.777752504016452
826,0.0349048,1.9997,4.15655145179099e-07,-5.10061576323271e-05,0.909485669429527,0.111102085121841
825,1.27747e-16,2,2.32649151459717e-06,-5.10850977978073e-05,0.919253778304535,0.999999999870799
825,-0.0349048,1.9997,2.32706694999673e-06,-5.11263077037133e-05,0.909485669430051,-0.111102085378537
824,-0.069799,1.99878,4.22946529598028e-06,-5.11087219762944e-05,0.915346582363134,0.777752503762801
824,-0.104672,1.99726,4.2300219772611e-06,-5.11250372110435e-05,0.910462498171695,-0.333308963393583
823,-0.139513,1.99513,6.12200747604145e-06,-5.10156606944809e-05,0.912416143749585,0.555523964001401
823,-0.174311,1.99239,6.12151958775797e-06,-5.10104337331262e-05,0.912416143752112,-0.555523964232297
822,-0.209057,1.98904,7.99924649842151e-06,-5.08155016327572e-05,0.910462498170195,0.333308963161685
822,-0.243739,1.98509,7.99705681839773e-06,-5.07933210551898e-05,0.915346582366744,-0.777752503996403
821,-0.278346,1.98054,9.85898328318858e-06,-5.05196690885828e-05,0.909485669429538,0.111102085145537
820,-0.312869,1.97538,1.17115514403097e-05,-5.01907656996203e-05,0.919253778305041,0.999999999897278
820,-0.347296,1.96962,1.17020178276857e-05,-5.01374361059324e-05,0.90948566942996,-0.111102085350006
819,-0.381618,1.96325,1.35394827190872e-05,-4.97365351187847e-05,0.915346582363608,0.777752503792493
819,-0.415823,1.9563,1.3527609137062e-05,-4.96786796868027e-05,0.910462498171543,-0.333308963366333
818,-0.449902,1.94874,1.53546185181949e-05,-4.92095663116403e-05,0.912416143749872,0.555523964026316
818,-0.483844,1.94059,1.53400276739472e-05,-4.91469102443554e-05,0.912416143751875,-0.555523964209561
817,-0.517638,1.93185,1.71525647037171e-05,-4.86112212758744e-05,0.910462498170336,0.333308963182646
817,-0.551275,1.92252,1.71355511929988e-05,-4.85460563633669e-05,0.915346582366457,-0.777752503976948
816,-0.584743,1.91261,1.89332657925392e-05,-4.79461480862645e-05,0.909485669429562,0.111102085165907
815,-0.618034,1.90211,2.07242278316512e-05,-4.72918625210398e-05,0.919253778305526,0.999999999919175
815,-0.651136,1.89104,2.06970962039742e-05,-4.72149475757964e-05,0.909485669429935,-0.111102085328253
814,-0.68404,1.87939,2.24701822203772e-05,-4.6496076075718e-05,0.915346582363941,0.777752503814277
814,-0.716736,1.86716,2.24402656315688e-05,-4.64183080671168e-05,0.910462498171402,-0.333308963343933
813,-0.749213,1.85437,2.4193513867481e-05,-4.56359793546971e-05,0.912416143750117,0.555523964050053
813,-0.781462,1.84101,2.41607009490483e-05,-4.55573757227851e-05,0.912416143751584,-0.555523964183396
812,-0.813473,1.82709,2.58918076375538e-05,-4.47113818290444e-05,0.910462498170484,0.33330896321226
812,-0.845237,1.81262,2.58557150440288e-05,-4.46313363736559e-05,0.91534658236591,-0.7777525039432
811,-0.876742,1.79759,2.75612740184151e-05,-4.37224491931083e-05,0.909485669429639,0.111102085200672
810,-0.907981,1.78201,2.92501411350533e-05,-4.27608196222086e-05,0.919253778306197,0.999999999954239
810,-0.938943,1.7659,2.91993865299542e-05,-4.26694867783626e-05,0.909485669429848,-0.111102085292613
809,-0.969619,1.74924,3.08565452863178e-05,-4.16460282412955e-05,0.915346582364533,0.777752503850298
809,-1,1.73205,3.08014539694519e-05,-4.15530232826221e-05,0.910462498171205,-0.333308963308436
808,-1.03008,1.71433,3.24231923128149e-05,-4.04694742466014e-05,0.912416143750522,0.55552396408444
808,-1.05984,1.6961,3.23638337982158e-05,-4.03753234488334e-05,0.912416143751243,-0.555523964150944
807,-1.08928,1.67734,3.39491500546537e-05,-3.9231323498268e-05,0.910462498170733,0.33330896324243
807,-1.11839,1.65808,3.3884560314301e-05,-3.91347928915157e-05,0.915346582365511,-0.777752503915504
806,-1.14715,1.6383,3.54282137486218e-05,-3.79317858179025e-05,0.909485669429678,0.11110208522852
805,-1.17557,1.61803,3.69424159875545e-05,-3.66812712977959e-05,0.91925377830677,0.999999999982889
805,-1.20363,1.59727,3.68559285004764e-05,-3.65718462117414e-05,0.909485669429819,-0.111102085265551
804,-1.23132,1.57602,3.83194553751134e-05,-3.5267511524197e-05,0.915346582364893,0.777752503876544
804,-1.25864,1.55429,3.82269805829651e-05,-3.51566834959777e-05,0.910462498170937,-0.333308963279986
803,-1.28558,1.53209,3.96397927095536e-05,-3.3800118017436e-05,0.912416143750809,0.555523964114847
803,-1.31212,1.50942,3.95401573389219e-05,-3.36867916002178e-05,0.912416143750849,-0.555523964118962
802,-1.33826,1.48629,4.0897711366318e-05,-3.2279813181203e-05,0.910462498170897,0.333308963276791
802,-1.364,1.46271,4.07901177480839e-05,-3.216344676407e-05,0.915346582364928,-0.77775250387821
801,-1.38932,1.43868,4.2087462084654e-05,-3.07113481660963e-05,0.909485669429954,0.111102085257172
801,-1.41421,1.41421,4.19721022866727e-05,-3.05928519953123e-05,0.919253778307104,-0.999999999999994
15850,-1.43868,1.38932,4.32078383658051e-05,-2.90958657910748e-05,0.909485669429991,-0.111102085260237
15849,-1.46271,1.364,4.43963600940732e-05,-2.75674648095482e-05,0.915346582364828,0.777752503871364
15849,-1.48629,1.33826,4.42522249986708e-05,-2.74405445894144e-05,0.910462498171103,-0.333308963290387
15848,-1.50942,1.31212,4.53741456194474e-05,-2.58755608215924e-05,0.912416143750729,0.555523964099008
15848,-1.53209,1.28558,4.52203506195668e-05,-2.57467220403465e-05,0.912416143751185,-0.555523964140586
15847,-1.55429,1.25864,4.62713887777491e-05,-2.41505784397794e-05,0.910462498170851,0.333308963247569
15847,-1.57602,1.23132,4.61078598961345e-05,-2.40204667614074e-05,0.915346582365555,-0.777752503916249
15846,-1.59727,1.20363,4.7086658304835e-05,-2.23989751300373e-05,0.909485669429784,0.111102085221639
15845,-1.61803,1.17557,4.80148339215322e-05,-2.07536904418331e-05,0.919253778306531,0.999999999969823
15845,-1.6383,1.14715,4.78203774226072e-05,-2.06214817488536e-05,0.909485669429917,-0.111102085282151
15844,-1.65808,1.11839,4.86728867423515e-05,-1.89554785995194e-05,0.915346582364627,0.777752503855772
15844,-1.67734,1.08928,4.84676604934524e-05,-1.88234082543961e-05,0.910462498171251,-0.333308963307506
15843,-1.6961,1.05984,4.92438273134357e-05,-1.71417804189885e-05,0.912416143750542,0.555523964080906
15843,-1.71433,1.03008,4.90278679036657e-05,-1.7010518583929e-05,0.912416143751375,-0.555523964158831
15842,-1.73205,1,4.97272240547951e-05,-1.53195626638896e-05,0.910462498170697,0.333308963230296
15842,-1.74924,0.969619,4.95014917998174e-05,-1.51901831409551e-05,0.915346582365764,-0.777752503931822
15841,-1.7659,0.938943,5.01258916015009e-05,-1.34905034016714e-05,0.909485669429762,0.111102085205035
15840,-1.78201,0.907981,5.06948890064317e-05,-1.17818684755233e-05,0.919253778306162,0.999999999951483
15840,-1.79759,0.876742,5.04379730162877e-05,-1.16591484647311e-05,0.909485669429984,-0.111102085301589
15839,-1.81262,0.845237,5.09306162557693e-05,-9.95075826891293e-06,0.915346582364318,0.777752503835071
15839,-1.82709,0.813473,5.06642376660882e-05,-9.83191657723738e-06,0.910462498171391,-0.333308963330024
15838,-1.84101,0.781462,5.10824374699885e-05,-8.12661541378607e-06,0.912416143750253,0.555523964056986
15838,-1.85437,0.749213,5.08057059158682e-05,-8.01172623754067e-06,0.912416143751674,-0.555523964183544
15837,-1.86716,0.716736,5.11495453088127e-05,-6.31428604124448e-06,0.910462498170589,0.333308963203294
15837,-1.87939,0.68404,5.08631422844502e-05,-6.2040893424655e-06,0.915346582366259,-0.777752503962095
15836,-1.89104,0.651136,5.1134319887543e-05,-4.5182103086067e-06,0.909485669429715,0.111102085173074
15835,-1.90211,0.618034,5.13506962199711e-05,-2.83651787216048e-06,0.919253778305508,0.999999999918209
15835,-1.91261,0.584743,5.10372404549957e-05,-2.74212465264878e-06,0.909485669430068,-0.111102085335144
15834,-1.92252,0.551275,5.118139764424e-05,-1.08000240146191e-06,0.915346582363818,0.777752503801208
15834,-1.93185,0.517638,5.08599632880411e-05,-9.92403049170077e-07,0.910462498171639,-0.333308963364235
15833,-1.94059,0.483844,5.0935558557534e-05,6.48789558789725e-07,0.912416143749876,0.555523964021923
15833,-1.94874,0.449902,5.06051859162803e-05,7.29444657734749e-07,0.912416143752063,-0.555523964220183
15832,-1.9563,0.415823,5.06124062646557e-05,2.34634421897126e-06,0.910462498170272,0.333308963168156
15832,-1.96325,0.381618,5.02721121896012e-05,2.4197218639769e-06,0.915346582366716,-0.7777525039937
15831,-1.96962,0.347296,5.02142854517353e-05,4.0026470884512e-06,0.909485669429575,0.111102085145728
15830,-1.97538,0.312869,5.01061070860139e-05,5.56994533764198e-06,0.91925377830502,0.999999999895294
15830,-1.98054,0.278346,4.97473632533201e-05,5.61979781806158e-06,0.909485669430092,-0.111102085358556
15829,-1.98509,0.243739,4.95766664716832e-05,7.15229053715443e-06,0.915346582363415,0.777752503777664
15829,-1.98904,0.209057,4.9210886448059e-05,7.1933187610735e-06,0.910462498171765,-0.333308963386404
15828,-1.99239,0.174311,4.89807422152752e-05,8.68909289770969e-06,0.912416143749651,0.555523964001473
15828,-1.99513,0.139513,4.86080442603509e-05,8.72058539360652e-06,0.912416143752222,-0.5555239642384
15827,-1.99726,0.104672,4.83206688169258e-05,1.01760032681903e-05,0.910462498170184,0.3333089631488
15827,-1.99878,0.069799,4.79408740301637e-05,1.01976450953341e-05,0.915346582367074,-0.777752504016448
15826,-1.9997,0.0349048,4.75989757950975e-05,1.16101406907162e-05,0.909485669429527,0.111102085121831
15825,-2,2.46315e-16,4.72125966247814e-05,1.29975715657071e-05,0.919253778304535,0.999999999870803
15825,-1.9997,-0.0349048,4.68201907619167e-05,1.29910209419936e-05,0.909485669430051,-0.111102085378547
15824,-1.99878,-0.069799,4.6384944912129e-05,1.4334032754077e-05,0.915346582363134,0.777752503762804
15824,-1.99726,-0.104672,4.59874990580355e-05,1.43165097199025e-05,0.910462498171696,-0.333308963393566
15823,-1.99513,-0.139513,4.55050464998093e-05,1.5615718744892e-05,0.912416143749586,0.555523964001405
15823,-1.99239,-0.174311,4.51026373564288e-05,1.55867891376242e-05,0.912416143752114,-0.555523964232279
15822,-1.98904,-0.209057,4.45762110449489e-05,1.68395534483404e-05,0.910462498170195,0.333308963161688
15822,-1.98509,-0.243739,4.41700908527676e-05,1.67988789522243e-05,0.915346582366744,-0.7777525039964
15821,-1.98054,-0.278346,4.3603277026513e-05,1.80041208244503e-05,0.909485669429545,0.111102085145526
15820,-1.97538,-0.312869,4.29991826348843e-05,1.9181604959591e-05,0.919253778305042,0.999999999897283
15820,-1.96962,-0.347296,4.25890846057243e-05,1.9110073895866e-05,0.909485669429957,-0.111102085350017
15819,-1.96325,-0.381618,4.194954607577e-05,2.02376913672868e-05,0.915346582363609,0.777752503792499
15819,-1.9563,-0.415823,4.15410687033908e-05,2.01546125308232e-05,0.910462498171549,-0.333308963366345
15818,-1.94874,-0.449902,4.08695145554867e-05,2.1239154162826e-05,0.912416143749872,0.555523964026319
15818,-1.94059,-0.483844,4.04593509987003e-05,2.11436520391716e-05,0.91241614375188,-0.555523964209544
15817,-1.93185,-0.517638,3.97577932215545e-05,2.21785846489382e-05,0.910462498170337,0.33330896318265
15817,-1.92252,-0.551275,3.9348125887e-05,2.20709767020125e-05,0.915346582366458,-0.777752503976945
15816,-1.91261,-0.584743,3.86213810814693e-05,2.30573391352021e-05,0.909485669429567,0.111102085165898
15815,-1.90211,-0.618034,3.78638698771812e-05,2.40158512754858e-05,0.919253778305528,0.999999999919178
15815,-1.89104,-0.651136,3.74629081458087e-05,2.38785710211493e-05,0.90948566942994,-0.111102085328262
15814,-1.87939,-0.68404,3.66830867554612e-05,2.47888275052938e-05,0.915346582363942,0.77775250381428
15814,-1.86716,-0.716736,3.62862325109886e-05,2.46403607696926e-05,0.910462498171397,-0.333308963343943
15813,-1.85437,-0.749213,3.54881526379805e-05,2.55041212364356e-05,0.912416143750119,0.555523964050056
15813,-1.84101,-0.781462,3.50962259714646e-05,2.53447094142276e-05,0.912416143751582,-0.555523964183381
15812,-1.82709,-0.813473,3.42823936094592e-05,2.61631613202121e-05,0.910462498170486,0.333308963212263
15812,-1.81262,-0.845237,3.38958909385371e-05,2.59929562876218e-05,0.915346582365912,-0.777752503943197
15811,-1.79759,-0.876742,3.30705093453447e-05,2.67667684810706e-05,0.909485669429641,0.111102085200675
15810,-1.78201,-0.907981,3.2220181717164e-05,2.75124926005564e-05,0.919253778306197,0.999999999954239
15810,-1.7659,-0.938943,3.18564254977244e-05,2.73195884274484e-05,0.90948566942985,-0.11110208529261
15809,-1.74924,-0.969619,3.09977111409255e-05,2.8023540669e-05,0.915346582364535,0.777752503850301
15809,-1.73205,-1,3.06435525445345e-05,2.78227394789932e-05,0.9104624981712,-0.333308963308458
15808,-1.71433,-1.03008,2.9780089613048e-05,2.84866228865252e-05,0.912416143750526,0.555523964084446
15808,-1.6961,-1.05984,2.94377248227502e-05,2.82793370951412e-05,0.912416143751243,-0.555523964150944
15807,-1.67734,-1.08928,2.85703075290966e-05,2.89086375112296e-05,0.910462498170725,0.333308963242434
15807,-1.65808,-1.11839,2.82396081405878e-05,2.86951759730444e-05,0.915346582365503,-0.7777525039155
15806,-1.6383,-1.14715,2.73708579726651e-05,2.92896755662232e-05,0.90948566942967,0.111102085228524
15805,-1.61803,-1.17557,2.64820927797252e-05,2.98560434830953e-05,0.919253778306763,0.999999999982893
15805,-1.59727,-1.20363,2.61844242044058e-05,2.96319163170966e-05,0.909485669429812,-0.111102085265547
15804,-1.57602,-1.23132,2.53003475199802e-05,3.01621303415209e-05,0.915346582364898,0.777752503876549
15804,-1.55429,-1.25864,2.50187000395015e-05,2.99371125090573e-05,0.910462498170935,-0.333308963280012
15803,-1.53209,-1.28558,2.41407223574452e-05,3.04382575478639e-05,0.912416143750815,0.555523964114853
15803,-1.50942,-1.31212,2.38745258397737e-05,3.02126804944852e-05,0.912416143750855,-0.555523964118957
15802,-1.48629,-1.33826,2.30042892528958e-05,3.06850101528895e-05,0.910462498170897,0.333308963276791
15802,-1.46271,-1.364,2.27535992462097e-05,3.04598816533692e-05,0.915346582364928,-0.77775250387821
15801,-1.43868,-1.38932,2.18962531579087e-05,3.09039493545056e-05,0.909485669429954,0.111102085257172
15801,-1.41421,-1.41421,2.16630224282083e-05,3.06818064774985e-05,0.919253778307098,-0.999999999999989
10084,-1.38932,-1.43868,2.0815478016312e-05,3.11023655709024e-05,-0.909485669429983,0.111102085260242
10184,-1.364,-1.46271,1.9960172321975e-05,3.14901865769913e-05,-0.915346582364814,-0.777752503871363
10184,-1.33826,-1.48629,1.97680477479702e-05,3.12789993340147e-05,-0.910462498171062,0.333308963290425
10284,-1.31212,-1.50942,1.89277056177662e-05,3.16453019643735e-05,-0.912416143750702,-0.555523964098991
10284,-1.28558,-1.53209,1.87514115371536e-05,3.1439980960775e-05,-0.912416143751175,0.55552396414059
10384,-1.25864,-1.55429,1.79285234893682e-05,3.1783556387076e-05,-0.910462498170858,-0.333308963247603
10384,-1.23132,-1.57602,1.77680270713248e-05,3.15852679331154e-05,-0.915346582365569,0.777752503916277
10484,-1.20363,-1.59727,1.69648509323676e-05,3.19082625584871e-05,-0.909485669429755,-0.111102085221656
10584,-1.17557,-1.61803,1.61561596878519e-05,3.2201298894986e-05,-0.919253778306467,-0.999999999969833
10584,-1.14715,-1.6383,1.60316532308492e-05,3.20233059658107e-05,-0.909485669429891,0.111102085282108
10684,-1.11839,-1.65808,1.52412018818668e-05,3.2295453562977e-05,-0.915346582364624,-0.777752503855743
10684,-1.08928,-1.67734,1.51291065857529e-05,3.21250298618285e-05,-0.910462498171255,0.333308963307532
10784,-1.05984,-1.6961,1.43565766755529e-05,3.23775437609542e-05,-0.912416143750544,-0.555523964080908
10784,-1.03008,-1.71433,1.42557168718009e-05,3.22142313822287e-05,-0.912416143751393,0.555523964158839
10884,-1,-1.73205,1.35019168495024e-05,3.24470148599235e-05,-0.910462498170715,-0.333308963230315
10884,-0.969619,-1.74924,1.34115770889329e-05,3.22909632174475e-05,-0.915346582365772,0.777752503931858
10984,-0.938943,-1.7659,1.26718962828255e-05,3.25052450934256e-05,-0.909485669429763,-0.111102085205032
11084,-0.907981,-1.78201,1.19329553174031e-05,3.26890942963764e-05,-0.919253778306154,-0.99999999995149
11084,-0.876742,-1.79759,1.1863860338044e-05,3.25481441639543e-05,-0.909485669429981,0.111102085301552
11184,-0.845237,-1.81262,1.11402490734123e-05,3.27111211662452e-05,-0.915346582364332,-0.777752503835052
11184,-0.813473,-1.82709,1.10775602957604e-05,3.25735081875513e-05,-0.910462498171421,0.333308963330044
11284,-0.781462,-1.84101,1.03664026721715e-05,3.27157332923502e-05,-0.912416143750289,-0.555523964056998
11284,-0.749213,-1.85437,1.0308531057884e-05,3.25784793864903e-05,-0.912416143751684,0.555523964183542
11384,-0.716736,-1.86716,9.60959914353585e-06,3.26972025785288e-05,-0.910462498170579,-0.333308963203316
11384,-0.68404,-1.87939,9.55591738889865e-06,3.2559069332765e-05,-0.915346582366256,0.777752503962127
11484,-0.651136,-1.89104,8.86814996198684e-06,3.26532207065895e-05,-0.9094856694297,-0.111102085173069
11584,-0.618034,-1.90211,8.18232874908438e-06,3.27191179972845e-05,-0.919253778305473,-0.9999999999182
11584,-0.584743,-1.91261,8.13951372865266e-06,3.2579541452009e-05,-0.909485669430035,0.111102085335111
11684,-0.551275,-1.92252,7.46558367937886e-06,3.26176881021572e-05,-0.915346582363772,-0.777752503801188
11684,-0.517638,-1.93185,7.42574377664476e-06,3.24729588613786e-05,-0.910462498171642,0.333308963364261
11784,-0.483844,-1.94059,6.76113896774621e-06,3.24844368124497e-05,-0.912416143749915,-0.555523964021929
11784,-0.449902,-1.94874,6.72400923964258e-06,3.23323913565748e-05,-0.912416143752077,0.555523964220183
11884,-0.415823,-1.9563,6.06774032414896e-06,3.23148151884715e-05,-0.910462498170266,-0.33330896316818
11884,-0.381618,-1.96325,6.03322103658093e-06,3.21531660723282e-05,-0.915346582366712,0.777752503993725
11984,-0.347296,-1.96962,5.39266378302205e-06,3.2107658704502e-05,-0.909485669429565,-0.111102085145729
12084,-0.312869,-1.97538,4.75349063925984e-06,3.20368644527104e-05,-0.919253778305011,-0.999999999895287
12084,-0.278346,-1.98054,4.73101566518523e-06,3.18681034302834e-05,-0.909485669430107,0.111102085358526
12184,-0.243739,-1.98509,4.10519130657503e-06,3.17703597226552e-05,-0.915346582363447,-0.777752503777644
12184,-0.209057,-1.98904,4.08711905017981e-06,3.15959386896816e-05,-0.910462498171781,0.333308963386432
12284,-0.174311,-1.99239,3.47444738348999e-06,3.14754109997717e-05,-0.912416143749663,-0.555523964001473
12284,-0.139513,-1.99513,3.46124834631673e-06,3.1298195413553e-05,-0.912416143752267,0.555523964238395
12384,-0.104672,-1.99726,2.86210953074398e-06,3.11587996658673e-05,-0.910462498170238,-0.333308963148834
12384,-0.069799,-1.99878,2.85397215421837e-06,3.09806687220797e-05,-0.915346582367131,0.777752504016471
12484,-0.0349048,-1.9997,2.27117688152619e-06,3.08271633662872e-05,-0.909485669429557,-0.111102085121833
12584,-4.35203e-16,-2,1.69500912408062e-06,3.06521503466269e-05,-0.919253778304537,-0.999999999870803
12584,0.0349048,-1.9997,1.70037763013388e-06,3.04922178823264e-05,-0.909485669430058,0.111102085378513
12684,0.069799,-1.99878,1.139575051381e-06,3.03129169887762e-05,-0.915346582363139,-0.777752503762792
12684,0.104672,-1.99726,1.14875665531664e-06,3.01645635270681e-05,-0.9104624981717,0.333308963393593
12784,0.139513,-1.99513,6.01618530403386e-07,2.99859691001774e-05,-0.912416143749591,-0.555523964001403
12784,0.174311,-1.99239,6.13575690260994e-07,2.98529619338581e-05,-0.912416143752134,0.555523964232273
12884,0.209057,-1.98904,7.81751229835388e-08,2.96805979385555e-05,-0.91046249817019,-0.333308963161724
12884,0.243739,-1.98509,9.16198705887595e-08,2.95662166766877e-05,-0.915346582366752,0.777752503996427
12984,0.278346,-1.98054,-4.34419107253752e-07,2.9403365275586e-05,-0.909485669429543,-0.111102085145531
13084,0.312869,-1.97538,-9.55572911287466e-07,2.92239231875186e-05,-0.919253778305079,-0.999999999897294
13084,0.347296,-1.96962,-9.41543690555682e-07,2.91561983071098e-05,-0.909485669429971,0.111102085349981
13184,0.381618,-1.96325,-1.45781454480984e-06,2.89879519456368e-05,-0.915346582363621,-0.777752503792476
13184,0.415823,-1.9563,-1.44697693612406e-06,2.89429616403346e-05,-0.910462498171561,0.33330896336634
13284,0.449902,-1.94874,-1.96759722774194e-06,2.87852144819088e-05,-0.912416143749886,-0.555523964026324
13284,0.483844,-1.94059,-1.96008034547804e-06,2.87579996152445e-05,-0.912416143751904,0.555523964209538
13384,0.517638,-1.93185,-2.48156074030938e-06,2.86069369669486e-05,-0.910462498170363,-0.333308963182687
13384,0.551275,-1.92252,-2.47805588428451e-06,2.85963198975497e-05,-0.915346582366464,0.777752503976962
13484,0.584743,-1.91261,-3.00267136453133e-06,2.84498903887851e-05,-0.909485669429569,-0.111102085165906
13584,0.618034,-1.90211,-3.52904461034535e-06,2.82839746103519e-05,-0.919253778305519,-0.999999999919186
13584,0.651136,-1.89104,-3.53575192940524e-06,2.83073995294383e-05,-0.909485669429928,0.111102085328226
13684,0.68404,-1.87939,-4.06806460434439e-06,2.81399587159556e-05,-0.915346582363942,-0.777752503814258
13684,0.716736,-1.86716,-4.0801956437534e-06,2.81748472244163e-05,-0.910462498171394,0.333308963343945
13784,0.749213,-1.85437,-4.6194376785127e-06,2.80049671376046e-05,-0.912416143750121,-0.555523964050058
13784,0.781462,-1.84101,-4.63765168432387e-06,2.80508993607898e-05,-0.91241614375158,0.555523964183364
13884,0.813473,-1.82709,-5.18423908369618e-06,2.78778228189129e-05,-0.91046249817049,-0.333308963212306
13884,0.845237,-1.81262,-5.20920472360699e-06,2.79344437123587e-05,-0.915346582365913,0.777752503943214
13984,0.876742,-1.79759,-5.76398282240731e-06,2.77581606055902e-05,-0.909485669429626,-0.1111020852007
14084,0.907981,-1.78201,-6.31988641005996e-06,2.75595210064863e-05,-0.919253778306215,-0.999999999954254
14084,0.938943,-1.7659,-6.36321328603746e-06,2.76427457461088e-05,-0.909485669429858,0.111102085292581
14184,0.969619,-1.74924,-6.93011373420526e-06,2.74361500964546e-05,-0.915346582364524,-0.777752503850263
14184,1,-1.73205,-6.98153796738718e-06,2.75276622198931e-05,-0.910462498171194,0.333308963308465
14284,1.03008,-1.71433,-7.5593047526058e-06,2.73121303556721e-05,-0.91241614375052,-0.55552396408445
14284,1.05984,-1.6961,-7.62001366478899e-06,2.74125184358187e-05,-0.912416143751235,0.55552396415093
14384,1.08928,-1.67734,-8.21231183075307e-06,2.71849188171419e-05,-0.910462498170724,-0.333308963242461
14384,1.11839,-1.65808,-8.28209744407035e-06,2.72926283526324e-05,-0.915346582365498,0.777752503915531
14484,1.14715,-1.6383,-8.88782440287187e-06,2.70497476211782e-05,-0.909485669429676,-0.111102085228531
14584,1.17557,-1.61803,-9.49304290740989e-06,2.67802143575866e-05,-0.919253778306762,-0.999999999982903
14584,1.20363,-1.59727,-9.58367764520901e-06,2.69022706758667e-05,-0.909485669429825,0.1111020852655
14684,1.23132,-1.57602,-1.01975965460803e-05,2.66164888886077e-05,-0.91534658236492,-0.777752503876537
14684,1.25864,-1.55429,-1.02985961384282e-05,2.67440578519085e-05,-0.910462498170955,0.333308963280004
14784,1.28558,-1.53209,-1.09238810096378e-05,2.64421665047758e-05,-0.912416143750819,-0.555523964114867
14784,1.31212,-1.50942,-1.10360086345422e-05,2.65750395391885e-05,-0.912416143750872,0.555523964118932
14884,1.33826,-1.48629,-1.16711901585401e-05,2.6257643793485e-05,-0.910462498170903,-0.333308963276861
14884,1.364,-1.46271,-1.17950705253913e-05,2.63956893361135e-05,-0.915346582364901,0.777752503878194
14984,1.38932,-1.43868,-1.24401251728598e-05,2.60634138243685e-05,-0.909485669429939,-0.111102085257194
14984,1.41421,-1.41421,-1.25772689252271e-05,2.62071040858617e-05,-0.919253778307102,0.999999999999985
5850,1.43868,-1.38932,-1.32337247845041e-05,2.58566718324948e-05,0.909485669429985,-0.111102085260202
5849,1.46271,-1.364,-1.38794168594793e-05,2.54846064251859e-05,0.915346582364833,0.777752503871339
5849,1.48629,-1.33826,-1.40501376438604e-05,2.56401535016533e-05,0.910462498171102,-0.333308963290407
5848,1.50942,-1.31212,-1.47053201465387e-05,2.52533080794615e-05,0.91241614375073,0.555523964099018
5848,1.53209,-1.28558,-1.48916343455844e-05,2.54129879736999e-05,0.912416143751186,-0.555523964140576
5847,1.55429,-1.25864,-1.55548218570211e-05,2.50119193112587e-05,0.91046249817085,0.333308963247604
5847,1.57602,-1.23132,-1.57574350675885e-05,2.5175278119363e-05,0.91534658236556,-0.777752503916265
5846,1.59727,-1.20363,-1.64289071218098e-05,2.47587834977712e-05,0.909485669429786,0.111102085221649
5845,1.61803,-1.17557,-1.70872402703369e-05,2.43208686568017e-05,0.919253778306525,0.999999999969829
5845,1.6383,-1.14715,-1.73273588499918e-05,2.44881188486501e-05,0.909485669429914,-0.11110208528211
5844,1.65808,-1.11839,-1.79907323895505e-05,2.40312042026188e-05,0.915346582364627,0.777752503855747
5844,1.67734,-1.08928,-1.82451319473846e-05,2.41974574250037e-05,0.910462498171258,-0.333308963307527
5843,1.6961,-1.05984,-1.89119451418299e-05,2.37196579400509e-05,0.912416143750537,0.555523964080912
5843,1.71433,-1.03008,-1.91797949401341e-05,2.38837063185725e-05,0.912416143751378,-0.555523964158821
5842,1.73205,-1,-1.98484131544686e-05,2.33832955560187e-05,0.910462498170701,0.333308963230334
5842,1.74924,-0.969619,-2.01292860953342e-05,2.35442288233635e-05,0.915346582365767,-0.777752503931841
5841,1.7659,-0.938943,-2.07985453428375e-05,2.30175299790605e-05,0.909485669429766,0.111102085205045
5840,1.78201,-0.907981,-2.14494360469193e-05,2.24705265588112e-05,0.919253778306158,0.99999999995149
5840,1.79759,-0.876742,-2.17586183047775e-05,2.26195761003693e-05,0.909485669429983,-0.111102085301555
5839,1.81262,-0.845237,-2.24067186160321e-05,2.20457542986953e-05,0.915346582364319,0.777752503835052
5839,1.82709,-0.813473,-2.27271924842729e-05,2.21886781546377e-05,0.910462498171384,-0.333308963330046
5838,1.84101,-0.781462,-2.33723643888333e-05,2.15867155903653e-05,0.912416143750258,0.555523964056995
5838,1.85437,-0.749213,-2.37038929678483e-05,2.17229007393741e-05,0.91241614375167,-0.555523964183538
5837,1.86716,-0.716736,-2.43449741427555e-05,2.1091091738039e-05,0.91046249817059,0.333308963203332
5837,1.87939,-0.68404,-2.46870326383534e-05,2.12199908037502e-05,0.915346582366259,-0.777752503962114
5836,1.89104,-0.651136,-2.53222158854038e-05,2.05546714828102e-05,0.909485669429712,0.11110208517308
5835,1.90211,-0.618034,-2.59359429619546e-05,1.98664850839046e-05,0.919253778305505,0.999999999918216
5835,1.91261,-0.584743,-2.62992006271704e-05,1.99740565922488e-05,0.909485669430072,-0.111102085335106
5834,1.92252,-0.551275,-2.69022014682221e-05,1.92514953236174e-05,0.915346582363824,0.777752503801191
5834,1.93185,-0.517638,-2.72731368326241e-05,1.93495323456783e-05,0.910462498171638,-0.333308963364257
5833,1.94059,-0.483844,-2.78651600812773e-05,1.85899796389272e-05,0.912416143749874,0.555523964021932
5833,1.94874,-0.449902,-2.82427587552328e-05,1.86780035019086e-05,0.91241614375206,-0.555523964220175
5832,1.9563,-0.415823,-2.88207883816319e-05,1.78792969464366e-05,0.910462498170272,0.333308963168192
5832,1.96325,-0.381618,-2.92032108545815e-05,1.79567777511281e-05,0.915346582366721,-0.777752503993719
5831,1.96962,-0.347296,-2.9764710153334e-05,1.71207869066662e-05,0.909485669429573,0.111102085145735
5830,1.97538,-0.312869,-3.02996001422661e-05,1.6259761717174e-05,0.919253778305019,0.999999999895301
5830,1.98054,-0.278346,-3.06944313850176e-05,1.63102137073612e-05,0.909485669430095,-0.11110208535852
5829,1.98509,-0.243739,-3.12076282050774e-05,1.5407615298654e-05,0.915346582363408,0.777752503777643
5829,1.98904,-0.209057,-3.16037647764862e-05,1.54467503289654e-05,0.910462498171767,-0.333308963386425
5828,1.99239,-0.174311,-3.20921551363885e-05,1.45010207758347e-05,0.91241614374965,0.555523964001481
5828,1.99513,-0.139513,-3.24887779391868e-05,1.45286535668017e-05,0.912416143752221,-0.555523964238393
5827,1.99726,-0.104672,-3.29489415717706e-05,1.35394040823475e-05,0.910462498170182,0.333308963148836
5827,1.99878,-0.069799,-3.33445868410783e-05,1.35555567737638e-05,0.915346582367075,-0.777752504016468
5826,1.9997,-0.0349048,-3.37732678401523e-05,1.25240514635981e-05,0.909485669429527,0.111102085121839
