origElemNum,globCoord-x,globCoord-y,acouPotentialD1-,locCoord-xi,locCoord-eta
5825,2,-2.20442e-18,856603.552781071,0.919253778304535,0.999999999870795
5825,1.9997,0.0349048,882605.052302056,0.909485669430051,-0.11110208537854
5824,1.99878,0.069799,914176.997997401,0.915346582363134,0.7777525037628
5824,1.99726,0.104672,942080.026772894,0.910462498171695,-0.333308963393583
5823,1.99513,0.139513,969396.232436204,0.912416143749585,0.555523964001403
5823,1.99239,0.174311,991565.51204655,0.912416143752112,-0.555523964232293
5822,1.98904,0.209057,1005592.0369717,0.910462498170195,0.33330896316169
5822,1.98509,0.243739,1016976.13119866,0.915346582366752,-0.777752503996411
5821,1.98054,0.278346,1022988.97034363,0.909485669429537,0.111102085145532
5820,1.97538,0.312869,1033890.50609452,0.91925377830504,0.999999999897275
5820,1.96962,0.347296,1035585.86112617,0.909485669429959,-0.111102085350008
5819,1.96325,0.381618,1038020.1711702,0.915346582363608,0.777752503792493
5819,1.9563,0.415823,1018856.8792404,0.910462498171543,-0.333308963366333
5818,1.94874,0.449902,995527.462939739,0.912416143749872,0.555523964026318
5818,1.94059,0.483844,961930.469068518,0.912416143751876,-0.555523964209557
5817,1.93185,0.517638,932304.958243705,0.910462498170338,0.333308963182653
5817,1.92252,0.551275,907901.025776925,0.915346582366455,-0.777752503976955
5816,1.91261,0.584743,872532.441576583,0.909485669429567,0.111102085165898
5815,1.90211,0.618034,840159.134711329,0.919253778305533,0.999999999919169
5815,1.89104,0.651136,779249.827005718,0.909485669429933,-0.111102085328256
5814,1.87939,0.68404,724598.613568667,0.915346582363941,0.777752503814277
5814,1.86716,0.716736,672260.384030359,0.910462498171402,-0.333308963343933
5813,1.85437,0.749213,626932.9837442,0.912416143750119,0.555523964050056
5813,1.84101,0.781462,588430.84448473,0.912416143751575,-0.555523964183394
5812,1.82709,0.813473,552314.637929859,0.910462498170486,0.333308963212263
5812,1.81262,0.845237,520133.646732328,0.915346582365915,-0.777752503943209
5811,1.79759,0.876742,500332.232676829,0.909485669429635,0.111102085200681
5810,1.78201,0.907981,488762.645658227,0.919253778306195,0.999999999954235
5810,1.7659,0.938943,484086.480121852,0.909485669429844,-0.111102085292603
5809,1.74924,0.969619,485489.618815965,0.915346582364538,0.777752503850291
5809,1.73205,1,490703.678966784,0.910462498171199,-0.333308963308445
5808,1.71433,1.03008,504930.140987491,0.912416143750526,0.555523964084446
5808,1.6961,1.05984,529279.950846961,0.912416143751246,-0.555523964150953
5807,1.67734,1.08928,552761.346608038,0.910462498170725,0.333308963242434
5807,1.65808,1.11839,577715.045791138,0.915346582365508,-0.777752503915519
5806,1.6383,1.14715,588656.587713085,0.909485669429676,0.11110208522853
5805,1.61803,1.17557,600787.021532599,0.919253778306765,0.999999999982884
5805,1.59727,1.20363,602151.31983237,0.909485669429817,-0.111102085265541
5804,1.57602,1.23132,610638.493725923,0.9153465823649,0.777752503876539
5804,1.55429,1.25864,628322.417189049,0.910462498170939,-0.333308963279996
5803,1.53209,1.28558,654545.039274227,0.912416143750815,0.555523964114853
5803,1.50942,1.31212,690266.576665293,0.91241614375085,-0.555523964118972
5802,1.48629,1.33826,714750.849235916,0.910462498170897,0.333308963276791
5802,1.46271,1.364,734024.05004795,0.915346582364929,-0.77775250387822
5801,1.43868,1.38932,743639.831689651,0.909485669429954,0.111102085257182
5801,1.41421,1.41421,755640.260327049,0.919253778307104,-0.999999999999994
850,1.38932,1.43868,740197.727963859,0.909485669429991,-0.111102085260227
849,1.364,1.46271,721232.91136916,0.915346582364834,0.777752503871359
849,1.33826,1.48629,670083.997685894,0.910462498171096,-0.333308963290402
848,1.31212,1.50942,619859.258887812,0.912416143750729,0.555523964099008
848,1.28558,1.53209,568110.447028964,0.912416143751184,-0.555523964140596
847,1.25864,1.55429,521663.64541893,0.910462498170846,0.333308963247574
847,1.23132,1.57602,480732.179045122,0.915346582365554,-0.777752503916259
846,1.20363,1.59727,434567.534254632,0.90948566942978,0.111102085221654
845,1.17557,1.61803,391840.52384195,0.919253778306528,0.999999999969813
845,1.14715,1.6383,347495.569194088,0.909485669429915,-0.111102085282135
844,1.11839,1.65808,309832.828002336,0.915346582364625,0.777752503855763
844,1.08928,1.67734,278813.26705927,0.910462498171253,-0.333308963307521
843,1.05984,1.6961,246350.88265825,0.912416143750542,0.555523964080906
843,1.03008,1.71433,208200.303650325,0.912416143751377,-0.555523964158847
842,1,1.73205,139651.120871977,0.910462498170698,0.333308963230309
842,0.969619,1.74924,53230.3300338787,0.915346582365766,-0.777752503931825
841,0.938943,1.7659,-79370.3890158813,0.909485669429764,0.111102085205048
840,0.907981,1.78201,-218115.297646366,0.919253778306164,0.99999999995148
840,0.876742,1.79759,-414370.829300176,0.909485669429979,-0.11110208530158
839,0.845237,1.81262,-611857.511607018,0.91534658236432,0.777752503835068
839,0.813473,1.82709,-835950.947455855,0.91046249817139,-0.33330896333004
838,0.781462,1.84101,-1056241.47417595,0.912416143750255,0.555523964056983
838,0.749213,1.85437,-1274401.06846462,0.912416143751674,-0.555523964183563
837,0.716736,1.86716,-1512696.57755127,0.910462498170584,0.333308963203304
837,0.68404,1.87939,-1761944.19887559,0.915346582366261,-0.777752503962098
836,0.651136,1.89104,-2022894.34671744,0.909485669429719,0.111102085173086
835,0.618034,1.90211,-2281358.80340968,0.919253778305509,0.999999999918205
835,0.584743,1.91261,-2520042.64076714,0.909485669430073,-0.111102085335132
834,0.551275,1.92252,-2751819.86351262,0.915346582363819,0.777752503801204
834,0.517638,1.93185,-2977221.25246758,0.910462498171637,-0.333308963364254
833,0.483844,1.94059,-3199925.21514788,0.912416143749877,0.55552396402192
833,0.449902,1.94874,-3421999.1356592,0.91241614375206,-0.555523964220202
832,0.415823,1.9563,-3632186.49661118,0.910462498170279,0.333308963168166
832,0.381618,1.96325,-3832317.15596549,0.915346582366717,-0.777752503993703
831,0.347296,1.96962,-3998948.61141853,0.909485669429573,0.111102085145737
830,0.312869,1.97538,-4152776.12324646,0.919253778305012,0.99999999989529
830,0.278346,1.98054,-4279793.39689903,0.909485669430091,-0.111102085358547
829,0.243739,1.98509,-4400907.55112626,0.915346582363415,0.77775250377766
829,0.209057,1.98904,-4514775.6041342,0.910462498171767,-0.333308963386422
828,0.174311,1.99239,-4613194.47893844,0.912416143749651,0.55552396400147
828,0.139513,1.99513,-4690967.74229254,0.912416143752224,-0.555523964238419
827,0.104672,1.99726,-4731824.55503471,0.910462498170184,0.33330896314881
827,0.069799,1.99878,-4746693.44493327,0.915346582367074,-0.777752504016452
826,0.0349048,1.9997,-4719456.04407817,0.909485669429527,0.111102085121841
825,1.27747e-16,2,-4678931.23754486,0.919253778304535,0.999999999870799
825,-0.0349048,1.9997,-4599947.13525343,0.909485669430051,-0.111102085378537
824,-0.069799,1.99878,-4509568.99858572,0.915346582363134,0.777752503762801
824,-0.104672,1.99726,-4383571.74707593,0.910462498171695,-0.333308963393583
823,-0.139513,1.99513,-4241703.54854316,0.912416143749585,0.555523964001401
823,-0.174311,1.99239,-4077522.38028214,0.912416143752112,-0.555523964232297
822,-0.209057,1.98904,-3905464.19346523,0.910462498170195,0.333308963161685
822,-0.243739,1.98509,-3727445.99693922,0.915346582366744,-0.777752503996403
821,-0.278346,1.98054,-3533736.58350544,0.909485669429538,0.111102085145537
820,-0.312869,1.97538,-3334696.28383765,0.919253778305041,0.999999999897278
820,-0.347296,1.96962,-3092867.45496909,0.90948566942996,-0.111102085350006
819,-0.381618,1.96325,-2845294.94932216,0.915346582363608,0.777752503792493
819,-0.415823,1.9563,-2579049.3066416,0.910462498171543,-0.333308963366333
818,-0.449902,1.94874,-2320222.42867131,0.912416143749872,0.555523964026316
818,-0.483844,1.94059,-2073142.63758792,0.912416143751875,-0.555523964209561
817,-0.517638,1.93185,-1834617.30759791,0.910462498170336,0.333308963182646
817,-0.551275,1.92252,-1601509.99199463,0.915346582366457,-0.777752503976948
816,-0.584743,1.91261,-1366285.66189917,0.909485669429562,0.111102085165907
815,-0.618034,1.90211,-1130135.00127376,0.919253778305526,0.999999999919175
815,-0.651136,1.89104,-917277.305480764,0.909485669429935,-0.111102085328253
814,-0.68404,1.87939,-711059.356445496,0.915346582363941,0.777752503814277
814,-0.716736,1.86716,-532030.500402943,0.910462498171402,-0.333308963343933
813,-0.749213,1.85437,-363036.491813295,0.912416143750117,0.555523964050053
813,-0.781462,1.84101,-209126.66798024,0.912416143751584,-0.555523964183396
812,-0.813473,1.82709,-75345.1619784316,0.910462498170484,0.33330896321226
812,-0.845237,1.81262,44900.9140861978,0.91534658236591,-0.7777525039432
811,-0.876742,1.79759,146829.668870965,0.909485669429639,0.111102085200672
810,-0.907981,1.78201,243980.062586019,0.919253778306197,0.999999999954239
810,-0.938943,1.7659,338485.628608979,0.909485669429848,-0.111102085292613
809,-0.969619,1.74924,431410.482555936,0.915346582364533,0.777752503850298
809,-1,1.73205,518457.232821149,0.910462498171205,-0.333308963308436
808,-1.03008,1.71433,602719.927797798,0.912416143750522,0.55552396408444
808,-1.05984,1.6961,682751.649706329,0.912416143751243,-0.555523964150944
807,-1.08928,1.67734,761901.199478872,0.910462498170733,0.33330896324243
807,-1.11839,1.65808,840469.483819301,0.915346582365511,-0.777752503915504
806,-1.14715,1.6383,909211.434153389,0.909485669429678,0.11110208522852
805,-1.17557,1.61803,975418.272270309,0.91925377830677,0.999999999982889
805,-1.20363,1.59727,1020083.16087784,0.909485669429819,-0.111102085265551
804,-1.23132,1.57602,1060912.93283941,0.915346582364893,0.777752503876544
804,-1.25864,1.55429,1087476.36103769,0.910462498170937,-0.333308963279986
803,-1.28558,1.53209,1109694.13266115,0.912416143750809,0.555523964114847
803,-1.31212,1.50942,1125761.77090308,0.912416143750849,-0.555523964118962
802,-1.33826,1.48629,1137455.57143099,0.910462498170897,0.333308963276791
802,-1.364,1.46271,1145546.86201812,0.915346582364928,-0.77775250387821
801,-1.38932,1.43868,1144622.93625709,0.909485669429954,0.111102085257172
801,-1.41421,1.41421,1139265.7485185,0.919253778307104,-0.999999999999994
15850,-1.43868,1.38932,1112110.63979634,0.909485669429991,-0.111102085260237
15849,-1.46271,1.364,1076207.47223035,0.915346582364828,0.777752503871364
15849,-1.48629,1.33826,1017212.0944488,0.910462498171103,-0.333308963290387
15848,-1.50942,1.31212,947522.610287716,0.912416143750729,0.555523964099008
15848,-1.53209,1.28558,864334.259909974,0.912416143751185,-0.555523964140586
15847,-1.55429,1.25864,780103.667758913,0.910462498170851,0.333308963247569
15847,-1.57602,1.23132,692904.486375328,0.915346582365555,-0.777752503916249
15846,-1.59727,1.20363,630367.879551746,0.909485669429784,0.111102085221639
15845,-1.61803,1.17557,568836.758312251,0.919253778306531,0.999999999969823
15845,-1.6383,1.14715,566413.771074629,0.909485669429917,-0.111102085282151
15844,-1.65808,1.11839,568164.945095532,0.915346582364627,0.777752503855772
15844,-1.67734,1.08928,605744.62275878,0.910462498171251,-0.333308963307506
15843,-1.6961,1.05984,635099.78439134,0.912416143750542,0.555523964080906
15843,-1.71433,1.03008,655011.287565552,0.912416143751375,-0.555523964158831
15842,-1.73205,1,639223.081801421,0.910462498170697,0.333308963230296
15842,-1.74924,0.969619,597395.063006789,0.915346582365764,-0.777752503931822
15841,-1.7659,0.938943,510413.105187145,0.909485669429762,0.111102085205035
15840,-1.78201,0.907981,406502.774445616,0.919253778306162,0.999999999951483
15840,-1.79759,0.876742,279949.991132404,0.909485669429984,-0.111102085301589
15839,-1.81262,0.845237,153241.494548356,0.915346582364318,0.777752503835071
15839,-1.82709,0.813473,49862.3971650316,0.910462498171391,-0.333308963330024
15838,-1.84101,0.781462,-29445.518117005,0.912416143750253,0.555523964056986
15838,-1.85437,0.749213,-68717.9390969065,0.912416143751674,-0.555523964183544
15837,-1.86716,0.716736,-65012.224265967,0.910462498170589,0.333308963203294
15837,-1.87939,0.68404,-34510.0202068827,0.915346582366259,-0.777752503962095
15836,-1.89104,0.651136,46151.688074293,0.909485669429715,0.111102085173074
15835,-1.90211,0.618034,136254.091670584,0.919253778305508,0.999999999918209
15835,-1.91261,0.584743,282043.96212899,0.909485669430068,-0.111102085335144
15834,-1.92252,0.551275,435912.61827286,0.915346582363818,0.777752503801208
15834,-1.93185,0.517638,629720.848016878,0.910462498171639,-0.333308963364235
15833,-1.94059,0.483844,824781.950341686,0.912416143749876,0.555523964021923
15833,-1.94874,0.449902,1022286.98840277,0.912416143752063,-0.555523964220183
15832,-1.9563,0.415823,1158905.00221048,0.910462498170272,0.333308963168156
15832,-1.96325,0.381618,1254467.76265483,0.915346582366716,-0.7777525039937
15831,-1.96962,0.347296,1216991.42500167,0.909485669429575,0.111102085145728
15830,-1.97538,0.312869,1143943.87493956,0.91925377830502,0.999999999895294
15830,-1.98054,0.278346,957936.745417271,0.909485669430092,-0.111102085358556
15829,-1.98509,0.243739,762075.061139896,0.915346582363415,0.777752503777664
15829,-1.98904,0.209057,540871.542129143,0.910462498171765,-0.333308963386404
15828,-1.99239,0.174311,319100.881848463,0.912416143749651,0.555523964001473
15828,-1.99513,0.139513,99094.3344053836,0.912416143752222,-0.5555239642384
15827,-1.99726,0.104672,-99391.7864909987,0.910462498170184,0.3333089631488
15827,-1.99878,0.069799,-284424.860474486,0.915346582367074,-0.777752504016448
15826,-1.9997,0.0349048,-421406.240486819,0.909485669429527,0.111102085121831
15825,-2,2.46315e-16,-548015.75341209,0.919253778304535,0.999999999870803
15825,-1.9997,-0.0349048,-668291.557265832,0.909485669430051,-0.111102085378547
15824,-1.99878,-0.069799,-808835.992615052,0.915346582363134,0.777752503762804
15824,-1.99726,-0.104672,-1022778.49169277,0.910462498171696,-0.333308963393566
15823,-1.99513,-0.139513,-1292195.70847713,0.912416143749586,0.555523964001405
15823,-1.99239,-0.174311,-1642911.76240958,0.912416143752114,-0.555523964232279
15822,-1.98904,-0.209057,-2044112.82430033,0.910462498170195,0.333308963161688
15822,-1.98509,-0.243739,-2481230.27588339,0.915346582366744,-0.7777525039964
15821,-1.98054,-0.278346,-2892140.75445285,0.909485669429545,0.111102085145526
15820,-1.97538,-0.312869,-3301930.44920162,0.919253778305042,0.999999999897283
15820,-1.96962,-0.347296,-3598368.01815086,0.909485669429957,-0.111102085350017
15819,-1.96325,-0.381618,-3883475.35514542,0.915346582363609,0.777752503792499
15819,-1.9563,-0.415823,-4102206.38906599,0.910462498171549,-0.333308963366345
15818,-1.94874,-0.449902,-4300654.45340034,0.912416143749872,0.555523964026319
15818,-1.94059,-0.483844,-4465262.60133518,0.91241614375188,-0.555523964209544
15817,-1.93185,-0.517638,-4564387.40592588,0.910462498170337,0.33330896318265
15817,-1.92252,-0.551275,-4621713.83918837,0.915346582366458,-0.777752503976945
15816,-1.91261,-0.584743,-4645402.47417585,0.909485669429567,0.111102085165898
15815,-1.90211,-0.618034,-4664711.63268503,0.919253778305528,0.999999999919178
15815,-1.89104,-0.651136,-4844186.28925158,0.90948566942994,-0.111102085328262
15814,-1.87939,-0.68404,-5074126.71720678,0.915346582363942,0.77775250381428
15814,-1.86716,-0.716736,-5487557.00323555,0.910462498171397,-0.333308963343943
15813,-1.85437,-0.749213,-5964414.5865853,0.912416143750119,0.555523964050056
15813,-1.84101,-0.781462,-6532573.03730103,0.912416143751582,-0.555523964183381
15812,-1.82709,-0.813473,-7055766.26819685,0.910462498170486,0.333308963212263
15812,-1.81262,-0.845237,-7551899.64074659,0.915346582365912,-0.777752503943197
15811,-1.79759,-0.876742,-7816044.8237848,0.909485669429641,0.111102085200675
15810,-1.78201,-0.907981,-8028179.02167999,0.919253778306197,0.999999999954239
15810,-1.7659,-0.938943,-8064639.06449718,0.90948566942985,-0.11110208529261
15809,-1.74924,-0.969619,-8073327.15589955,0.915346582364535,0.777752503850301
15809,-1.73205,-1,-7948919.9040792,0.9104624981712,-0.333308963308458
15808,-1.71433,-1.03008,-7803664.21581433,0.912416143750526,0.555523964084446
15808,-1.6961,-1.05984,-7623725.41279329,0.912416143751243,-0.555523964150944
15807,-1.67734,-1.08928,-7511039.97870071,0.910462498170725,0.333308963242434
15807,-1.65808,-1.11839,-7446018.49439452,0.915346582365503,-0.7777525039155
15806,-1.6383,-1.14715,-7228580.24581623,0.90948566942967,0.111102085228524
15805,-1.61803,-1.17557,-6979227.50192417,0.919253778306763,0.999999999982893
15805,-1.59727,-1.20363,-6680290.62295718,0.909485669429812,-0.111102085265547
15804,-1.57602,-1.23132,-6356735.73378264,0.915346582364898,0.777752503876549
15804,-1.55429,-1.25864,-5911355.42479858,0.910462498170935,-0.333308963280012
15803,-1.53209,-1.28558,-5391426.21549016,0.912416143750815,0.555523964114853
15803,-1.50942,-1.31212,-4755914.91368141,0.912416143750855,-0.555523964118957
15802,-1.48629,-1.33826,-4081170.186477,0.910462498170897,0.333308963276791
15802,-1.46271,-1.364,-3383074.24116046,0.915346582364928,-0.77775250387821
15801,-1.43868,-1.38932,-2603824.51310911,0.909485669429954,0.111102085257172
15801,-1.41421,-1.41421,-1810298.02441597,0.919253778307098,-0.999999999999989
10084,-1.38932,-1.43868,-1166183.05070711,-0.909485669429983,0.111102085260242
10184,-1.364,-1.46271,-557466.198959008,-0.915346582364814,-0.777752503871363
10184,-1.33826,-1.48629,-66856.7230819264,-0.910462498171062,0.333308963290425
10284,-1.31212,-1.50942,308408.347005252,-0.912416143750702,-0.555523964098991
10284,-1.28558,-1.53209,514718.985012185,-0.912416143751175,0.55552396414059
10384,-1.25864,-1.55429,673122.348218868,-0.910462498170858,-0.333308963247603
10384,-1.23132,-1.57602,796374.776533525,-0.915346582365569,0.777752503916277
10484,-1.20363,-1.59727,797509.153390527,-0.909485669429755,-0.111102085221656
10584,-1.17557,-1.61803,761791.54948219,-0.919253778306467,-0.999999999969833
10584,-1.14715,-1.6383,660941.77349565,-0.909485669429891,0.111102085282108
10684,-1.11839,-1.65808,596520.554515549,-0.915346582364624,-0.777752503855743
10684,-1.08928,-1.67734,700260.161112897,-0.910462498171255,0.333308963307532
10784,-1.05984,-1.6961,761390.884717117,-0.912416143750544,-0.555523964080908
10784,-1.03008,-1.71433,762128.118030813,-0.912416143751393,0.555523964158839
10884,-1,-1.73205,703425.001777319,-0.910462498170715,-0.333308963230315
10884,-0.969619,-1.74924,602551.405362758,-0.915346582365772,0.777752503931858
10984,-0.938943,-1.7659,320476.481599276,-0.909485669429763,-0.111102085205032
11084,-0.907981,-1.78201,-12025.3186379524,-0.919253778306154,-0.99999999995149
11084,-0.876742,-1.79759,-455545.636687629,-0.909485669429981,0.111102085301552
11184,-0.845237,-1.81262,-936413.519103699,-0.915346582364332,-0.777752503835052
11184,-0.813473,-1.82709,-1548568.33267813,-0.910462498171421,0.333308963330044
11284,-0.781462,-1.84101,-2195074.10769109,-0.912416143750289,-0.555523964056998
11284,-0.749213,-1.85437,-2890622.98651043,-0.912416143751684,0.555523964183542
11384,-0.716736,-1.86716,-3416329.49774265,-0.910462498170579,-0.333308963203316
11384,-0.68404,-1.87939,-3829751.78994681,-0.915346582366256,0.777752503962127
11484,-0.651136,-1.89104,-4053012.18546309,-0.9094856694297,-0.111102085173069
11584,-0.618034,-1.90211,-4232203.07334786,-0.919253778305473,-0.9999999999182
11584,-0.584743,-1.91261,-4136144.86220014,-0.909485669430035,0.111102085335111
11684,-0.551275,-1.92252,-4052869.96398226,-0.915346582363772,-0.777752503801188
11684,-0.517638,-1.93185,-4002667.88804705,-0.910462498171642,0.333308963364261
11784,-0.483844,-1.94059,-3949791.16515619,-0.912416143749915,-0.555523964021929
11784,-0.449902,-1.94874,-3890211.58283999,-0.912416143752077,0.555523964220183
11884,-0.415823,-1.9563,-3703542.36149232,-0.910462498170266,-0.33330896316818
11884,-0.381618,-1.96325,-3433688.33279861,-0.915346582366712,0.777752503993725
11984,-0.347296,-1.96962,-3221857.36511847,-0.909485669429565,-0.111102085145729
12084,-0.312869,-1.97538,-3026993.58937489,-0.919253778305011,-0.999999999895287
12084,-0.278346,-1.98054,-2745376.47749617,-0.909485669430107,0.111102085358526
12184,-0.243739,-1.98509,-2416276.35067007,-0.915346582363447,-0.777752503777644
12184,-0.209057,-1.98904,-1888553.53699296,-0.910462498171781,0.333308963386432
12284,-0.174311,-1.99239,-1424847.54159948,-0.912416143749663,-0.555523964001473
12284,-0.139513,-1.99513,-1055855.58290862,-0.912416143752267,0.555523964238395
12384,-0.104672,-1.99726,-833678.626771222,-0.910462498170238,-0.333308963148834
12384,-0.069799,-1.99878,-709285.69732585,-0.915346582367131,0.777752504016471
12484,-0.0349048,-1.9997,-588022.133137277,-0.909485669429557,-0.111102085121833
12584,-4.35203e-16,-2,-467449.63095938,-0.919253778304537,-0.999999999870803
12584,0.0349048,-1.9997,-352252.140300772,-0.909485669430058,0.111102085378513
12684,0.069799,-1.99878,-250381.324695632,-0.915346582363139,-0.777752503762792
12684,0.104672,-1.99726,-202748.894710706,-0.9104624981717,0.333308963393593
12784,0.139513,-1.99513,-155044.747784791,-0.912416143749591,-0.555523964001403
12784,0.174311,-1.99239,-107519.447109313,-0.912416143752134,0.555523964232273
12884,0.209057,-1.98904,-13045.2802923115,-0.91046249817019,-0.333308963161724
12884,0.243739,-1.98509,112809.32569034,-0.915346582366752,0.777752503996427
12984,0.278346,-1.98054,297515.931605993,-0.909485669429543,-0.111102085145531
13084,0.312869,-1.97538,496752.432367073,-0.919253778305079,-0.999999999897294
13084,0.347296,-1.96962,683044.448629913,-0.909485669429971,0.111102085349981
13184,0.381618,-1.96325,850523.769016068,-0.915346582363621,-0.777752503792476
13184,0.415823,-1.9563,944294.868330582,-0.910462498171561,0.33330896336634
13284,0.449902,-1.94874,1016319.98703856,-0.912416143749886,-0.555523964026324
13284,0.483844,-1.94059,1055774.52957214,-0.912416143751904,0.555523964209538
13384,0.517638,-1.93185,1108687.37856839,-0.910462498170363,-0.333308963182687
13384,0.551275,-1.92252,1170625.09046004,-0.915346582366464,0.777752503976962
13484,0.584743,-1.91261,1248309.98164278,-0.909485669429569,-0.111102085165906
13584,0.618034,-1.90211,1330024.38289265,-0.919253778305519,-0.999999999919186
13584,0.651136,-1.89104,1412560.954834,-0.909485669429928,0.111102085328226
13684,0.68404,-1.87939,1499531.01408977,-0.915346582363942,-0.777752503814258
13684,0.716736,-1.86716,1604365.41129169,-0.910462498171394,0.333308963343945
13784,0.749213,-1.85437,1714406.61187904,-0.912416143750121,-0.555523964050058
13784,0.781462,-1.84101,1832520.22914266,-0.91241614375158,0.555523964183364
13884,0.813473,-1.82709,1900548.24138906,-0.91046249817049,-0.333308963212306
13884,0.845237,-1.81262,1935421.4681706,-0.915346582365913,0.777752503943214
13984,0.876742,-1.79759,1820680.91800306,-0.909485669429626,-0.1111020852007
14084,0.907981,-1.78201,1670793.04317231,-0.919253778306215,-0.999999999954254
14084,0.938943,-1.7659,1354183.40070174,-0.909485669429858,0.111102085292581
14184,0.969619,-1.74924,1029485.6166438,-0.915346582364524,-0.777752503850263
14184,1,-1.73205,659048.631400938,-0.910462498171194,0.333308963308465
14284,1.03008,-1.71433,308884.012258569,-0.91241614375052,-0.55552396408445
14284,1.05984,-1.6961,-12971.4073104114,-0.912416143751235,0.55552396415093
14384,1.08928,-1.67734,-278962.619559519,-0.910462498170724,-0.333308963242461
14384,1.11839,-1.65808,-507114.803201199,-0.915346582365498,0.777752503915531
14484,1.14715,-1.6383,-682779.910654247,-0.909485669429676,-0.111102085228531
14584,1.17557,-1.61803,-844587.024345738,-0.919253778306762,-0.999999999982903
14584,1.20363,-1.59727,-937364.014531501,-0.909485669429825,0.1111020852655
14684,1.23132,-1.57602,-1019106.97116994,-0.91534658236492,-0.777752503876537
14684,1.25864,-1.55429,-1057493.64768603,-0.910462498170955,0.333308963280004
14784,1.28558,-1.53209,-1091646.43365253,-0.912416143750819,-0.555523964114867
14784,1.31212,-1.50942,-1119232.72287695,-0.912416143750872,0.555523964118932
14884,1.33826,-1.48629,-1143393.83949157,-0.910462498170903,-0.333308963276861
14884,1.364,-1.46271,-1165669.40909216,-0.915346582364901,0.777752503878194
14984,1.38932,-1.43868,-1206818.13043907,-0.909485669429939,-0.111102085257194
14984,1.41421,-1.41421,-1253276.27867706,-0.919253778307102,0.999999999999985
5850,1.43868,-1.38932,-1314881.22298726,0.909485669429985,-0.111102085260202
5849,1.46271,-1.364,-1377165.80869386,0.915346582364833,0.777752503871339
5849,1.48629,-1.33826,-1441599.53835223,0.910462498171102,-0.333308963290407
5848,1.50942,-1.31212,-1501883.84751138,0.91241614375073,0.555523964099018
5848,1.53209,-1.28558,-1556097.08448853,0.912416143751186,-0.555523964140576
5847,1.55429,-1.25864,-1586423.14432713,0.91046249817085,0.333308963247604
5847,1.57602,-1.23132,-1600505.61712557,0.91534658236556,-0.777752503916265
5846,1.59727,-1.20363,-1580453.60866333,0.909485669429786,0.111102085221649
5845,1.61803,-1.17557,-1551005.08632055,0.919253778306525,0.999999999969829
5845,1.6383,-1.14715,-1489207.67727483,0.909485669429914,-0.11110208528211
5844,1.65808,-1.11839,-1421519.19677003,0.915346582364627,0.777752503855747
5844,1.67734,-1.08928,-1334605.13272091,0.910462498171258,-0.333308963307527
5843,1.6961,-1.05984,-1243522.53758822,0.912416143750537,0.555523964080912
5843,1.71433,-1.03008,-1147180.63445651,0.912416143751378,-0.555523964158821
5842,1.73205,-1,-1068220.76716557,0.910462498170701,0.333308963230334
5842,1.74924,-0.969619,-999489.618779231,0.915346582365767,-0.777752503931841
5841,1.7659,-0.938943,-951085.240779173,0.909485669429766,0.111102085205045
5840,1.78201,-0.907981,-903833.008173249,0.919253778306158,0.99999999995149
5840,1.79759,-0.876742,-865713.610113485,0.909485669429983,-0.111102085301555
5839,1.81262,-0.845237,-823045.678679749,0.915346582364319,0.777752503835052
5839,1.82709,-0.813473,-781480.592734059,0.910462498171384,-0.333308963330046
5838,1.84101,-0.781462,-735050.79406893,0.912416143750258,0.555523964056995
5838,1.85437,-0.749213,-685037.22923247,0.91241614375167,-0.555523964183538
5837,1.86716,-0.716736,-631974.28127451,0.91046249817059,0.333308963203332
5837,1.87939,-0.68404,-573914.030738973,0.915346582366259,-0.777752503962114
5836,1.89104,-0.651136,-511630.482114937,0.909485669429712,0.11110208517308
5835,1.90211,-0.618034,-441267.480403728,0.919253778305505,0.999999999918216
5835,1.91261,-0.584743,-372215.604547073,0.909485669430072,-0.111102085335106
5834,1.92252,-0.551275,-295588.233315324,0.915346582363824,0.777752503801191
5834,1.93185,-0.517638,-217694.741903605,0.910462498171638,-0.333308963364257
5833,1.94059,-0.483844,-133701.524027611,0.912416143749874,0.555523964021932
5833,1.94874,-0.449902,-45481.6419267278,0.91241614375206,-0.555523964220175
5832,1.9563,-0.415823,45215.799229726,0.910462498170272,0.333308963168192
5832,1.96325,-0.381618,140780.986648513,0.915346582366721,-0.777752503993719
5831,1.96962,-0.347296,232935.235326133,0.909485669429573,0.111102085145735
5830,1.97538,-0.312869,331382.6598775,0.919253778305019,0.999999999895301
5830,1.98054,-0.278346,406971.776714213,0.909485669430095,-0.11110208535852
5829,1.98509,-0.243739,485053.293220824,0.915346582363408,0.777752503777643
5829,1.98904,-0.209057,544971.25149194,0.910462498171767,-0.333308963386425
5828,1.99239,-0.174311,606607.896205907,0.91241614374965,0.555523964001481
5828,1.99513,-0.139513,666189.611022603,0.912416143752221,-0.555523964238393
5827,1.99726,-0.104672,721533.495038025,0.910462498170182,0.333308963148836
5827,1.99878,-0.069799,777012.604507349,0.915346582367075,-0.777752504016468
5826,1.9997,-0.0349048,815626.405110756,0.909485669429527,0.111102085121839
