origElemNum,globCoord-x,globCoord-y,acouPotentialD1-,locCoord-xi,locCoord-eta
5825,2,-2.20442e-18,-5375413.50570996,0.919253778304535,0.999999999870795
5825,1.9997,0.0349048,-5340320.67623419,0.909485669430051,-0.11110208537854
5824,1.99878,0.069799,-5305366.85690051,0.915346582363134,0.7777525037628
5824,1.99726,0.104672,-5254769.99907074,0.910462498171695,-0.333308963393583
5823,1.99513,0.139513,-5201064.61311801,0.912416143749585,0.555523964001403
5823,1.99239,0.174311,-5139993.72206663,0.912416143752112,-0.555523964232293
5822,1.98904,0.209057,-5073266.23830311,0.910462498170195,0.33330896316169
5822,1.98509,0.243739,-5004564.80190844,0.915346582366752,-0.777752503996411
5821,1.98054,0.278346,-4922114.61757386,0.909485669429537,0.111102085145532
5820,1.97538,0.312869,-4840161.54603677,0.91925377830504,0.999999999897275
5820,1.96962,0.347296,-4728413.91096038,0.909485669429959,-0.111102085350008
5819,1.96325,0.381618,-4614438.73572913,0.915346582363608,0.777752503792493
5819,1.9563,0.415823,-4476382.85153168,0.910462498171543,-0.333308963366333
5818,1.94874,0.449902,-4334411.81581182,0.912416143749872,0.555523964026318
5818,1.94059,0.483844,-4184167.92860682,0.912416143751876,-0.555523964209557
5817,1.93185,0.517638,-4034584.69869278,0.910462498170338,0.333308963182653
5817,1.92252,0.551275,-3886914.30989478,0.915346582366455,-0.777752503976955
5816,1.91261,0.584743,-3737427.65682175,0.909485669429567,0.111102085165898
5815,1.90211,0.618034,-3590561.68478733,0.919253778305533,0.999999999919169
5815,1.89104,0.651136,-3427908.91739829,0.909485669429933,-0.111102085328256
5814,1.87939,0.68404,-3265069.39975665,0.915346582363941,0.777752503814277
5814,1.86716,0.716736,-3089888.71719955,0.910462498171402,-0.333308963343933
5813,1.85437,0.749213,-2916384.96599379,0.912416143750119,0.555523964050056
5813,1.84101,0.781462,-2743574.32790022,0.912416143751575,-0.555523964183394
5812,1.82709,0.813473,-2576668.95338826,0.910462498170486,0.333308963212263
5812,1.81262,0.845237,-2414821.0712409,0.915346582365915,-0.777752503943209
5811,1.79759,0.876742,-2251490.24864687,0.909485669429635,0.111102085200681
5810,1.78201,0.907981,-2090170.78686768,0.919253778306195,0.999999999954235
5810,1.7659,0.938943,-1912572.41131756,0.909485669429844,-0.111102085292603
5809,1.74924,0.969619,-1734577.13492873,0.915346582364538,0.777752503850291
5809,1.73205,1,-1545306.08738426,0.910462498171199,-0.333308963308445
5808,1.71433,1.03008,-1359171.26869237,0.912416143750526,0.555523964084446
5808,1.6961,1.05984,-1176105.11254624,0.912416143751246,-0.555523964150953
5807,1.67734,1.08928,-1008590.09753029,0.910462498170725,0.333308963242434
5807,1.65808,1.11839,-852434.624442092,0.915346582365508,-0.777752503915519
5806,1.6383,1.14715,-713597.823455163,0.909485669429676,0.11110208522853
5805,1.61803,1.17557,-581250.582954145,0.919253778306765,0.999999999982884
5805,1.59727,1.20363,-447197.422396381,0.909485669429817,-0.111102085265541
5804,1.57602,1.23132,-316896.3331571,0.9153465823649,0.777752503876539
5804,1.55429,1.25864,-192799.381834968,0.910462498170939,-0.333308963279996
5803,1.53209,1.28558,-80802.5561788481,0.912416143750815,0.555523964114853
5803,1.50942,1.31212,14424.2796292785,0.91241614375085,-0.555523964118972
5802,1.48629,1.33826,108993.081740441,0.910462498170897,0.333308963276791
5802,1.46271,1.364,202544.509791099,0.915346582364929,-0.77775250387822
5801,1.43868,1.38932,298389.071106699,0.909485669429954,0.111102085257182
5801,1.41421,1.41421,394320.753462937,0.919253778307104,-0.999999999999994
850,1.38932,1.43868,486350.557524474,0.909485669429991,-0.111102085260227
849,1.364,1.46271,585630.605322711,0.915346582364834,0.777752503871359
849,1.33826,1.48629,712773.396203046,0.910462498171096,-0.333308963290402
848,1.31212,1.50942,849253.254265145,0.912416143750729,0.555523964099008
848,1.28558,1.53209,999200.324292168,0.912416143751184,-0.555523964140596
847,1.25864,1.55429,1154895.86011805,0.910462498170846,0.333308963247574
847,1.23132,1.57602,1315118.05213695,0.915346582365554,-0.777752503916259
846,1.20363,1.59727,1464556.79462276,0.90948566942978,0.111102085221654
845,1.17557,1.61803,1612839.68953236,0.919253778306528,0.999999999969813
845,1.14715,1.6383,1752889.87518158,0.909485669429915,-0.111102085282135
844,1.11839,1.65808,1901631.75314214,0.915346582364625,0.777752503855763
844,1.08928,1.67734,2079718.07533459,0.910462498171253,-0.333308963307521
843,1.05984,1.6961,2271758.44466761,0.912416143750542,0.555523964080906
843,1.03008,1.71433,2483804.49113639,0.912416143751377,-0.555523964158847
842,1,1.73205,2713815.94681838,0.910462498170698,0.333308963230309
842,0.969619,1.74924,2956362.39979353,0.915346582365766,-0.777752503931825
841,0.938943,1.7659,3195573.34492517,0.909485669429764,0.111102085205048
840,0.907981,1.78201,3434978.5088726,0.919253778306164,0.99999999995148
840,0.876742,1.79759,3654190.84593975,0.909485669429979,-0.11110208530158
839,0.845237,1.81262,3875109.34570205,0.91534658236432,0.777752503835068
839,0.813473,1.82709,4100346.75455751,0.91046249817139,-0.33330896333004
838,0.781462,1.84101,4330036.24677928,0.912416143750255,0.555523964056983
838,0.749213,1.85437,4566140.92774865,0.912416143751674,-0.555523964183563
837,0.716736,1.86716,4800441.99333135,0.910462498170584,0.333308963203304
837,0.68404,1.87939,5033412.97314935,0.915346582366261,-0.777752503962098
836,0.651136,1.89104,5264781.85313025,0.909485669429719,0.111102085173086
835,0.618034,1.90211,5495237.12646097,0.919253778305509,0.999999999918205
835,0.584743,1.91261,5731821.74713664,0.909485669430073,-0.111102085335132
834,0.551275,1.92252,5965758.79330873,0.915346582363819,0.777752503801204
834,0.517638,1.93185,6192138.68448776,0.910462498171637,-0.333308963364254
833,0.483844,1.94059,6403045.9498005,0.912416143749877,0.55552396402192
833,0.449902,1.94874,6591346.60341266,0.91241614375206,-0.555523964220202
832,0.415823,1.9563,6751126.92112968,0.910462498170279,0.333308963168166
832,0.381618,1.96325,6891296.17529499,0.915346582366717,-0.777752503993703
831,0.347296,1.96962,6998408.34371924,0.909485669429573,0.111102085145737
830,0.312869,1.97538,7095906.96871016,0.919253778305012,0.99999999989529
830,0.278346,1.98054,7158211.35202919,0.909485669430091,-0.111102085358547
829,0.243739,1.98509,7213556.98707599,0.915346582363415,0.77775250377766
829,0.209057,1.98904,7246455.0930079,0.910462498171767,-0.333308963386422
828,0.174311,1.99239,7271132.26933927,0.912416143749651,0.55552396400147
828,0.139513,1.99513,7284333.92488162,0.912416143752224,-0.555523964238419
827,0.104672,1.99726,7282002.03018511,0.910462498170184,0.33330896314881
827,0.069799,1.99878,7268905.380119,0.915346582367074,-0.777752504016452
826,0.0349048,1.9997,7215479.95772795,0.909485669429527,0.111102085121841
825,1.27747e-16,2,7151327.16470339,0.919253778304535,0.999999999870799
825,-0.0349048,1.9997,7022630.46009662,0.909485669430051,-0.111102085378537
824,-0.069799,1.99878,6884205.84971952,0.915346582363134,0.777752503762801
824,-0.104672,1.99726,6708244.05881968,0.910462498171695,-0.333308963393583
823,-0.139513,1.99513,6526369.02163302,0.912416143749585,0.555523964001401
823,-0.174311,1.99239,6335713.61978222,0.912416143752112,-0.555523964232297
822,-0.209057,1.98904,6140920.69362857,0.910462498170195,0.333308963161685
822,-0.243739,1.98509,5943551.322937,0.915346582366744,-0.777752503996403
821,-0.278346,1.98054,5721088.09966632,0.909485669429538,0.111102085145537
820,-0.312869,1.97538,5492925.50352914,0.919253778305041,0.999999999897278
820,-0.347296,1.96962,5213251.94869992,0.90948566942996,-0.111102085350006
819,-0.381618,1.96325,4927253.52957703,0.915346582363608,0.777752503792493
819,-0.415823,1.9563,4612849.323966,0.910462498171543,-0.333308963366333
818,-0.449902,1.94874,4301399.80780958,0.912416143749872,0.555523964026316
818,-0.483844,1.94059,3993868.96959686,0.912416143751875,-0.555523964209561
817,-0.517638,1.93185,3705388.59372571,0.910462498170336,0.333308963182646
817,-0.551275,1.92252,3429828.73258703,0.915346582366457,-0.777752503976948
816,-0.584743,1.91261,3171143.58835849,0.909485669429562,0.111102085165907
815,-0.618034,1.90211,2916897.5580691,0.919253778305526,0.999999999919175
815,-0.651136,1.89104,2664116.57850026,0.909485669429935,-0.111102085328253
814,-0.68404,1.87939,2411563.39206337,0.915346582363941,0.777752503814277
814,-0.716736,1.86716,2159461.68755997,0.910462498171402,-0.333308963343933
813,-0.749213,1.85437,1913280.40878462,0.912416143750117,0.555523964050053
813,-0.781462,1.84101,1676006.72999258,0.912416143751584,-0.555523964183396
812,-0.813473,1.82709,1450789.35917928,0.910462498170484,0.33330896321226
812,-0.845237,1.81262,1233421.12763604,0.91534658236591,-0.7777525039432
811,-0.876742,1.79759,1025019.4797757,0.909485669429639,0.111102085200672
810,-0.907981,1.78201,818192.072112784,0.919253778306197,0.999999999954239
810,-0.938943,1.7659,620877.040845723,0.909485669429848,-0.111102085292613
809,-0.969619,1.74924,426726.175863024,0.915346582364533,0.777752503850298
809,-1,1.73205,248336.691691682,0.910462498171205,-0.333308963308436
808,-1.03008,1.71433,77879.8998613025,0.912416143750522,0.55552396408444
808,-1.05984,1.6961,-80084.2702023921,0.912416143751243,-0.555523964150944
807,-1.08928,1.67734,-235185.686129593,0.910462498170733,0.33330896324243
807,-1.11839,1.65808,-388705.059450492,0.915346582365511,-0.777752503915504
806,-1.14715,1.6383,-550104.825354853,0.909485669429678,0.11110208522852
805,-1.17557,1.61803,-714089.042952835,0.91925377830677,0.999999999982889
805,-1.20363,1.59727,-882607.909772694,0.909485669429819,-0.111102085265551
804,-1.23132,1.57602,-1049091.3316477,0.915346582364893,0.777752503876544
804,-1.25864,1.55429,-1205288.37547741,0.910462498170937,-0.333308963279986
803,-1.28558,1.53209,-1352628.44395806,0.912416143750809,0.555523964114847
803,-1.31212,1.50942,-1486272.63965307,0.912416143750849,-0.555523964118962
802,-1.33826,1.48629,-1606614.47490957,0.910462498170897,0.333308963276791
802,-1.364,1.46271,-1718323.37751388,0.915346582364928,-0.77775250387821
801,-1.38932,1.43868,-1814618.68106566,0.909485669429954,0.111102085257172
801,-1.41421,1.41421,-1907423.04549949,0.919253778307104,-0.999999999999994
15850,-1.43868,1.38932,-1981783.80464274,0.909485669429991,-0.111102085260237
15849,-1.46271,1.364,-2053290.76484999,0.915346582364828,0.777752503871364
15849,-1.48629,1.33826,-2113305.97337984,0.910462498171103,-0.333308963290387
15848,-1.50942,1.31212,-2173539.90705576,0.912416143750729,0.555523964099008
15848,-1.53209,1.28558,-2234340.18575538,0.912416143751185,-0.555523964140586
15847,-1.55429,1.25864,-2310317.15056143,0.910462498170851,0.333308963247569
15847,-1.57602,1.23132,-2396155.59915793,0.915346582365555,-0.777752503916249
15846,-1.59727,1.20363,-2515716.4151422,0.909485669429784,0.111102085221639
15845,-1.61803,1.17557,-2643533.13818166,0.919253778306531,0.999999999969823
15845,-1.6383,1.14715,-2810147.2549605,0.909485669429917,-0.111102085282151
15844,-1.65808,1.11839,-2982339.25029664,0.915346582364627,0.777752503855772
15844,-1.67734,1.08928,-3175751.4286135,0.910462498171251,-0.333308963307506
15843,-1.6961,1.05984,-3379001.12850127,0.912416143750542,0.555523964080906
15843,-1.71433,1.03008,-3596549.16122569,0.912416143751375,-0.555523964158831
15842,-1.73205,1,-3830830.22241963,0.910462498170697,0.333308963230296
15842,-1.74924,0.969619,-4076922.21457295,0.915346582365764,-0.777752503931822
15841,-1.7659,0.938943,-4342433.69778122,0.909485669429762,0.111102085205035
15840,-1.78201,0.907981,-4614839.50843142,0.919253778306162,0.999999999951483
15840,-1.79759,0.876742,-4902371.78304141,0.909485669429984,-0.111102085301589
15839,-1.81262,0.845237,-5194859.61853223,0.915346582364318,0.777752503835071
15839,-1.82709,0.813473,-5497331.7719488,0.910462498171391,-0.333308963330024
15838,-1.84101,0.781462,-5804478.23440221,0.912416143750253,0.555523964056986
15838,-1.85437,0.749213,-6116782.43593311,0.912416143751674,-0.555523964183544
15837,-1.86716,0.716736,-6419382.55472925,0.910462498170589,0.333308963203294
15837,-1.87939,0.68404,-6716650.16757154,0.915346582366259,-0.777752503962095
15836,-1.89104,0.651136,-6968884.50711991,0.909485669429715,0.111102085173074
15835,-1.90211,0.618034,-7212268.26018578,0.919253778305508,0.999999999918209
15835,-1.91261,0.584743,-7379201.18041437,0.909485669430068,-0.111102085335144
15834,-1.92252,0.551275,-7537343.47149667,0.915346582363818,0.777752503801208
15834,-1.93185,0.517638,-7651672.39326975,0.910462498171639,-0.333308963364235
15833,-1.94059,0.483844,-7762549.68525617,0.912416143749876,0.555523964021923
15833,-1.94874,0.449902,-7866870.17630096,0.912416143752063,-0.555523964220183
15832,-1.9563,0.415823,-7979848.11790729,0.910462498170272,0.333308963168156
15832,-1.96325,0.381618,-8099614.33129685,0.915346582366716,-0.7777525039937
15831,-1.96962,0.347296,-8219287.78461737,0.909485669429575,0.111102085145728
15830,-1.97538,0.312869,-8341347.59917482,0.91925377830502,0.999999999895294
15830,-1.98054,0.278346,-8422815.24542022,0.909485669430092,-0.111102085358556
15829,-1.98509,0.243739,-8491341.01716959,0.915346582363415,0.777752503777664
15829,-1.98904,0.209057,-8498951.08818558,0.910462498171765,-0.333308963386404
15828,-1.99239,0.174311,-8473413.74841566,0.912416143749651,0.555523964001473
15828,-1.99513,0.139513,-8396869.84087103,0.912416143752222,-0.5555239642384
15827,-1.99726,0.104672,-8282410.84882574,0.910462498170184,0.3333089631488
15827,-1.99878,0.069799,-8143125.99095638,0.915346582367074,-0.777752504016448
15826,-1.9997,0.0349048,-7986221.09954486,0.909485669429527,0.111102085121831
15825,-2,2.46315e-16,-7825790.32260765,0.919253778304535,0.999999999870803
15825,-1.9997,-0.0349048,-7683808.14721287,0.909485669430051,-0.111102085378547
15824,-1.99878,-0.069799,-7551017.15923204,0.915346582363134,0.777752503762804
15824,-1.99726,-0.104672,-7450427.17368865,0.910462498171696,-0.333308963393566
15823,-1.99513,-0.139513,-7365320.78105376,0.912416143749586,0.555523964001405
15823,-1.99239,-0.174311,-7302332.07733402,0.912416143752114,-0.555523964232279
15822,-1.98904,-0.209057,-7244457.46206599,0.910462498170195,0.333308963161688
15822,-1.98509,-0.243739,-7191054.2507779,0.915346582366744,-0.7777525039964
15821,-1.98054,-0.278346,-7102866.70144278,0.909485669429545,0.111102085145526
15820,-1.97538,-0.312869,-7007785.70287453,0.919253778305042,0.999999999897283
15820,-1.96962,-0.347296,-6797360.73455705,0.909485669429957,-0.111102085350017
15819,-1.96325,-0.381618,-6550382.55100479,0.915346582363609,0.777752503792499
15819,-1.9563,-0.415823,-6154545.91283925,0.910462498171549,-0.333308963366345
15818,-1.94874,-0.449902,-5676860.84793266,0.912416143749872,0.555523964026319
15818,-1.94059,-0.483844,-5076900.00090581,0.91241614375188,-0.555523964209544
15817,-1.93185,-0.517638,-4405860.84353066,0.910462498170337,0.33330896318265
15817,-1.92252,-0.551275,-3686812.10316886,0.915346582366458,-0.777752503976945
15816,-1.91261,-0.584743,-2996160.53625446,0.909485669429567,0.111102085165898
15815,-1.90211,-0.618034,-2311364.33666631,0.919253778305528,0.999999999919178
15815,-1.89104,-0.651136,-1758869.50717129,0.90948566942994,-0.111102085328262
15814,-1.87939,-0.68404,-1226114.83094557,0.915346582363942,0.77775250381428
15814,-1.86716,-0.716736,-776614.246761058,0.910462498171397,-0.333308963343943
15813,-1.85437,-0.749213,-346787.668051702,0.912416143750119,0.555523964050056
15813,-1.84101,-0.781462,52622.5391064782,0.912416143751582,-0.555523964183381
15812,-1.82709,-0.813473,407170.075931028,0.910462498170486,0.333308963212263
15812,-1.81262,-0.845237,732296.285752174,0.915346582365912,-0.777752503943197
15811,-1.79759,-0.876742,999807.684303597,0.909485669429641,0.111102085200675
15810,-1.78201,-0.907981,1254129.21989665,0.919253778306197,0.999999999954239
15810,-1.7659,-0.938943,1554398.90785731,0.90948566942985,-0.11110208529261
15809,-1.74924,-0.969619,1870504.67588728,0.915346582364535,0.777752503850301
15809,-1.73205,-1,2241904.18638671,0.9104624981712,-0.333308963308458
15808,-1.71433,-1.03008,2562953.52792317,0.912416143750526,0.555523964084446
15808,-1.6961,-1.05984,2806398.28101015,0.912416143751243,-0.555523964150944
15807,-1.67734,-1.08928,2897402.11997237,0.910462498170725,0.333308963242434
15807,-1.65808,-1.11839,2888221.88170489,0.915346582365503,-0.7777525039155
15806,-1.6383,-1.14715,2787160.63183968,0.90948566942967,0.111102085228524
15805,-1.61803,-1.17557,2666777.01263926,0.919253778306763,0.999999999982893
15805,-1.59727,-1.20363,2512819.68888939,0.909485669429812,-0.111102085265547
15804,-1.57602,-1.23132,2360543.97788048,0.915346582364898,0.777752503876549
15804,-1.55429,-1.25864,2199807.72398722,0.910462498170935,-0.333308963280012
15803,-1.53209,-1.28558,2191506.72941743,0.912416143750815,0.555523964114853
15803,-1.50942,-1.31212,2409396.53699734,0.912416143750855,-0.555523964118957
15802,-1.48629,-1.33826,2791052.16091086,0.910462498170897,0.333308963276791
15802,-1.46271,-1.364,3284157.21648669,0.915346582364928,-0.77775250387821
15801,-1.43868,-1.38932,3666287.12187072,0.909485669429954,0.111102085257172
15801,-1.41421,-1.41421,4025853.23632669,0.919253778307098,-0.999999999999989
10084,-1.38932,-1.43868,4312465.7415653,-0.909485669429983,0.111102085260242
10184,-1.364,-1.46271,4570295.45794372,-0.915346582364814,-0.777752503871363
10184,-1.33826,-1.48629,4692998.88238876,-0.910462498171062,0.333308963290425
10284,-1.31212,-1.50942,4796424.54501376,-0.912416143750702,-0.555523964098991
10284,-1.28558,-1.53209,4867727.89591919,-0.912416143751175,0.55552396414059
10384,-1.25864,-1.55429,4767292.5586588,-0.910462498170858,-0.333308963247603
10384,-1.23132,-1.57602,4554495.45783287,-0.915346582365569,0.777752503916277
10484,-1.20363,-1.59727,4432431.66802861,-0.909485669429755,-0.111102085221656
10584,-1.17557,-1.61803,4338104.40784829,-0.919253778306467,-0.999999999969833
10584,-1.14715,-1.6383,4479191.62895333,-0.909485669429891,0.111102085282108
10684,-1.11839,-1.65808,4605561.91573838,-0.915346582364624,-0.777752503855743
10684,-1.08928,-1.67734,4652291.63462366,-0.910462498171255,0.333308963307532
10784,-1.05984,-1.6961,4805153.07676482,-0.912416143750544,-0.555523964080908
10784,-1.03008,-1.71433,5113965.79619405,-0.912416143751393,0.555523964158839
10884,-1,-1.73205,5395272.88761418,-0.910462498170715,-0.333308963230315
10884,-0.969619,-1.74924,5659926.61360382,-0.915346582365772,0.777752503931858
10984,-0.938943,-1.7659,5806045.77138191,-0.909485669429763,-0.111102085205032
11084,-0.907981,-1.78201,5926137.14325131,-0.919253778306154,-0.99999999995149
11084,-0.876742,-1.79759,5938300.21927783,-0.909485669429981,0.111102085301552
11184,-0.845237,-1.81262,5967005.29215426,-0.915346582364332,-0.777752503835052
11184,-0.813473,-1.82709,6045101.78000446,-0.910462498171421,0.333308963330044
11284,-0.781462,-1.84101,6193307.35964456,-0.912416143750289,-0.555523964056998
11284,-0.749213,-1.85437,6443326.52152261,-0.912416143751684,0.555523964183542
11384,-0.716736,-1.86716,6633094.37220016,-0.910462498170579,-0.333308963203316
11384,-0.68404,-1.87939,6785228.06782059,-0.915346582366256,0.777752503962127
11484,-0.651136,-1.89104,6915852.26794883,-0.9094856694297,-0.111102085173069
11584,-0.618034,-1.90211,7046569.69292722,-0.919253778305473,-0.9999999999182
11584,-0.584743,-1.91261,7326529.94591017,-0.909485669430035,0.111102085335111
11684,-0.551275,-1.92252,7601730.27281575,-0.915346582363772,-0.777752503801188
11684,-0.517638,-1.93185,7841688.13007317,-0.910462498171642,0.333308963364261
11784,-0.483844,-1.94059,7998011.10366433,-0.912416143749915,-0.555523964021929
11784,-0.449902,-1.94874,8026870.40453678,-0.912416143752077,0.555523964220183
11884,-0.415823,-1.9563,7985677.58889485,-0.910462498170266,-0.33330896316818
11884,-0.381618,-1.96325,7899268.89197525,-0.915346582366712,0.777752503993725
11984,-0.347296,-1.96962,7785720.2128204,-0.909485669429565,-0.111102085145729
12084,-0.312869,-1.97538,7668249.68511558,-0.919253778305011,-0.999999999895287
12084,-0.278346,-1.98054,7466990.94964732,-0.909485669430107,0.111102085358526
12184,-0.243739,-1.98509,7243720.77968615,-0.915346582363447,-0.777752503777644
12184,-0.209057,-1.98904,6920429.97829434,-0.910462498171781,0.333308963386432
12284,-0.174311,-1.99239,6564145.81365671,-0.912416143749663,-0.555523964001473
12284,-0.139513,-1.99513,6155860.22186211,-0.912416143752267,0.555523964238395
12384,-0.104672,-1.99726,5732954.39244482,-0.910462498170238,-0.333308963148834
12384,-0.069799,-1.99878,5302232.6257838,-0.915346582367131,0.777752504016471
12484,-0.0349048,-1.9997,4883244.12537121,-0.909485669429557,-0.111102085121833
12584,-4.35203e-16,-2,4470960.82084708,-0.919253778304537,-0.999999999870803
12584,0.0349048,-1.9997,4078626.96879308,-0.909485669430058,0.111102085378513
12684,0.069799,-1.99878,3703568.91124033,-0.915346582363139,-0.777752503762792
12684,0.104672,-1.99726,3382804.1624287,-0.9104624981717,0.333308963393593
12784,0.139513,-1.99513,3124734.81352162,-0.912416143749591,-0.555523964001403
12784,0.174311,-1.99239,2958364.46491684,-0.912416143752134,0.555523964232273
12884,0.209057,-1.98904,2877124.01740391,-0.91046249817019,-0.333308963161724
12884,0.243739,-1.98509,2853750.39199432,-0.915346582366752,0.777752503996427
12984,0.278346,-1.98054,2869154.9904234,-0.909485669429543,-0.111102085145531
13084,0.312869,-1.97538,2896761.31771097,-0.919253778305079,-0.999999999897294
13084,0.347296,-1.96962,2900486.23251462,-0.909485669429971,0.111102085349981
13184,0.381618,-1.96325,2898226.70441823,-0.915346582363621,-0.777752503792476
13184,0.415823,-1.9563,2861777.00550337,-0.910462498171561,0.33330896336634
13284,0.449902,-1.94874,2812599.66062171,-0.912416143749886,-0.555523964026324
13284,0.483844,-1.94059,2742669.23516974,-0.912416143751904,0.555523964209538
13384,0.517638,-1.93185,2658992.48558064,-0.910462498170363,-0.333308963182687
13384,0.551275,-1.92252,2567335.42130731,-0.915346582366464,0.777752503976962
13484,0.584743,-1.91261,2467961.40144816,-0.909485669429569,-0.111102085165906
13584,0.618034,-1.90211,2369461.4973862,-0.919253778305519,-0.999999999919186
13584,0.651136,-1.89104,2276244.22928214,-0.909485669429928,0.111102085328226
13684,0.68404,-1.87939,2187782.6021012,-0.915346582363942,-0.777752503814258
13684,0.716736,-1.86716,2106929.98725835,-0.910462498171394,0.333308963343945
13784,0.749213,-1.85437,2025580.16062962,-0.912416143750121,-0.555523964050058
13784,0.781462,-1.84101,1941624.48261643,-0.91241614375158,0.555523964183364
13884,0.813473,-1.82709,1842848.5572847,-0.91046249817049,-0.333308963212306
13884,0.845237,-1.81262,1735546.30920225,-0.915346582365913,0.777752503943214
13984,0.876742,-1.79759,1599806.05496232,-0.909485669429626,-0.1111020852007
14084,0.907981,-1.78201,1460147.37004012,-0.919253778306215,-0.999999999954254
14084,0.938943,-1.7659,1286546.64497038,-0.909485669429858,0.111102085292581
14184,0.969619,-1.74924,1112197.91563285,-0.915346582364524,-0.777752503850263
14184,1,-1.73205,922329.426861718,-0.910462498171194,0.333308963308465
14284,1.03008,-1.71433,739512.355891594,-0.91241614375052,-0.55552396408445
14284,1.05984,-1.6961,565453.634851292,-0.912416143751235,0.55552396415093
14384,1.08928,-1.67734,423114.691232899,-0.910462498170724,-0.333308963242461
14384,1.11839,-1.65808,302422.099038194,-0.915346582365498,0.777752503915531
14484,1.14715,-1.6383,233158.876432054,-0.909485669429676,-0.111102085228531
14584,1.17557,-1.61803,176990.935517129,-0.919253778306762,-0.999999999982903
14584,1.20363,-1.59727,174387.981182814,-0.909485669429825,0.1111020852655
14684,1.23132,-1.57602,178776.126480558,-0.91534658236492,-0.777752503876537
14684,1.25864,-1.55429,212620.662088305,-0.910462498170955,0.333308963280004
14784,1.28558,-1.53209,244748.898391533,-0.912416143750819,-0.555523964114867
14784,1.31212,-1.50942,274700.291812913,-0.912416143750872,0.555523964118932
14884,1.33826,-1.48629,276430.394456069,-0.910462498170903,-0.333308963276861
14884,1.364,-1.46271,259391.762766755,-0.915346582364901,0.777752503878194
14984,1.38932,-1.43868,201531.670384646,-0.909485669429939,-0.111102085257194
14984,1.41421,-1.41421,134024.807235718,-0.919253778307102,0.999999999999985
5850,1.43868,-1.38932,15346.7626533469,0.909485669429985,-0.111102085260202
5849,1.46271,-1.364,-112404.480215372,0.915346582364833,0.777752503871339
5849,1.48629,-1.33826,-280145.662656625,0.910462498171102,-0.333308963290407
5848,1.50942,-1.31212,-458736.743945877,0.91241614375073,0.555523964099018
5848,1.53209,-1.28558,-654250.996223428,0.912416143751186,-0.555523964140576
5847,1.55429,-1.25864,-857786.289090968,0.91046249817085,0.333308963247604
5847,1.57602,-1.23132,-1066683.00849347,0.91534658236556,-0.777752503916265
5846,1.59727,-1.20363,-1274278.37273172,0.909485669429786,0.111102085221649
5845,1.61803,-1.17557,-1482162.44018478,0.919253778306525,0.999999999969829
5845,1.6383,-1.14715,-1678221.75254468,0.909485669429914,-0.11110208528211
5844,1.65808,-1.11839,-1874612.16926968,0.915346582364627,0.777752503855747
5844,1.67734,-1.08928,-2068551.77565106,0.910462498171258,-0.333308963307527
5843,1.6961,-1.05984,-2260194.21180169,0.912416143750537,0.555523964080912
5843,1.71433,-1.03008,-2447626.43727215,0.912416143751378,-0.555523964158821
5842,1.73205,-1,-2628013.42790778,0.910462498170701,0.333308963230334
5842,1.74924,-0.969619,-2804159.23766191,0.915346582365767,-0.777752503931841
5841,1.7659,-0.938943,-2987284.95919208,0.909485669429766,0.111102085205045
5840,1.78201,-0.907981,-3173247.60385176,0.919253778306158,0.99999999995149
5840,1.79759,-0.876742,-3369275.74129637,0.909485669429983,-0.111102085301555
5839,1.81262,-0.845237,-3563601.02488865,0.915346582364319,0.777752503835052
5839,1.82709,-0.813473,-3746513.66393062,0.910462498171384,-0.333308963330046
5838,1.84101,-0.781462,-3921939.32999223,0.912416143750258,0.555523964056995
5838,1.85437,-0.749213,-4085327.81966602,0.91241614375167,-0.555523964183538
5837,1.86716,-0.716736,-4238499.24900649,0.91046249817059,0.333308963203332
5837,1.87939,-0.68404,-4385454.34439731,0.915346582366259,-0.777752503962114
5836,1.89104,-0.651136,-4509532.49435103,0.909485669429712,0.11110208517308
5835,1.90211,-0.618034,-4629501.20334433,0.919253778305505,0.999999999918216
5835,1.91261,-0.584743,-4718599.04827695,0.909485669430072,-0.111102085335106
5834,1.92252,-0.551275,-4807188.34706879,0.915346582363824,0.777752503801191
5834,1.93185,-0.517638,-4886122.44693966,0.910462498171638,-0.333308963364257
5833,1.94059,-0.483844,-4965666.85484058,0.912416143749874,0.555523964021932
5833,1.94874,-0.449902,-5044628.72299233,0.91241614375206,-0.555523964220175
5832,1.9563,-0.415823,-5116574.6399005,0.910462498170272,0.333308963168192
5832,1.96325,-0.381618,-5185112.30350479,0.915346582366721,-0.777752503993719
5831,1.96962,-0.347296,-5234761.85796242,0.909485669429573,0.111102085145735
5830,1.97538,-0.312869,-5282808.65050638,0.919253778305019,0.999999999895301
5830,1.98054,-0.278346,-5310099.17796123,0.909485669430095,-0.11110208535852
5829,1.98509,-0.243739,-5338521.01213152,0.915346582363408,0.777752503777643
5829,1.98904,-0.209057,-5358067.43898334,0.910462498171767,-0.333308963386425
5828,1.99239,-0.174311,-5376220.79264654,0.91241614374965,0.555523964001481
5828,1.99513,-0.139513,-5389921.33523622,0.912416143752221,-0.555523964238393
5827,1.99726,-0.104672,-5396377.73158968,0.910462498170182,0.333308963148836
5827,1.99878,-0.069799,-5399729.72775893,0.915346582367075,-0.777752504016468
5826,1.9997,-0.0349048,-5387522.14009022,0.909485669429527,0.111102085121839
