origElemNum,globCoord-x,globCoord-y,acouIntensity-x,acouIntensity-y,locCoord-xi,locCoord-eta
5825,2,-2.20442e-18,-231093.956673192,-113209.14857198,0.919253778304535,0.999999999870795
5825,1.9997,0.0349048,-222541.9421152,-112321.487508985,0.909485669430051,-0.11110208537854
5824,1.99878,0.069799,-213522.245774508,-123435.890129754,0.915346582363134,0.7777525037628
5824,1.99726,0.104672,-204227.487032935,-121829.158300832,0.910462498171695,-0.333308963393583
5823,1.99513,0.139513,-193886.587674966,-133257.343683973,0.912416143749585,0.555523964001403
5823,1.99239,0.174311,-184050.301478653,-130682.146502443,0.912416143752112,-0.555523964232293
5822,1.98904,0.209057,-173178.063643112,-139298.758763644,0.910462498170195,0.33330896316169
5822,1.98509,0.243739,-163577.005930471,-135796.869856,0.915346582366752,-0.777752503996411
5821,1.98054,0.278346,-152239.117923784,-144382.37958657,0.909485669429537,0.111102085145532
5820,1.97538,0.312869,-140467.573377463,-154274.958666351,0.91925377830504,0.999999999897275
5820,1.96962,0.347296,-130532.861520394,-148819.444216509,0.909485669429959,-0.111102085350008
5819,1.96325,0.381618,-118448.403903235,-156555.163608879,0.915346582363608,0.777752503792493
5819,1.9563,0.415823,-109311.602449198,-150664.986444058,0.910462498171543,-0.333308963366333
5818,1.94874,0.449902,-97209.6131668309,-159189.726176536,0.912416143749872,0.555523964026318
5818,1.94059,0.483844,-88662.6047239553,-152774.52218218,0.912416143751876,-0.555523964209557
5817,1.93185,0.517638,-76481.6704966686,-159987.3447487,0.910462498170338,0.333308963182653
5817,1.92252,0.551275,-68296.8009780827,-152030.32218564,0.915346582366455,-0.777752503976955
5816,1.91261,0.584743,-57253.5343754955,-157281.308276121,0.909485669429567,0.111102085165898
5815,1.90211,0.618034,-45762.5769817178,-164188.634288239,0.919253778305533,0.999999999919169
5815,1.89104,0.651136,-39530.0323841704,-156116.804610614,0.909485669429933,-0.111102085328256
5814,1.87939,0.68404,-28269.6719194076,-162839.482798781,0.915346582363941,0.777752503814277
5814,1.86716,0.716736,-22829.1190235559,-153385.621533204,0.910462498171402,-0.333308963343933
5813,1.85437,0.749213,-12188.2022461059,-159246.015365346,0.912416143750119,0.555523964050056
5813,1.84101,0.781462,-8125.11502290674,-150963.150863102,0.912416143751575,-0.555523964183394
5812,1.82709,0.813473,1472.18167405982,-155991.871113653,0.910462498170486,0.333308963212263
5812,1.81262,0.845237,4086.55272012722,-145577.638570506,0.915346582365915,-0.777752503943209
5811,1.79759,0.876742,11794.1457922116,-147562.188635884,0.909485669429635,0.111102085200681
5810,1.78201,0.907981,19326.3299293511,-149016.920941758,0.919253778306195,0.999999999954235
5810,1.7659,0.938943,19778.5663652803,-139059.42850084,0.909485669429844,-0.111102085292603
5809,1.74924,0.969619,26456.7003341722,-141003.262902224,0.915346582364538,0.777752503850291
5809,1.73205,1,26003.5288480588,-130766.90155242,0.910462498171199,-0.333308963308445
5808,1.71433,1.03008,31831.3554314978,-132521.259688193,0.912416143750526,0.555523964084446
5808,1.6961,1.05984,30470.0509036624,-123789.177363617,0.912416143751246,-0.555523964150953
5807,1.67734,1.08928,34652.0195912458,-123879.932378043,0.910462498170725,0.333308963242434
5807,1.65808,1.11839,31408.4344697082,-112245.495866217,0.915346582365508,-0.777752503915519
5806,1.6383,1.14715,33005.0114008977,-108542.527071991,0.909485669429676,0.11110208522853
5805,1.61803,1.17557,33643.0011136884,-102964.501073085,0.919253778306765,0.999999999982884
5805,1.59727,1.20363,29077.6177871667,-91303.022806189,0.909485669429817,-0.111102085265541
5804,1.57602,1.23132,28784.6362859816,-85168.8401152553,0.9153465823649,0.777752503876539
5804,1.55429,1.25864,24505.5705852856,-74916.9862919952,0.910462498170939,-0.333308963279996
5803,1.53209,1.28558,23560.013898105,-68499.0885340134,0.912416143750815,0.555523964114853
5803,1.50942,1.31212,18925.1903683819,-57387.7108726497,0.91241614375085,-0.555523964118972
5802,1.48629,1.33826,15721.1380490442,-46381.5008273107,0.910462498170897,0.333308963276791
5802,1.46271,1.364,9875.79561105218,-30848.9073350864,0.915346582364929,-0.77775250387822
5801,1.43868,1.38932,4841.09635693469,-15122.666575406,0.909485669429954,0.111102085257182
5801,1.41421,1.41421,-754.07896992722,2545.05015694794,0.919253778307104,-0.999999999999994
850,1.38932,1.43868,-5612.5773834794,19534.8974378933,0.909485669429991,-0.111102085260227
849,1.364,1.46271,-10268.5880687168,37624.3109872357,0.915346582364834,0.777752503871359
849,1.33826,1.48629,-13066.0969936453,54576.3909082091,0.910462498171096,-0.333308963290402
848,1.31212,1.50942,-15453.1251170441,73653.2393973141,0.912416143750729,0.555523964099008
848,1.28558,1.53209,-17191.0406206108,95216.3421951535,0.912416143751184,-0.555523964140596
847,1.25864,1.55429,-16515.3313767025,116734.596611767,0.910462498170846,0.333308963247574
847,1.23132,1.57602,-17583.6619993685,141265.583080141,0.915346582365554,-0.777752503916259
846,1.20363,1.59727,-14617.5139970622,157824.374930951,0.90948566942978,0.111102085221654
845,1.17557,1.61803,-11927.6509155803,173518.187886065,0.919253778306528,0.999999999969813
845,1.14715,1.6383,-14563.4961072372,188077.809432501,0.909485669429915,-0.111102085282135
844,1.11839,1.65808,-14577.1827715366,201246.81844978,0.915346582364625,0.777752503855763
844,1.08928,1.67734,-17124.8261862535,218919.614992865,0.910462498171253,-0.333308963307521
843,1.05984,1.6961,-17456.5920025267,236632.891102003,0.912416143750542,0.555523964080906
843,1.03008,1.71433,-19887.0212020055,258057.880266723,0.912416143751377,-0.555523964158847
842,1,1.73205,-19768.351452071,276474.993051044,0.910462498170698,0.333308963230309
842,0.969619,1.74924,-21756.4722915165,295226.191558662,0.915346582365766,-0.777752503931825
841,0.938943,1.7659,-21003.0231475484,310773.017719604,0.909485669429764,0.111102085205048
840,0.907981,1.78201,-19447.8614370022,325710.012030254,0.919253778306164,0.99999999995148
840,0.876742,1.79759,-21150.5379817948,347000.790857583,0.909485669429979,-0.11110208530158
839,0.845237,1.81262,-17894.1861207535,366622.598014389,0.91534658236432,0.777752503835068
839,0.813473,1.82709,-19567.1305105982,390735.033213057,0.91046249817139,-0.33330896333004
838,0.781462,1.84101,-15377.4177326545,410617.382309741,0.912416143750255,0.555523964056983
838,0.749213,1.85437,-16764.8121126733,430282.781692296,0.912416143751674,-0.555523964183563
837,0.716736,1.86716,-11339.4172291656,444899.023112603,0.910462498170584,0.333308963203304
837,0.68404,1.87939,-12609.5147473362,460636.740019435,0.915346582366261,-0.777752503962098
836,0.651136,1.89104,-5654.79999259445,475863.968243163,0.909485669429719,0.111102085173086
835,0.618034,1.90211,3126.70782532898,491465.422093003,0.919253778305509,0.999999999918205
835,0.584743,1.91261,2437.50111179628,504976.570982293,0.909485669430073,-0.111102085335132
834,0.551275,1.92252,11473.0230948464,515511.541766853,0.915346582363819,0.777752503801204
834,0.517638,1.93185,10994.4887964946,527649.354788948,0.910462498171637,-0.333308963364254
833,0.483844,1.94059,19650.3288357987,536787.61373974,0.912416143749877,0.55552396402192
833,0.449902,1.94874,19362.0668624681,547161.027482958,0.91241614375206,-0.555523964220202
832,0.415823,1.9563,31343.8882325936,553020.04840927,0.910462498170279,0.333308963168166
832,0.381618,1.96325,31276.5743368626,560482.027359328,0.915346582366717,-0.777752503993703
831,0.347296,1.96962,42218.0717681443,563612.462394558,0.909485669429573,0.111102085145737
830,0.312869,1.97538,52330.2539586781,566855.155124329,0.919253778305012,0.99999999989529
830,0.278346,1.98054,51901.4167716526,563940.175955831,0.909485669430091,-0.111102085358547
829,0.243739,1.98509,63885.4527793517,559708.418550924,0.915346582363415,0.77775250377766
829,0.209057,1.98904,63609.2657461858,557077.35412077,0.910462498171767,-0.333308963386422
828,0.174311,1.99239,74464.9458073873,552467.934065534,0.912416143749651,0.55552396400147
828,0.139513,1.99513,73949.2372968875,547420.811539911,0.912416143752224,-0.555523964238419
827,0.104672,1.99726,83063.0312472395,538583.211269833,0.910462498170184,0.33330896314881
827,0.069799,1.99878,81764.0864702545,528404.388620872,0.915346582367074,-0.777752504016452
826,0.0349048,1.9997,91257.9666557798,519893.129349735,0.909485669429527,0.111102085121841
825,1.27747e-16,2,100688.187825484,512385.071703829,0.919253778304535,0.999999999870799
825,-0.0349048,1.9997,99077.0238947199,502254.215987763,0.909485669430051,-0.111102085378537
824,-0.069799,1.99878,106817.426724508,491763.712848528,0.915346582363134,0.777752503762801
824,-0.104672,1.99726,104131.268757636,477664.853492497,0.910462498171695,-0.333308963393583
823,-0.139513,1.99513,111162.116792439,464862.498171944,0.912416143749585,0.555523964001401
823,-0.174311,1.99239,108599.222662316,452370.73308181,0.912416143752112,-0.555523964232297
822,-0.209057,1.98904,115608.783601672,439044.307637464,0.910462498170195,0.333308963161685
822,-0.243739,1.98509,111965.091861333,423622.019483783,0.915346582366744,-0.777752503996403
821,-0.278346,1.98054,116200.43606487,406304.076725042,0.909485669429538,0.111102085145537
820,-0.312869,1.97538,119999.937219814,388619.304005942,0.919253778305041,0.999999999897278
820,-0.347296,1.96962,114765.882287282,369943.226705927,0.90948566942996,-0.111102085350006
819,-0.381618,1.96325,118599.511125886,352700.589040495,0.915346582363608,0.777752503792493
819,-0.415823,1.9563,112050.259476066,331884.357613011,0.910462498171543,-0.333308963366333
818,-0.449902,1.94874,112966.453057164,312682.460227966,0.912416143749872,0.555523964026316
818,-0.483844,1.94059,105574.974325162,291467.039720888,0.912416143751875,-0.555523964209561
817,-0.517638,1.93185,105807.609905862,273771.24667892,0.910462498170336,0.333308963182646
817,-0.551275,1.92252,98855.210208859,255261.446578584,0.915346582366457,-0.777752503976948
816,-0.584743,1.91261,98500.3749957819,237953.580768175,0.909485669429562,0.111102085165907
815,-0.618034,1.90211,96616.4843703346,220185.088527494,0.919253778305526,0.999999999919175
815,-0.651136,1.89104,88575.2556437345,202144.362901305,0.909485669429935,-0.111102085328253
814,-0.68404,1.87939,86044.8757256568,186364.216250542,0.915346582363941,0.777752503814277
814,-0.716736,1.86716,78585.7578244977,170296.129919726,0.910462498171402,-0.333308963343933
813,-0.749213,1.85437,74620.070399701,153638.127257143,0.912416143750117,0.555523964050053
813,-0.781462,1.84101,63796.1782216517,131382.440211219,0.912416143751584,-0.555523964183396
812,-0.813473,1.82709,56055.5805860484,110171.319226934,0.910462498170484,0.33330896321226
812,-0.845237,1.81262,44336.7397393323,87023.883546288,0.91534658236591,-0.7777525039432
811,-0.876742,1.79759,36859.3073858412,69285.3642915078,0.909485669429639,0.111102085200672
810,-0.907981,1.78201,28921.8019364081,52137.5564219189,0.919253778306197,0.999999999954239
810,-0.938943,1.7659,20188.5500635616,36206.7143961588,0.909485669429848,-0.111102085292613
809,-0.969619,1.74924,12103.257742521,20733.0546303262,0.915346582364533,0.777752503850298
809,-1,1.73205,3301.34103645057,5611.99397525122,0.910462498171205,-0.333308963308436
808,-1.03008,1.71433,-5797.88610768266,-9427.90304491225,0.912416143750522,0.55552396408444
808,-1.05984,1.6961,-14943.4188323449,-24066.2658055991,0.912416143751243,-0.555523964150944
807,-1.08928,1.67734,-25607.0475163192,-39604.9971243742,0.910462498170733,0.33330896324243
807,-1.11839,1.65808,-35976.9186851608,-54806.5582115717,0.915346582365511,-0.777752503915504
806,-1.14715,1.6383,-50243.864745992,-73266.6077124019,0.909485669429678,0.11110208522852
805,-1.17557,1.61803,-66522.865683348,-93012.2238545024,0.91925377830677,0.999999999982889
805,-1.20363,1.59727,-81553.5849844221,-110863.925539083,0.909485669429819,-0.111102085265551
804,-1.23132,1.57602,-99901.0736058475,-130036.684683477,0.915346582364893,0.777752503876544
804,-1.25864,1.55429,-112305.163325647,-141693.209275733,0.910462498170937,-0.333308963279986
803,-1.28558,1.53209,-127264.860412029,-153979.505981741,0.912416143750809,0.555523964114847
803,-1.31212,1.50942,-137404.369504283,-160435.366312798,0.912416143750849,-0.555523964118962
802,-1.33826,1.48629,-151863.783875389,-169635.75206396,0.910462498170897,0.333308963276791
802,-1.364,1.46271,-165073.566787608,-176643.864537935,0.915346582364928,-0.77775250387821
801,-1.38932,1.43868,-184861.339264172,-188371.028411523,0.909485669429954,0.111102085257172
801,-1.41421,1.41421,-204555.645225925,-198508.503398076,0.919253778307104,-0.999999999999994
15850,-1.43868,1.38932,-227916.967479595,-210357.864446122,0.909485669429991,-0.111102085260237
15849,-1.46271,1.364,-250129.022798538,-219365.235284999,0.915346582364828,0.777752503871364
15849,-1.48629,1.33826,-272906.314956127,-227619.276444279,0.910462498171103,-0.333308963290387
15848,-1.50942,1.31212,-293934.475821987,-232132.195868002,0.912416143750729,0.555523964099008
15848,-1.53209,1.28558,-319559.076635286,-240005.727850046,0.912416143751185,-0.555523964140586
15847,-1.55429,1.25864,-343303.32645311,-243233.257483142,0.910462498170851,0.333308963247569
15847,-1.57602,1.23132,-373958.402698044,-252425.469680767,0.915346582365555,-0.777752503916249
15846,-1.59727,1.20363,-400492.148157545,-254711.592326841,0.909485669429784,0.111102085221639
15845,-1.61803,1.17557,-426829.383758178,-254132.085556249,0.919253778306531,0.999999999969823
15845,-1.6383,1.14715,-463684.270361656,-265416.415567384,0.909485669429917,-0.111102085282151
15844,-1.65808,1.11839,-493516.336018922,-263223.116514025,0.915346582364627,0.777752503855772
15844,-1.67734,1.08928,-537571.871296732,-276566.478372085,0.910462498171251,-0.333308963307506
15843,-1.6961,1.05984,-571314.347169522,-270577.71953445,0.912416143750542,0.555523964080906
15843,-1.71433,1.03008,-618083.327739728,-281929.757805218,0.912416143751375,-0.555523964158831
15842,-1.73205,1,-652248.780661613,-269107.403836026,0.910462498170697,0.333308963230296
15842,-1.74924,0.969619,-700916.50801567,-277778.546730053,0.915346582365764,-0.777752503931822
15841,-1.7659,0.938943,-738879.552518627,-262993.889776956,0.909485669429762,0.111102085205035
15840,-1.78201,0.907981,-778873.719382848,-246564.655333687,0.919253778306162,0.999999999951483
15840,-1.79759,0.876742,-825280.351752944,-253158.517812186,0.909485669429984,-0.111102085301589
15839,-1.81262,0.845237,-857731.04236181,-231681.456687038,0.915346582364318,0.777752503835071
15839,-1.82709,0.813473,-894827.365692979,-235577.873818725,0.910462498171391,-0.333308963330024
15838,-1.84101,0.781462,-918705.744784025,-212785.56388853,0.912416143750253,0.555523964056986
15838,-1.85437,0.749213,-950677.541371468,-215806.830804249,0.912416143751674,-0.555523964183544
15837,-1.86716,0.716736,-972790.285639468,-191586.306868813,0.910462498170589,0.333308963203294
15837,-1.87939,0.68404,-1006291.88656219,-194107.160980799,0.915346582366259,-0.777752503962095
15836,-1.89104,0.651136,-1036167.6122349,-165137.916440392,0.909485669429715,0.111102085173074
15835,-1.90211,0.618034,-1068692.40335242,-132824.2918081,0.919253778305508,0.999999999918209
15835,-1.91261,0.584743,-1121347.83721506,-134333.141060083,0.909485669430068,-0.111102085335144
15834,-1.92252,0.551275,-1164720.02722988,-98069.0992883565,0.915346582363818,0.777752503801208
15834,-1.93185,0.517638,-1221096.13717645,-97354.5741363546,0.910462498171639,-0.333308963364235
15833,-1.94059,0.483844,-1264547.38957818,-55990.8635091684,0.912416143749876,0.555523964021923
15833,-1.94874,0.449902,-1313292.67890185,-54005.0386137696,0.912416143752063,-0.555523964220183
15832,-1.9563,0.415823,-1339594.33256701,-13607.6315782764,0.910462498170272,0.333308963168156
15832,-1.96325,0.381618,-1365174.70870426,-12038.5305070711,0.915346582366716,-0.7777525039937
15831,-1.96962,0.347296,-1375527.02751623,20108.4104276667,0.909485669429575,0.111102085145728
15830,-1.97538,0.312869,-1384450.12312932,52937.6779412751,0.91925377830502,0.999999999895294
15830,-1.98054,0.278346,-1415654.44447244,54801.5749969671,0.909485669430092,-0.111102085358556
15829,-1.98509,0.243739,-1444078.68620663,102338.593884189,0.915346582363415,0.777752503777664
15829,-1.98904,0.209057,-1488900.62591607,106004.905777596,0.910462498171765,-0.333308963386404
15828,-1.99239,0.174311,-1522895.0046649,152640.898439998,0.912416143749651,0.555523964001473
15828,-1.99513,0.139513,-1550129.00241479,155095.58788612,0.912416143752222,-0.5555239642384
15827,-1.99726,0.104672,-1563193.95813502,180891.69257284,0.910462498170184,0.3333089631488
15827,-1.99878,0.069799,-1569374.9780331,181164.185093702,0.915346582367074,-0.777752504016448
15826,-1.9997,0.0349048,-1585872.85438975,210427.300639079,0.909485669429527,0.111102085121831
15825,-2,2.46315e-16,-1606440.00913794,254966.952015618,0.919253778304535,0.999999999870803
15825,-1.9997,-0.0349048,-1644776.74116254,258135.536543077,0.909485669430051,-0.111102085378547
15824,-1.99878,-0.069799,-1679111.79024915,289546.377821067,0.915346582363134,0.777752503762804
15824,-1.99726,-0.104672,-1689460.11858935,288422.459122876,0.910462498171696,-0.333308963393566
15823,-1.99513,-0.139513,-1686288.6437896,292314.8048866,0.912416143749586,0.555523964001405
15823,-1.99239,-0.174311,-1661462.34000668,287020.599625974,0.912416143752114,-0.555523964232279
15822,-1.98904,-0.209057,-1636130.96176889,287655.046185,0.910462498170195,0.333308963161688
15822,-1.98509,-0.243739,-1609514.30899382,281946.36833532,0.915346582366744,-0.7777525039964
15821,-1.98054,-0.278346,-1567616.2167596,270757.648989389,0.909485669429545,0.111102085145526
15820,-1.97538,-0.312869,-1518496.52186661,237751.918518497,0.919253778305042,0.999999999897283
15820,-1.96962,-0.347296,-1445452.36209852,227432.840760519,0.909485669429957,-0.111102085350017
15819,-1.96325,-0.381618,-1370246.58433027,195583.587531505,0.915346582363609,0.777752503792499
15819,-1.9563,-0.415823,-1306342.42087758,187063.051405156,0.910462498171549,-0.333308963366345
15818,-1.94874,-0.449902,-1241151.78512846,164267.728079821,0.912416143749872,0.555523964026319
15818,-1.94059,-0.483844,-1181743.98818744,155864.254885335,0.91241614375188,-0.555523964209544
15817,-1.93185,-0.517638,-1118279.04887288,129897.312554304,0.910462498170337,0.33330896318265
15817,-1.92252,-0.551275,-1059921.40904129,122634.277152333,0.915346582366458,-0.777752503976945
15816,-1.91261,-0.584743,-1011226.12780878,104151.410007968,0.909485669429567,0.111102085165898
15815,-1.90211,-0.618034,-966746.095044473,90438.9302485795,0.919253778305528,0.999999999919178
15815,-1.89104,-0.651136,-912538.074837799,83724.41456965,0.90948566942994,-0.111102085328262
15814,-1.87939,-0.68404,-851865.35545408,64818.5008620999,0.915346582363942,0.77775250381428
15814,-1.86716,-0.716736,-788717.285465338,58949.3510701535,0.910462498171397,-0.333308963343943
15813,-1.85437,-0.749213,-725445.113205843,43454.1262624286,0.912416143750119,0.555523964050056
15813,-1.84101,-0.781462,-672396.874725876,39211.7441004905,0.912416143751582,-0.555523964183381
15812,-1.82709,-0.813473,-613202.628506154,27079.4698101376,0.910462498170486,0.333308963212263
15812,-1.81262,-0.845237,-555762.151807425,23705.0280347947,0.915346582365912,-0.777752503943197
15811,-1.79759,-0.876742,-504587.367727678,14739.3235298947,0.909485669429641,0.111102085200675
15810,-1.78201,-0.907981,-456937.907860013,10008.8027606731,0.919253778306197,0.999999999954239
15810,-1.7659,-0.938943,-417527.543996019,7767.63041700411,0.90948566942985,-0.11110208529261
15809,-1.74924,-0.969619,-377223.429761339,4562.23631756696,0.915346582364535,0.777752503850301
15809,-1.73205,-1,-338960.819473707,2869.92800598214,0.9104624981712,-0.333308963308458
15808,-1.71433,-1.03008,-303076.867791023,855.276819248022,0.912416143750526,0.555523964084446
15808,-1.6961,-1.05984,-271932.481433379,-498.208363405573,0.912416143751243,-0.555523964150944
15807,-1.67734,-1.08928,-234205.887211107,-2493.3983252872,0.910462498170725,0.333308963242434
15807,-1.65808,-1.11839,-192789.769990167,-2979.77734348901,0.915346582365503,-0.7777525039155
15806,-1.6383,-1.14715,-144164.702102952,-4003.49350403573,0.90948566942967,0.111102085228524
15805,-1.61803,-1.17557,-93351.9371504979,-3784.06187891223,0.919253778306763,0.999999999982893
15805,-1.59727,-1.20363,-27484.3251752165,-1312.213240459,0.909485669429812,-0.111102085265547
15804,-1.57602,-1.23132,37983.4068735683,2341.13968747567,0.915346582364898,0.777752503876549
15804,-1.55429,-1.25864,97835.9840342273,6827.86012552553,0.910462498170935,-0.333308963280012
15803,-1.53209,-1.28558,152422.620260115,12207.0262980278,0.912416143750815,0.555523964114853
15803,-1.50942,-1.31212,198580.878888672,17843.6829642163,0.912416143750855,-0.555523964118957
15802,-1.48629,-1.33826,241597.029635036,23312.7010026707,0.910462498170897,0.333308963276791
15802,-1.46271,-1.364,281742.919310334,30233.7656048534,0.915346582364928,-0.77775250387821
15801,-1.43868,-1.38932,324448.394468589,34868.0948996076,0.909485669429954,0.111102085257172
15801,-1.41421,-1.41421,365030.056884918,43634.7411243122,0.919253778307098,-0.999999999999989
10084,-1.38932,-1.43868,405494.880617354,57307.8522594842,-0.909485669429983,0.111102085260242
10184,-1.364,-1.46271,430753.663214533,85083.8435413396,-0.915346582364814,-0.777752503871363
10184,-1.33826,-1.48629,465452.629736413,96479.0097071013,-0.910462498171062,0.333308963290425
10284,-1.31212,-1.50942,471769.910605057,133487.206720466,-0.912416143750702,-0.555523964098991
10284,-1.28558,-1.53209,505615.840201417,146109.81478463,-0.912416143751175,0.55552396414059
10384,-1.25864,-1.55429,408360.51779557,248293.079576331,-0.910462498170858,-0.333308963247603
10384,-1.23132,-1.57602,413428.259322761,252891.083925053,-0.915346582365569,0.777752503916277
10484,-1.20363,-1.59727,159504.787054091,460457.758472541,-0.909485669429755,-0.111102085221656
10584,-1.17557,-1.61803,33.7590386133738,587137.512368375,-0.919253778306467,-0.999999999969833
10584,-1.14715,-1.6383,-4831.86451514119,627063.439423074,-0.909485669429891,0.111102085282108
10684,-1.11839,-1.65808,4305.99066118586,653553.70402318,-0.915346582364624,-0.777752503855743
10684,-1.08928,-1.67734,89.7348888626132,678511.037630721,-0.910462498171255,0.333308963307532
10784,-1.05984,-1.6961,8030.01866783631,691626.090232459,-0.912416143750544,-0.555523964080908
10784,-1.03008,-1.71433,4416.62561112122,706562.240620623,-0.912416143751393,0.555523964158839
10884,-1,-1.73205,10460.4445837071,713094.621167082,-0.910462498170715,-0.333308963230315
10884,-0.969619,-1.74924,6832.19445066738,723534.008355829,-0.915346582365772,0.777752503931858
10984,-0.938943,-1.7659,13165.5802852304,736779.823310358,-0.909485669429763,-0.111102085205032
11084,-0.907981,-1.78201,22344.1270120452,750625.173467624,-0.919253778306154,-0.99999999995149
11084,-0.876742,-1.79759,18876.2987496714,769205.594530213,-0.909485669429981,0.111102085301552
11184,-0.845237,-1.81262,26132.2509974295,780313.171307129,-0.915346582364332,-0.777752503835052
11184,-0.813473,-1.82709,21809.7160670884,788877.292034877,-0.910462498171421,0.333308963330044
11284,-0.781462,-1.84101,25467.2746547251,793188.616801079,-0.912416143750289,-0.555523964056998
11284,-0.749213,-1.85437,21106.3673741032,799992.43919311,-0.912416143751684,0.555523964183542
11384,-0.716736,-1.86716,21694.6902857612,797157.270809294,-0.910462498170579,-0.333308963203316
11384,-0.68404,-1.87939,17200.8364580235,791475.904293226,-0.915346582366256,0.777752503962127
11484,-0.651136,-1.89104,14142.4113551806,775665.166294936,-0.9094856694297,-0.111102085173069
11584,-0.618034,-1.90211,9002.00249617571,758781.98383977,-0.919253778305473,-0.9999999999182
11584,-0.584743,-1.91261,5684.70127507092,745225.118382814,-0.909485669430035,0.111102085335111
11684,-0.551275,-1.92252,1591.23773082399,732821.312209948,-0.915346582363772,-0.777752503801188
11684,-0.517638,-1.93185,-1193.32502450289,721418.808413061,-0.910462498171642,0.333308963364261
11784,-0.483844,-1.94059,-7440.87227028117,707814.120968722,-0.912416143749915,-0.555523964021929
11784,-0.449902,-1.94874,-11536.1550496496,688681.923354617,-0.912416143752077,0.555523964220183
11884,-0.415823,-1.9563,-6129.80187766482,684329.300105523,-0.910462498170266,-0.33330896316818
11884,-0.381618,-1.96325,-5523.58699730695,692544.442580698,-0.915346582366712,0.777752503993725
11984,-0.347296,-1.96962,-28610.0617686673,726120.570277883,-0.909485669429565,-0.111102085145729
12084,-0.312869,-1.97538,-107483.093029152,772921.480769601,-0.919253778305011,-0.999999999895287
12084,-0.278346,-1.98054,-104511.532971738,776972.058225411,-0.909485669430107,0.111102085358526
12184,-0.243739,-1.98509,-158007.279254704,782039.084555652,-0.915346582363447,-0.777752503777644
12184,-0.209057,-1.98904,-155748.735735694,754898.221336981,-0.910462498171781,0.333308963386432
12284,-0.174311,-1.99239,-179027.564125607,727994.655095678,-0.912416143749663,-0.555523964001473
12284,-0.139513,-1.99513,-173501.406589985,694632.697406927,-0.912416143752267,0.555523964238395
12384,-0.104672,-1.99726,-196208.598641945,664129.627011578,-0.910462498170238,-0.333308963148834
12384,-0.069799,-1.99878,-190273.207117577,632996.412501634,-0.915346582367131,0.777752504016471
12484,-0.0349048,-1.9997,-204043.841731864,595449.553589309,-0.909485669429557,-0.111102085121833
12584,-4.35203e-16,-2,-216303.749361018,556485.310707709,-0.919253778304537,-0.999999999870803
12584,0.0349048,-1.9997,-204464.424802258,519554.113692201,-0.909485669430058,0.111102085378513
12684,0.069799,-1.99878,-212582.388385229,483695.11912447,-0.915346582363139,-0.777752503762792
12684,0.104672,-1.99726,-200454.650995448,450785.22952517,-0.9104624981717,0.333308963393593
12784,0.139513,-1.99513,-203466.117162063,411975.896203848,-0.912416143749591,-0.555523964001403
12784,0.174311,-1.99239,-182629.118357639,366628.666208739,-0.912416143752134,0.555523964232273
12884,0.209057,-1.98904,-178735.105311519,324318.988749987,-0.91046249817019,-0.333308963161724
12884,0.243739,-1.98509,-159859.149455611,287094.381989832,-0.915346582366752,0.777752503996427
12984,0.278346,-1.98054,-156473.788211422,259585.407321845,-0.909485669429543,-0.111102085145531
13084,0.312869,-1.97538,-151286.70343416,235994.914919734,-0.919253778305079,-0.999999999897294
13084,0.347296,-1.96962,-134371.671394687,207955.43793123,-0.909485669429971,0.111102085349981
13184,0.381618,-1.96325,-122514.775615804,179493.585231871,-0.915346582363621,-0.777752503792476
13184,0.415823,-1.9563,-103295.975751604,150246.082940202,-0.910462498171561,0.33330896336634
13284,0.449902,-1.94874,-90398.6078515229,126740.497513843,-0.912416143749886,-0.555523964026324
13284,0.483844,-1.94059,-80991.2139304273,112330.004193032,-0.912416143751904,0.555523964209538
13384,0.517638,-1.93185,-75059.4820483973,103215.042792821,-0.910462498170363,-0.333308963182687
13384,0.551275,-1.92252,-71681.0287403484,97688.650872522,-0.915346582366464,0.777752503976962
13484,0.584743,-1.91261,-61244.5009192037,83143.6811267994,-0.909485669429569,-0.111102085165906
13584,0.618034,-1.90211,-50011.5850583411,66958.60549335,-0.919253778305519,-0.999999999919186
13584,0.651136,-1.89104,-33474.4720676007,44551.9600287599,-0.909485669429928,0.111102085328226
13684,0.68404,-1.87939,-19890.5567922891,26344.4934795287,-0.915346582363942,-0.777752503814258
13684,0.716736,-1.86716,-16179.0106421484,21232.0702462735,-0.910462498171394,0.333308963343945
13784,0.749213,-1.85437,-14632.1497317722,19519.1918784042,-0.912416143750121,-0.555523964050058
13784,0.781462,-1.84101,-16733.3834693599,22140.9446270263,-0.91241614375158,0.555523964183364
13884,0.813473,-1.82709,-13590.8476307804,18611.131790906,-0.91046249817049,-0.333308963212306
13884,0.845237,-1.81262,-8056.24140468016,10978.1937022146,-0.915346582365913,0.777752503943214
13984,0.876742,-1.79759,1745.48207668261,-2472.62710502163,-0.909485669429626,-0.1111020852007
14084,0.907981,-1.78201,11482.9952092142,-17114.1504982753,-0.919253778306215,-0.999999999954254
14084,0.938943,-1.7659,19592.7912640378,-29125.3016204845,-0.909485669429858,0.111102085292581
14184,0.969619,-1.74924,24883.087970578,-39785.2087148975,-0.915346582364524,-0.777752503850263
14184,1,-1.73205,27225.4036572727,-43472.0279718215,-0.910462498171194,0.333308963308465
14284,1.03008,-1.71433,27255.1817413313,-47597.2933973491,-0.91241614375052,-0.55552396408445
14284,1.05984,-1.6961,28546.7466859358,-49917.8244932858,-0.912416143751235,0.55552396415093
14384,1.08928,-1.67734,28343.6217807329,-55209.1806572532,-0.910462498170724,-0.333308963242461
14384,1.11839,-1.65808,30634.7281242462,-59965.2897176478,-0.915346582365498,0.777752503915531
14484,1.14715,-1.6383,31186.3018272685,-69872.318710339,-0.909485669429676,-0.111102085228531
14584,1.17557,-1.61803,30466.078833261,-81095.2506617889,-0.919253778306762,-0.999999999982903
14584,1.20363,-1.59727,35020.6247432517,-94729.8351342496,-0.909485669429825,0.1111020852655
14684,1.23132,-1.57602,33345.210789652,-112357.784930612,-0.91534658236492,-0.777752503876537
14684,1.25864,-1.55429,36385.1950313758,-126727.563913567,-0.910462498170955,0.333308963280004
14784,1.28558,-1.53209,30645.6029603975,-144762.200037437,-0.912416143750819,-0.555523964114867
14784,1.31212,-1.50942,30010.0054400537,-153922.774020703,-0.912416143750872,0.555523964118932
14884,1.33826,-1.48629,18414.4984497762,-165771.182659413,-0.910462498170903,-0.333308963276861
14884,1.364,-1.46271,13948.0593820214,-166493.557004778,-0.915346582364901,0.777752503878194
14984,1.38932,-1.43868,-2126.55221096262,-173833.988844168,-0.909485669429939,-0.111102085257194
14984,1.41421,-1.41421,-9056.03661118379,-170876.281067638,-0.919253778307102,0.999999999999985
5850,1.43868,-1.38932,-28179.5359049416,-178741.145022695,0.909485669429985,-0.111102085260202
5849,1.46271,-1.364,-46265.8911487011,-184410.838427645,0.915346582364833,0.777752503871339
5849,1.48629,-1.33826,-59801.1518499135,-182237.159535123,0.910462498171102,-0.333308963290407
5848,1.50942,-1.31212,-78243.2769329187,-182453.414413022,0.91241614375073,0.555523964099018
5848,1.53209,-1.28558,-94848.3349531422,-176965.482193409,0.912416143751186,-0.555523964140576
5847,1.55429,-1.25864,-110944.425707663,-169746.401544834,0.91046249817085,0.333308963247604
5847,1.57602,-1.23132,-128943.37001378,-163525.208768352,0.91534658236556,-0.777752503916265
5846,1.59727,-1.20363,-141945.68184376,-153675.160234151,0.909485669429786,0.111102085221649
5845,1.61803,-1.17557,-152797.790189355,-139456.427159607,0.919253778306525,0.999999999969829
5845,1.6383,-1.14715,-170279.374706399,-139913.322030013,0.909485669429914,-0.11110208528211
5844,1.65808,-1.11839,-178090.861873485,-125646.261326236,0.915346582364627,0.777752503855747
5844,1.67734,-1.08928,-193712.309146599,-127179.958445134,0.910462498171258,-0.333308963307527
5843,1.6961,-1.05984,-198480.384203991,-112329.246210625,0.912416143750537,0.555523964080912
5843,1.71433,-1.03008,-212688.003925419,-114420.576045909,0.912416143751378,-0.555523964158821
5842,1.73205,-1,-217136.941071884,-100778.438727516,0.910462498170701,0.333308963230334
5842,1.74924,-0.969619,-231063.378096113,-103618.473095466,0.915346582365767,-0.777752503931841
5841,1.7659,-0.938943,-235627.410657254,-91889.6241423313,0.909485669429766,0.111102085205045
5840,1.78201,-0.907981,-240990.455374366,-81048.2343095322,0.919253778306158,0.99999999995149
5840,1.79759,-0.876742,-250920.036090918,-83751.4773859564,0.909485669429983,-0.111102085301555
5839,1.81262,-0.845237,-254158.001244107,-72954.4065031556,0.915346582364319,0.777752503835052
5839,1.82709,-0.813473,-262159.412503964,-75484.6900381513,0.910462498171384,-0.333308963330046
5838,1.84101,-0.781462,-265069.480553001,-66387.1083594137,0.912416143750258,0.555523964056995
5838,1.85437,-0.749213,-273116.387961772,-69487.188753405,0.91241614375167,-0.555523964183538
5837,1.86716,-0.716736,-276696.848390301,-62929.6186368577,0.91046249817059,0.333308963203332
5837,1.87939,-0.68404,-283688.069331727,-66430.0267191711,0.915346582366259,-0.777752503962114
5836,1.89104,-0.651136,-285936.943462732,-61493.7111819876,0.909485669429712,0.11110208517308
5835,1.90211,-0.618034,-288086.48846912,-57320.246860939,0.919253778305505,0.999999999918216
5835,1.91261,-0.584743,-291394.342868074,-60359.5214327484,0.909485669430072,-0.111102085335106
5834,1.92252,-0.551275,-292747.394502082,-58296.5001374777,0.915346582363824,0.777752503801191
5834,1.93185,-0.517638,-294434.130928086,-61193.1994076831,0.910462498171638,-0.333308963364257
5833,1.94059,-0.483844,-294704.06164714,-61250.5379918338,0.912416143749874,0.555523964021932
5833,1.94874,-0.449902,-294757.455279407,-63941.2699982582,0.91241614375206,-0.555523964220175
5832,1.9563,-0.415823,-292862.899405148,-64441.2311919153,0.910462498170272,0.333308963168192
5832,1.96325,-0.381618,-290335.534813372,-66382.2168164438,0.915346582366721,-0.777752503993719
5831,1.96962,-0.347296,-287065.687912819,-67968.6665656517,0.909485669429573,0.111102085145735
5830,1.97538,-0.312869,-283865.008060646,-71450.5563497133,0.919253778305019,0.999999999895301
5830,1.98054,-0.278346,-279700.997664635,-72731.3581250409,0.909485669430095,-0.11110208535852
5829,1.98509,-0.243739,-275664.422217757,-77987.5681644682,0.915346582363408,0.777752503777643
5829,1.98904,-0.209057,-269896.573006295,-78759.5154629525,0.910462498171767,-0.333308963386425
5828,1.99239,-0.174311,-264524.386389272,-84120.8376266977,0.91241614374965,0.555523964001481
5828,1.99513,-0.139513,-258669.162814478,-84660.7216227486,0.912416143752221,-0.555523964238393
5827,1.99726,-0.104672,-252836.595842479,-91912.4853703269,0.910462498170182,0.333308963148836
5827,1.99878,-0.069799,-246304.591565177,-92276.3004876751,0.915346582367075,-0.777752504016468
5826,1.9997,-0.0349048,-238975.942852699,-102552.139247497,0.909485669429527,0.111102085121839
