origElemNum,globCoord-x,globCoord-y,acouIntensity-x,acouIntensity-y,locCoord-xi,locCoord-eta
5825,2,-2.20442e-18,34058.0111539906,-20480.430916104,0.919253778304535,0.999999999870795
5825,1.9997,0.0349048,38037.5961167106,-21986.0596706182,0.909485669430051,-0.11110208537854
5824,1.99878,0.069799,42230.6085981104,-20907.2403472813,0.915346582363134,0.7777525037628
5824,1.99726,0.104672,46319.6641027054,-22042.3812370518,0.910462498171695,-0.333308963393583
5823,1.99513,0.139513,50341.1582843225,-20794.4661673255,0.912416143749585,0.555523964001403
5823,1.99239,0.174311,54375.9491635719,-21646.5361736372,0.912416143752112,-0.555523964232293
5822,1.98904,0.209057,58570.3534167179,-19899.1991428254,0.910462498170195,0.33330896316169
5822,1.98509,0.243739,63438.0216913433,-20736.735123453,0.915346582366752,-0.777752503996411
5821,1.98054,0.278346,68516.8562861006,-18845.8675333,0.909485669429537,0.111102085145532
5820,1.97538,0.312869,74151.8147402453,-17744.4864496562,0.91925377830504,0.999999999897275
5820,1.96962,0.347296,79349.0579088505,-18062.9505323751,0.909485669429959,-0.111102085350008
5819,1.96325,0.381618,84485.5284016804,-16926.6985949547,0.915346582363608,0.777752503792493
5819,1.9563,0.415823,89336.1362579966,-17032.4025341395,0.910462498171543,-0.333308963366333
5818,1.94874,0.449902,94483.7948102912,-15736.9709723836,0.912416143749872,0.555523964026318
5818,1.94059,0.483844,100690.482695847,-15851.1268453931,0.912416143751876,-0.555523964209557
5817,1.93185,0.517638,106676.430877541,-15137.3916104257,0.910462498170338,0.333308963182653
5817,1.92252,0.551275,112968.179331785,-15057.2450115434,0.915346582366455,-0.777752503976955
5816,1.91261,0.584743,117058.020889615,-14732.7181749639,0.909485669429567,0.111102085165898
5815,1.90211,0.618034,121151.7444527,-15270.8806104585,0.919253778305533,0.999999999919169
5815,1.89104,0.651136,125234.867733399,-14924.6969404999,0.909485669429933,-0.111102085328256
5814,1.87939,0.68404,130957.205047822,-17231.7642465497,0.915346582363941,0.777752503814277
5814,1.86716,0.716736,137399.994977022,-17049.1798313853,0.910462498171402,-0.333308963343933
5813,1.85437,0.749213,144473.926001589,-20031.1878234175,0.912416143750119,0.555523964050056
5813,1.84101,0.781462,148997.094436472,-19660.3464295372,0.912416143751575,-0.555523964183394
5812,1.82709,0.813473,154616.2414726,-23382.2808789872,0.910462498170486,0.333308963212263
5812,1.81262,0.845237,158242.245117065,-23316.4390259761,0.915346582365915,-0.777752503943209
5811,1.79759,0.876742,164526.680477836,-30192.6825365641,0.909485669429635,0.111102085200681
5810,1.78201,0.907981,171318.867986086,-37429.1806127566,0.919253778306195,0.999999999954235
5810,1.7659,0.938943,169124.390750692,-37212.61209808,0.909485669429844,-0.111102085292603
5809,1.74924,0.969619,170214.423706812,-42907.4219621557,0.915346582364538,0.777752503850291
5809,1.73205,1,167851.724496126,-43570.9281913857,0.910462498171199,-0.333308963308445
5808,1.71433,1.03008,170717.415835855,-52579.9278739407,0.912416143750526,0.555523964084446
5808,1.6961,1.05984,169782.565613215,-54740.5479116915,0.912416143751246,-0.555523964150953
5807,1.67734,1.08928,172534.963011903,-65720.7531861613,0.910462498170725,0.333308963242434
5807,1.65808,1.11839,168377.659034448,-67584.102923888,0.915346582365508,-0.777752503915519
5806,1.6383,1.14715,172257.413337754,-81330.2317961602,0.909485669429676,0.11110208522853
5805,1.61803,1.17557,178202.730450335,-97269.3036385158,0.919253778306765,0.999999999982884
5805,1.59727,1.20363,173795.703624327,-102431.812812868,0.909485669429817,-0.111102085265541
5804,1.57602,1.23132,176946.504932321,-118324.533065822,0.9153465823649,0.777752503876539
5804,1.55429,1.25864,169522.625827493,-124471.998057956,0.910462498170939,-0.333308963279996
5803,1.53209,1.28558,168672.321058198,-140402.267664625,0.912416143750815,0.555523964114853
5803,1.50942,1.31212,158769.469757506,-148103.531441179,0.91241614375085,-0.555523964118972
5802,1.48629,1.33826,151515.102678068,-161242.071276285,0.910462498170897,0.333308963276791
5802,1.46271,1.364,136935.065956766,-166813.58818986,0.915346582364929,-0.77775250387822
5801,1.43868,1.38932,126937.661447956,-179519.894214771,0.909485669429954,0.111102085257182
5801,1.41421,1.41421,113362.333405826,-188605.573902876,0.919253778307104,-0.999999999999994
850,1.38932,1.43868,102267.773215255,-201721.0187529,0.909485669429991,-0.111102085260227
849,1.364,1.46271,87670.7709986896,-211439.85623191,0.915346582364834,0.777752503871359
849,1.33826,1.48629,75962.4888511626,-225114.582883796,0.910462498171096,-0.333308963290402
848,1.31212,1.50942,56614.0367217605,-229816.210312221,0.912416143750729,0.555523964099008
848,1.28558,1.53209,46113.3160949965,-238358.541388805,0.912416143751184,-0.555523964140596
847,1.25864,1.55429,25897.5069902053,-229231.437401993,0.910462498170846,0.333308963247574
847,1.23132,1.57602,21563.54600205,-226789.312931954,0.915346582365554,-0.777752503916259
846,1.20363,1.59727,7202.65356399939,-211176.520478072,0.90948566942978,0.111102085221654
845,1.17557,1.61803,-1397.09375741037,-199179.644501794,0.919253778306528,0.999999999969813
845,1.14715,1.6383,-3144.59420415492,-194287.68156593,0.909485669429915,-0.111102085282135
844,1.11839,1.65808,-8729.36083251398,-187871.933766066,0.915346582364625,0.777752503855763
844,1.08928,1.67734,-9837.43519911878,-188810.361965337,0.910462498171253,-0.333308963307521
843,1.05984,1.6961,-13314.8475043084,-186699.820191776,0.912416143750542,0.555523964080906
843,1.03008,1.71433,-13916.9791875737,-183860.861334011,0.912416143751377,-0.555523964158847
842,1,1.73205,-16452.9715544591,-177934.651289675,0.910462498170698,0.333308963230309
842,0.969619,1.74924,-16552.1613032078,-172205.970957634,0.915346582365766,-0.777752503931825
841,0.938943,1.7659,-18606.917718112,-160924.660311318,0.909485669429764,0.111102085205048
840,0.907981,1.78201,-19555.6257971566,-149287.063018819,0.919253778306164,0.99999999995148
840,0.876742,1.79759,-19205.2692720916,-143821.897369507,0.909485669429979,-0.11110208530158
839,0.845237,1.81262,-20293.0897456091,-139051.028655428,0.91534658236432,0.777752503835068
839,0.813473,1.82709,-20657.576306884,-139378.68336396,0.91046249817139,-0.33330896333004
838,0.781462,1.84101,-20626.3942249847,-137318.355244694,0.912416143750255,0.555523964056983
838,0.749213,1.85437,-19935.81496415,-131436.832166362,0.912416143751674,-0.555523964183563
837,0.716736,1.86716,-19438.4721733716,-124695.770580437,0.910462498170584,0.333308963203304
837,0.68404,1.87939,-18514.006505794,-117723.953255485,0.915346582366261,-0.777752503962098
836,0.651136,1.89104,-18519.9760046204,-108404.249613924,0.909485669429719,0.111102085173086
835,0.618034,1.90211,-17795.8051829576,-99157.1045669401,0.919253778305509,0.999999999918205
835,0.584743,1.91261,-16604.1701156794,-92170.9667056683,0.909485669430073,-0.111102085335132
834,0.551275,1.92252,-15791.6586127479,-86651.6860921744,0.915346582363819,0.777752503801204
834,0.517638,1.93185,-15683.18184918,-85879.8624177229,0.910462498171637,-0.333308963364254
833,0.483844,1.94059,-15626.4189875658,-84659.8265588668,0.912416143749877,0.55552396402192
833,0.449902,1.94874,-15257.7345639541,-82579.8981892118,0.91241614375206,-0.555523964220202
832,0.415823,1.9563,-15421.5558371965,-79403.0847486281,0.910462498170279,0.333308963168166
832,0.381618,1.96325,-14755.1312008085,-75953.1940243749,0.915346582366717,-0.777752503993703
831,0.347296,1.96962,-15240.1715680649,-73065.2309253802,0.909485669429573,0.111102085145737
830,0.312869,1.97538,-15184.8848457025,-70929.2160744956,0.919253778305012,0.99999999989529
830,0.278346,1.98054,-15291.9833633252,-71489.1131850424,0.909485669430091,-0.111102085358547
829,0.243739,1.98509,-15748.9210338683,-73187.0203301134,0.915346582363415,0.77775250377766
829,0.209057,1.98904,-16712.4869695322,-77742.9363950088,0.910462498171767,-0.333308963386422
828,0.174311,1.99239,-18126.4239054503,-80807.5060885462,0.912416143749651,0.55552396400147
828,0.139513,1.99513,-18261.4902327298,-81484.3743539052,0.912416143752224,-0.555523964238419
827,0.104672,1.99726,-18367.6494235111,-78565.7241300039,0.910462498170184,0.33330896314881
827,0.069799,1.99878,-17169.4331813055,-73527.1284916277,0.915346582367074,-0.777752504016452
826,0.0349048,1.9997,-16945.2995335574,-72386.1376701811,0.909485669429527,0.111102085121841
825,1.27747e-16,2,-16886.220481982,-72673.2919019354,0.919253778304535,0.999999999870799
825,-0.0349048,1.9997,-18081.8763937137,-77863.9974737309,0.909485669430051,-0.111102085378537
824,-0.069799,1.99878,-19342.4118939222,-82167.4213170173,0.915346582363134,0.777752503762801
824,-0.104672,1.99726,-19118.2878199286,-81090.6408580505,0.910462498171695,-0.333308963393583
823,-0.139513,1.99513,-18808.6020634204,-78530.3458533719,0.912416143749585,0.555523964001401
823,-0.174311,1.99239,-17636.762915997,-73423.0189099921,0.912416143752112,-0.555523964232297
822,-0.209057,1.98904,-17310.8397033121,-72761.1953139621,0.910462498170195,0.333308963161685
822,-0.243739,1.98509,-17966.7454044694,-75237.5886515179,0.915346582366744,-0.777752503996403
821,-0.278346,1.98054,-18909.3383374927,-80731.2813040999,0.909485669429538,0.111102085145537
820,-0.312869,1.97538,-20498.2624717478,-87328.388583089,0.919253778305041,0.999999999897278
820,-0.347296,1.96962,-20718.2928766807,-87200.8341758194,0.90948566942996,-0.111102085350006
819,-0.381618,1.96325,-21037.5236725596,-86909.4378008417,0.915346582363608,0.777752503792493
819,-0.415823,1.9563,-20737.7268800284,-84554.1837515016,0.910462498171543,-0.333308963366333
818,-0.449902,1.94874,-20630.5565832467,-84524.6384794482,0.912416143749872,0.555523964026316
818,-0.483844,1.94059,-21705.2907765696,-87935.708768766,0.912416143751875,-0.555523964209561
817,-0.517638,1.93185,-22311.4407350668,-91577.6861359223,0.910462498170336,0.333308963182646
817,-0.551275,1.92252,-23668.0340981155,-95699.9718953243,0.915346582366457,-0.777752503976948
816,-0.584743,1.91261,-24327.3174740493,-95923.2805750938,0.909485669429562,0.111102085165907
815,-0.618034,1.90211,-25319.6877136821,-95555.6190621249,0.919253778305526,0.999999999919175
815,-0.651136,1.89104,-25881.3951330474,-95466.623550402,0.909485669429935,-0.111102085328253
814,-0.68404,1.87939,-26900.5760319514,-96377.3104024811,0.915346582363941,0.777752503814277
814,-0.716736,1.86716,-28548.2496491156,-100150.890861871,0.910462498171402,-0.333308963343933
813,-0.749213,1.85437,-30364.5030989,-103920.23798586,0.912416143750117,0.555523964050053
813,-0.781462,1.84101,-32288.227000266,-107558.234669448,0.912416143751584,-0.555523964183396
812,-0.813473,1.82709,-34969.3302883162,-111225.717841208,0.910462498170484,0.33330896321226
812,-0.845237,1.81262,-37320.185859397,-114540.588099753,0.91534658236591,-0.7777525039432
811,-0.876742,1.79759,-41406.7854411219,-119161.13445876,0.909485669429639,0.111102085200672
810,-0.907981,1.78201,-46550.8329080672,-124405.989568048,0.919253778306197,0.999999999954239
810,-0.938943,1.7659,-49722.3145951442,-126874.675056145,0.909485669429848,-0.111102085292613
809,-0.969619,1.74924,-55639.7394372183,-130381.530543373,0.915346582364533,0.777752503850298
809,-1,1.73205,-58414.3497821346,-130594.955766639,0.910462498171205,-0.333308963308436
808,-1.03008,1.71433,-64476.4777164581,-132703.287906549,0.912416143750522,0.55552396408444
808,-1.05984,1.6961,-67867.98538846,-133157.341256266,0.912416143751243,-0.555523964150944
807,-1.08928,1.67734,-75314.3520522217,-135841.623646408,0.910462498170733,0.33330896324243
807,-1.11839,1.65808,-80145.4408537405,-136487.28040996,0.915346582365511,-0.777752503915504
806,-1.14715,1.6383,-90800.5633166237,-140449.775646206,0.909485669429678,0.11110208522852
805,-1.17557,1.61803,-102700.296918845,-144837.422341943,0.91925377830677,0.999999999982889
805,-1.20363,1.59727,-114102.113777744,-148428.676199012,0.909485669429819,-0.111102085265551
804,-1.23132,1.57602,-131003.194885903,-155049.413666279,0.915346582364893,0.777752503876544
804,-1.25864,1.55429,-146054.561043635,-158549.12612288,0.910462498170937,-0.333308963279986
803,-1.28558,1.53209,-165467.809065249,-163741.519510164,0.912416143750809,0.555523964114847
803,-1.31212,1.50942,-180615.86468898,-163515.644094062,0.912416143750849,-0.555523964118962
802,-1.33826,1.48629,-197606.584797319,-163553.235253403,0.910462498170897,0.333308963276791
802,-1.364,1.46271,-209723.328590223,-158487.099006938,0.915346582364928,-0.77775250387821
801,-1.38932,1.43868,-223221.340138297,-154317.239068349,0.909485669429954,0.111102085257172
801,-1.41421,1.41421,-233186.025901987,-146628.978753445,0.919253778307104,-0.999999999999994
15850,-1.43868,1.38932,-248607.908465502,-142941.140854227,0.909485669429991,-0.111102085260237
15849,-1.46271,1.364,-264478.71267104,-138785.868562837,0.915346582364828,0.777752503871364
15849,-1.48629,1.33826,-284468.564460761,-135666.409701995,0.910462498171103,-0.333308963290387
15848,-1.50942,1.31212,-306061.551369779,-132428.221438132,0.912416143750729,0.555523964099008
15848,-1.53209,1.28558,-330684.319855461,-130167.282406307,0.912416143751185,-0.555523964140586
15847,-1.55429,1.25864,-350539.802645379,-123180.073058189,0.910462498170851,0.333308963247569
15847,-1.57602,1.23132,-372230.292194353,-118983.113955115,0.915346582365555,-0.777752503916249
15846,-1.59727,1.20363,-382694.162747154,-107078.379937713,0.909485669429784,0.111102085221639
15845,-1.61803,1.17557,-391820.286262698,-94704.1357111201,0.919253778306531,0.999999999969823
15845,-1.6383,1.14715,-400203.348946434,-89563.4893000132,0.909485669429917,-0.111102085282151
15844,-1.65808,1.11839,-405165.584304284,-80536.7184149177,0.915346582364627,0.777752503855772
15844,-1.67734,1.08928,-411417.650976509,-77055.0464839246,0.910462498171251,-0.333308963307506
15843,-1.6961,1.05984,-414384.621495979,-70933.2153283382,0.912416143750542,0.555523964080906
15843,-1.71433,1.03008,-417069.45534889,-68027.7501751829,0.912416143751375,-0.555523964158831
15842,-1.73205,1,-414714.281864764,-61623.5336261453,0.910462498170697,0.333308963230296
15842,-1.74924,0.969619,-412176.2403501,-58726.6090366304,0.915346582365764,-0.777752503931822
15841,-1.7659,0.938943,-405709.614352199,-54151.6536937069,0.909485669429762,0.111102085205035
15840,-1.78201,0.907981,-399899.300359385,-53161.5391755047,0.919253778306162,0.999999999951483
15840,-1.79759,0.876742,-387507.949713496,-51874.6226145893,0.909485669429984,-0.111102085301589
15839,-1.81262,0.845237,-373668.044976269,-52540.9665752517,0.915346582364318,0.777752503835071
15839,-1.82709,0.813473,-350763.292130534,-50096.2522246481,0.910462498171391,-0.333308963330024
15838,-1.84101,0.781462,-326925.273149246,-47995.0066041627,0.912416143750253,0.555523964056986
15838,-1.85437,0.749213,-301308.097716618,-44950.9459455994,0.912416143751674,-0.555523964183544
15837,-1.86716,0.716736,-279252.268941002,-42477.0255614192,0.910462498170589,0.333308963203294
15837,-1.87939,0.68404,-259425.190880105,-40237.1611191192,0.915346582366259,-0.777752503962095
15836,-1.89104,0.651136,-240451.154258218,-39103.6659889953,0.909485669429715,0.111102085173074
15835,-1.90211,0.618034,-221692.673672009,-38954.4573224119,0.919253778305508,0.999999999918209
15835,-1.91261,0.584743,-195927.010544432,-34969.6455670349,0.909485669430068,-0.111102085335144
15834,-1.92252,0.551275,-170462.304689323,-33468.3528013264,0.915346582363818,0.777752503801208
15834,-1.93185,0.517638,-142901.365326579,-28409.3200411833,0.910462498171639,-0.333308963364235
15833,-1.94059,0.483844,-117370.178606229,-25837.4553394234,0.912416143749876,0.555523964021923
15833,-1.94874,0.449902,-93382.0220652705,-20783.913551608,0.912416143752063,-0.555523964220183
15832,-1.9563,0.415823,-69734.8746578679,-17103.1573605868,0.910462498170272,0.333308963168156
15832,-1.96325,0.381618,-45589.2351860172,-11321.8729945807,0.915346582366716,-0.7777525039937
15831,-1.96962,0.347296,-17363.8738061006,-4775.07487194818,0.909485669429575,0.111102085145728
15830,-1.97538,0.312869,12192.6918104162,3730.34902546676,0.91925377830502,0.999999999895294
15830,-1.98054,0.278346,44687.3078879705,13962.5341844829,0.909485669430092,-0.111102085358556
15829,-1.98509,0.243739,75820.0289902538,25854.3586331364,0.915346582363415,0.777752503777664
15829,-1.98904,0.209057,101246.909521909,35163.7880252446,0.910462498171765,-0.333308963386404
15828,-1.99239,0.174311,120104.81010635,43201.7248021348,0.912416143749651,0.555523964001473
15828,-1.99513,0.139513,129374.717486964,46924.1228277891,0.912416143752222,-0.5555239642384
15827,-1.99726,0.104672,130441.789506507,46645.3480420998,0.910462498170184,0.3333089631488
15827,-1.99878,0.069799,126178.059391686,44982.1470452184,0.915346582367074,-0.777752504016448
15826,-1.9997,0.0349048,124040.396207875,42942.4178624694,0.909485669429527,0.111102085121831
15825,-2,2.46315e-16,122442.671578771,41733.1944646542,0.919253778304535,0.999999999870803
15825,-1.9997,-0.0349048,137829.51352733,46968.6885982281,0.909485669430051,-0.111102085378547
15824,-1.99878,-0.069799,155370.510745563,54069.3430676456,0.915346582363134,0.777752503762804
15824,-1.99726,-0.104672,180832.445462293,63344.8443651818,0.910462498171696,-0.333308963393566
15823,-1.99513,-0.139513,202012.94455655,74306.4679572564,0.912416143749586,0.555523964001405
15823,-1.99239,-0.174311,217348.06395719,80334.5542853393,0.912416143752114,-0.555523964232279
15822,-1.98904,-0.209057,223492.670827734,85194.3435600939,0.910462498170195,0.333308963161688
15822,-1.98509,-0.243739,224131.129608885,85294.9517206695,0.915346582366744,-0.7777525039964
15821,-1.98054,-0.278346,227578.689639703,86457.6762575653,0.909485669429545,0.111102085145526
15820,-1.97538,-0.312869,232030.715087423,88487.3114079468,0.919253778305042,0.999999999897283
15820,-1.96962,-0.347296,251831.94289561,96217.9334499218,0.909485669429957,-0.111102085350017
15819,-1.96325,-0.381618,270599.415188421,106169.416509013,0.915346582363609,0.777752503792499
15819,-1.9563,-0.415823,286178.321410097,112417.139566482,0.910462498171549,-0.333308963366345
15818,-1.94874,-0.449902,294341.315499914,115769.699645004,0.912416143749872,0.555523964026319
15818,-1.94059,-0.483844,291215.797465034,114307.590506248,0.91241614375188,-0.555523964209544
15817,-1.93185,-0.517638,290898.193281004,112672.903199279,0.910462498170337,0.33330896318265
15817,-1.92252,-0.551275,292126.482040377,113039.188988606,0.915346582366458,-0.777752503976945
15816,-1.91261,-0.584743,306685.062786958,121835.283121248,0.909485669429567,0.111102085165898
15815,-1.90211,-0.618034,325262.716025728,131286.674884474,0.919253778305528,0.999999999919178
15815,-1.89104,-0.651136,337155.438269423,136098.749935501,0.90948566942994,-0.111102085328262
15814,-1.87939,-0.68404,349040.364801135,134744.929093908,0.915346582363942,0.77775250381428
15814,-1.86716,-0.716736,349865.2989592,135059.277136874,0.910462498171397,-0.333308963343943
15813,-1.85437,-0.749213,353490.005238494,131621.717406168,0.912416143750119,0.555523964050056
15813,-1.84101,-0.781462,356985.640910875,132902.490939179,0.912416143751582,-0.555523964183381
15812,-1.82709,-0.813473,355844.859318994,128615.781997352,0.910462498170486,0.333308963212263
15812,-1.81262,-0.845237,349352.601290958,126261.637329879,0.915346582365912,-0.777752503943197
15811,-1.79759,-0.876742,342928.87901686,112282.326121137,0.909485669429641,0.111102085200675
15810,-1.78201,-0.907981,336125.0129449,97681.4943669798,0.919253778306197,0.999999999954239
15810,-1.7659,-0.938943,337312.384720001,97785.2866874184,0.90948566942985,-0.11110208529261
15809,-1.74924,-0.969619,343498.061258923,88549.6384039413,0.915346582364535,0.777752503850301
15809,-1.73205,-1,342969.093070305,88000.890619203,0.9104624981712,-0.333308963308458
15808,-1.71433,-1.03008,348273.682310671,77223.1621199336,0.912416143750526,0.555523964084446
15808,-1.6961,-1.05984,346929.528145337,76710.5055955495,0.912416143751243,-0.555523964150944
15807,-1.67734,-1.08928,353194.92389139,69494.7801981401,0.910462498170725,0.333308963242434
15807,-1.65808,-1.11839,357095.29503739,69801.1044830588,0.915346582365503,-0.7777525039155
15806,-1.6383,-1.14715,357219.925259575,59858.8227591948,0.90948566942967,0.111102085228524
15805,-1.61803,-1.17557,358524.216689907,45803.5151069186,0.919253778306763,0.999999999982893
15805,-1.59727,-1.20363,352175.810437708,44928.3717088134,0.909485669429812,-0.111102085265547
15804,-1.57602,-1.23132,356451.642326087,30951.1564058567,0.915346582364898,0.777752503876549
15804,-1.55429,-1.25864,350284.18113771,30540.878124496,0.910462498170935,-0.333308963280012
15803,-1.53209,-1.28558,355131.823720103,14086.4969013819,0.912416143750815,0.555523964114853
15803,-1.50942,-1.31212,342437.256945185,14296.2012912572,0.912416143750855,-0.555523964118957
15802,-1.48629,-1.33826,345350.089077147,-1506.50072445089,0.910462498170897,0.333308963276791
15802,-1.46271,-1.364,334502.937756316,-345.326771790343,0.915346582364928,-0.77775250387821
15801,-1.43868,-1.38932,332590.283914829,-15133.9505279303,0.909485669429954,0.111102085257172
15801,-1.41421,-1.41421,312715.576417866,-12197.7614167755,0.919253778307098,-0.999999999999989
10084,-1.38932,-1.43868,287469.016722688,-14673.6632353967,-0.909485669429983,0.111102085260242
10184,-1.364,-1.46271,247764.161602712,-5612.89690835322,-0.915346582364814,-0.777752503871363
10184,-1.33826,-1.48629,206201.491747455,-4987.04935644417,-0.910462498171062,0.333308963290425
10284,-1.31212,-1.50942,146728.529709609,5628.88816542442,-0.912416143750702,-0.555523964098991
10284,-1.28558,-1.53209,93038.0095927876,2865.14447109539,-0.912416143751175,0.55552396414059
10384,-1.25864,-1.55429,24665.3328861737,2366.21992647011,-0.910462498170858,-0.333308963247603
10384,-1.23132,-1.57602,-38621.9383201292,-2174.18195712139,-0.915346582365569,0.777752503916277
10484,-1.20363,-1.59727,4312.60146265516,-49084.818261564,-0.909485669429755,-0.111102085221656
10584,-1.17557,-1.61803,72933.3171733813,-102508.63995829,-0.919253778306467,-0.999999999969833
10584,-1.14715,-1.6383,28518.6834612502,-40000.199195381,-0.909485669429891,0.111102085282108
10684,-1.11839,-1.65808,-12393.1647690796,18579.3368169997,-0.915346582364624,-0.777752503855743
10684,-1.08928,-1.67734,-41419.3453446257,61653.2248021353,-0.910462498171255,0.333308963307532
10784,-1.05984,-1.6961,-58594.0250258083,94257.6295739115,-0.912416143750544,-0.555523964080908
10784,-1.03008,-1.71433,-77500.8943999583,123598.141580435,-0.912416143751393,0.555523964158839
10884,-1,-1.73205,-78695.8079980216,137528.37714743,-0.910462498170715,-0.333308963230315
10884,-0.969619,-1.74924,-88522.0005338641,153372.187915922,-0.915346582365772,0.777752503931858
10984,-0.938943,-1.7659,-78557.6758028552,151077.323777543,-0.909485669429763,-0.111102085205032
11084,-0.907981,-1.78201,-68325.2734169401,147489.892372029,-0.919253778306154,-0.99999999995149
11084,-0.876742,-1.79759,-67161.4875932169,142940.916179033,-0.909485669429981,0.111102085301552
11184,-0.845237,-1.81262,-54937.1091337871,132851.344600227,-0.915346582364332,-0.777752503835052
11184,-0.813473,-1.82709,-52831.9038603015,125421.291831693,-0.910462498171421,0.333308963330044
11284,-0.781462,-1.84101,-40529.0594289746,112170.949731327,-0.912416143750289,-0.555523964056998
11284,-0.749213,-1.85437,-37153.7554116031,100603.997200785,-0.912416143751684,0.555523964183542
11384,-0.716736,-1.86716,-26619.6872351029,88429.4901681756,-0.910462498170579,-0.333308963203316
11384,-0.68404,-1.87939,-25228.7333993696,81379.6230125956,-0.915346582366256,0.777752503962127
11484,-0.651136,-1.89104,-15764.4191857933,66634.1713096389,-0.9094856694297,-0.111102085173069
11584,-0.618034,-1.90211,-8758.35056896963,51998.3880902056,-0.919253778305473,-0.9999999999182
11584,-0.584743,-1.91261,-7234.26883389715,40610.8806033712,-0.909485669430035,0.111102085335111
11684,-0.551275,-1.92252,-2943.74428815306,29252.0967853336,-0.915346582363772,-0.777752503801188
11684,-0.517638,-1.93185,-2260.66197036226,21281.7697450677,-0.910462498171642,0.333308963364261
11784,-0.483844,-1.94059,-396.044050141232,10475.2878285803,-0.912416143749915,-0.555523964021929
11784,-0.449902,-1.94874,155.144465058574,-3085.68349548075,-0.912416143752077,0.555523964220183
11884,-0.415823,-1.9563,-935.989298822503,-11478.2960609955,-0.910462498170266,-0.33330896316818
11884,-0.381618,-1.96325,-1640.45299103849,-18123.1467540847,-0.915346582366712,0.777752503993725
11984,-0.347296,-1.96962,-1933.26157575469,-27672.7256261918,-0.909485669429565,-0.111102085145729
12084,-0.312869,-1.97538,5896.09220871677,-41489.5137833913,-0.919253778305011,-0.999999999895287
12084,-0.278346,-1.98054,6415.79578885691,-55812.6240627276,-0.909485669430107,0.111102085358526
12184,-0.243739,-1.98509,14567.81479293,-67796.7488219563,-0.915346582363447,-0.777752503777644
12184,-0.209057,-1.98904,11634.0800366814,-55034.3279909522,-0.910462498171781,0.333308963386432
12284,-0.174311,-1.99239,9684.59687082706,-43862.1928473143,-0.912416143749663,-0.555523964001473
12284,-0.139513,-1.99513,7593.51307399245,-34629.3981512761,-0.912416143752267,0.555523964238395
12384,-0.104672,-1.99726,10066.0517268556,-42927.6187386956,-0.910462498170238,-0.333308963148834
12384,-0.069799,-1.99878,14859.0722103021,-63190.7301734613,-0.915346582367131,0.777752504016471
12484,-0.0349048,-1.9997,17603.1377698718,-70928.8006605703,-0.909485669429557,-0.111102085121833
12584,-4.35203e-16,-2,18753.7602122395,-76351.8532399424,-0.919253778304537,-0.999999999870803
12584,0.0349048,-1.9997,13103.8234456619,-52728.4621626365,-0.909485669430058,0.111102085378513
12684,0.069799,-1.99878,8367.6467156837,-35235.2381762408,-0.915346582363139,-0.777752503762792
12684,0.104672,-1.99726,8683.16055531607,-36330.7407919578,-0.9104624981717,0.333308963393593
12784,0.139513,-1.99513,11076.6539263543,-46531.9235198526,-0.912416143749591,-0.555523964001403
12784,0.174311,-1.99239,16663.5313394977,-69650.3460359867,-0.912416143752134,0.555523964232273
12884,0.209057,-1.98904,18504.9669324072,-77574.7411980826,-0.91046249817019,-0.333308963161724
12884,0.243739,-1.98509,18252.7771325974,-75944.4673236873,-0.915346582366752,0.777752503996427
12984,0.278346,-1.98054,13939.1813486433,-62332.7816747561,-0.909485669429543,-0.111102085145531
13084,0.312869,-1.97538,9455.27340776885,-47109.7414607036,-0.919253778305079,-0.999999999897294
13084,0.347296,-1.96962,9678.97244659033,-48180.4307098686,-0.909485669429971,0.111102085349981
13184,0.381618,-1.96325,9957.17199369267,-53306.8542019515,-0.915346582363621,-0.777752503792476
13184,0.415823,-1.9563,13112.7871861867,-70243.9926838908,-0.910462498171561,0.33330896336634
13284,0.449902,-1.94874,15691.7098890043,-87370.9752285917,-0.912416143749886,-0.555523964026324
13284,0.483844,-1.94059,18639.0182435812,-103971.397268378,-0.912416143751904,0.555523964209538
13384,0.517638,-1.93185,18527.2149694462,-113112.566233378,-0.910462498170363,-0.333308963182687
13384,0.551275,-1.92252,19058.9416279306,-117147.339359871,-0.915346582366464,0.777752503976962
13484,0.584743,-1.91261,14409.7730014136,-107244.525286878,-0.909485669429569,-0.111102085165906
13584,0.618034,-1.90211,10117.833388356,-95151.1759923046,-0.919253778305519,-0.999999999919186
13584,0.651136,-1.89104,8235.25877996597,-79162.1884505538,-0.909485669429928,0.111102085328226
13684,0.68404,-1.87939,5916.04631615663,-68831.5495419277,-0.915346582363942,-0.777752503814258
13684,0.716736,-1.86716,6271.37124060045,-73637.8262455135,-0.910462498171394,0.333308963343945
13784,0.749213,-1.85437,6775.76593614089,-85182.6267599641,-0.912416143750121,-0.555523964050058
13784,0.781462,-1.84101,8471.26194146768,-105952.834762364,-0.91241614375158,0.555523964183364
13884,0.813473,-1.82709,10534.2425627676,-126423.608427379,-0.91046249817049,-0.333308963212306
13884,0.845237,-1.81262,12315.4371812452,-147232.579053764,-0.915346582365913,0.777752503943214
13984,0.876742,-1.79759,14275.3537812548,-166338.337165025,-0.909485669429626,-0.1111020852007
14084,0.907981,-1.78201,15507.9206179783,-186175.577785497,-0.919253778306215,-0.999999999954254
14084,0.938943,-1.7659,16874.1054639312,-202612.213481342,-0.909485669429858,0.111102085292581
14184,0.969619,-1.74924,18066.8187794505,-220042.333275706,-0.915346582364524,-0.777752503850263
14184,1,-1.73205,19712.2874790012,-237294.001318294,-0.910462498171194,0.333308963308465
14284,1.03008,-1.71433,21192.0978257404,-257690.159330688,-0.91241614375052,-0.55552396408445
14284,1.05984,-1.6961,23585.0268619438,-281545.810399459,-0.912416143751235,0.55552396415093
14384,1.08928,-1.67734,24940.5653528556,-303172.704414527,-0.910462498170724,-0.333308963242461
14384,1.11839,-1.65808,27123.0492379334,-322731.149683169,-0.915346582365498,0.777752503915531
14484,1.14715,-1.6383,28254.7724237873,-337676.511686581,-0.909485669429676,-0.111102085228531
14584,1.17557,-1.61803,28786.8182006543,-352490.463469236,-0.919253778306762,-0.999999999982903
14584,1.20363,-1.59727,30005.5550447184,-364339.362804154,-0.909485669429825,0.1111020852655
14684,1.23132,-1.57602,30428.8521249876,-376532.126350995,-0.91534658236492,-0.777752503876537
14684,1.25864,-1.55429,31316.532609592,-384708.797590688,-0.910462498170955,0.333308963280004
14784,1.28558,-1.53209,31314.673578469,-395709.532386551,-0.912416143750819,-0.555523964114867
14784,1.31212,-1.50942,32103.4399381217,-408794.359373541,-0.912416143750872,0.555523964118932
14884,1.33826,-1.48629,30240.9025715777,-421988.458882754,-0.910462498170903,-0.333308963276861
14884,1.364,-1.46271,29963.338928293,-432430.308438086,-0.915346582364901,0.777752503878194
14984,1.38932,-1.43868,25329.8079118257,-439446.349890094,-0.909485669429939,-0.111102085257194
14984,1.41421,-1.41421,22430.1813819537,-443325.658499635,-0.919253778307102,0.999999999999985
5850,1.43868,-1.38932,13687.4589306995,-440529.133475342,0.909485669429985,-0.111102085260202
5849,1.46271,-1.364,6569.93037089473,-433343.870637674,0.915346582364833,0.777752503871339
5849,1.48629,-1.33826,-2531.64805835492,-415219.388537358,0.910462498171102,-0.333308963290407
5848,1.50942,-1.31212,-8593.52025445962,-391428.357731781,0.91241614375073,0.555523964099018
5848,1.53209,-1.28558,-18289.8456554833,-368080.020781632,0.912416143751186,-0.555523964140576
5847,1.55429,-1.25864,-20405.1767514546,-337272.322821758,0.91046249817085,0.333308963247604
5847,1.57602,-1.23132,-28245.380732041,-315299.828214575,0.91534658236556,-0.777752503916265
5846,1.59727,-1.20363,-25448.2347120312,-285569.659329344,0.909485669429786,0.111102085221649
5845,1.61803,-1.17557,-21315.2235879757,-255986.213644974,0.919253778306525,0.999999999969829
5845,1.6383,-1.14715,-24298.8214710236,-244679.989328986,0.909485669429914,-0.11110208528211
5844,1.65808,-1.11839,-17843.0100299967,-221096.189502178,0.915346582364627,0.777752503855747
5844,1.67734,-1.08928,-19074.1191368286,-212128.551150067,0.910462498171258,-0.333308963307527
5843,1.6961,-1.05984,-11855.3963991999,-190848.644407828,0.912416143750537,0.555523964080912
5843,1.71433,-1.03008,-12069.6223663869,-182330.006243882,0.912416143751378,-0.555523964158821
5842,1.73205,-1,-5137.72516367598,-162331.71277497,0.910462498170701,0.333308963230334
5842,1.74924,-0.969619,-5196.55988127746,-154660.524516248,0.915346582365767,-0.777752503931841
5841,1.7659,-0.938943,451.584457673753,-136073.927154417,0.909485669429766,0.111102085205045
5840,1.78201,-0.907981,4833.12601970131,-119278.364538865,0.919253778306158,0.99999999995149
5840,1.79759,-0.876742,4620.4552812845,-112580.886682897,0.909485669429983,-0.111102085301555
5839,1.81262,-0.845237,7823.23345025488,-98645.4790410034,0.915346582364319,0.777752503835052
5839,1.82709,-0.813473,7430.87660295257,-91406.6172180938,0.910462498171384,-0.333308963330046
5838,1.84101,-0.781462,9562.7537381438,-78579.5124103515,0.912416143750258,0.555523964056995
5838,1.85437,-0.749213,9023.31009527839,-72131.9352942372,0.91241614375167,-0.555523964183538
5837,1.86716,-0.716736,10479.849883796,-61324.8899329271,0.91046249817059,0.333308963203332
5837,1.87939,-0.68404,9861.92703477236,-56271.6309136457,0.915346582366259,-0.777752503962114
5836,1.89104,-0.651136,10602.9338014535,-47341.4078758706,0.909485669429712,0.11110208517308
5835,1.90211,-0.618034,10878.2081593455,-39453.3711399867,0.919253778305505,0.999999999918216
5835,1.91261,-0.584743,10365.3522032103,-36729.3631984213,0.909485669430072,-0.111102085335106
5834,1.92252,-0.551275,10713.3394592406,-31380.0004616797,0.915346582363824,0.777752503801191
5834,1.93185,-0.517638,10282.7415084116,-29388.3314012914,0.910462498171638,-0.333308963364257
5833,1.94059,-0.483844,10481.5409247045,-25254.1469012361,0.912416143749874,0.555523964021932
5833,1.94874,-0.449902,10104.7072555637,-23660.5250340894,0.91241614375206,-0.555523964220175
5832,1.9563,-0.415823,10586.6652279082,-21095.8713672278,0.910462498170272,0.333308963168192
5832,1.96325,-0.381618,10967.9740548718,-21230.3610821629,0.915346582366721,-0.777752503993719
5831,1.96962,-0.347296,11825.6600218413,-19638.1199358896,0.909485669429573,0.111102085145735
5830,1.97538,-0.312869,12732.2788124297,-18415.510957926,0.919253778305019,0.999999999895301
5830,1.98054,-0.278346,13306.6762537682,-18623.9408736197,0.909485669430095,-0.11110208535852
5829,1.98509,-0.243739,14413.6761286329,-17488.5937251283,0.915346582363408,0.777752503777643
5829,1.98904,-0.209057,16146.4274724235,-18860.1994630774,0.910462498171767,-0.333308963386425
5828,1.99239,-0.174311,18508.6478958533,-18608.126583107,0.91241614374965,0.555523964001481
5828,1.99513,-0.139513,21284.9058130196,-20553.2491973786,0.912416143752221,-0.555523964238393
5827,1.99726,-0.104672,24234.5754020909,-20382.7013730854,0.910462498170182,0.333308963148836
5827,1.99878,-0.069799,27214.0909693664,-22042.8914091136,0.915346582367075,-0.777752504016468
5826,1.9997,-0.0349048,30492.0092872206,-21466.0661966275,0.909485669429527,0.111102085121839
