origElemNum,globCoord-x,globCoord-y,acouPotentialD1-,locCoord-xi,locCoord-eta
5825,2,-2.20442e-18,-172196.800265106,0.919253778304535,0.999999999870795
5825,1.9997,0.0349048,-164009.271091222,0.909485669430051,-0.11110208537854
5824,1.99878,0.069799,-151082.426810441,0.915346582363134,0.7777525037628
5824,1.99726,0.104672,-135502.457839182,0.910462498171695,-0.333308963393583
5823,1.99513,0.139513,-114856.327170754,0.912416143749585,0.555523964001403
5823,1.99239,0.174311,-89299.9218117222,0.912416143752112,-0.555523964232293
5822,1.98904,0.209057,-63110.078985109,0.910462498170195,0.33330896316169
5822,1.98509,0.243739,-34750.4280701991,0.915346582366752,-0.777752503996411
5821,1.98054,0.278346,-15971.1693955792,0.909485669429537,0.111102085145532
5820,1.97538,0.312869,4318.00339097767,0.91925377830504,0.999999999897275
5820,1.96962,0.347296,7971.90503284031,0.909485669429959,-0.111102085350008
5819,1.96325,0.381618,14030.5651208417,0.915346582363608,0.777752503792493
5819,1.9563,0.415823,14215.2960503579,0.910462498171543,-0.333308963366333
5818,1.94874,0.449902,18698.1359958568,0.912416143749872,0.555523964026318
5818,1.94059,0.483844,27064.17417421,0.912416143751876,-0.555523964209557
5817,1.93185,0.517638,41041.3163432324,0.910462498170338,0.333308963182653
5817,1.92252,0.551275,60424.242191731,0.915346582366455,-0.777752503976955
5816,1.91261,0.584743,76903.1831055467,0.909485669429567,0.111102085165898
5815,1.90211,0.618034,96379.8468087625,0.919253778305533,0.999999999919169
5815,1.89104,0.651136,98784.855952963,0.909485669429933,-0.111102085328256
5814,1.87939,0.68404,102712.537818393,0.915346582363941,0.777752503814277
5814,1.86716,0.716736,97835.6696077602,0.910462498171402,-0.333308963343933
5813,1.85437,0.749213,98692.574648805,0.912416143750119,0.555523964050056
5813,1.84101,0.781462,105666.349386733,0.912416143751575,-0.555523964183394
5812,1.82709,0.813473,124947.707995492,0.910462498170486,0.333308963212263
5812,1.81262,0.845237,154012.865183557,0.915346582365915,-0.777752503943209
5811,1.79759,0.876742,190184.543135621,0.909485669429635,0.111102085200681
5810,1.78201,0.907981,231633.844517688,0.919253778306195,0.999999999954235
5810,1.7659,0.938943,265910.068077098,0.909485669429844,-0.111102085292603
5809,1.74924,0.969619,302114.118815485,0.915346582364538,0.777752503850291
5809,1.73205,1,331728.726877225,0.910462498171199,-0.333308963308445
5808,1.71433,1.03008,363838.766209814,0.912416143750526,0.555523964084446
5808,1.6961,1.05984,397196.82487903,0.912416143751246,-0.555523964150953
5807,1.67734,1.08928,437126.871035133,0.910462498170725,0.333308963242434
5807,1.65808,1.11839,483098.069103407,0.915346582365508,-0.777752503915519
5806,1.6383,1.14715,543100.075325331,0.909485669429676,0.11110208522853
5805,1.61803,1.17557,610297.51572813,0.919253778306765,0.999999999982884
5805,1.59727,1.20363,689890.583391124,0.909485669429817,-0.111102085265541
5804,1.57602,1.23132,770651.797199282,0.9153465823649,0.777752503876539
5804,1.55429,1.25864,840604.20680782,0.910462498170939,-0.333308963279996
5803,1.53209,1.28558,904413.360756994,0.912416143750815,0.555523964114853
5803,1.50942,1.31212,956169.77799337,0.91241614375085,-0.555523964118972
5802,1.48629,1.33826,1011086.55781278,0.910462498170897,0.333308963276791
5802,1.46271,1.364,1070160.8555319,0.915346582364929,-0.77775250387822
5801,1.43868,1.38932,1119137.98977923,0.909485669429954,0.111102085257182
5801,1.41421,1.41421,1170400.90520982,0.919253778307104,-0.999999999999994
850,1.38932,1.43868,1176584.40894657,0.909485669429991,-0.111102085260227
849,1.364,1.46271,1184769.38803606,0.915346582364834,0.777752503871359
849,1.33826,1.48629,1181429.57019822,0.910462498171096,-0.333308963290402
848,1.31212,1.50942,1176829.91683137,0.912416143750729,0.555523964099008
848,1.28558,1.53209,1167220.83576369,0.912416143751184,-0.555523964140596
847,1.25864,1.55429,1151487.4936115,0.910462498170846,0.333308963247574
847,1.23132,1.57602,1133939.20420211,0.915346582365554,-0.777752503916259
846,1.20363,1.59727,1101408.57111503,0.90948566942978,0.111102085221654
845,1.17557,1.61803,1070648.43258356,0.919253778306528,0.999999999969813
845,1.14715,1.6383,1014726.63459001,0.909485669429915,-0.111102085282135
844,1.11839,1.65808,958587.025233319,0.915346582364625,0.777752503855763
844,1.08928,1.67734,878790.431627551,0.910462498171253,-0.333308963307521
843,1.05984,1.6961,786744.910096151,0.912416143750542,0.555523964080906
843,1.03008,1.71433,672549.011825016,0.912416143751377,-0.555523964158847
842,1,1.73205,557614.005705425,0.910462498170698,0.333308963230309
842,0.969619,1.74924,444785.98628233,0.915346582365766,-0.777752503931825
841,0.938943,1.7659,329092.384666146,0.909485669429764,0.111102085205048
840,0.907981,1.78201,218755.955246796,0.919253778306164,0.99999999995148
840,0.876742,1.79759,80034.3913894783,0.909485669429979,-0.11110208530158
839,0.845237,1.81262,-58364.6790604708,0.91534658236432,0.777752503835068
839,0.813473,1.82709,-220166.189979902,0.91046249817139,-0.33330896333004
838,0.781462,1.84101,-383640.106613672,0.912416143750255,0.555523964056983
838,0.749213,1.85437,-553686.419485884,0.912416143751674,-0.555523964183563
837,0.716736,1.86716,-724223.637738017,0.910462498170584,0.333308963203304
837,0.68404,1.87939,-892367.233972301,0.915346582366261,-0.777752503962098
836,0.651136,1.89104,-1063666.05391699,0.909485669429719,0.111102085173086
835,0.618034,1.90211,-1229808.3559585,0.919253778305509,0.999999999918205
835,0.584743,1.91261,-1391517.55112442,0.909485669430073,-0.111102085335132
834,0.551275,1.92252,-1543419.3415274,0.915346582363819,0.777752503801204
834,0.517638,1.93185,-1679110.32633743,0.910462498171637,-0.333308963364254
833,0.483844,1.94059,-1807283.00637068,0.912416143749877,0.55552396402192
833,0.449902,1.94874,-1927847.12107789,0.91241614375206,-0.555523964220202
832,0.415823,1.9563,-2056492.15546478,0.910462498170279,0.333308963168166
832,0.381618,1.96325,-2188383.88888687,0.915346582366717,-0.777752503993703
831,0.347296,1.96962,-2334517.92258973,0.909485669429573,0.111102085145737
830,0.312869,1.97538,-2479865.34129358,0.919253778305012,0.99999999989529
830,0.278346,1.98054,-2612317.62652865,0.909485669430091,-0.111102085358547
829,0.243739,1.98509,-2731792.46368285,0.915346582363415,0.77775250377766
829,0.209057,1.98904,-2814786.13837512,0.910462498171767,-0.333308963386422
828,0.174311,1.99239,-2876803.51817317,0.912416143749651,0.55552396400147
828,0.139513,1.99513,-2909601.57650617,0.912416143752224,-0.555523964238419
827,0.104672,1.99726,-2926731.45532284,0.910462498170184,0.33330896314881
827,0.069799,1.99878,-2932363.88795751,0.915346582367074,-0.777752504016452
826,0.0349048,1.9997,-2932828.5358431,0.909485669429527,0.111102085121841
825,1.27747e-16,2,-2930044.21808474,0.919253778304535,0.999999999870799
825,-0.0349048,1.9997,-2917411.71448069,0.909485669430051,-0.111102085378537
824,-0.069799,1.99878,-2897022.03481388,0.915346582363134,0.777752503762801
824,-0.104672,1.99726,-2851838.62593704,0.910462498171695,-0.333308963393583
823,-0.139513,1.99513,-2785800.43713691,0.912416143749585,0.555523964001401
823,-0.174311,1.99239,-2689288.38173127,0.912416143752112,-0.555523964232297
822,-0.209057,1.98904,-2561205.61021773,0.910462498170195,0.333308963161685
822,-0.243739,1.98509,-2411943.88820144,0.915346582366744,-0.777752503996403
821,-0.278346,1.98054,-2235673.06278479,0.909485669429538,0.111102085145537
820,-0.312869,1.97538,-2052627.76785107,0.919253778305041,0.999999999897278
820,-0.347296,1.96962,-1863170.09850647,0.90948566942996,-0.111102085350006
819,-0.381618,1.96325,-1676695.8880079,0.915346582363608,0.777752503792493
819,-0.415823,1.9563,-1501497.9038557,0.910462498171543,-0.333308963366333
818,-0.449902,1.94874,-1332478.67660069,0.912416143749872,0.555523964026316
818,-0.483844,1.94059,-1172595.82589534,0.912416143751875,-0.555523964209561
817,-0.517638,1.93185,-1012426.56823237,0.910462498170336,0.333308963182646
817,-0.551275,1.92252,-852317.156793215,0.915346582366457,-0.777752503976948
816,-0.584743,1.91261,-680066.970258061,0.909485669429562,0.111102085165907
815,-0.618034,1.90211,-505583.680295288,0.919253778305526,0.999999999919175
815,-0.651136,1.89104,-319950.586961029,0.909485669429935,-0.111102085328253
814,-0.68404,1.87939,-138381.23480602,0.915346582363941,0.777752503814277
814,-0.716736,1.86716,31314.2966786608,0.910462498171402,-0.333308963343933
813,-0.749213,1.85437,183780.851359212,0.912416143750117,0.555523964050053
813,-0.781462,1.84101,311226.654256618,0.912416143751584,-0.555523964183396
812,-0.813473,1.82709,411333.80945026,0.910462498170484,0.33330896321226
812,-0.845237,1.81262,492670.97287635,0.91534658236591,-0.7777525039432
811,-0.876742,1.79759,552147.43896881,0.909485669429639,0.111102085200672
810,-0.907981,1.78201,604918.311016478,0.919253778306197,0.999999999954239
810,-0.938943,1.7659,649813.054243879,0.909485669429848,-0.111102085292613
809,-0.969619,1.74924,692311.091846107,0.915346582364533,0.777752503850298
809,-1,1.73205,731018.484998053,0.910462498171205,-0.333308963308436
808,-1.03008,1.71433,763626.952219706,0.912416143750522,0.55552396408444
808,-1.05984,1.6961,788232.778778613,0.912416143751243,-0.555523964150944
807,-1.08928,1.67734,803174.807830151,0.910462498170733,0.33330896324243
807,-1.11839,1.65808,810636.623225563,0.915346582365511,-0.777752503915504
806,-1.14715,1.6383,810468.938800997,0.909485669429678,0.11110208522852
805,-1.17557,1.61803,805663.512945981,0.91925377830677,0.999999999982889
805,-1.20363,1.59727,796386.75263897,0.909485669429819,-0.111102085265551
804,-1.23132,1.57602,782047.444607315,0.915346582364893,0.777752503876544
804,-1.25864,1.55429,760222.322875651,0.910462498170937,-0.333308963279986
803,-1.28558,1.53209,729242.339562757,0.912416143750809,0.555523964114847
803,-1.31212,1.50942,686896.16385247,0.912416143750849,-0.555523964118962
802,-1.33826,1.48629,631292.519620149,0.910462498170897,0.333308963276791
802,-1.364,1.46271,565205.008995262,0.915346582364928,-0.77775250387821
801,-1.38932,1.43868,485453.361169171,0.909485669429954,0.111102085257172
801,-1.41421,1.41421,398529.390884324,0.919253778307104,-0.999999999999994
15850,-1.43868,1.38932,302457.633221976,0.909485669429991,-0.111102085260237
15849,-1.46271,1.364,201768.717221698,0.915346582364828,0.777752503871364
15849,-1.48629,1.33826,98087.6933536308,0.910462498171103,-0.333308963290387
15848,-1.50942,1.31212,-8270.97087614373,0.912416143750729,0.555523964099008
15848,-1.53209,1.28558,-115953.748399986,0.912416143751185,-0.555523964140586
15847,-1.55429,1.25864,-224791.315887062,0.910462498170851,0.333308963247569
15847,-1.57602,1.23132,-336343.782208141,0.915346582365555,-0.777752503916249
15846,-1.59727,1.20363,-448117.426645122,0.909485669429784,0.111102085221639
15845,-1.61803,1.17557,-564675.187972886,0.919253778306531,0.999999999969823
15845,-1.6383,1.14715,-674861.972161691,0.909485669429917,-0.111102085282151
15844,-1.65808,1.11839,-786448.157663916,0.915346582364627,0.777752503855772
15844,-1.67734,1.08928,-883425.391666718,0.910462498171251,-0.333308963307506
15843,-1.6961,1.05984,-971615.443991787,0.912416143750542,0.555523964080906
15843,-1.71433,1.03008,-1043140.80250304,0.912416143751375,-0.555523964158831
15842,-1.73205,1,-1098796.3606706,0.910462498170697,0.333308963230296
15842,-1.74924,0.969619,-1146023.74449384,0.915346582365764,-0.777752503931822
15841,-1.7659,0.938943,-1179543.67650808,0.909485669429762,0.111102085205035
15840,-1.78201,0.907981,-1214267.40738045,0.919253778306162,0.999999999951483
15840,-1.79759,0.876742,-1233974.71861072,0.909485669429984,-0.111102085301589
15839,-1.81262,0.845237,-1251809.79275696,0.915346582364318,0.777752503835071
15839,-1.82709,0.813473,-1244820.84951851,0.910462498171391,-0.333308963330024
15838,-1.84101,0.781462,-1217216.91722316,0.912416143750253,0.555523964056986
15838,-1.85437,0.749213,-1156077.92207321,0.912416143751674,-0.555523964183544
15837,-1.86716,0.716736,-1055538.5747765,0.910462498170589,0.333308963203294
15837,-1.87939,0.68404,-929966.683298992,0.915346582366259,-0.777752503962095
15836,-1.89104,0.651136,-769157.156133448,0.909485669429715,0.111102085173074
15835,-1.90211,0.618034,-601978.956375027,0.919253778305508,0.999999999918209
15835,-1.91261,0.584743,-437270.833249565,0.909485669430068,-0.111102085335144
15834,-1.92252,0.551275,-285137.607908815,0.915346582363818,0.777752503801208
15834,-1.93185,0.517638,-173662.672323231,0.910462498171639,-0.333308963364235
15833,-1.94059,0.483844,-95572.3276669372,0.912416143749876,0.555523964021923
15833,-1.94874,0.449902,-65800.0710071352,0.912416143752063,-0.555523964220183
15832,-1.9563,0.415823,-85508.5195250285,0.910462498170272,0.333308963168156
15832,-1.96325,0.381618,-139721.937779629,0.915346582366716,-0.7777525039937
15831,-1.96962,0.347296,-241892.172011557,0.909485669429575,0.111102085145728
15830,-1.97538,0.312869,-359582.826429287,0.91925377830502,0.999999999895294
15830,-1.98054,0.278346,-502676.829925231,0.909485669430092,-0.111102085358556
15829,-1.98509,0.243739,-648282.481777983,0.915346582363415,0.777752503777664
15829,-1.98904,0.209057,-790246.94058867,0.910462498171765,-0.333308963386404
15828,-1.99239,0.174311,-927739.646323201,0.912416143749651,0.555523964001473
15828,-1.99513,0.139513,-1056416.65506807,0.912416143752222,-0.5555239642384
15827,-1.99726,0.104672,-1187711.96379492,0.910462498170184,0.3333089631488
15827,-1.99878,0.069799,-1321907.2400245,0.915346582367074,-0.777752504016448
15826,-1.9997,0.0349048,-1494163.0140515,0.909485669429527,0.111102085121831
15825,-2,2.46315e-16,-1678893.95037291,0.919253778304535,0.999999999870803
15825,-1.9997,-0.0349048,-1955011.38331035,0.909485669430051,-0.111102085378547
15824,-1.99878,-0.069799,-2255547.66723127,0.915346582363134,0.777752503762804
15824,-1.99726,-0.104672,-2638779.26287848,0.910462498171696,-0.333308963393566
15823,-1.99513,-0.139513,-3049265.51663288,0.912416143749586,0.555523964001405
15823,-1.99239,-0.174311,-3497406.98959285,0.912416143752114,-0.555523964232279
15822,-1.98904,-0.209057,-3931583.13487999,0.910462498170195,0.333308963161688
15822,-1.98509,-0.243739,-4359060.29937329,0.915346582366744,-0.7777525039964
15821,-1.98054,-0.278346,-4696538.48936592,0.909485669429545,0.111102085145526
15820,-1.97538,-0.312869,-5017260.84621554,0.919253778305042,0.999999999897283
15820,-1.96962,-0.347296,-5189446.73587622,0.909485669429957,-0.111102085350017
15819,-1.96325,-0.381618,-5345534.1789334,0.915346582363609,0.777752503792499
15819,-1.9563,-0.415823,-5417145.22309829,0.910462498171549,-0.333308963366345
15818,-1.94874,-0.449902,-5485865.6026912,0.912416143749872,0.555523964026319
15818,-1.94059,-0.483844,-5547461.70861718,0.91241614375188,-0.555523964209544
15817,-1.93185,-0.517638,-5653276.98094103,0.910462498170337,0.33330896318265
15817,-1.92252,-0.551275,-5790186.04256157,0.915346582366458,-0.777752503976945
15816,-1.91261,-0.584743,-6013498.23642733,0.909485669429567,0.111102085165898
15815,-1.90211,-0.618034,-6262772.47276125,0.919253778305528,0.999999999919178
15815,-1.89104,-0.651136,-6605434.65512404,0.90948566942994,-0.111102085328262
15814,-1.87939,-0.68404,-6963782.27431446,0.915346582363942,0.77775250381428
15814,-1.86716,-0.716736,-7362934.49728425,0.910462498171397,-0.333308963343943
15813,-1.85437,-0.749213,-7752275.55360443,0.912416143750119,0.555523964050056
15813,-1.84101,-0.781462,-8122472.57798125,0.912416143751582,-0.555523964183381
15812,-1.82709,-0.813473,-8388214.89980715,0.910462498170486,0.333308963212263
15812,-1.81262,-0.845237,-8587037.1850636,0.915346582365912,-0.777752503943197
15811,-1.79759,-0.876742,-8557999.77405912,0.909485669429641,0.111102085200675
15810,-1.78201,-0.907981,-8476992.55672164,0.919253778306197,0.999999999954239
15810,-1.7659,-0.938943,-8195354.6287403,0.90948566942985,-0.11110208529261
15809,-1.74924,-0.969619,-7923884.79145873,0.915346582364535,0.777752503850301
15809,-1.73205,-1,-7675902.64465683,0.9104624981712,-0.333308963308458
15808,-1.71433,-1.03008,-7467753.42411513,0.912416143750526,0.555523964084446
15808,-1.6961,-1.05984,-7316352.62990046,0.912416143751243,-0.555523964150944
15807,-1.67734,-1.08928,-7110240.65948598,0.910462498170725,0.333308963242434
15807,-1.65808,-1.11839,-6869885.0240788,0.915346582365503,-0.7777525039155
15806,-1.6383,-1.14715,-6470773.59916701,0.90948566942967,0.111102085228524
15805,-1.61803,-1.17557,-6036699.44467102,0.919253778306763,0.999999999982893
15805,-1.59727,-1.20363,-5504953.64220724,0.909485669429812,-0.111102085265547
15804,-1.57602,-1.23132,-4964343.09939172,0.915346582364898,0.777752503876549
15804,-1.55429,-1.25864,-4369215.04507867,0.910462498170935,-0.333308963280012
15803,-1.53209,-1.28558,-3712159.43051885,0.912416143750815,0.555523964114853
15803,-1.50942,-1.31212,-2959148.20622922,0.912416143750855,-0.555523964118957
15802,-1.48629,-1.33826,-2285508.35904847,0.910462498170897,0.333308963276791
15802,-1.46271,-1.364,-1667028.8094008,0.915346582364928,-0.77775250387821
15801,-1.43868,-1.38932,-1300758.64751222,0.909485669429954,0.111102085257172
15801,-1.41421,-1.41421,-1002859.5435017,0.919253778307098,-0.999999999999989
10084,-1.38932,-1.43868,-679529.042166237,-0.909485669429983,0.111102085260242
10184,-1.364,-1.46271,-392246.190851248,-0.915346582364814,-0.777752503871363
10184,-1.33826,-1.48629,-228121.62937316,-0.910462498171062,0.333308963290425
10284,-1.31212,-1.50942,-107990.329406697,-0.912416143750702,-0.555523964098991
10284,-1.28558,-1.53209,-50500.1715202434,-0.912416143751175,0.55552396414059
10384,-1.25864,-1.55429,-4437.30015812549,-0.910462498170858,-0.333308963247603
10384,-1.23132,-1.57602,31813.5699969812,-0.915346582365569,0.777752503916277
10484,-1.20363,-1.59727,95620.9786076679,-0.909485669429755,-0.111102085221656
10584,-1.17557,-1.61803,161910.314329914,-0.919253778306467,-0.999999999969833
10584,-1.14715,-1.6383,321633.054219157,-0.909485669429891,0.111102085282108
10684,-1.11839,-1.65808,465728.059069701,-0.915346582364624,-0.777752503855743
10684,-1.08928,-1.67734,562534.203290602,-0.910462498171255,0.333308963307532
10784,-1.05984,-1.6961,652488.616765124,-0.912416143750544,-0.555523964080908
10784,-1.03008,-1.71433,734564.773691562,-0.912416143751393,0.555523964158839
10884,-1,-1.73205,803033.639029407,-0.910462498170715,-0.333308963230315
10884,-0.969619,-1.74924,860646.846246631,-0.915346582365772,0.777752503931858
10984,-0.938943,-1.7659,1003788.12834653,-0.909485669429763,-0.111102085205032
11084,-0.907981,-1.78201,1163292.09350467,-0.919253778306154,-0.99999999995149
11084,-0.876742,-1.79759,1084396.39714843,-0.909485669429981,0.111102085301552
11184,-0.845237,-1.81262,927044.025065093,-0.915346582364332,-0.777752503835052
11184,-0.813473,-1.82709,474776.139153383,-0.910462498171421,0.333308963330044
11284,-0.781462,-1.84101,21587.9540287367,-0.912416143750289,-0.555523964056998
11284,-0.749213,-1.85437,-430639.457327813,-0.912416143751684,0.555523964183542
11384,-0.716736,-1.86716,-869642.023504146,-0.910462498170579,-0.333308963203316
11384,-0.68404,-1.87939,-1300635.18273527,-0.915346582366256,0.777752503962127
11484,-0.651136,-1.89104,-1766834.93282926,-0.9094856694297,-0.111102085173069
11584,-0.618034,-1.90211,-2242869.76402991,-0.919253778305473,-0.9999999999182
11584,-0.584743,-1.91261,-2566232.96088921,-0.909485669430035,0.111102085335111
11684,-0.551275,-1.92252,-2835987.36466982,-0.915346582363772,-0.777752503801188
11684,-0.517638,-1.93185,-2886318.06773846,-0.910462498171642,0.333308963364261
11784,-0.483844,-1.94059,-2896007.59995163,-0.912416143749915,-0.555523964021929
11784,-0.449902,-1.94874,-2843118.00852574,-0.912416143752077,0.555523964220183
11884,-0.415823,-1.9563,-2798101.15428342,-0.910462498170266,-0.33330896316818
11884,-0.381618,-1.96325,-2759632.08699017,-0.915346582366712,0.777752503993725
11984,-0.347296,-1.96962,-2665361.8451363,-0.909485669429565,-0.111102085145729
12084,-0.312869,-1.97538,-2559912.58679234,-0.919253778305011,-0.999999999895287
12084,-0.278346,-1.98054,-2328221.74844321,-0.909485669430107,0.111102085358526
12184,-0.243739,-1.98509,-2080742.45077676,-0.915346582363447,-0.777752503777644
12184,-0.209057,-1.98904,-1759305.67002943,-0.910462498171781,0.333308963386432
12284,-0.174311,-1.99239,-1448498.99264987,-0.912416143749663,-0.555523964001473
12284,-0.139513,-1.99513,-1152071.43315699,-0.912416143752267,0.555523964238395
12384,-0.104672,-1.99726,-903897.176456652,-0.910462498170238,-0.333308963148834
12384,-0.069799,-1.99878,-688331.327520545,-0.915346582367131,0.777752504016471
12484,-0.0349048,-1.9997,-520388.722497558,-0.909485669429557,-0.111102085121833
12584,-4.35203e-16,-2,-364737.975404235,-0.919253778304537,-0.999999999870803
12584,0.0349048,-1.9997,-274143.078938385,-0.909485669430058,0.111102085378513
12684,0.069799,-1.99878,-190632.573781225,-0.915346582363139,-0.777752503762792
12684,0.104672,-1.99726,-135370.774185207,-0.9104624981717,0.333308963393593
12784,0.139513,-1.99513,-73667.2851569562,-0.912416143749591,-0.555523964001403
12784,0.174311,-1.99239,-2170.76244090427,-0.912416143752134,0.555523964232273
12884,0.209057,-1.98904,84036.2729744001,-0.91046249817019,-0.333308963161724
12884,0.243739,-1.98509,179590.58199847,-0.915346582366752,0.777752503996427
12984,0.278346,-1.98054,279678.828322788,-0.909485669429543,-0.111102085145531
13084,0.312869,-1.97538,380118.962344929,-0.919253778305079,-0.999999999897294
13084,0.347296,-1.96962,477383.719290251,-0.909485669429971,0.111102085349981
13184,0.381618,-1.96325,573750.825568806,-0.915346582363621,-0.777752503792476
13184,0.415823,-1.9563,668659.816002003,-0.910462498171561,0.33330896336634
13284,0.449902,-1.94874,760759.604599036,-0.912416143749886,-0.555523964026324
13284,0.483844,-1.94059,848917.109542016,-0.912416143751904,0.555523964209538
13384,0.517638,-1.93185,924180.604098725,-0.910462498170363,-0.333308963182687
13384,0.551275,-1.92252,990800.368165538,-0.915346582366464,0.777752503976962
13484,0.584743,-1.91261,1029802.35938417,-0.909485669429569,-0.111102085165906
13584,0.618034,-1.90211,1062166.58175193,-0.919253778305519,-0.999999999919186
13584,0.651136,-1.89104,1062377.60325554,-0.909485669429928,0.111102085328226
13684,0.68404,-1.87939,1060050.47975795,-0.915346582363942,-0.777752503814258
13684,0.716736,-1.86716,1045523.32763591,-0.910462498171394,0.333308963343945
13784,0.749213,-1.85437,1032132.75116298,-0.912416143750121,-0.555523964050058
13784,0.781462,-1.84101,1020109.86331632,-0.91241614375158,0.555523964183364
13884,0.813473,-1.82709,1010988.75874124,-0.91046249817049,-0.333308963212306
13884,0.845237,-1.81262,1003771.49850293,-0.915346582365913,0.777752503943214
13984,0.876742,-1.79759,987453.766823123,-0.909485669429626,-0.1111020852007
14084,0.907981,-1.78201,968691.36026372,-0.919253778306215,-0.999999999954254
14084,0.938943,-1.7659,915821.331449911,-0.909485669429858,0.111102085292581
14184,0.969619,-1.74924,852890.84935238,-0.915346582364524,-0.777752503850263
14184,1,-1.73205,749513.560459756,-0.910462498171194,0.333308963308465
14284,1.03008,-1.71433,623664.175189985,-0.91241614375052,-0.55552396408445
14284,1.05984,-1.6961,463756.584454906,-0.912416143751235,0.55552396415093
14384,1.08928,-1.67734,270720.031394623,-0.910462498170724,-0.333308963242461
14384,1.11839,-1.65808,56491.6239773035,-0.915346582365498,0.777752503915531
14484,1.14715,-1.6383,-189870.52341902,-0.909485669429676,-0.111102085228531
14584,1.17557,-1.61803,-441993.73589531,-0.919253778306762,-0.999999999982903
14584,1.20363,-1.59727,-700511.352494928,-0.909485669429825,0.1111020852655
14684,1.23132,-1.57602,-951671.271971248,-0.91534658236492,-0.777752503876537
14684,1.25864,-1.55429,-1182426.60018736,-0.910462498170955,0.333308963280004
14784,1.28558,-1.53209,-1398329.49484011,-0.912416143750819,-0.555523964114867
14784,1.31212,-1.50942,-1593232.34704797,-0.912416143750872,0.555523964118932
14884,1.33826,-1.48629,-1762354.89828382,-0.910462498170903,-0.333308963276861
14884,1.364,-1.46271,-1913869.26590311,-0.915346582364901,0.777752503878194
14984,1.38932,-1.43868,-2018333.10131169,-0.909485669429939,-0.111102085257194
14984,1.41421,-1.41421,-2110649.46796425,-0.919253778307102,0.999999999999985
5850,1.43868,-1.38932,-2154076.50284211,0.909485669429985,-0.111102085260202
5849,1.46271,-1.364,-2192443.29200114,0.915346582364833,0.777752503871339
5849,1.48629,-1.33826,-2211257.56104303,0.910462498171102,-0.333308963290407
5848,1.50942,-1.31212,-2222578.02853348,0.91241614375073,0.555523964099018
5848,1.53209,-1.28558,-2222844.61821842,0.912416143751186,-0.555523964140576
5847,1.55429,-1.25864,-2213170.33440258,0.91046249817085,0.333308963247604
5847,1.57602,-1.23132,-2196605.11641957,0.91534658236556,-0.777752503916265
5846,1.59727,-1.20363,-2164735.91673897,0.909485669429786,0.111102085221649
5845,1.61803,-1.17557,-2128049.15127392,0.919253778306525,0.999999999969829
5845,1.6383,-1.14715,-2073779.43678769,0.909485669429914,-0.11110208528211
5844,1.65808,-1.11839,-2018000.23923775,0.915346582364627,0.777752503855747
5844,1.67734,-1.08928,-1962228.41678759,0.910462498171258,-0.333308963307527
5843,1.6961,-1.05984,-1905675.41592308,0.912416143750537,0.555523964080912
5843,1.71433,-1.03008,-1849208.68379486,0.912416143751378,-0.555523964158821
5842,1.73205,-1,-1783277.19802485,0.910462498170701,0.333308963230334
5842,1.74924,-0.969619,-1709996.34977992,0.915346582365767,-0.777752503931841
5841,1.7659,-0.938943,-1629947.04847318,0.909485669429766,0.111102085205045
5840,1.78201,-0.907981,-1545632.53835782,0.919253778306158,0.99999999995149
5840,1.79759,-0.876742,-1470272.60060937,0.909485669429983,-0.111102085301555
5839,1.81262,-0.845237,-1392515.95268113,0.915346582364319,0.777752503835052
5839,1.82709,-0.813473,-1316034.63953506,0.910462498171384,-0.333308963330046
5838,1.84101,-0.781462,-1233201.11976448,0.912416143750258,0.555523964056995
5838,1.85437,-0.749213,-1142749.36468631,0.91241614375167,-0.555523964183538
5837,1.86716,-0.716736,-1049848.26407504,0.91046249817059,0.333308963203332
5837,1.87939,-0.68404,-953888.311123651,0.915346582366259,-0.777752503962114
5836,1.89104,-0.651136,-869573.780304709,0.909485669429712,0.11110208517308
5835,1.90211,-0.618034,-784775.310638607,0.919253778305505,0.999999999918216
5835,1.91261,-0.584743,-718887.000790033,0.909485669430072,-0.111102085335106
5834,1.92252,-0.551275,-651935.403179332,0.915346582363824,0.777752503801191
5834,1.93185,-0.517638,-595037.883371396,0.910462498171638,-0.333308963364257
5833,1.94059,-0.483844,-540732.220590558,0.912416143749874,0.555523964021932
5833,1.94874,-0.449902,-492821.421627317,0.91241614375206,-0.555523964220175
5832,1.9563,-0.415823,-453335.639608528,0.910462498170272,0.333308963168192
5832,1.96325,-0.381618,-417677.980925167,0.915346582366721,-0.777752503993719
5831,1.96962,-0.347296,-392719.821069212,0.909485669429573,0.111102085145735
5830,1.97538,-0.312869,-366297.187486976,0.919253778305019,0.999999999895301
5830,1.98054,-0.278346,-346017.245669675,0.909485669430095,-0.11110208535852
5829,1.98509,-0.243739,-321435.678048237,0.915346582363408,0.777752503777643
5829,1.98904,-0.209057,-296525.60145297,0.910462498171767,-0.333308963386425
5828,1.99239,-0.174311,-269862.734507872,0.91241614374965,0.555523964001481
5828,1.99513,-0.139513,-243411.916524039,0.912416143752221,-0.555523964238393
5827,1.99726,-0.104672,-221066.148017846,0.910462498170182,0.333308963148836
5827,1.99878,-0.069799,-199597.453626858,0.915346582367075,-0.777752504016468
5826,1.9997,-0.0349048,-186871.523283173,0.909485669429527,0.111102085121839
