origElemNum,globCoord-x,globCoord-y,acouIntensity-x,acouIntensity-y,locCoord-xi,locCoord-eta
5825,2,-2.20442e-18,1.70944998783425e-07,2.06591776555829e-07,0.919253778304535,0.999999999870795
5825,1.9997,0.0349048,1.36984717985152e-07,1.87806171189663e-07,0.909485669430051,-0.11110208537854
5824,1.99878,0.069799,1.06682431096821e-07,1.72582863643518e-07,0.915346582363134,0.7777525037628
5824,1.99726,0.104672,7.99340717256269e-08,1.53085886418681e-07,0.910462498171695,-0.333308963393583
5823,1.99513,0.139513,5.67752996683687e-08,1.35487299687208e-07,0.912416143749585,0.555523964001403
5823,1.99239,0.174311,3.73896732107569e-08,1.15759907993088e-07,0.912416143752112,-0.555523964232293
5822,1.98904,0.209057,2.16209679654623e-08,9.67635839868779e-08,0.910462498170195,0.33330896316169
5822,1.98509,0.243739,9.66947943021375e-09,7.72544389993493e-08,0.915346582366752,-0.777752503996411
5821,1.98054,0.278346,1.43000176905669e-09,5.7802954857142e-08,0.909485669429537,0.111102085145532
5820,1.97538,0.312869,-3.02127951288779e-09,3.88070805113897e-08,0.91925377830504,0.999999999897275
5820,1.96962,0.347296,-3.69558109624415e-09,2.0054088938915e-08,0.909485669429959,-0.111102085350008
5819,1.96325,0.381618,-6.46619082085005e-10,2.18584003768855e-09,0.915346582363608,0.777752503792493
5819,1.9563,0.415823,6.17817947837144e-09,-1.49747183276826e-08,0.910462498171543,-0.333308963366333
5818,1.94874,0.449902,1.66022107493613e-08,-3.07172967504316e-08,0.912416143749872,0.555523964026318
5818,1.94059,0.483844,3.0837520678538e-08,-4.58480895970435e-08,0.912416143751876,-0.555523964209557
5817,1.93185,0.517638,4.84136958132802e-08,-5.84780739797254e-08,0.910462498170338,0.333308963182653
5817,1.92252,0.551275,6.99000123310566e-08,-7.11144582046029e-08,0.915346582366455,-0.777752503976955
5816,1.91261,0.584743,9.42108058696243e-08,-7.9618433567063e-08,0.909485669429567,0.111102085165898
5815,1.90211,0.618034,1.21321392039766e-07,-8.52272816891241e-08,0.919253778305533,0.999999999919169
5815,1.89104,0.651136,1.53151787383567e-07,-9.27812018220751e-08,0.909485669429933,-0.111102085328256
5814,1.87939,0.68404,1.86080365043072e-07,-9.29192448926298e-08,0.915346582363941,0.777752503814277
5814,1.86716,0.716736,2.24342504750846e-07,-9.67740877576933e-08,0.910462498171402,-0.333308963343933
5813,1.85437,0.749213,2.62425766319e-07,-9.06206324737924e-08,0.912416143750119,0.555523964050056
5813,1.84101,0.781462,3.06695208668776e-07,-9.04567120473202e-08,0.912416143751575,-0.555523964183394
5812,1.82709,0.813473,3.49077400279103e-07,-7.73160706201526e-08,0.910462498170486,0.333308963212263
5812,1.81262,0.845237,3.98790970551185e-07,-7.28615276505612e-08,0.915346582365915,-0.777752503943209
5811,1.79759,0.876742,4.44409609687175e-07,-5.2205741188377e-08,0.909485669429635,0.111102085200681
5810,1.78201,0.907981,4.9063807156424e-07,-2.71046218227075e-08,0.919253778306195,0.999999999954235
5810,1.7659,0.938943,5.46587014569399e-07,-1.47500242232251e-08,0.909485669429844,-0.111102085292603
5809,1.74924,0.969619,5.94292473898145e-07,1.83576186559521e-08,0.915346582364538,0.777752503850291
5809,1.73205,1,6.53761153103695e-07,3.53566021518194e-08,0.910462498171199,-0.333308963308445
5808,1.71433,1.03008,7.01738252270851e-07,7.66008226880102e-08,0.912416143750526,0.555523964084446
5808,1.6961,1.05984,7.63936430636505e-07,9.81660617773808e-08,0.912416143751246,-0.555523964150953
5807,1.67734,1.08928,8.10777939358255e-07,1.474086312411e-07,0.910462498170725,0.333308963242434
5807,1.65808,1.11839,8.74700888721522e-07,1.73311390777739e-07,0.915346582365508,-0.777752503915519
5806,1.6383,1.14715,9.19045159511395e-07,2.30125715250246e-07,0.909485669429676,0.11110208522853
5805,1.61803,1.17557,9.61361558956015e-07,2.91088517161534e-07,0.919253778306765,0.999999999982884
5805,1.59727,1.20363,1.02438430455513e-06,3.23888692093814e-07,0.909485669429817,-0.111102085265541
5804,1.57602,1.23132,1.06232110260372e-06,3.91408812823958e-07,0.9153465823649,0.777752503876539
5804,1.55429,1.25864,1.12459702108821e-06,4.27426889335279e-07,0.910462498170939,-0.333308963279996
5803,1.53209,1.28558,1.15708065925843e-06,5.00569453147768e-07,0.912416143750815,0.555523964114853
5803,1.50942,1.31212,1.2180292687986e-06,5.39365537928903e-07,0.91241614375085,-0.555523964118972
5802,1.48629,1.33826,1.24438337080629e-06,6.17359525389286e-07,0.910462498170897,0.333308963276791
5802,1.46271,1.364,1.30361888926105e-06,6.58560408089157e-07,0.915346582364929,-0.77775250387822
5801,1.43868,1.38932,1.32336297358647e-06,7.40853022717031e-07,0.909485669429954,0.111102085257182
5801,1.41421,1.41421,1.38066640119512e-06,7.84167399837163e-07,0.919253778307104,-0.999999999999994
850,1.38932,1.43868,1.39358846068875e-06,8.70370767189923e-07,0.909485669429991,-0.111102085260227
849,1.364,1.46271,1.40258823370401e-06,9.58604536678592e-07,0.915346582364834,0.777752503871359
849,1.33826,1.48629,1.45487205564725e-06,1.00535569463856e-06,0.910462498171096,-0.333308963290402
848,1.31212,1.50942,1.45676667338466e-06,1.09685443493459e-06,0.912416143750729,0.555523964099008
848,1.28558,1.53209,1.50715672267544e-06,1.14539391298476e-06,0.912416143751184,-0.555523964140596
847,1.25864,1.55429,1.50197234980336e-06,1.24001963058614e-06,0.910462498170846,0.333308963247574
847,1.23132,1.57602,1.550589312826e-06,1.29038703629396e-06,0.915346582365554,-0.777752503916259
846,1.20363,1.59727,1.53844464971636e-06,1.38818028484652e-06,0.90948566942978,0.111102085221654
845,1.17557,1.61803,1.52144377377386e-06,1.4870260305112e-06,0.919253778306528,0.999999999969813
845,1.14715,1.6383,1.56666778637312e-06,1.54186803942721e-06,0.909485669429915,-0.111102085282135
844,1.11839,1.65808,1.5427880553988e-06,1.64430278438513e-06,0.915346582364625,0.777752503855763
844,1.08928,1.67734,1.58714330313276e-06,1.70207638234585e-06,0.910462498171253,-0.333308963307521
843,1.05984,1.6961,1.55626661513604e-06,1.80864660368521e-06,0.912416143750542,0.555523964080906
843,1.03008,1.71433,1.59975842125883e-06,1.86954462061931e-06,0.912416143751377,-0.555523964158847
842,1,1.73205,1.56176213379782e-06,1.98061908075134e-06,0.910462498170698,0.333308963230309
842,0.969619,1.74924,1.60457493571524e-06,2.04511883924469e-06,0.915346582365766,-0.777752503931825
841,0.938943,1.7659,1.55920604709069e-06,2.16107967090617e-06,0.909485669429764,0.111102085205048
840,0.907981,1.78201,1.50712070161962e-06,2.2773202829611e-06,0.919253778306164,0.99999999995148
840,0.876742,1.79759,1.54794758518749e-06,2.35019556505929e-06,0.909485669429979,-0.11110208530158
839,0.845237,1.81262,1.48751444398183e-06,2.47095588096056e-06,0.91534658236432,0.777752503835068
839,0.813473,1.82709,1.52710315014529e-06,2.54766080304357e-06,0.91046249817139,-0.33330896333004
838,0.781462,1.84101,1.45757284134558e-06,2.67253834619462e-06,0.912416143750255,0.555523964056983
838,0.749213,1.85437,1.4955475299779e-06,2.75274024697541e-06,0.912416143751674,-0.555523964183563
837,0.716736,1.86716,1.41608519797522e-06,2.88096637140081e-06,0.910462498170584,0.333308963203304
837,0.68404,1.87939,1.4520188731498e-06,2.96410924219829e-06,0.915346582366261,-0.777752503962098
836,0.651136,1.89104,1.36197556978417e-06,3.0946092204385e-06,0.909485669429719,0.111102085173086
835,0.618034,1.90211,1.26366603177402e-06,3.22295796761224e-06,0.919253778305509,0.999999999918205
835,0.584743,1.91261,1.29417072462251e-06,3.31144959877703e-06,0.909485669430073,-0.111102085335132
834,0.551275,1.92252,1.18442765786804e-06,3.43968473677803e-06,0.915346582363819,0.777752503801204
834,0.517638,1.93185,1.21162677837197e-06,3.52841674900959e-06,0.910462498171637,-0.333308963364254
833,0.483844,1.94059,1.09008497534312e-06,3.6542708077331e-06,0.912416143749877,0.55552396402192
833,0.449902,1.94874,1.11368510675811e-06,3.74194849970991e-06,0.91241614375206,-0.555523964220202
832,0.415823,1.9563,9.80143775303545e-07,3.86297952088065e-06,0.910462498170279,0.333308963168166
832,0.381618,1.96325,9.99897172922979e-07,3.94793424534026e-06,0.915346582366717,-0.777752503993703
831,0.347296,1.96962,8.54604867442741e-07,4.06116214613437e-06,0.909485669429573,0.111102085145737
830,0.312869,1.97538,7.0238951896143e-07,4.16816082588164e-06,0.919253778305012,0.99999999989529
830,0.278346,1.98054,7.14007551395525e-07,4.24406028456261e-06,0.909485669430091,-0.111102085358547
829,0.243739,1.98509,5.51624098280017e-07,4.33931403366016e-06,0.915346582363415,0.77775250377766
829,0.209057,1.98904,5.59671794790428e-07,4.40754537558285e-06,0.910462498171767,-0.333308963386422
828,0.174311,1.99239,3.88438737723566e-07,4.48866590562337e-06,0.912416143749651,0.55552396400147
828,0.139513,1.99513,3.93349312268042e-07,4.54776660997702e-06,0.912416143752224,-0.555523964238419
827,0.104672,1.99726,2.14886465492565e-07,4.61246049809449e-06,0.910462498170184,0.33330896314881
827,0.069799,1.99878,2.17244634933948e-07,4.66127592782629e-06,0.915346582367074,-0.777752504016452
826,0.0349048,1.9997,3.35396387510681e-08,4.70791036589413e-06,0.909485669429527,0.111102085121841
825,1.27747e-16,2,-1.51952994593864e-07,4.74578999793189e-06,0.919253778304535,0.999999999870799
825,-0.0349048,1.9997,-1.52748307941525e-07,4.77326923460454e-06,0.909485669430051,-0.111102085378537
824,-0.069799,1.99878,-3.40246993987681e-07,4.79190567280997e-06,0.915346582363134,0.777752503762801
824,-0.104672,1.99726,-3.41297562906901e-07,4.80762890422332e-06,0.910462498171695,-0.333308963393583
823,-0.139513,1.99513,-5.28663847019005e-07,4.80685567274742e-06,0.912416143749585,0.555523964001401
823,-0.174311,1.99239,-5.29203442139798e-07,4.81107784061649e-06,0.912416143752112,-0.555523964232297
822,-0.209057,1.98904,-7.14460984974926e-07,4.79135769413597e-06,0.910462498170195,0.333308963161685
822,-0.243739,1.98509,-7.13805066181946e-07,4.78477473476178e-06,0.915346582366744,-0.777752503996403
821,-0.278346,1.98054,-8.95254126385973e-07,4.74725753550897e-06,0.909485669429538,0.111102085145537
820,-0.312869,1.97538,-1.07400143894998e-06,4.70219788866092e-06,0.919253778305041,0.999999999897278
820,-0.347296,1.96962,-1.06900074022498e-06,4.67684173379601e-06,0.90948566942996,-0.111102085350006
819,-0.381618,1.96325,-1.24172217802898e-06,4.61593468901214e-06,0.915346582363608,0.777752503792493
819,-0.415823,1.9563,-1.23396376097145e-06,4.58260035067344e-06,0.910462498171543,-0.333308963366333
818,-0.449902,1.94874,-1.39973282490463e-06,4.50767281690031e-06,0.912416143749872,0.555523964026316
818,-0.483844,1.94059,-1.38905955150977e-06,4.46788090365789e-06,0.912416143751875,-0.555523964209561
817,-0.517638,1.93185,-1.54716072437438e-06,4.38108417999567e-06,0.910462498170336,0.333308963182646
817,-0.551275,1.92252,-1.5335011709831e-06,4.33616839880234e-06,0.915346582366457,-0.777752503976948
816,-0.584743,1.91261,-1.68361782137431e-06,4.23911959761934e-06,0.909485669429562,0.111102085165907
815,-0.618034,1.90211,-1.82913956523321e-06,4.13720153789611e-06,0.919253778305526,0.999999999919175
815,-0.651136,1.89104,-1.80863888728528e-06,4.08455348550653e-06,0.909485669429935,-0.111102085328253
814,-0.68404,1.87939,-1.94560183371135e-06,3.9750224464941e-06,0.915346582363941,0.777752503814277
814,-0.716736,1.86716,-1.92216396099875e-06,3.9202277941162e-06,0.910462498171402,-0.333308963343933
813,-0.749213,1.85437,-2.05051130672147e-06,3.80435281324528e-06,0.912416143750117,0.555523964050053
813,-0.781462,1.84101,-2.02413917205036e-06,3.74790864443018e-06,0.912416143751584,-0.555523964183396
812,-0.813473,1.82709,-2.14358564382371e-06,3.62689867699464e-06,0.910462498170484,0.33330896321226
812,-0.845237,1.81262,-2.11443749277903e-06,3.56951552369308e-06,0.91534658236591,-0.7777525039432
811,-0.876742,1.79759,-2.22500226175346e-06,3.44445726495548e-06,0.909485669429639,0.111102085200672
810,-0.907981,1.78201,-2.33029523427988e-06,3.31666265243541e-06,0.919253778306197,0.999999999954239
810,-0.938943,1.7659,-2.29481918526998e-06,3.25821092091678e-06,0.909485669429848,-0.111102085292613
809,-0.969619,1.74924,-2.39102941596943e-06,3.12759086434722e-06,0.915346582364533,0.777752503850298
809,-1,1.73205,-2.35295620616154e-06,3.06927534862108e-06,0.910462498171205,-0.333308963308436
808,-1.03008,1.71433,-2.44003844588716e-06,2.93660408457211e-06,0.912416143750522,0.55552396408444
808,-1.05984,1.6961,-2.39938960574591e-06,2.87860736779613e-06,0.912416143751243,-0.555523964150944
807,-1.08928,1.67734,-2.47706079232659e-06,2.74425338264632e-06,0.910462498170733,0.33330896324243
807,-1.11839,1.65808,-2.4334895009304e-06,2.68630754775395e-06,0.915346582365511,-0.777752503915504
806,-1.14715,1.6383,-2.50153526085176e-06,2.55106366179892e-06,0.909485669429678,0.11110208522852
805,-1.17557,1.61803,-2.56381323643816e-06,2.41492466181032e-06,0.91925377830677,0.999999999982889
805,-1.20363,1.59727,-2.51389816956634e-06,2.35809071803205e-06,0.909485669429819,-0.111102085265551
804,-1.23132,1.57602,-2.56655243425321e-06,2.22190336027754e-06,0.915346582364893,0.777752503876544
804,-1.25864,1.55429,-2.51370155415598e-06,2.165664584565e-06,0.910462498170937,-0.333308963279986
803,-1.28558,1.53209,-2.5563679717292e-06,2.03003810667305e-06,0.912416143750809,0.555523964114847
803,-1.31212,1.50942,-2.50076011491705e-06,1.97473205751221e-06,0.912416143750849,-0.555523964118962
802,-1.33826,1.48629,-2.53348848723795e-06,1.84046036519319e-06,0.910462498170897,0.333308963276791
802,-1.364,1.46271,-2.47512042537286e-06,1.7862382125367e-06,0.915346582364928,-0.77775250387821
801,-1.38932,1.43868,-2.49794654358478e-06,1.65381150425179e-06,0.909485669429954,0.111102085257172
801,-1.41421,1.41421,-2.43679208167007e-06,1.60080620125579e-06,0.919253778307104,-0.999999999999994
15850,-1.43868,1.38932,-2.44994357804899e-06,1.4710004904308e-06,0.909485669429991,-0.111102085260237
15849,-1.46271,1.364,-2.45738672318358e-06,1.34295608529577e-06,0.915346582364828,0.777752503871364
15849,-1.48629,1.33826,-2.38976674202426e-06,1.29303972685653e-06,0.910462498171103,-0.333308963290387
15848,-1.50942,1.31212,-2.38776643341897e-06,1.16877933341637e-06,0.912416143750729,0.555523964099008
15848,-1.53209,1.28558,-2.31784677823788e-06,1.12087378307649e-06,0.912416143751185,-0.555523964140586
15847,-1.55429,1.25864,-2.30689754525795e-06,1.00107605862853e-06,0.910462498170851,0.333308963247569
15847,-1.57602,1.23132,-2.23496808441857e-06,9.55459052222303e-07,0.915346582365555,-0.777752503916249
15846,-1.59727,1.20363,-2.21539224321653e-06,8.40754026617665e-07,0.909485669429784,0.111102085221639
15845,-1.61803,1.17557,-2.19111321757774e-06,7.2944445824869e-07,0.919253778306531,0.999999999969823
15845,-1.6383,1.14715,-2.11403282033562e-06,6.8885033306166e-07,0.909485669429917,-0.111102085282151
15844,-1.65808,1.11839,-2.08221968951317e-06,5.83901554729938e-07,0.915346582364627,0.777752503855772
15844,-1.67734,1.08928,-2.00418515477667e-06,5.46396621819762e-07,0.910462498171251,-0.333308963307506
15843,-1.6961,1.05984,-1.9655329995422e-06,4.48118807064638e-07,0.912416143750542,0.555523964080906
15843,-1.71433,1.03008,-1.8865101786944e-06,4.13744856532784e-07,0.912416143751375,-0.555523964158831
15842,-1.73205,1,-1.84161281477646e-06,3.22717857743549e-07,0.910462498170697,0.333308963230296
15842,-1.74924,0.969619,-1.76251997459055e-06,2.9180557936538e-07,0.915346582365764,-0.777752503931822
15841,-1.7659,0.938943,-1.71243120597201e-06,2.08506760482821e-07,0.909485669429762,0.111102085205035
15840,-1.78201,0.907981,-1.65988507846999e-06,1.29772929804301e-07,0.919253778306162,0.999999999951483
15840,-1.79759,0.876742,-1.57919379921799e-06,1.05891369407123e-07,0.909485669429984,-0.111102085301589
15839,-1.81262,0.845237,-1.52272952384955e-06,3.53703723996369e-08,0.915346582364318,0.777752503835071
15839,-1.82709,0.813473,-1.44323994984736e-06,1.52840568044384e-08,0.910462498171391,-0.333308963330024
15838,-1.84101,0.781462,-1.38386624045088e-06,-4.68911795872409e-08,0.912416143750253,0.555523964056986
15838,-1.85437,0.749213,-1.30610744189176e-06,-6.31559448850866e-08,0.912416143751674,-0.555523964183544
15837,-1.86716,0.716736,-1.24474127318771e-06,-1.16983374824112e-07,0.910462498170589,0.333308963203294
15837,-1.87939,0.68404,-1.16912957931408e-06,-1.29461662479727e-07,0.915346582366259,-0.777752503962095
15836,-1.89104,0.651136,-1.10675162498522e-06,-1.74823538079668e-07,0.909485669429715,0.111102085173074
15835,-1.90211,0.618034,-1.04435622253229e-06,-2.15547226308451e-07,0.919253778305508,0.999999999918209
15835,-1.91261,0.584743,-9.71625676121171e-07,-2.20651632760202e-07,0.909485669430068,-0.111102085335144
15834,-1.92252,0.551275,-9.09745053297392e-07,-2.53230144002467e-07,0.915346582363818,0.777752503801208
15834,-1.93185,0.517638,-8.40581546033805e-07,-2.54792340903389e-07,0.910462498171639,-0.333308963364235
15833,-1.94059,0.483844,-7.80010902562101e-07,-2.79426841892663e-07,0.912416143749876,0.555523964021923
15833,-1.94874,0.449902,-7.15058474353621e-07,-2.77648172607911e-07,0.912416143752063,-0.555523964220183
15832,-1.9563,0.415823,-6.56789773433422e-07,-2.94857117167235e-07,0.910462498170272,0.333308963168156
15832,-1.96325,0.381618,-5.96394030755964e-07,-2.89966627773457e-07,0.915346582366716,-0.7777525039937
15831,-1.96962,0.347296,-5.4109272533499e-07,-3.00155554261233e-07,0.909485669429575,0.111102085145728
15830,-1.97538,0.312869,-4.87829999383135e-07,-3.06864493789145e-07,0.91925377830502,0.999999999895294
15830,-1.98054,0.278346,-4.33961015391681e-07,-2.96134817697538e-07,0.909485669430092,-0.111102085358556
15829,-1.98509,0.243739,-3.84818128055642e-07,-2.96758463311448e-07,0.915346582363415,0.777752503777664
15829,-1.98904,0.209057,-3.36631938826787e-07,-2.83769589378086e-07,0.910462498171765,-0.333308963386404
15828,-1.99239,0.174311,-2.92340146581884e-07,-2.79025007858274e-07,0.912416143749651,0.555523964001473
15828,-1.99513,0.139513,-2.50043302904967e-07,-2.64088655220236e-07,0.912416143752222,-0.5555239642384
15827,-1.99726,0.104672,-2.11099730726837e-07,-2.54681142786285e-07,0.910462498170184,0.3333089631488
15827,-1.99878,0.069799,-1.74911727522452e-07,-2.38156456307886e-07,0.915346582367074,-0.777752504016448
15826,-1.9997,0.0349048,-1.41806958231506e-07,-2.24878984361697e-07,0.909485669429527,0.111102085121831
15825,-2,2.46315e-16,-1.11943301849005e-07,-2.10079373508856e-07,0.919253778304535,0.999999999870803
15825,-1.9997,-0.0349048,-8.50574731141171e-08,-1.90836346351483e-07,0.909485669430051,-0.111102085378547
15824,-1.99878,-0.069799,-6.15328258191541e-08,-1.73518864772859e-07,0.915346582363134,0.777752503762804
15824,-1.99726,-0.104672,-4.12598046058493e-08,-1.53879393064368e-07,0.910462498171696,-0.333308963393566
15823,-1.99513,-0.139513,-2.42950730110586e-08,-1.34898062692167e-07,0.912416143749586,0.555523964001405
15823,-1.99239,-0.174311,-1.06732308959172e-08,-1.15244057738646e-07,0.912416143752114,-0.555523964232279
15822,-1.98904,-0.209057,-4.0275408137398e-10,-9.54616534950851e-08,0.910462498170195,0.333308963161688
15822,-1.98509,-0.243739,6.55750580018758e-09,-7.62297303957034e-08,0.915346582366744,-0.7777525039964
15821,-1.98054,-0.278346,1.01002838110981e-08,-5.6600551303837e-08,0.909485669429545,0.111102085145526
15820,-1.97538,-0.312869,1.03894998643231e-08,-3.77932238155045e-08,0.919253778305042,0.999999999897283
15820,-1.96962,-0.347296,7.34857343300696e-09,-1.9625851184372e-08,0.909485669429957,-0.111102085350017
15819,-1.96325,-0.381618,1.10824097479044e-09,-2.29630887940856e-09,0.915346582363609,0.777752503792499
15819,-1.9563,-0.415823,-8.4591896995999e-09,1.42837510595202e-08,0.910462498171549,-0.333308963366345
15818,-1.94874,-0.449902,-2.10462084984859e-08,2.92614898048809e-08,0.912416143749872,0.555523964026319
15818,-1.94059,-0.483844,-3.69478854350622e-08,4.38094122720261e-08,0.91241614375188,-0.555523964209544
15817,-1.93185,-0.517638,-5.55370816224837e-08,5.55344969275534e-08,0.910462498170337,0.33330896318265
15817,-1.92252,-0.551275,-7.75189677441153e-08,6.7669837793202e-08,0.915346582366458,-0.777752503976945
15816,-1.91261,-0.584743,-1.01750604159218e-07,7.53936416135284e-08,0.909485669429567,0.111102085165898
15815,-1.90211,-0.618034,-1.2813899624703e-07,8.02414419337354e-08,0.919253778305528,0.999999999919178
15815,-1.89104,-0.651136,-1.58975954217093e-07,8.77438144500341e-08,0.90948566942994,-0.111102085328262
15814,-1.87939,-0.68404,-1.90092544795936e-07,8.74037594840562e-08,0.915346582363942,0.77775250381428
15814,-1.86716,-0.716736,-2.26269668825505e-07,9.15404397711284e-08,0.910462498171397,-0.333308963343943
15813,-1.85437,-0.749213,-2.61579487258389e-07,8.54166479944968e-08,0.912416143750119,0.555523964050056
15813,-1.84101,-0.781462,-3.028330392261e-07,8.59377662601874e-08,0.912416143751582,-0.555523964183381
15812,-1.82709,-0.813473,-3.41710282093467e-07,7.33940038558402e-08,0.910462498170486,0.333308963212263
15812,-1.81262,-0.845237,-3.87612174152696e-07,7.00618871625223e-08,0.915346582365912,-0.777752503943197
15811,-1.79759,-0.876742,-4.29337195159961e-07,5.0602166565286e-08,0.909485669429641,0.111102085200675
15810,-1.78201,-0.907981,-4.7124644589174e-07,2.70021798631547e-08,0.919253778306197,0.999999999954239
15810,-1.7659,-0.938943,-5.23381082193359e-07,1.64232108476045e-08,0.90948566942985,-0.11110208529261
15809,-1.74924,-0.969619,-5.66912921666623e-07,-1.47292594100209e-08,0.915346582364535,0.777752503850301
15809,-1.73205,-1,-6.22583179949798e-07,-2.97230478621087e-08,0.9104624981712,-0.333308963308458
15808,-1.71433,-1.03008,-6.66844152172618e-07,-6.87207414828607e-08,0.912416143750526,0.555523964084446
15808,-1.6961,-1.05984,-7.25544116796018e-07,-8.82150130916503e-08,0.912416143751243,-0.555523964150944
15807,-1.67734,-1.08928,-7.69853211290836e-07,-1.35315371993047e-07,0.910462498170725,0.333308963242434
15807,-1.65808,-1.11839,-8.31497895544178e-07,-1.59453910675231e-07,0.915346582365503,-0.7777525039155
15806,-1.6383,-1.14715,-8.74855057141823e-07,-2.14884837246459e-07,0.90948566942967,0.111102085228524
15805,-1.61803,-1.17557,-9.16009056404232e-07,-2.74706430840051e-07,0.919253778306763,0.999999999982893
15805,-1.59727,-1.20363,-9.80119163487081e-07,-3.07254105877378e-07,0.909485669429812,-0.111102085265547
15804,-1.57602,-1.23132,-1.01894897732713e-06,-3.75245393904923e-07,0.915346582364898,0.777752503876549
15804,-1.55429,-1.25864,-1.08461017102299e-06,-4.12488317767694e-07,0.910462498170935,-0.333308963280012
15803,-1.53209,-1.28558,-1.12028229083348e-06,-4.88721551999325e-07,0.912416143750815,0.555523964114853
15803,-1.50942,-1.31212,-1.18685437408449e-06,-5.30488115338018e-07,0.912416143750855,-0.555523964118957
15802,-1.48629,-1.33826,-1.21834343213883e-06,-6.14733272831337e-07,0.910462498170897,0.333308963276791
15802,-1.46271,-1.364,-1.28541001806091e-06,-6.60906815902642e-07,0.915346582364928,-0.77775250387821
15801,-1.43868,-1.38932,-1.31199089532011e-06,-7.52878016999793e-07,0.909485669429954,0.111102085257172
15801,-1.41421,-1.41421,-1.37919328708288e-06,-8.03345971708299e-07,0.919253778307098,-0.999999999999989
10084,-1.38932,-1.43868,-1.39987983963431e-06,-9.02595433899932e-07,-0.909485669429983,0.111102085260242
10184,-1.364,-1.46271,-1.41556576967335e-06,-1.00518197857212e-06,-0.915346582364814,-0.777752503871363
10184,-1.33826,-1.48629,-1.48071798865936e-06,-1.06325192074854e-06,-0.910462498171062,0.333308963290425
10284,-1.31212,-1.50942,-1.48935530221898e-06,-1.17241925589632e-06,-0.912416143750702,-0.555523964098991
10284,-1.28558,-1.53209,-1.55335098838026e-06,-1.23408675448276e-06,-0.912416143751175,0.55552396414059
10384,-1.25864,-1.55429,-1.55417264835239e-06,-1.34908347449881e-06,-0.910462498170858,-0.333308963247603
10384,-1.23132,-1.57602,-1.61656966805905e-06,-1.41397749238709e-06,-0.915346582365569,0.777752503916277
10484,-1.20363,-1.59727,-1.60900636850055e-06,-1.53425425215404e-06,-0.909485669429755,-0.111102085221656
10584,-1.17557,-1.61803,-1.59505860477483e-06,-1.65640964122389e-06,-0.919253778306467,-0.999999999969833
10584,-1.14715,-1.6383,-1.65277815204231e-06,-1.7269871476235e-06,-0.909485669429891,0.111102085282108
10684,-1.11839,-1.65808,-1.62917231279898e-06,-1.85303455586476e-06,-0.915346582364624,-0.777752503855743
10684,-1.08928,-1.67734,-1.68420866224143e-06,-1.92561219907207e-06,-0.910462498171255,0.333308963307532
10784,-1.05984,-1.6961,-1.65076285754846e-06,-2.05458541794719e-06,-0.912416143750544,-0.555523964080908
10784,-1.03008,-1.71433,-1.70325789861286e-06,-2.12924939888171e-06,-0.912416143751393,0.555523964158839
10884,-1,-1.73205,-1.65945105606164e-06,-2.26043873379958e-06,-0.910462498170715,-0.333308963230315
10884,-0.969619,-1.74924,-1.70872388736336e-06,-2.33615168880369e-06,-0.915346582365772,0.777752503931858
10984,-0.938943,-1.7659,-1.65400281306021e-06,-2.46821770834781e-06,-0.909485669429763,-0.111102085205032
11084,-0.907981,-1.78201,-1.59210080853508e-06,-2.59940689168676e-06,-0.919253778306154,-0.99999999995149
11084,-0.876742,-1.79759,-1.6341073377538e-06,-2.67643289586557e-06,-0.909485669429981,0.111102085301552
11184,-0.845237,-1.81262,-1.56097525016901e-06,-2.80690253075479e-06,-0.915346582364332,-0.777752503835052
11184,-0.813473,-1.82709,-1.59928207209264e-06,-2.88339488770803e-06,-0.910462498171421,0.333308963330044
11284,-0.781462,-1.84101,-1.51484940504069e-06,-3.01174050452576e-06,-0.912416143750289,-0.555523964056998
11284,-0.749213,-1.85437,-1.54930330162657e-06,-3.08695889514456e-06,-0.912416143751684,0.555523964183542
11384,-0.716736,-1.86716,-1.45371280776598e-06,-3.21191792592326e-06,-0.910462498170579,-0.333308963203316
11384,-0.68404,-1.87939,-1.48433712213647e-06,-3.28537179955801e-06,-0.915346582366256,0.777752503962127
11484,-0.651136,-1.89104,-1.37742693716133e-06,-3.40560140465055e-06,-0.9094856694297,-0.111102085173069
11584,-0.618034,-1.90211,-1.26370973140878e-06,-3.52186835603439e-06,-0.919253778305473,-0.9999999999182
11584,-0.584743,-1.91261,-1.28623621040754e-06,-3.59015433564308e-06,-0.909485669430035,0.111102085335111
11684,-0.551275,-1.92252,-1.16187837324505e-06,-3.69944671946825e-06,-0.915346582363772,-0.777752503801188
11684,-0.517638,-1.93185,-1.18073333439488e-06,-3.76393209948437e-06,-0.910462498171642,0.333308963364261
11784,-0.483844,-1.94059,-1.04612851458544e-06,-3.86524533580178e-06,-0.912416143749915,-0.555523964021929
11784,-0.449902,-1.94874,-1.06135607485183e-06,-3.9247914687383e-06,-0.912416143752077,0.555523964220183
11884,-0.415823,-1.9563,-9.17416286858001e-07,-4.01657438121336e-06,-0.910462498170266,-0.33330896316818
11884,-0.381618,-1.96325,-9.29318580943445e-07,-4.07072122268462e-06,-0.915346582366712,0.777752503993725
11984,-0.347296,-1.96962,-7.76863316578971e-07,-4.15230418879267e-06,-0.909485669429565,-0.111102085145729
12084,-0.312869,-1.97538,-6.19650182132287e-07,-4.22717534532736e-06,-0.919253778305011,-0.999999999895287
12084,-0.278346,-1.98054,-6.25900385230624e-07,-4.27138855755966e-06,-0.909485669430107,0.111102085358526
12184,-0.243739,-1.98509,-4.61793017528626e-07,-4.33467272604025e-06,-0.915346582363447,-0.777752503777644
12184,-0.209057,-1.98904,-4.65789209881547e-07,-4.3721302601701e-06,-0.910462498171781,0.333308963386432
12284,-0.174311,-1.99239,-2.95885089142734e-07,-4.42292447403127e-06,-0.912416143749663,-0.555523964001473
12284,-0.139513,-1.99513,-2.98100843112243e-07,-4.45366820152286e-06,-0.912416143752267,0.555523964238395
12384,-0.104672,-1.99726,-1.23692722830031e-07,-4.4918475939477e-06,-0.910462498170238,-0.333308963148834
12384,-0.069799,-1.99878,-1.24585032906365e-07,-4.51587451022674e-06,-0.915346582367131,0.777752504016471
12484,-0.0349048,-1.9997,5.30778943496143e-08,-4.54127069330095e-06,-0.909485669429557,-0.111102085121833
12584,-4.35203e-16,-2,2.32287740510431e-07,-4.55853671326596e-06,-0.919253778304537,-0.999999999870803
12584,0.0349048,-1.9997,2.32849492110602e-07,-4.57123605394331e-06,-0.909485669430058,0.111102085378513
12684,0.069799,-1.99878,4.13013543405405e-07,-4.57583459053498e-06,-0.915346582363139,-0.777752503762792
12684,0.104672,-1.99726,4.13597805461998e-07,-4.58218891518148e-06,-0.9104624981717,0.333308963393593
12784,0.139513,-1.99513,5.93632946650922e-07,-4.57454923142143e-06,-0.912416143749591,-0.555523964001403
12784,0.174311,-1.99239,5.93883000771122e-07,-4.57514479175954e-06,-0.912416143752134,0.555523964232273
12884,0.209057,-1.98904,7.72716646796152e-07,-4.55595565371391e-06,-0.91046249817019,-0.333308963161724
12884,0.243739,-1.98509,7.72298017826153e-07,-4.55115270797306e-06,-0.915346582366752,0.777752503996427
12984,0.278346,-1.98054,9.48785936864165e-07,-4.52085164864837e-06,-0.909485669429543,-0.111102085145531
13084,0.312869,-1.97538,1.12301629673864e-06,-4.48306645748738e-06,-0.919253778305079,-0.999999999897294
13084,0.347296,-1.96962,1.12063005096275e-06,-4.47041195271152e-06,-0.909485669429971,0.111102085349981
13184,0.381618,-1.96325,1.29120893498979e-06,-4.42283709097384e-06,-0.915346582363621,-0.777752503792476
13184,0.415823,-1.9563,1.28741358586278e-06,-4.40603233857492e-06,-0.910462498171561,0.33330896336634
13284,0.449902,-1.94874,1.45353549674322e-06,-4.34908276432797e-06,-0.912416143749886,-0.555523964026324
13284,0.483844,-1.94059,1.44801862422444e-06,-4.32809424454187e-06,-0.912416143751904,0.555523964209538
13384,0.517638,-1.93185,1.60892898917605e-06,-4.26185439363615e-06,-0.910462498170363,-0.333308963182687
13384,0.551275,-1.92252,1.60139049705888e-06,-4.23672395320341e-06,-0.915346582366464,0.777752503976962
13484,0.584743,-1.91261,1.75621131762837e-06,-4.16177049660118e-06,-0.909485669429569,-0.111102085165906
13584,0.618034,-1.90211,1.90674983084919e-06,-4.08090338446997e-06,-0.919253778305519,-0.999999999919186
13584,0.651136,-1.89104,1.89464091510245e-06,-4.04948941665011e-06,-0.909485669429928,0.111102085328226
13684,0.68404,-1.87939,2.03809762524468e-06,-3.96040610332127e-06,-0.915346582363942,-0.777752503814258
13684,0.716736,-1.86716,2.02320724415987e-06,-3.92532090077804e-06,-0.910462498171394,0.333308963343945
13784,0.749213,-1.85437,2.15891475263338e-06,-3.82863866538425e-06,-0.912416143750121,-0.555523964050058
13784,0.781462,-1.84101,2.14114442243685e-06,-3.79034652597853e-06,-0.91241614375158,0.555523964183364
13884,0.813473,-1.82709,2.26876800504319e-06,-3.68661381543287e-06,-0.91046249817049,-0.333308963212306
13884,0.845237,-1.81262,2.24787297066955e-06,-3.64522375622837e-06,-0.915346582365913,0.777752503943214
13984,0.876742,-1.79759,2.36673701033645e-06,-3.53503630956575e-06,-0.909485669429626,-0.1111020852007
14084,0.907981,-1.78201,2.47984380677667e-06,-3.42094880844832e-06,-0.919253778306215,-0.999999999954254
14084,0.938943,-1.7659,2.45223122176221e-06,-3.37514595995366e-06,-0.909485669429858,0.111102085292581
14184,0.969619,-1.74924,2.55597327595196e-06,-3.25603221368171e-06,-0.915346582364524,-0.777752503850263
14184,1,-1.73205,2.52497178227592e-06,-3.20821869305857e-06,-0.910462498171194,0.333308963308465
14284,1.03008,-1.71433,2.61896688388533e-06,-3.08500092899669e-06,-0.91241614375052,-0.55552396408445
14284,1.05984,-1.6961,2.58464746319281e-06,-3.03568315971691e-06,-0.912416143751235,0.55552396415093
14384,1.08928,-1.67734,2.6689482147942e-06,-2.90956981471027e-06,-0.910462498170724,-0.333308963242461
14384,1.11839,-1.65808,2.63173516298908e-06,-2.85959380612645e-06,-0.915346582365498,0.777752503915531
14484,1.14715,-1.6383,2.70631302921907e-06,-2.73125280735447e-06,-0.909485669429676,-0.111102085228531
14584,1.17557,-1.61803,2.77463119556936e-06,-2.60162749193951e-06,-0.919253778306762,-0.999999999982903
14584,1.20363,-1.59727,2.73042485651138e-06,-2.550713690131e-06,-0.909485669429825,0.1111020852655
14684,1.23132,-1.57602,2.78873339306608e-06,-2.4200590700061e-06,-0.91534658236492,-0.777752503876537
14684,1.25864,-1.55429,2.74147645126373e-06,-2.36909375605539e-06,-0.910462498170955,0.333308963280004
14784,1.28558,-1.53209,2.78992931059669e-06,-2.23805433168433e-06,-0.912416143750819,-0.555523964114867
14784,1.31212,-1.50942,2.73954260773416e-06,-2.18717477237527e-06,-0.912416143750872,0.555523964118932
14884,1.33826,-1.48629,2.77802286472621e-06,-2.05628243950656e-06,-0.910462498170903,-0.333308963276861
14884,1.364,-1.46271,2.7245814321045e-06,-2.00575988336537e-06,-0.915346582364901,0.777752503878194
14984,1.38932,-1.43868,2.75308108508935e-06,-1.87564730339712e-06,-0.909485669429939,-0.111102085257194
14984,1.41421,-1.41421,2.69663884476846e-06,-1.82571820395438e-06,-0.919253778307102,0.999999999999985
5850,1.43868,-1.38932,2.71503864225845e-06,-1.69679841430012e-06,0.909485669429985,-0.111102085260202
5849,1.46271,-1.364,2.7281331518678e-06,-1.56891393036454e-06,0.915346582364833,0.777752503871339
5849,1.48629,-1.33826,2.66383696674473e-06,-1.52033509735328e-06,0.910462498171102,-0.333308963290407
5848,1.50942,-1.31212,2.66700112141668e-06,-1.39448243010576e-06,0.91241614375073,0.555523964099018
5848,1.53209,-1.28558,2.59935359469064e-06,-1.34691090846426e-06,0.912416143751186,-0.555523964140576
5847,1.55429,-1.25864,2.59240185729643e-06,-1.22363744410949e-06,0.91046249817085,0.333308963247604
5847,1.57602,-1.23132,2.52137318487368e-06,-1.17727497741839e-06,0.91534658236556,-0.777752503916265
5846,1.59727,-1.20363,2.50450956351671e-06,-1.0572400856988e-06,0.909485669429786,0.111102085221649
5845,1.61803,-1.17557,2.48329149688715e-06,-9.3957688826083e-07,0.919253778306525,0.999999999969829
5845,1.6383,-1.14715,2.40392795089754e-06,-8.96302708123414e-07,0.909485669429914,-0.11110208528211
5844,1.65808,-1.11839,2.37335791662291e-06,-7.83117213603406e-07,0.915346582364627,0.777752503855747
5844,1.67734,-1.08928,2.29145975022364e-06,-7.42146568326991e-07,0.910462498171258,-0.333308963307527
5843,1.6961,-1.05984,2.25235347105086e-06,-6.34697407599862e-07,0.912416143750537,0.555523964080912
5843,1.71433,-1.03008,2.16895151985723e-06,-5.9660437969778e-07,0.912416143751378,-0.555523964158821
5842,1.73205,-1,2.12245317322808e-06,-4.95854780025314e-07,0.910462498170701,0.333308963230334
5842,1.74924,-0.969619,2.03799163946608e-06,-4.60907194312903e-07,0.915346582365767,-0.777752503931841
5841,1.7659,-0.938943,1.9849130226515e-06,-3.67470958432329e-07,0.909485669429766,0.111102085205045
5840,1.78201,-0.907981,1.92917228309261e-06,-2.78459691229083e-07,0.919253778306158,0.99999999995149
5840,1.79759,-0.876742,1.84119928904318e-06,-2.50216039011796e-07,0.909485669429983,-0.111102085301555
5839,1.81262,-0.845237,1.78039154099964e-06,-1.69103756182801e-07,0.915346582364319,0.777752503835052
5839,1.82709,-0.813473,1.69292869512479e-06,-1.44638613970674e-07,0.910462498171384,-0.333308963330046
5838,1.84101,-0.781462,1.62812838907127e-06,-7.19275922255409e-08,0.912416143750258,0.555523964056995
5838,1.85437,-0.749213,1.54195475070683e-06,-5.13858473743216e-08,0.91241614375167,-0.555523964183538
5837,1.86716,-0.716736,1.47443274813389e-06,1.25223638982393e-08,0.91046249817059,0.333308963203332
5837,1.87939,-0.68404,1.39033892626559e-06,2.90668850259873e-08,0.915346582366259,-0.777752503962114
5836,1.89104,-0.651136,1.32120798359023e-06,8.41337233223557e-08,0.909485669429712,0.11110208517308
5835,1.90211,-0.618034,1.25186585513932e-06,1.34282448808558e-07,0.919253778305505,0.999999999918216
5835,1.91261,-0.584743,1.16983516929086e-06,1.4299249027575e-07,0.909485669430072,-0.111102085335106
5834,1.92252,-0.551275,1.10036319429636e-06,1.84492273146176e-07,0.915346582363824,0.777752503801191
5834,1.93185,-0.517638,1.02191111789208e-06,1.89358785065376e-07,0.910462498171638,-0.333308963364257
5833,1.94059,-0.483844,9.53401829734937e-07,2.22424761091946e-07,0.912416143749874,0.555523964021932
5833,1.94874,-0.449902,8.79061305911194e-07,2.23613155620035e-07,0.91241614375206,-0.555523964220175
5832,1.9563,-0.415823,8.12542819326385e-07,2.4845478137293e-07,0.910462498170272,0.333308963168192
5832,1.96325,-0.381618,7.42939813952059e-07,2.46187096399659e-07,0.915346582366721,-0.777752503993719
5831,1.96962,-0.347296,6.79470309432235e-07,2.63267453446124e-07,0.909485669429573,0.111102085145735
5830,1.97538,-0.312869,6.18062400740904e-07,2.76356515156983e-07,0.919253778305019,0.999999999895301
5830,1.98054,-0.278346,5.55540982844074e-07,2.67701342678915e-07,0.909485669430095,-0.11110208535852
5829,1.98509,-0.243739,4.98403635191786e-07,2.73974765573521e-07,0.915346582363408,0.777752503777643
5829,1.98904,-0.209057,4.41786004375649e-07,2.62676385193223e-07,0.910462498171767,-0.333308963386425
5828,1.99239,-0.174311,3.89559926644465e-07,2.62800890860311e-07,0.91241614374965,0.555523964001481
5828,1.99513,-0.139513,3.3916348318133e-07,2.492137073685e-07,0.912416143752221,-0.555523964238393
5827,1.99726,-0.104672,2.92481482163131e-07,2.43923734734312e-07,0.910462498170182,0.333308963148836
5827,1.99878,-0.069799,2.48605032726115e-07,2.28432840960434e-07,0.915346582367075,-0.777752504016468
5826,1.9997,-0.0349048,2.08039365987952e-07,2.18509733112853e-07,0.909485669429527,0.111102085121839
