origElemNum,globCoord-x,globCoord-y,acouIntensity-x,acouIntensity-y,locCoord-xi,locCoord-eta
5825,2,-2.20442e-18,-2133.92338894242,-67513.8335966076,0.919253778304535,0.999999999870795
5825,1.9997,0.0349048,1784.69959924769,-67223.7858581673,0.909485669430051,-0.11110208537854
5824,1.99878,0.069799,5650.1890927574,-60181.5269164451,0.915346582363134,0.7777525037628
5824,1.99726,0.104672,10466.9233572403,-60143.9049077708,0.910462498171695,-0.333308963393583
5823,1.99513,0.139513,15296.7550983897,-55233.6291179387,0.912416143749585,0.555523964001403
5823,1.99239,0.174311,21010.0455869656,-55644.0769117671,0.912416143752112,-0.555523964232293
5822,1.98904,0.209057,26534.0589900495,-52824.3588019291,0.910462498170195,0.33330896316169
5822,1.98509,0.243739,32485.6189889408,-53031.0272105871,0.915346582366752,-0.777752503996411
5821,1.98054,0.278346,38157.7517985615,-51019.5247830419,0.909485669429537,0.111102085145532
5820,1.97538,0.312869,44039.9671499128,-50246.1067524548,0.91925377830504,0.999999999897275
5820,1.96962,0.347296,50702.5156684901,-49185.2792952141,0.909485669429959,-0.111102085350008
5819,1.96325,0.381618,58017.6047519499,-49965.7715728428,0.915346582363608,0.777752503792493
5819,1.9563,0.415823,65993.8279700094,-48990.2734508712,0.910462498171543,-0.333308963366333
5818,1.94874,0.449902,74987.9747909178,-51922.642938034,0.912416143749872,0.555523964026318
5818,1.94059,0.483844,83264.7572345034,-51049.9278803816,0.912416143751876,-0.555523964209557
5817,1.93185,0.517638,92353.7584834245,-55233.4676755029,0.910462498170338,0.333308963182653
5817,1.92252,0.551275,99772.7228898584,-54052.5084085143,0.915346582366455,-0.777752503976955
5816,1.91261,0.584743,108961.907997337,-60154.3954709041,0.909485669429567,0.111102085165898
5815,1.90211,0.618034,119723.753334042,-70175.4301859934,0.919253778305533,0.999999999919169
5815,1.89104,0.651136,126129.108296246,-68109.2494122052,0.909485669429933,-0.111102085328256
5814,1.87939,0.68404,137096.667793867,-79427.1950325989,0.915346582363941,0.777752503814277
5814,1.86716,0.716736,141712.730433608,-77303.7271835422,0.910462498171402,-0.333308963343933
5813,1.85437,0.749213,150646.447051052,-87840.6572202968,0.912416143750119,0.555523964050056
5813,1.84101,0.781462,153604.857684702,-86042.352559626,0.912416143751575,-0.555523964183394
5812,1.82709,0.813473,162731.555270616,-99136.0693766688,0.910462498170486,0.333308963212263
5812,1.81262,0.845237,165605.73959995,-98069.7979150332,0.915346582365915,-0.777752503943209
5811,1.79759,0.876742,175129.69850708,-114364.000502072,0.909485669429635,0.111102085200681
5810,1.78201,0.907981,184791.611737246,-130183.367707459,0.919253778306195,0.999999999954235
5810,1.7659,0.938943,181334.145944246,-127229.799378522,0.909485669429844,-0.111102085292603
5809,1.74924,0.969619,188110.921379212,-143200.950184742,0.915346582364538,0.777752503850291
5809,1.73205,1,184777.300925157,-142439.157793842,0.910462498171199,-0.333308963308445
5808,1.71433,1.03008,196244.157332839,-166471.395759743,0.912416143750526,0.555523964084446
5808,1.6961,1.05984,194782.234999993,-168482.166980885,0.912416143751246,-0.555523964150953
5807,1.67734,1.08928,206660.305981923,-192943.499761123,0.910462498170725,0.333308963242434
5807,1.65808,1.11839,202330.633815652,-192668.978272283,0.915346582365508,-0.777752503915519
5806,1.6383,1.14715,210086.431625523,-214142.189872283,0.909485669429676,0.11110208522853
5805,1.61803,1.17557,219974.403627551,-237934.197501838,0.919253778306765,0.999999999982884
5805,1.59727,1.20363,211477.756108735,-243558.471300946,0.909485669429817,-0.111102085265541
5804,1.57602,1.23132,218449.225374319,-270258.087276686,0.9153465823649,0.777752503876539
5804,1.55429,1.25864,203142.377777897,-272468.620332011,0.910462498170939,-0.333308963279996
5803,1.53209,1.28558,200873.835299435,-292301.60207164,0.912416143750815,0.555523964114853
5803,1.50942,1.31212,182303.430984416,-295293.635973323,0.91241614375085,-0.555523964118972
5802,1.48629,1.33826,176769.93822733,-314689.614915795,0.910462498170897,0.333308963276791
5802,1.46271,1.364,157385.091193556,-318803.706099708,0.915346582364929,-0.77775250387822
5801,1.43868,1.38932,146335.239020085,-330670.786808063,0.909485669429954,0.111102085257182
5801,1.41421,1.41421,125894.087448026,-330343.236135014,0.919253778307104,-0.999999999999994
850,1.38932,1.43868,113201.670576833,-343504.169539096,0.909485669429991,-0.111102085260227
849,1.364,1.46271,96875.1059054767,-351832.238190803,0.915346582364834,0.777752503871359
849,1.33826,1.48629,79526.5931990595,-359099.896896099,0.910462498171096,-0.333308963290402
848,1.31212,1.50942,57534.2743554918,-360207.293710759,0.912416143750729,0.555523964099008
848,1.28558,1.53209,43151.9144125917,-365590.900801073,0.912416143751184,-0.555523964140596
847,1.25864,1.55429,20945.0495663851,-353653.521598679,0.910462498170846,0.333308963247574
847,1.23132,1.57602,13886.3028763039,-346955.529086816,0.915346582365554,-0.777752503916259
846,1.20363,1.59727,-1843.31125166687,-321469.703614251,0.90948566942978,0.111102085221654
845,1.17557,1.61803,-13292.8207863907,-296892.265011886,0.919253778306528,0.999999999969813
845,1.14715,1.6383,-13663.023059007,-276057.238925312,0.909485669429915,-0.111102085282135
844,1.11839,1.65808,-18902.824036487,-250828.746089777,0.915346582364625,0.777752503855763
844,1.08928,1.67734,-17687.6985426596,-225823.290992334,0.910462498171253,-0.333308963307521
843,1.05984,1.6961,-19572.9552783108,-205616.919222976,0.912416143750542,0.555523964080906
843,1.03008,1.71433,-19503.7438934204,-196924.568247175,0.912416143751377,-0.555523964158847
842,1,1.73205,-20987.2187643844,-189337.582740523,0.910462498170698,0.333308963230309
842,0.969619,1.74924,-21052.6560701056,-184076.330711499,0.915346582365766,-0.777752503931825
841,0.938943,1.7659,-19995.0236174287,-175731.618698308,0.909485669429764,0.111102085205048
840,0.907981,1.78201,-19414.6327693339,-166373.398340879,0.919253778306164,0.99999999995148
840,0.876742,1.79759,-19002.6372925693,-159302.716884136,0.909485669429979,-0.11110208530158
839,0.845237,1.81262,-19721.1193614181,-150479.740787006,0.91534658236432,0.777752503835068
839,0.813473,1.82709,-18323.0101341669,-137066.714444679,0.91046249817139,-0.33330896333004
838,0.781462,1.84101,-18274.5576565528,-123182.895046565,0.912416143750255,0.555523964056983
838,0.749213,1.85437,-16592.5943695918,-110155.188910507,0.912416143751674,-0.555523964183563
837,0.716736,1.86716,-16373.7822901183,-99924.9849898626,0.910462498170584,0.333308963203304
837,0.68404,1.87939,-15293.3382553037,-92422.3796115452,0.915346582366261,-0.777752503962098
836,0.651136,1.89104,-14220.7360844758,-85343.4421801688,0.909485669429719,0.111102085173086
835,0.618034,1.90211,-12660.0146016127,-78727.1895526726,0.919253778305509,0.999999999918205
835,0.584743,1.91261,-12407.7954915506,-76852.779609622,0.909485669430073,-0.111102085335132
834,0.551275,1.92252,-12347.4633146277,-75277.6137251065,0.915346582363819,0.777752503801204
834,0.517638,1.93185,-12204.9000966001,-74190.5565424725,0.910462498171637,-0.333308963364254
833,0.483844,1.94059,-11955.255720979,-68645.8009908915,0.912416143749877,0.55552396402192
833,0.449902,1.94874,-9875.13040717192,-56636.1305657067,0.91241614375206,-0.555523964220202
832,0.415823,1.9563,-7720.23079691354,-42637.8234751152,0.910462498170279,0.333308963168166
832,0.381618,1.96325,-4981.58182908874,-27507.3576887479,0.915346582366717,-0.777752503993703
831,0.347296,1.96962,-4010.5569065849,-21918.6200203462,0.909485669429573,0.111102085145737
830,0.312869,1.97538,-3416.51373483475,-18837.341255319,0.919253778305012,0.99999999989529
830,0.278346,1.98054,-4517.81156920533,-24899.9564085249,0.909485669430091,-0.111102085358547
829,0.243739,1.98509,-5396.81455196869,-30179.9669046642,0.915346582363415,0.77775250377766
829,0.209057,1.98904,-5738.76622576081,-32051.9690601305,0.910462498171767,-0.333308963386422
828,0.174311,1.99239,-5438.29463298026,-30132.3351449246,0.912416143749651,0.55552396400147
828,0.139513,1.99513,-4084.85692969638,-22568.894193157,0.912416143752224,-0.555523964238419
827,0.104672,1.99726,-2464.52933082675,-13218.8240578238,0.910462498170184,0.33330896314881
827,0.069799,1.99878,-513.541668346283,-2742.46660908722,0.915346582367074,-0.777752504016452
826,0.0349048,1.9997,460.785110745995,2438.31992109029,0.909485669429527,0.111102085121841
825,1.27747e-16,2,1160.22547286234,6329.51878229804,0.919253778304535,0.999999999870799
825,-0.0349048,1.9997,360.368597281818,1954.65509981114,0.909485669430051,-0.111102085378537
824,-0.069799,1.99878,-361.093385315519,-2021.9257152196,0.915346582363134,0.777752503762801
824,-0.104672,1.99726,-869.636953215073,-4830.28667486689,0.910462498171695,-0.333308963393583
823,-0.139513,1.99513,-578.209313250365,-3185.88737850494,0.912416143749585,0.555523964001401
823,-0.174311,1.99239,909.845386452748,4957.46522628628,0.912416143752112,-0.555523964232297
822,-0.209057,1.98904,3163.54016916626,16828.9867707607,0.910462498170195,0.333308963161685
822,-0.243739,1.98509,5913.60532243399,31103.1113925044,0.915346582366744,-0.777752503996403
821,-0.278346,1.98054,7439.03331129886,39580.6035579219,0.909485669429538,0.111102085145537
820,-0.312869,1.97538,8404.19580888469,46626.3934532709,0.919253778305041,0.999999999897278
820,-0.347296,1.96962,7803.5116736604,42904.6656811736,0.90948566942996,-0.111102085350006
819,-0.381618,1.96325,7058.830097139,39278.5146392439,0.915346582363608,0.777752503792493
819,-0.415823,1.9563,6501.44482504118,35625.9810091595,0.910462498171543,-0.333308963366333
818,-0.449902,1.94874,6804.13000633076,35446.1885597317,0.912416143749872,0.555523964026316
818,-0.483844,1.94059,7878.73255496238,40163.8291128678,0.912416143751875,-0.555523964209561
817,-0.517638,1.93185,9635.37102503725,46425.2692480643,0.910462498170336,0.333308963182646
817,-0.551275,1.92252,11338.8904652099,53535.1114329475,0.915346582366457,-0.777752503976948
816,-0.584743,1.91261,11694.1759807839,54653.3128351775,0.909485669429562,0.111102085165907
815,-0.618034,1.90211,11562.2645409308,54314.0253987303,0.919253778305526,0.999999999919175
815,-0.651136,1.89104,9924.63127393844,45685.7762314275,0.909485669429935,-0.111102085328253
814,-0.68404,1.87939,8349.06904618141,36665.958389259,0.915346582363941,0.777752503814277
814,-0.716736,1.86716,5890.02681168648,25013.0078522029,0.910462498171402,-0.333308963343933
813,-0.749213,1.85437,3485.15798516415,13318.0164692229,0.912416143750117,0.555523964050053
813,-0.781462,1.84101,303.795395441281,1113.42623655705,0.912416143751584,-0.555523964183396
812,-0.813473,1.82709,-3302.9752315132,-10872.5197510371,0.910462498170484,0.33330896321226
812,-0.845237,1.81262,-7124.64301881762,-22515.1188755602,0.91534658236591,-0.7777525039432
811,-0.876742,1.79759,-11013.7400337539,-31907.432777725,0.909485669429639,0.111102085200672
810,-0.907981,1.78201,-15209.2721858417,-40630.1316133167,0.919253778306197,0.999999999954239
810,-0.938943,1.7659,-18431.5998328754,-47157.6612452008,0.909485669429848,-0.111102085292613
809,-0.969619,1.74924,-23596.4721821436,-55231.0127156828,0.915346582364533,0.777752503850298
809,-1,1.73205,-29969.8055504661,-66867.5539057339,0.910462498171205,-0.333308963308436
808,-1.03008,1.71433,-41015.8914998079,-83156.7739508826,0.912416143750522,0.55552396408444
808,-1.05984,1.6961,-53733.9033084433,-103134.186905989,0.912416143751243,-0.555523964150944
807,-1.08928,1.67734,-73485.7837383481,-127245.251165453,0.910462498170733,0.33330896324243
807,-1.11839,1.65808,-92000.1625790594,-149123.362431901,0.915346582365511,-0.777752503915504
806,-1.14715,1.6383,-118059.512769093,-171792.569097183,0.909485669429678,0.11110208522852
805,-1.17557,1.61803,-146325.182684433,-193071.027500241,0.91925377830677,0.999999999982889
805,-1.20363,1.59727,-168207.955101271,-205023.072848546,0.909485669429819,-0.111102085265551
804,-1.23132,1.57602,-197478.55102814,-220011.328790314,0.915346582364893,0.777752503876544
804,-1.25864,1.55429,-221797.928884097,-228365.008239428,0.910462498170937,-0.333308963279986
803,-1.28558,1.53209,-253471.458541242,-240171.849719731,0.912416143750809,0.555523964114847
803,-1.31212,1.50942,-281980.832473478,-246578.118905004,0.912416143750849,-0.555523964118962
802,-1.33826,1.48629,-319152.67351349,-257130.45036069,0.910462498170897,0.333308963276791
802,-1.364,1.46271,-353450.055182859,-261606.58364878,0.915346582364928,-0.77775250387821
801,-1.38932,1.43868,-397774.690048585,-270406.119338097,0.909485669429954,0.111102085257172
801,-1.41421,1.41421,-438725.491861819,-271970.587359335,0.919253778307104,-0.999999999999994
15850,-1.43868,1.38932,-488856.069665584,-276104.949725822,0.909485669429991,-0.111102085260237
15849,-1.46271,1.364,-537439.660688191,-274317.342769644,0.915346582364828,0.777752503871364
15849,-1.48629,1.33826,-589449.868783807,-270447.245852083,0.910462498171103,-0.333308963290387
15848,-1.50942,1.31212,-639310.358640125,-260081.339311839,0.912416143750729,0.555523964099008
15848,-1.53209,1.28558,-696260.235837945,-253997.641700643,0.912416143751185,-0.555523964140586
15847,-1.55429,1.25864,-744487.863146117,-236766.243803404,0.910462498170851,0.333308963247569
15847,-1.57602,1.23132,-802202.460639667,-229595.330804925,0.915346582365555,-0.777752503916249
15846,-1.59727,1.20363,-841949.283797099,-206663.584019497,0.909485669429784,0.111102085221639
15845,-1.61803,1.17557,-879372.488707269,-179467.67410737,0.919253778306531,0.999999999969823
15845,-1.6383,1.14715,-917622.746362638,-170845.262827244,0.909485669429917,-0.111102085282151
15844,-1.65808,1.11839,-940633.704982089,-142120.74090139,0.915346582364627,0.777752503855772
15844,-1.67734,1.08928,-967478.846773108,-133302.882516654,0.910462498171251,-0.333308963307506
15843,-1.6961,1.05984,-980869.269296368,-106875.686047348,0.912416143750542,0.555523964080906
15843,-1.71433,1.03008,-1002334.04184734,-98956.8830348738,0.912416143751375,-0.555523964158831
15842,-1.73205,1,-1016369.14651546,-76165.5384045479,0.910462498170697,0.333308963230296
15842,-1.74924,0.969619,-1040714.10731464,-69335.5716317816,0.915346582365764,-0.777752503931822
15841,-1.7659,0.938943,-1063292.96198002,-49555.9030103297,0.909485669429762,0.111102085205035
15840,-1.78201,0.907981,-1087973.80959047,-30328.0740054502,0.919253778306162,0.999999999951483
15840,-1.79759,0.876742,-1121110.72938134,-25792.2768678893,0.909485669429984,-0.111102085301589
15839,-1.81262,0.845237,-1145189.19265344,-7224.88139926902,0.915346582364318,0.777752503835071
15839,-1.82709,0.813473,-1166868.3000961,-3172.71060159705,0.910462498171391,-0.333308963330024
15838,-1.84101,0.781462,-1176335.58275174,13310.6296838917,0.912416143750253,0.555523964056986
15838,-1.85437,0.749213,-1181472.40505396,16363.9076201591,0.912416143751674,-0.555523964183544
15837,-1.86716,0.716736,-1180010.57232619,24477.8779262138,0.910462498170589,0.333308963203294
15837,-1.87939,0.68404,-1177753.0778743,26132.3230471464,0.915346582366259,-0.777752503962095
15836,-1.89104,0.651136,-1179734.59793047,24258.2855003787,0.909485669429715,0.111102085173074
15835,-1.90211,0.618034,-1181921.49874171,22324.221089403,0.919253778305508,0.999999999918209
15835,-1.91261,0.584743,-1185961.45477995,23418.4593760766,0.909485669430068,-0.111102085335144
15834,-1.92252,0.551275,-1186098.35493131,31910.2684071694,0.915346582363818,0.777752503801208
15834,-1.93185,0.517638,-1182886.49175512,33083.3486742546,0.910462498171639,-0.333308963364235
15833,-1.94059,0.483844,-1170856.5391898,45148.2455666515,0.912416143749876,0.555523964021923
15833,-1.94874,0.449902,-1153188.25880634,45157.6443994067,0.912416143752063,-0.555523964220183
15832,-1.9563,0.415823,-1125493.44746372,39794.3460822926,0.910462498170272,0.333308963168156
15832,-1.96325,0.381618,-1089264.41145265,38148.6918368941,0.915346582366716,-0.7777525039937
15831,-1.96962,0.347296,-1041442.31798871,7787.40718443007,0.909485669429575,0.111102085145728
15830,-1.97538,0.312869,-989580.712476574,-32896.2885933625,0.91925377830502,0.999999999895294
15830,-1.98054,0.278346,-914885.702206651,-32271.7843280846,0.909485669430092,-0.111102085358556
15829,-1.98509,0.243739,-844050.182691015,-61516.7998425474,0.915346582363415,0.777752503777664
15829,-1.98904,0.209057,-770527.110424611,-57982.201028089,0.910462498171765,-0.333308963386404
15828,-1.99239,0.174311,-707659.161804003,-72256.3186058525,0.912416143749651,0.555523964001473
15828,-1.99513,0.139513,-656169.012497287,-68218.8265785148,0.912416143752222,-0.5555239642384
15827,-1.99726,0.104672,-622163.864209724,-77592.3423437464,0.910462498170184,0.3333089631488
15827,-1.99878,0.069799,-597742.730006944,-74970.5480994798,0.915346582367074,-0.777752504016448
15826,-1.9997,0.0349048,-585155.272179292,-85617.8688879805,0.909485669429527,0.111102085121831
15825,-2,2.46315e-16,-574114.78398909,-96225.6389342125,0.919253778304535,0.999999999870803
15825,-1.9997,-0.0349048,-558098.042467366,-93294.1279851309,0.909485669430051,-0.111102085378547
15824,-1.99878,-0.069799,-537957.882652306,-99936.449261092,0.915346582363134,0.777752503762804
15824,-1.99726,-0.104672,-506516.508350182,-94195.5428432201,0.910462498171696,-0.333308963393566
15823,-1.99513,-0.139513,-470750.654787886,-95842.5156326748,0.912416143749586,0.555523964001405
15823,-1.99239,-0.174311,-430626.822723858,-88042.6741925195,0.912416143752114,-0.555523964232279
15822,-1.98904,-0.209057,-394018.321906087,-87841.8485971419,0.910462498170195,0.333308963161688
15822,-1.98509,-0.243739,-360602.019665291,-80677.3554407982,0.915346582366744,-0.7777525039964
15821,-1.98054,-0.278346,-340400.887175954,-81346.4408886732,0.909485669429545,0.111102085145526
15820,-1.97538,-0.312869,-323306.035098064,-79558.9712571128,0.919253778305042,0.999999999897283
15820,-1.96962,-0.347296,-317051.850279135,-77935.8771073784,0.909485669429957,-0.111102085350017
15819,-1.96325,-0.381618,-308018.886337177,-76683.965603536,0.915346582363609,0.777752503792499
15819,-1.9563,-0.415823,-290780.279503196,-72376.3342107298,0.910462498171549,-0.333308963366345
15818,-1.94874,-0.449902,-265128.367117018,-68910.6743006234,0.912416143749872,0.555523964026319
15818,-1.94059,-0.483844,-229065.030606108,-59557.7656883178,0.91241614375188,-0.555523964209544
15817,-1.93185,-0.517638,-194793.954768635,-53907.7068294326,0.910462498170337,0.33330896318265
15817,-1.92252,-0.551275,-162987.327547004,-45110.0402644231,0.915346582366458,-0.777752503976945
15816,-1.91261,-0.584743,-150208.447247084,-42236.9194928954,0.909485669429567,0.111102085165898
15815,-1.90211,-0.618034,-142401.09350059,-38755.6294723854,0.919253778305528,0.999999999919178
15815,-1.89104,-0.651136,-133315.35296013,-36322.4547029033,0.90948566942994,-0.111102085328262
15814,-1.87939,-0.68404,-116824.006414115,-32292.7717184795,0.915346582363942,0.77775250381428
15814,-1.86716,-0.716736,-73128.6124100843,-20190.4990570313,0.910462498171397,-0.333308963343943
15813,-1.85437,-0.749213,-26214.9499012514,-7811.80449653059,0.912416143750119,0.555523964050056
15813,-1.84101,-0.781462,24183.0974916018,7189.69764863433,0.912416143751582,-0.555523964183381
15812,-1.82709,-0.813473,55248.2629290057,16935.9558228904,0.910462498170486,0.333308963212263
15812,-1.81262,-0.845237,74146.7272962744,22724.1932176297,0.915346582365912,-0.777752503943197
15811,-1.79759,-0.876742,90554.9079669367,27085.4612963517,0.909485669429641,0.111102085200675
15810,-1.78201,-0.907981,106272.731179475,32360.0431461348,0.919253778306197,0.999999999954239
15810,-1.7659,-0.938943,141195.644330989,42925.3167944427,0.90948566942985,-0.11110208529261
15809,-1.74924,-0.969619,171857.442945311,52633.6853554548,0.915346582364535,0.777752503850301
15809,-1.73205,-1,185020.189571596,56656.9885979452,0.9104624981712,-0.333308963308458
15808,-1.71433,-1.03008,193447.389372269,53938.6117958098,0.912416143750526,0.555523964084446
15808,-1.6961,-1.05984,187649.125106475,52476.4049818415,0.912416143751243,-0.555523964150944
15807,-1.67734,-1.08928,197687.346422157,49516.3859712857,0.910462498170725,0.333308963242434
15807,-1.65808,-1.11839,213518.068776541,53513.3402573065,0.915346582365503,-0.7777525039155
15806,-1.6383,-1.14715,230025.675758271,53062.3107041708,0.90948566942967,0.111102085228524
15805,-1.61803,-1.17557,248198.378443549,50649.6725824652,0.919253778306763,0.999999999982893
15805,-1.59727,-1.20363,254797.622409948,52830.2561990992,0.909485669429812,-0.111102085265547
15804,-1.57602,-1.23132,268845.298883182,51269.2800106994,0.915346582364898,0.777752503876549
15804,-1.55429,-1.25864,292935.28129809,57033.6559743897,0.910462498170935,-0.333308963280012
15803,-1.53209,-1.28558,316653.649260055,57780.9590528808,0.912416143750815,0.555523964114853
15803,-1.50942,-1.31212,329938.269672364,61892.2774765625,0.912416143750855,-0.555523964118957
15802,-1.48629,-1.33826,348563.237886338,58110.2732176967,0.910462498170897,0.333308963276791
15802,-1.46271,-1.364,359606.688353683,62300.4853811321,0.915346582364928,-0.77775250387821
15801,-1.43868,-1.38932,383898.565960028,58189.9610744919,0.909485669429954,0.111102085257172
15801,-1.41421,-1.41421,401631.90267176,64192.3048392153,0.919253778307098,-0.999999999999989
10084,-1.38932,-1.43868,408156.042796737,71953.5543435085,-0.909485669429983,0.111102085260242
10184,-1.364,-1.46271,406048.597634507,90683.6503337869,-0.915346582364814,-0.777752503871363
10184,-1.33826,-1.48629,425669.090080424,96165.245967746,-0.910462498171062,0.333308963290425
10284,-1.31212,-1.50942,396922.91561524,139723.388525511,-0.912416143750702,-0.555523964098991
10284,-1.28558,-1.53209,405306.39849475,142722.206380389,-0.912416143751175,0.55552396414059
10384,-1.25864,-1.55429,344358.395895316,188878.425632549,-0.910462498170858,-0.333308963247603
10384,-1.23132,-1.57602,338240.711043705,180761.226415512,-0.915346582365569,0.777752503916277
10484,-1.20363,-1.59727,66014.6836256243,387363.653003037,-0.909485669429755,-0.111102085221656
10584,-1.17557,-1.61803,-197733.07519648,577072.262920775,-0.919253778306467,-0.999999999969833
10584,-1.14715,-1.6383,-211621.517074925,599751.398009637,-0.909485669429891,0.111102085282108
10684,-1.11839,-1.65808,-202964.878481378,604430.563284518,-0.915346582364624,-0.777752503855743
10684,-1.08928,-1.67734,-210108.948000657,606614.955196969,-0.910462498171255,0.333308963307532
10784,-1.05984,-1.6961,-195031.61824792,591427.687518776,-0.912416143750544,-0.555523964080908
10784,-1.03008,-1.71433,-198841.140360689,582809.024745984,-0.912416143751393,0.555523964158839
10884,-1,-1.73205,-181244.030595368,563134.03852972,-0.910462498170715,-0.333308963230315
10884,-0.969619,-1.74924,-186352.196116313,558360.68455884,-0.915346582365772,0.777752503931858
10984,-0.938943,-1.7659,-169224.590916548,542435.3271423,-0.909485669429763,-0.111102085205032
11084,-0.907981,-1.78201,-148509.218339527,526707.658066906,-0.919253778306154,-0.99999999995149
11084,-0.876742,-1.79759,-156747.448557673,527956.772473844,-0.909485669429981,0.111102085301552
11184,-0.845237,-1.81262,-134392.558739638,514030.899995528,-0.915346582364332,-0.777752503835052
11184,-0.813473,-1.82709,-140768.466176022,508646.848532411,-0.910462498171421,0.333308963330044
11284,-0.781462,-1.84101,-118942.246614905,493977.205695261,-0.912416143750289,-0.555523964056998
11284,-0.749213,-1.85437,-128089.90887762,496232.372853945,-0.912416143751684,0.555523964183542
11384,-0.716736,-1.86716,-104226.634760023,480224.843804977,-0.910462498170579,-0.333308963203316
11384,-0.68404,-1.87939,-111349.800798609,473373.196760738,-0.915346582366256,0.777752503962127
11484,-0.651136,-1.89104,-90239.2821994035,446656.30687266,-0.9094856694297,-0.111102085173069
11584,-0.618034,-1.90211,-68791.0246320843,419422.895622504,-0.919253778305473,-0.9999999999182
11584,-0.584743,-1.91261,-74458.5021559885,415012.142332122,-0.909485669430035,0.111102085335111
11684,-0.551275,-1.92252,-45104.4133572475,400205.024377702,-0.915346582363772,-0.777752503801188
11684,-0.517638,-1.93185,-48395.1194129989,393762.566384282,-0.910462498171642,0.333308963364261
11784,-0.483844,-1.94059,-26749.8898374846,370582.222428121,-0.912416143749915,-0.555523964021929
11784,-0.449902,-1.94874,-29498.6413010769,339085.960649794,-0.912416143752077,0.555523964220183
11884,-0.415823,-1.9563,-1003.54603045207,323807.161446761,-0.910462498170266,-0.33330896316818
11884,-0.381618,-1.96325,1438.681250152,328945.476992247,-0.915346582366712,0.777752503993725
11984,-0.347296,-1.96962,-968.621016297795,384263.475354145,-0.909485669429565,-0.111102085145729
12084,-0.312869,-1.97538,-82290.647906159,465613.133057181,-0.919253778305011,-0.999999999895287
12084,-0.278346,-1.98054,-75057.124828414,489861.558315073,-0.909485669430107,0.111102085358526
12184,-0.243739,-1.98509,-131976.150298313,512659.015488679,-0.915346582363447,-0.777752503777644
12184,-0.209057,-1.98904,-127071.977049477,495061.041452782,-0.910462498171781,0.333308963386432
12284,-0.174311,-1.99239,-135061.850990282,486712.403836953,-0.912416143749663,-0.555523964001473
12284,-0.139513,-1.99513,-137258.057575463,489660.264842892,-0.912416143752267,0.555523964238395
12384,-0.104672,-1.99726,-139309.786743912,494738.021616255,-0.910462498170238,-0.333308963148834
12384,-0.069799,-1.99878,-143781.147613825,501065.456007182,-0.915346582367131,0.777752504016471
12484,-0.0349048,-1.9997,-138933.992332356,490152.292110884,-0.909485669429557,-0.111102085121833
12584,-4.35203e-16,-2,-140636.66015468,475446.101569029,-0.919253778304537,-0.999999999870803
12584,0.0349048,-1.9997,-133753.865964235,448670.927295816,-0.909485669430058,0.111102085378513
12684,0.069799,-1.99878,-128203.051889184,425983.431292366,-0.915346582363139,-0.777752503762792
12684,0.104672,-1.99726,-127467.970968427,417787.45763784,-0.9104624981717,0.333308963393593
12784,0.139513,-1.99513,-118070.160791245,414220.847007132,-0.912416143749591,-0.555523964001403
12784,0.174311,-1.99239,-120265.076433174,415788.143372622,-0.912416143752134,0.555523964232273
12884,0.209057,-1.98904,-108377.489217226,412741.703309376,-0.91046249817019,-0.333308963161724
12884,0.243739,-1.98509,-107369.715127942,404867.339073094,-0.915346582366752,0.777752503996427
12984,0.278346,-1.98054,-98124.6636929849,390279.248389062,-0.909485669429543,-0.111102085145531
13084,0.312869,-1.97538,-93571.3311135692,373478.882777612,-0.919253778305079,-0.999999999897294
13084,0.347296,-1.96962,-88011.6419929941,350805.218336184,-0.909485669429971,0.111102085349981
13184,0.381618,-1.96325,-81425.8390247645,328086.848041357,-0.915346582363621,-0.777752503792476
13184,0.415823,-1.9563,-75259.8215258505,302916.960594884,-0.910462498171561,0.33330896336634
13284,0.449902,-1.94874,-66304.359190546,280740.913796085,-0.912416143749886,-0.555523964026324
13284,0.483844,-1.94059,-61616.3277022141,260949.817156945,-0.912416143751904,0.555523964209538
13384,0.517638,-1.93185,-54179.1338945962,247315.564285615,-0.910462498170363,-0.333308963182687
13384,0.551275,-1.92252,-51512.8957418451,236038.776523022,-0.915346582366464,0.777752503976962
13484,0.584743,-1.91261,-45903.8287654458,223793.569394221,-0.909485669429569,-0.111102085165906
13584,0.618034,-1.90211,-41673.7594477565,210942.077487952,-0.919253778305519,-0.999999999919186
13584,0.651136,-1.89104,-36027.8755559393,182504.255013602,-0.909485669429928,0.111102085328226
13684,0.68404,-1.87939,-29714.4828180566,151654.564718855,-0.915346582363942,-0.777752503814258
13684,0.716736,-1.86716,-21556.2304680873,109361.265938141,-0.910462498171394,0.333308963343945
13784,0.749213,-1.85437,-13345.4221616962,65597.1588397548,-0.912416143750121,-0.555523964050058
13784,0.781462,-1.84101,-4083.19947866854,19903.0171205134,-0.91241614375158,0.555523964183364
13884,0.813473,-1.82709,5347.75081241712,-25196.9162719297,-0.91046249817049,-0.333308963212306
13884,0.845237,-1.81262,14922.0415033487,-69853.9930121245,-0.915346582365913,0.777752503943214
13984,0.876742,-1.79759,23610.1652470258,-112510.720157237,-0.909485669429626,-0.1111020852007
14084,0.907981,-1.78201,30664.3937357592,-155464.624110739,-0.919253778306215,-0.999999999954254
14084,0.938943,-1.7659,37230.5859329717,-188141.540922761,-0.909485669429858,0.111102085292581
14184,0.969619,-1.74924,40790.8593804025,-220886.507932532,-0.915346582364524,-0.777752503850263
14184,1,-1.73205,45619.4663435163,-246146.469147799,-0.910462498171194,0.333308963308465
14284,1.03008,-1.71433,46496.3517498499,-274527.833880808,-0.91241614375052,-0.55552396408445
14284,1.05984,-1.6961,51177.6458838723,-301715.154151367,-0.912416143751235,0.55552396415093
14384,1.08928,-1.67734,49690.6799675132,-331184.059411229,-0.910462498170724,-0.333308963242461
14384,1.11839,-1.65808,53438.9871166571,-356218.148948135,-0.915346582365498,0.777752503915531
14484,1.14715,-1.6383,50438.4331706108,-379089.620637514,-0.909485669429676,-0.111102085228531
14584,1.17557,-1.61803,45973.469995954,-401582.287210267,-0.919253778306762,-0.999999999982903
14584,1.20363,-1.59727,46954.9545702328,-419168.847792046,-0.909485669429825,0.1111020852655
14684,1.23132,-1.57602,37609.6908637953,-443676.274154501,-0.91534658236492,-0.777752503876537
14684,1.25864,-1.55429,37051.7036381316,-457329.145413461,-0.910462498170955,0.333308963280004
14784,1.28558,-1.53209,24287.5312750108,-477059.762552377,-0.912416143750819,-0.555523964114867
14784,1.31212,-1.50942,21895.671421689,-482275.383800659,-0.912416143750872,0.555523964118932
14884,1.33826,-1.48629,4591.65185514965,-499808.778356698,-0.910462498170903,-0.333308963276861
14884,1.364,-1.46271,-463.642491757187,-505791.532548045,-0.915346582364901,0.777752503878194
14984,1.38932,-1.43868,-22843.3450647379,-522508.846085863,-0.909485669429939,-0.111102085257194
14984,1.41421,-1.41421,-30675.2971117934,-524029.767990404,-0.919253778307102,0.999999999999985
5850,1.43868,-1.38932,-54723.9312644871,-529251.222991489,0.909485669429985,-0.111102085260202
5849,1.46271,-1.364,-75289.3907288943,-530025.135372192,0.915346582364833,0.777752503871339
5849,1.48629,-1.33826,-91560.3583493538,-519661.820852191,0.910462498171102,-0.333308963290407
5848,1.50942,-1.31212,-110368.191702054,-509616.551976075,0.91241614375073,0.555523964099018
5848,1.53209,-1.28558,-128938.55335698,-495693.077790203,0.912416143751186,-0.555523964140576
5847,1.55429,-1.25864,-140724.449496995,-473773.59040436,0.91046249817085,0.333308963247604
5847,1.57602,-1.23132,-158269.824002634,-459259.174692985,0.91534658236556,-0.777752503916265
5846,1.59727,-1.20363,-160776.040873532,-431172.75760896,0.909485669429786,0.111102085221649
5845,1.61803,-1.17557,-160077.443324479,-399529.629336216,0.919253778306525,0.999999999969829
5845,1.6383,-1.14715,-168218.030724742,-390425.674644361,0.909485669429914,-0.11110208528211
5844,1.65808,-1.11839,-161295.980226457,-361575.452572644,0.915346582364627,0.777752503855747
5844,1.67734,-1.08928,-166188.55395656,-358096.841953883,0.910462498171258,-0.333308963307527
5843,1.6961,-1.05984,-156362.901461245,-333945.644992976,0.912416143750537,0.555523964080912
5843,1.71433,-1.03008,-159181.832706615,-333379.090061666,0.912416143751378,-0.555523964158821
5842,1.73205,-1,-147662.045706152,-311761.026380285,0.910462498170701,0.333308963230334
5842,1.74924,-0.969619,-147223.317245066,-311060.110036912,0.915346582365767,-0.777752503931841
5841,1.7659,-0.938943,-135229.345328721,-291580.786137036,0.909485669429766,0.111102085205045
5840,1.78201,-0.907981,-123955.941317317,-272524.23047813,0.919253778306158,0.99999999995149
5840,1.79759,-0.876742,-122403.60735867,-274217.267257649,0.909485669429983,-0.111102085301555
5839,1.81262,-0.845237,-111949.672182494,-257355.851835287,0.915346582364319,0.777752503835052
5839,1.82709,-0.813473,-109440.589815574,-258638.808012004,0.910462498171384,-0.333308963330046
5838,1.84101,-0.781462,-99630.3184661298,-242711.51859894,0.912416143750258,0.555523964056995
5838,1.85437,-0.749213,-98066.7234224205,-245377.080640766,0.91241614375167,-0.555523964183538
5837,1.86716,-0.716736,-89217.3748931023,-229194.991783774,0.91046249817059,0.333308963203332
5837,1.87939,-0.68404,-87480.1316075035,-230662.977455125,0.915346582366259,-0.777752503962114
5836,1.89104,-0.651136,-79077.6825620024,-213585.186491214,0.909485669429712,0.11110208517308
5835,1.90211,-0.618034,-71223.2300894276,-196314.853037038,0.919253778305505,0.999999999918216
5835,1.91261,-0.584743,-69012.5965134665,-195627.243172491,0.909485669430072,-0.111102085335106
5834,1.92252,-0.551275,-61879.6709019712,-177927.909008469,0.915346582363824,0.777752503801191
5834,1.93185,-0.517638,-59748.2967870147,-177616.344691568,0.910462498171638,-0.333308963364257
5833,1.94059,-0.483844,-53614.9281976933,-162058.285171669,0.912416143749874,0.555523964021932
5833,1.94874,-0.449902,-51141.0371585809,-161295.806147227,0.91241614375206,-0.555523964220175
5832,1.9563,-0.415823,-45878.5568336854,-147626.510109737,0.910462498170272,0.333308963168192
5832,1.96325,-0.381618,-43691.5270098076,-147402.813266105,0.915346582366721,-0.777752503993719
5831,1.96962,-0.347296,-38884.6274800563,-133095.798949195,0.909485669429573,0.111102085145735
5830,1.97538,-0.312869,-34480.1250201616,-118150.170698568,0.919253778305019,0.999999999895301
5830,1.98054,-0.278346,-31919.9652431076,-117792.168548052,0.909485669430095,-0.11110208535852
5829,1.98509,-0.243739,-27587.0454521694,-104094.100037928,0.915346582363408,0.777752503777643
5829,1.98904,-0.209057,-24455.3927390022,-103750.818056245,0.910462498171767,-0.333308963386425
5828,1.99239,-0.174311,-20196.2192756359,-92453.1874441026,0.91241614374965,0.555523964001481
5828,1.99513,-0.139513,-16857.5530244194,-93161.2611766011,0.912416143752221,-0.555523964238393
5827,1.99726,-0.104672,-12833.1748834311,-83529.7442400971,0.910462498170182,0.333308963148836
5827,1.99878,-0.069799,-9417.13065338324,-84730.7632085866,0.915346582367075,-0.777752504016468
5826,1.9997,-0.0349048,-5635.0518119034,-75457.9080772653,0.909485669429527,0.111102085121839
