origElemNum,globCoord-x,globCoord-y,acouPotentialD1-,locCoord-xi,locCoord-eta
5825,2,-2.20442e-18,-0.0346995581096667,0.919253778304535,0.999999999870795
5825,1.9997,0.0349048,-0.0351571293711219,0.909485669430051,-0.11110208537854
5824,1.99878,0.069799,-0.0356126118810877,0.915346582363134,0.7777525037628
5824,1.99726,0.104672,-0.0360645439506086,0.910462498171695,-0.333308963393583
5823,1.99513,0.139513,-0.0365128693694455,0.912416143749585,0.555523964001403
5823,1.99239,0.174311,-0.0369568854167915,0.912416143752112,-0.555523964232293
5822,1.98904,0.209057,-0.0373977497531291,0.910462498170195,0.33330896316169
5822,1.98509,0.243739,-0.0378350219232405,0.915346582366752,-0.777752503996411
5821,1.98054,0.278346,-0.0382688116278497,0.909485669429537,0.111102085145532
5820,1.97538,0.312869,-0.0386978450913183,0.91925377830504,0.999999999897275
5820,1.96962,0.347296,-0.039124338805651,0.909485669429959,-0.111102085350008
5819,1.96325,0.381618,-0.0395456766824385,0.915346582363608,0.777752503792493
5819,1.9563,0.415823,-0.0399646908258662,0.910462498171543,-0.333308963366333
5818,1.94874,0.449902,-0.0403787603947996,0.912416143749872,0.555523964026318
5818,1.94059,0.483844,-0.0407888442558653,0.912416143751876,-0.555523964209557
5817,1.93185,0.517638,-0.04119519918698,0.910462498170338,0.333308963182653
5817,1.92252,0.551275,-0.0415959408620731,0.915346582366455,-0.777752503976955
5816,1.91261,0.584743,-0.0419958791593284,0.909485669429567,0.111102085165898
5815,1.90211,0.618034,-0.0423879560933649,0.919253778305533,0.999999999919169
5815,1.89104,0.651136,-0.0427826100890111,0.909485669429933,-0.111102085328256
5814,1.87939,0.68404,-0.0431691503124772,0.915346582363941,0.777752503814277
5814,1.86716,0.716736,-0.0435569184045982,0.910462498171402,-0.333308963343933
5813,1.85437,0.749213,-0.043939534071933,0.912416143750119,0.555523964050056
5813,1.84101,0.781462,-0.0443204528306334,0.912416143751575,-0.555523964183394
5812,1.82709,0.813473,-0.0446991716423613,0.910462498170486,0.333308963212263
5812,1.81262,0.845237,-0.0450716257556357,0.915346582365915,-0.777752503943209
5811,1.79759,0.876742,-0.0454460095803349,0.909485669429635,0.111102085200681
5810,1.78201,0.907981,-0.0458096480948007,0.919253778306195,0.999999999954235
5810,1.7659,0.938943,-0.0461793460113168,0.909485669429844,-0.111102085292603
5809,1.74924,0.969619,-0.0465375219137579,0.915346582364538,0.777752503850291
5809,1.73205,1,-0.0468963040449877,0.910462498171199,-0.333308963308445
5808,1.71433,1.03008,-0.0472464989158014,0.912416143750526,0.555523964084446
5808,1.6961,1.05984,-0.0475917558383342,0.912416143751246,-0.555523964150953
5807,1.67734,1.08928,-0.0479316959344118,0.910462498170725,0.333308963242434
5807,1.65808,1.11839,-0.048262511472232,0.915346582365508,-0.777752503915519
5806,1.6383,1.14715,-0.0485889262345521,0.909485669429676,0.11110208522853
5805,1.61803,1.17557,-0.0489017662964929,0.919253778306765,0.999999999982884
5805,1.59727,1.20363,-0.0492099675867566,0.909485669429817,-0.111102085265541
5804,1.57602,1.23132,-0.0495032003187068,0.9153465823649,0.777752503876539
5804,1.55429,1.25864,-0.0497861256867106,0.910462498170939,-0.333308963279996
5803,1.53209,1.28558,-0.0500547999482777,0.912416143750815,0.555523964114853
5803,1.50942,1.31212,-0.0503102425880083,0.91241614375085,-0.555523964118972
5802,1.48629,1.33826,-0.0505528938106325,0.910462498170897,0.333308963276791
5802,1.46271,1.364,-0.0507815146214215,0.915346582364929,-0.77775250387822
5801,1.43868,1.38932,-0.0509997388109891,0.909485669429954,0.111102085257182
5801,1.41421,1.41421,-0.0512029078718242,0.919253778307104,-0.999999999999994
850,1.38932,1.43868,-0.0513993352634829,0.909485669429991,-0.111102085260227
849,1.364,1.46271,-0.0515811483445834,0.915346582364834,0.777752503871359
849,1.33826,1.48629,-0.0517554135559075,0.910462498171096,-0.333308963290402
848,1.31212,1.50942,-0.0519177994877347,0.912416143750729,0.555523964099008
848,1.28558,1.53209,-0.0520710799093125,0.912416143751184,-0.555523964140596
847,1.25864,1.55429,-0.0522165507469402,0.910462498170846,0.333308963247574
847,1.23132,1.57602,-0.0523504207431661,0.915346582365554,-0.777752503916259
846,1.20363,1.59727,-0.0524836320915424,0.90948566942978,0.111102085221654
845,1.17557,1.61803,-0.0526016471632513,0.919253778306528,0.999999999969813
845,1.14715,1.6383,-0.0527283633625004,0.909485669429915,-0.111102085282135
844,1.11839,1.65808,-0.0528404083010568,0.915346582364625,0.777752503855763
844,1.08928,1.67734,-0.0529568113858106,0.910462498171253,-0.333308963307521
843,1.05984,1.6961,-0.0530647171953613,0.912416143750542,0.555523964080906
843,1.03008,1.71433,-0.0531707940921196,0.912416143751377,-0.555523964158847
842,1,1.73205,-0.0532729782587471,0.910462498170698,0.333308963230309
842,0.969619,1.74924,-0.053364823522337,0.915346582365766,-0.777752503931825
841,0.938943,1.7659,-0.0534576356645557,0.909485669429764,0.111102085205048
840,0.907981,1.78201,-0.0535330875537099,0.919253778306164,0.99999999995148
840,0.876742,1.79759,-0.0536139282630144,0.909485669429979,-0.11110208530158
839,0.845237,1.81262,-0.0536764429092975,0.91534658236432,0.777752503835068
839,0.813473,1.82709,-0.0537364147035041,0.91046249817139,-0.33330896333004
838,0.781462,1.84101,-0.0537818934751125,0.912416143750255,0.555523964056983
838,0.749213,1.85437,-0.0538174156310431,0.912416143751674,-0.555523964183563
837,0.716736,1.86716,-0.053842902048584,0.910462498170584,0.333308963203304
837,0.68404,1.87939,-0.0538538880963747,0.915346582366261,-0.777752503962098
836,0.651136,1.89104,-0.0538604502395764,0.909485669429719,0.111102085173086
835,0.618034,1.90211,-0.0538484075681253,0.919253778305509,0.999999999918205
835,0.584743,1.91261,-0.0538375621915256,0.909485669430073,-0.111102085335132
834,0.551275,1.92252,-0.0538084145322767,0.915346582363819,0.777752503801204
834,0.517638,1.93185,-0.0537758823522567,0.910462498171637,-0.333308963364254
833,0.483844,1.94059,-0.0537297019418338,0.912416143749877,0.55552396402192
833,0.449902,1.94874,-0.0536746940570435,0.91241614375206,-0.555523964220202
832,0.415823,1.9563,-0.0536111066676666,0.910462498170279,0.333308963168166
832,0.381618,1.96325,-0.0535339326428658,0.915346582366717,-0.777752503993703
831,0.347296,1.96962,-0.0534561849066795,0.909485669429573,0.111102085145737
830,0.312869,1.97538,-0.0533602849822243,0.919253778305012,0.99999999989529
830,0.278346,1.98054,-0.0532731582505941,0.909485669430091,-0.111102085358547
829,0.243739,1.98509,-0.0531685688962664,0.915346582363415,0.77775250377766
829,0.209057,1.98904,-0.0530677377667874,0.910462498171767,-0.333308963386422
828,0.174311,1.99239,-0.0529573541793558,0.912416143749651,0.55552396400147
828,0.139513,1.99513,-0.0528452174363022,0.912416143752224,-0.555523964238419
827,0.104672,1.99726,-0.0527301091023722,0.910462498170184,0.33330896314881
827,0.069799,1.99878,-0.0526041922263164,0.915346582367074,-0.777752504016452
826,0.0349048,1.9997,-0.0524843193130139,0.909485669429527,0.111102085121841
825,1.27747e-16,2,-0.0523455140995931,0.919253778304535,0.999999999870799
825,-0.0349048,1.9997,-0.0522245739471203,0.909485669430051,-0.111102085378537
824,-0.069799,1.99878,-0.0520842905194759,0.915346582363134,0.777752503762801
824,-0.104672,1.99726,-0.0519506270453919,0.910462498171695,-0.333308963393583
823,-0.139513,1.99513,-0.0518054832276024,0.912416143749585,0.555523964001401
823,-0.174311,1.99239,-0.0516574533164792,0.912416143752112,-0.555523964232297
822,-0.209057,1.98904,-0.0515088526646015,0.910462498170195,0.333308963161685
822,-0.243739,1.98509,-0.0513499702311362,0.915346582366744,-0.777752503996403
821,-0.278346,1.98054,-0.0511987789166834,0.909485669429538,0.111102085145537
820,-0.312869,1.97538,-0.0510268938077293,0.919253778305041,0.999999999897278
820,-0.347296,1.96962,-0.050872056808425,0.90948566942996,-0.111102085350006
819,-0.381618,1.96325,-0.0506960807303072,0.915346582363608,0.777752503792493
819,-0.415823,1.9563,-0.0505268908349878,0.910462498171543,-0.333308963366333
818,-0.449902,1.94874,-0.050344567261638,0.912416143749872,0.555523964026316
818,-0.483844,1.94059,-0.0501578449417144,0.912416143751875,-0.555523964209561
817,-0.517638,1.93185,-0.0499660477913405,0.910462498170336,0.333308963182646
817,-0.551275,1.92252,-0.0497608397925905,0.915346582366457,-0.777752503976948
816,-0.584743,1.91261,-0.0495590745362212,0.909485669429562,0.111102085165907
815,-0.618034,1.90211,-0.0493358318645678,0.919253778305526,0.999999999919175
815,-0.651136,1.89104,-0.0491229709867077,0.909485669429935,-0.111102085328253
814,-0.68404,1.87939,-0.0488884582531017,0.915346582363941,0.777752503814277
814,-0.716736,1.86716,-0.0486551437287316,0.910462498171402,-0.333308963343933
813,-0.749213,1.85437,-0.048407318827946,0.912416143750117,0.555523964050053
813,-0.781462,1.84101,-0.0481521043252276,0.912416143751584,-0.555523964183396
812,-0.813473,1.82709,-0.0478887869422988,0.910462498170484,0.33330896321226
812,-0.845237,1.81262,-0.0476110821129402,0.91534658236591,-0.7777525039432
811,-0.876742,1.79759,-0.0473334915209635,0.909485669429639,0.111102085200672
810,-0.907981,1.78201,-0.0470361739768117,0.919253778306197,0.999999999954239
810,-0.938943,1.7659,-0.0467454589518644,0.909485669429848,-0.111102085292613
809,-0.969619,1.74924,-0.0464354926471357,0.915346582364533,0.777752503850298
809,-1,1.73205,-0.0461253875782042,0.910462498171205,-0.333308963308436
808,-1.03008,1.71433,-0.0458030407357892,0.912416143750522,0.55552396408444
808,-1.05984,1.6961,-0.0454748660442356,0.912416143751243,-0.555523964150944
807,-1.08928,1.67734,-0.0451423097662816,0.910462498170733,0.33330896324243
807,-1.11839,1.65808,-0.0447990319157412,0.915346582365511,-0.777752503915504
806,-1.14715,1.6383,-0.0444565005568411,0.909485669429678,0.11110208522852
805,-1.17557,1.61803,-0.0440968914756166,0.91925377830677,0.999999999982889
805,-1.20363,1.59727,-0.043746091924417,0.909485669429819,-0.111102085265551
804,-1.23132,1.57602,-0.0433791907061992,0.915346582364893,0.777752503876544
804,-1.25864,1.55429,-0.04301555905823,0.910462498170937,-0.333308963279986
803,-1.28558,1.53209,-0.0426426821557988,0.912416143750809,0.555523964114847
803,-1.31212,1.50942,-0.0422670670751189,0.912416143750849,-0.555523964118962
802,-1.33826,1.48629,-0.0418894499419251,0.910462498170897,0.333308963276791
802,-1.364,1.46271,-0.0415034915681604,0.915346582364928,-0.77775250387821
801,-1.38932,1.43868,-0.0411223215044786,0.909485669429954,0.111102085257172
801,-1.41421,1.41421,-0.0407267637601497,0.919253778307104,-0.999999999999994
15850,-1.43868,1.38932,-0.0403430747324008,0.909485669429991,-0.111102085260237
15849,-1.46271,1.364,-0.0399453966012059,0.915346582364828,0.777752503871364
15849,-1.48629,1.33826,-0.0395529938346846,0.910462498171103,-0.333308963290387
15848,-1.50942,1.31212,-0.0391533969756762,0.912416143750729,0.555523964099008
15848,-1.53209,1.28558,-0.038753093954625,0.912416143751185,-0.555523964140586
15847,-1.55429,1.25864,-0.0383515684913535,0.910462498170851,0.333308963247569
15847,-1.57602,1.23132,-0.0379429754137046,0.915346582365555,-0.777752503916249
15846,-1.59727,1.20363,-0.0375392280918569,0.909485669429784,0.111102085221639
15845,-1.61803,1.17557,-0.0371228708101218,0.919253778306531,0.999999999969823
15845,-1.6383,1.14715,-0.0367170474363565,0.909485669429917,-0.111102085282151
15844,-1.65808,1.11839,-0.0362987046898907,0.915346582364627,0.777752503855772
15844,-1.67734,1.08928,-0.0358840019309003,0.910462498171251,-0.333308963307506
15843,-1.6961,1.05984,-0.035463192223669,0.912416143750542,0.555523964080906
15843,-1.71433,1.03008,-0.0350419679791529,0.912416143751375,-0.555523964158831
15842,-1.73205,1,-0.0346188620756842,0.910462498170697,0.333308963230296
15842,-1.74924,0.969619,-0.0341892684356504,0.915346582365764,-0.777752503931822
15841,-1.7659,0.938943,-0.0337630978646157,0.909485669429762,0.111102085205035
15840,-1.78201,0.907981,-0.0333263892235115,0.919253778306162,0.999999999951483
15840,-1.79759,0.876742,-0.0328981499231268,0.909485669429984,-0.111102085301589
15839,-1.81262,0.845237,-0.032459926580306,0.915346582364318,0.777752503835071
15839,-1.82709,0.813473,-0.0320252124985881,0.910462498171391,-0.333308963330024
15838,-1.84101,0.781462,-0.0315843126385339,0.912416143750253,0.555523964056986
15838,-1.85437,0.749213,-0.0311410884324721,0.912416143751674,-0.555523964183544
15837,-1.86716,0.716736,-0.0306963028348292,0.910462498170589,0.333308963203294
15837,-1.87939,0.68404,-0.0302465503196689,0.915346582366259,-0.777752503962095
15836,-1.89104,0.651136,-0.0298006247633086,0.909485669429715,0.111102085173074
15835,-1.90211,0.618034,-0.0293473060933286,0.919253778305508,0.999999999918209
15835,-1.91261,0.584743,-0.0289015968095999,0.909485669430068,-0.111102085335144
15834,-1.92252,0.551275,-0.0284490942806471,0.915346582363818,0.777752503801208
15834,-1.93185,0.517638,-0.0280002223912979,0.910462498171639,-0.333308963364235
15833,-1.94059,0.483844,-0.0275477987622663,0.912416143749876,0.555523964021923
15833,-1.94874,0.449902,-0.0270948195088116,0.912416143752063,-0.555523964220183
15832,-1.9563,0.415823,-0.0266406783041317,0.910462498170272,0.333308963168156
15832,-1.96325,0.381618,-0.0261833982615755,0.915346582366716,-0.7777525039937
15831,-1.96962,0.347296,-0.0257291280052771,0.909485669429575,0.111102085145728
15830,-1.97538,0.312869,-0.0252708297522614,0.91925377830502,0.999999999895294
15830,-1.98054,0.278346,-0.0248186456009704,0.909485669430092,-0.111102085358556
15829,-1.98509,0.243739,-0.0243630554023042,0.915346582363415,0.777752503777664
15829,-1.98904,0.209057,-0.0239101040296703,0.910462498171765,-0.333308963386404
15828,-1.99239,0.174311,-0.0234575282055828,0.912416143749651,0.555523964001473
15828,-1.99513,0.139513,-0.0230078310303741,0.912416143752222,-0.5555239642384
15827,-1.99726,0.104672,-0.0225577399074506,0.910462498170184,0.3333089631488
15827,-1.99878,0.069799,-0.0221067112478461,0.915346582367074,-0.777752504016448
15826,-1.9997,0.0349048,-0.021658067532194,0.909485669429527,0.111102085121831
15825,-2,2.46315e-16,-0.0212090648238159,0.919253778304535,0.999999999870803
15825,-1.9997,-0.0349048,-0.0207682907332083,0.909485669430051,-0.111102085378547
15824,-1.99878,-0.069799,-0.0203279486900481,0.915346582363134,0.777752503762804
15824,-1.99726,-0.104672,-0.0198901772813119,0.910462498171696,-0.333308963393566
15823,-1.99513,-0.139513,-0.0194533043291091,0.912416143749586,0.555523964001405
15823,-1.99239,-0.174311,-0.0190174916921521,0.912416143752114,-0.555523964232279
15822,-1.98904,-0.209057,-0.018586688065036,0.910462498170195,0.333308963161688
15822,-1.98509,-0.243739,-0.0181602630702745,0.915346582366744,-0.7777525039964
15821,-1.98054,-0.278346,-0.0177373396796537,0.909485669429545,0.111102085145526
15820,-1.97538,-0.312869,-0.0173182252931293,0.919253778305042,0.999999999897283
15820,-1.96962,-0.347296,-0.0169038719874928,0.909485669429957,-0.111102085350017
15819,-1.96325,-0.381618,-0.016494290042321,0.915346582363609,0.777752503792499
15819,-1.9563,-0.415823,-0.0160890959538987,0.910462498171549,-0.333308963366345
15818,-1.94874,-0.449902,-0.015688243022684,0.912416143749872,0.555523964026319
15818,-1.94059,-0.483844,-0.0152910313525013,0.91241614375188,-0.555523964209544
15817,-1.93185,-0.517638,-0.0148981534224042,0.910462498170337,0.33330896318265
15817,-1.92252,-0.551275,-0.0145108996726162,0.915346582366458,-0.777752503976945
15816,-1.91261,-0.584743,-0.0141283824270879,0.909485669429567,0.111102085165898
15815,-1.90211,-0.618034,-0.0137537673986593,0.919253778305528,0.999999999919178
15815,-1.89104,-0.651136,-0.0133827123001799,0.90948566942994,-0.111102085328262
15814,-1.87939,-0.68404,-0.013020168989457,0.915346582363942,0.77775250381428
15814,-1.86716,-0.716736,-0.0126620059839387,0.910462498171397,-0.333308963343943
15813,-1.85437,-0.749213,-0.0123106492309877,0.912416143750119,0.555523964050056
15813,-1.84101,-0.781462,-0.0119641710755351,0.912416143751582,-0.555523964183381
15812,-1.82709,-0.813473,-0.0116218640822548,0.910462498170486,0.333308963212263
15812,-1.81262,-0.845237,-0.0112866434036171,0.915346582365912,-0.777752503943197
15811,-1.79759,-0.876742,-0.0109551896530394,0.909485669429641,0.111102085200675
15810,-1.78201,-0.907981,-0.0106348640563454,0.919253778306197,0.999999999954239
15810,-1.7659,-0.938943,-0.0103151713873273,0.90948566942985,-0.11110208529261
15809,-1.74924,-0.969619,-0.0100067967635584,0.915346582364535,0.777752503850301
15809,-1.73205,-1,-0.00970058888048804,0.9104624981712,-0.333308963308458
15808,-1.71433,-1.03008,-0.00940264410543905,0.912416143750526,0.555523964084446
15808,-1.6961,-1.05984,-0.00910959487875515,0.912416143751243,-0.555523964150944
15807,-1.67734,-1.08928,-0.00882241326176312,0.910462498170725,0.333308963242434
15807,-1.65808,-1.11839,-0.00854474136448697,0.915346582365503,-0.7777525039155
15806,-1.6383,-1.14715,-0.00826696133128761,0.90948566942967,0.111102085228524
15805,-1.61803,-1.17557,-0.00800211525598979,0.919253778306763,0.999999999982893
15805,-1.59727,-1.20363,-0.00773408715048458,0.909485669429812,-0.111102085265547
15804,-1.57602,-1.23132,-0.00747954872683676,0.915346582364898,0.777752503876549
15804,-1.55429,-1.25864,-0.00722536109459616,0.910462498170935,-0.333308963280012
15803,-1.53209,-1.28558,-0.00698036149389272,0.912416143750815,0.555523964114853
15803,-1.50942,-1.31212,-0.00673997130031953,0.912416143750855,-0.555523964118957
15802,-1.48629,-1.33826,-0.00650480617861235,0.910462498170897,0.333308963276791
15802,-1.46271,-1.364,-0.00627968840288007,0.915346582364928,-0.77775250387821
15801,-1.43868,-1.38932,-0.00605493242176315,0.909485669429954,0.111102085257172
15801,-1.41421,-1.41421,-0.00584534085040483,0.919253778307098,-0.999999999999989
10084,-1.38932,-1.43868,-0.00563185349710643,-0.909485669429983,0.111102085260242
10184,-1.364,-1.46271,-0.00543399271717821,-0.915346582364814,-0.777752503871363
10184,-1.33826,-1.48629,-0.0052368410419957,-0.910462498171062,0.333308963290425
10284,-1.31212,-1.50942,-0.00505099050142569,-0.912416143750702,-0.555523964098991
10284,-1.28558,-1.53209,-0.00487158222684907,-0.912416143751175,0.55552396414059
10384,-1.25864,-1.55429,-0.00469848982016528,-0.910462498170858,-0.333308963247603
10384,-1.23132,-1.57602,-0.00453707541768478,-0.915346582365569,0.777752503916277
10484,-1.20363,-1.59727,-0.00437759034926607,-0.909485669429755,-0.111102085221656
10584,-1.17557,-1.61803,-0.0042357837587218,-0.919253778306467,-0.999999999969833
10584,-1.14715,-1.6383,-0.00409167334125761,-0.909485669429891,0.111102085282108
10684,-1.11839,-1.65808,-0.00396576771446027,-0.915346582364624,-0.777752503855743
10684,-1.08928,-1.67734,-0.00384178385631786,-0.910462498171255,0.333308963307532
10784,-1.05984,-1.6961,-0.00373231601442961,-0.912416143750544,-0.555523964080908
10784,-1.03008,-1.71433,-0.00363245301735405,-0.912416143751393,0.555523964158839
10884,-1,-1.73205,-0.0035413237639743,-0.910462498170715,-0.333308963230315
10884,-0.969619,-1.74924,-0.00346474893570444,-0.915346582365772,0.777752503931858
10984,-0.938943,-1.7659,-0.00339157602822726,-0.909485669429763,-0.111102085205032
11084,-0.907981,-1.78201,-0.00333952153009814,-0.919253778306154,-0.99999999995149
11084,-0.876742,-1.79759,-0.00328500715951129,-0.909485669429981,0.111102085301552
11184,-0.845237,-1.81262,-0.00325216149720825,-0.915346582364332,-0.777752503835052
11184,-0.813473,-1.82709,-0.00322214661476485,-0.910462498171421,0.333308963330044
11284,-0.781462,-1.84101,-0.00320612549856759,-0.912416143750289,-0.555523964056998
11284,-0.749213,-1.85437,-0.00319670134972814,-0.912416143751684,0.555523964183542
11384,-0.716736,-1.86716,-0.0031931396238597,-0.910462498170579,-0.333308963203316
11384,-0.68404,-1.87939,-0.00320356710771943,-0.915346582366256,0.777752503962127
11484,-0.651136,-1.89104,-0.00321107647497421,-0.9094856694297,-0.111102085173069
11584,-0.618034,-1.90211,-0.00324083928376888,-0.919253778305473,-0.9999999999182
11584,-0.584743,-1.91261,-0.00325615500148516,-0.909485669430035,0.111102085335111
11684,-0.551275,-1.92252,-0.00329252494846077,-0.915346582363772,-0.777752503801188
11684,-0.517638,-1.93185,-0.00332056184308,-0.910462498171642,0.333308963364261
11784,-0.483844,-1.94059,-0.00335786716396274,-0.912416143749915,-0.555523964021929
11784,-0.449902,-1.94874,-0.00339366492742821,-0.912416143752077,0.555523964220183
11884,-0.415823,-1.9563,-0.00342574716979773,-0.910462498170266,-0.33330896316818
11884,-0.381618,-1.96325,-0.00346523631185309,-0.915346582366712,0.777752503993725
11984,-0.347296,-1.96962,-0.00348962946634197,-0.909485669429565,-0.111102085145729
12084,-0.312869,-1.97538,-0.00353174358264351,-0.919253778305011,-0.999999999895287
12084,-0.278346,-1.98054,-0.00354788325096764,-0.909485669430107,0.111102085358526
12184,-0.243739,-1.98509,-0.00358082149688408,-0.915346582363447,-0.777752503777644
12184,-0.209057,-1.98904,-0.00359874760927077,-0.910462498171781,0.333308963386432
12284,-0.174311,-1.99239,-0.00362463931399496,-0.912416143749663,-0.555523964001473
12284,-0.139513,-1.99513,-0.00364943067402681,-0.912416143752267,0.555523964238395
12384,-0.104672,-1.99726,-0.00367181188178887,-0.910462498170238,-0.333308963148834
12384,-0.069799,-1.99878,-0.00370031844450033,-0.915346582367131,0.777752504016471
12484,-0.0349048,-1.9997,-0.00372398340908165,-0.909485669429557,-0.111102085121833
12584,-4.35203e-16,-2,-0.00376294572980851,-0.919253778304537,-0.999999999870803
12584,0.0349048,-1.9997,-0.00380082036204604,-0.909485669430058,0.111102085378513
12684,0.069799,-1.99878,-0.00385557081351976,-0.915346582363139,-0.777752503762792
12684,0.104672,-1.99726,-0.00391472550805768,-0.9104624981717,0.333308963393593
12784,0.139513,-1.99513,-0.00398747176489419,-0.912416143749591,-0.555523964001403
12784,0.174311,-1.99239,-0.00407036994414881,-0.912416143752134,0.555523964232273
12884,0.209057,-1.98904,-0.00416889533465003,-0.91046249817019,-0.333308963161724
12884,0.243739,-1.98509,-0.00428453995471207,-0.915346582366752,0.777752503996427
12984,0.278346,-1.98054,-0.00441452751588263,-0.909485669429543,-0.111102085145531
13084,0.312869,-1.97538,-0.00456348228583113,-0.919253778305079,-0.999999999897294
13084,0.347296,-1.96962,-0.00472780544030345,-0.909485669429971,0.111102085349981
13184,0.381618,-1.96325,-0.00491167190881045,-0.915346582363621,-0.777752503792476
13184,0.415823,-1.9563,-0.00511018783911326,-0.910462498171561,0.33330896336634
13284,0.449902,-1.94874,-0.00532511652900243,-0.912416143749886,-0.555523964026324
13284,0.483844,-1.94059,-0.00555364209536748,-0.912416143751904,0.555523964209538
13384,0.517638,-1.93185,-0.00579352004356035,-0.910462498170363,-0.333308963182687
13384,0.551275,-1.92252,-0.00604876208667602,-0.915346582366464,0.777752503976962
13484,0.584743,-1.91261,-0.00630710582149414,-0.909485669429569,-0.111102085165906
13584,0.618034,-1.90211,-0.00658417035905334,-0.919253778305519,-0.999999999919186
13584,0.651136,-1.89104,-0.00685294157422646,-0.909485669429928,0.111102085328226
13684,0.68404,-1.87939,-0.00713826016431983,-0.915346582363942,-0.777752503814258
13684,0.716736,-1.86716,-0.00741726456768803,-0.910462498171394,0.333308963343945
13784,0.749213,-1.85437,-0.00770278101744346,-0.912416143750121,-0.555523964050058
13784,0.781462,-1.84101,-0.00798596508728686,-0.91241614375158,0.555523964183364
13884,0.813473,-1.82709,-0.0082654094933718,-0.91046249817049,-0.333308963212306
13884,0.845237,-1.81262,-0.0085499607058667,-0.915346582365913,0.777752503943214
13984,0.876742,-1.79759,-0.00882340028620833,-0.909485669429626,-0.1111020852007
14084,0.907981,-1.78201,-0.00911059691940937,-0.919253778306215,-0.999999999954254
14084,0.938943,-1.7659,-0.00937955025518898,-0.909485669429858,0.111102085292581
14184,0.969619,-1.74924,-0.00966186076829793,-0.915346582364524,-0.777752503850263
14184,1,-1.73205,-0.00993452871672628,-0.910462498171194,0.333308963308465
14284,1.03008,-1.71433,-0.0102126270364144,-0.91241614375052,-0.55552396408445
14284,1.05984,-1.6961,-0.0104888385709623,-0.912416143751235,0.55552396415093
14384,1.08928,-1.67734,-0.0107651278169837,-0.910462498170724,-0.333308963242461
14384,1.11839,-1.65808,-0.0110472722851428,-0.915346582365498,0.777752503915531
14484,1.14715,-1.6383,-0.0113251672877523,-0.909485669429676,-0.111102085228531
14584,1.17557,-1.61803,-0.0116143843352248,-0.919253778306762,-0.999999999982903
14584,1.20363,-1.59727,-0.0118984981011377,-0.909485669429825,0.1111020852655
14684,1.23132,-1.57602,-0.0121948216193224,-0.91534658236492,-0.777752503876537
14684,1.25864,-1.55429,-0.0124931256683932,-0.910462498170955,0.333308963280004
14784,1.28558,-1.53209,-0.0128013193288766,-0.912416143750819,-0.555523964114867
14784,1.31212,-1.50942,-0.0131168307991337,-0.912416143750872,0.555523964118932
14884,1.33826,-1.48629,-0.013441351206928,-0.910462498170903,-0.333308963276861
14884,1.364,-1.46271,-0.0137764408255515,-0.915346582364901,0.777752503878194
14984,1.38932,-1.43868,-0.0141187928644103,-0.909485669429939,-0.111102085257194
14984,1.41421,-1.41421,-0.0144731354854159,-0.919253778307102,0.999999999999985
5850,1.43868,-1.38932,-0.0148328451082551,0.909485669429985,-0.111102085260202
5849,1.46271,-1.364,-0.0152041921823338,0.915346582364833,0.777752503871339
5849,1.48629,-1.33826,-0.0155818279172943,0.910462498171102,-0.333308963290407
5848,1.50942,-1.31212,-0.0159697043959615,0.91241614375073,0.555523964099018
5848,1.53209,-1.28558,-0.0163662140219878,0.912416143751186,-0.555523964140576
5847,1.55429,-1.25864,-0.0167713976436486,0.91046249817085,0.333308963247604
5847,1.57602,-1.23132,-0.0171866917650871,0.91534658236556,-0.777752503916265
5846,1.59727,-1.20363,-0.017607505991521,0.909485669429786,0.111102085221649
5845,1.61803,-1.17557,-0.0180395381663838,0.919253778306525,0.999999999969829
5845,1.6383,-1.14715,-0.0184715942758487,0.909485669429914,-0.11110208528211
5844,1.65808,-1.11839,-0.018913386482312,0.915346582364627,0.777752503855747
5844,1.67734,-1.08928,-0.019354866264567,0.910462498171258,-0.333308963307527
5843,1.6961,-1.05984,-0.0198027829977013,0.912416143750537,0.555523964080912
5843,1.71433,-1.03008,-0.0202538038187619,0.912416143751378,-0.555523964158821
5842,1.73205,-1,-0.0207075640311325,0.910462498170701,0.333308963230334
5842,1.74924,-0.969619,-0.0211671314101852,0.915346582365767,-0.777752503931841
5841,1.7659,-0.938943,-0.0216251134752951,0.909485669429766,0.111102085205045
5840,1.78201,-0.907981,-0.0220914537579527,0.919253778306158,0.99999999995149
5840,1.79759,-0.876742,-0.0225516566564248,0.909485669429983,-0.111102085301555
5839,1.81262,-0.845237,-0.023019423454772,0.915346582364319,0.777752503835052
5839,1.82709,-0.813473,-0.0234840095138637,0.910462498171384,-0.333308963330046
5838,1.84101,-0.781462,-0.0239514047940178,0.912416143750258,0.555523964056995
5838,1.85437,-0.749213,-0.024417671222924,0.91241614375167,-0.555523964183538
5837,1.86716,-0.716736,-0.0248826809467762,0.91046249817059,0.333308963203332
5837,1.87939,-0.68404,-0.0253496885523885,0.915346582366259,-0.777752503962114
5836,1.89104,-0.651136,-0.0258136826489641,0.909485669429712,0.11110208517308
5835,1.90211,-0.618034,-0.0262828051623268,0.919253778305505,0.999999999918216
5835,1.91261,-0.584743,-0.0267484796168172,0.909485669430072,-0.111102085335106
5834,1.92252,-0.551275,-0.0272191532301259,0.915346582363824,0.777752503801191
5834,1.93185,-0.517638,-0.0276887888847898,0.910462498171638,-0.333308963364257
5833,1.94059,-0.483844,-0.0281603378913175,0.912416143749874,0.555523964021932
5833,1.94874,-0.449902,-0.0286315594747144,0.91241614375206,-0.555523964220175
5832,1.9563,-0.415823,-0.0291015752639413,0.910462498170272,0.333308963168192
5832,1.96325,-0.381618,-0.0295721596066223,0.915346582366721,-0.777752503993719
5831,1.96962,-0.347296,-0.0300404506243548,0.909485669429573,0.111102085145735
5830,1.97538,-0.312869,-0.0305107516110658,0.919253778305019,0.999999999895301
5830,1.98054,-0.278346,-0.0309786105879914,0.909485669430095,-0.11110208535852
5829,1.98509,-0.243739,-0.0314480466670489,0.915346582363408,0.777752503777643
5829,1.98904,-0.209057,-0.0319159312529105,0.910462498171767,-0.333308963386425
5828,1.99239,-0.174311,-0.0323841095430785,0.91241614374965,0.555523964001481
5828,1.99513,-0.139513,-0.0328517242091879,0.912416143752221,-0.555523964238393
5827,1.99726,-0.104672,-0.0333168316775138,0.910462498170182,0.333308963148836
5827,1.99878,-0.069799,-0.0337802082656263,0.915346582367075,-0.777752504016468
5826,1.9997,-0.0349048,-0.0342405640338041,0.909485669429527,0.111102085121839
