origElemNum,globCoord-x,globCoord-y,acouIntensity-x,acouIntensity-y,locCoord-xi,locCoord-eta
5825,2,-2.20442e-18,-228471.239656064,-108029.540962053,0.919253778304535,0.999999999870795
5825,1.9997,0.0349048,-220233.273449182,-107317.914193838,0.909485669430051,-0.11110208537854
5824,1.99878,0.069799,-211790.10008528,-112543.943732177,0.915346582363134,0.7777525037628
5824,1.99726,0.104672,-203097.919207041,-111260.879509964,0.910462498171695,-0.333308963393583
5823,1.99513,0.139513,-193868.57930471,-115909.409469796,0.912416143749585,0.555523964001403
5823,1.99239,0.174311,-184765.364852577,-113865.791597961,0.912416143752112,-0.555523964232293
5822,1.98904,0.209057,-174526.28927843,-120458.444033161,0.910462498170195,0.33330896316169
5822,1.98509,0.243739,-165063.550779059,-117816.460297091,0.915346582366752,-0.777752503996411
5821,1.98054,0.278346,-154357.340018038,-123872.607778934,0.909485669429537,0.111102085145532
5820,1.97538,0.312869,-143531.331567775,-130071.653806037,0.91925377830504,0.999999999897275
5820,1.96962,0.347296,-134419.639247853,-126171.879063341,0.909485669429959,-0.111102085350008
5819,1.96325,0.381618,-123023.861560235,-135292.346183446,0.915346582363608,0.777752503792493
5819,1.9563,0.415823,-114036.141113878,-130989.278042745,0.910462498171543,-0.333308963366333
5818,1.94874,0.449902,-102231.670411566,-140081.729217976,0.912416143749872,0.555523964026318
5818,1.94059,0.483844,-93691.7069399432,-135099.20009491,0.912416143751876,-0.555523964209557
5817,1.93185,0.517638,-82199.3250916842,-144105.333767446,0.910462498170338,0.333308963182653
5817,1.92252,0.551275,-74852.770518071,-139002.104941626,0.915346582366455,-0.777752503976955
5816,1.91261,0.584743,-62793.9751508398,-149864.590794073,0.909485669429567,0.111102085165898
5815,1.90211,0.618034,-50647.3844664657,-160045.809674885,0.919253778305533,0.999999999919169
5815,1.89104,0.651136,-44233.4733059168,-152711.107511788,0.909485669429933,-0.111102085328256
5814,1.87939,0.68404,-32176.1658535833,-162691.901406251,0.915346582363941,0.777752503814277
5814,1.86716,0.716736,-26935.3896140393,-156588.516610411,0.910462498171402,-0.333308963343933
5813,1.85437,0.749213,-14245.4120768248,-169587.61843746,0.912416143750119,0.555523964050056
5813,1.84101,0.781462,-9557.92507621771,-162473.71244584,0.912416143751575,-0.555523964183394
5812,1.82709,0.813473,2962.12165515682,-174653.749562394,0.910462498170486,0.333308963212263
5812,1.81262,0.845237,6518.72839742137,-167163.314722322,0.915346582365915,-0.777752503943209
5811,1.79759,0.876742,18377.7168739897,-179465.382494102,0.909485669429635,0.111102085200681
5810,1.78201,0.907981,29939.7714171378,-190573.434690668,0.919253778306195,0.999999999954235
5810,1.7659,0.938943,30144.6064506705,-180174.363866203,0.909485669429844,-0.111102085292603
5809,1.74924,0.969619,39716.6954135548,-187884.701567775,0.915346582364538,0.777752503850291
5809,1.73205,1,38639.1024649478,-178865.378823873,0.910462498171199,-0.333308963308445
5808,1.71433,1.03008,48096.7056744307,-188264.423009691,0.912416143750526,0.555523964084446
5808,1.6961,1.05984,46685.5858385377,-180045.831293331,0.912416143751246,-0.555523964150953
5807,1.67734,1.08928,55629.8398404342,-189106.348972375,0.910462498170725,0.333308963242434
5807,1.65808,1.11839,53633.0968962953,-181576.111337923,0.915346582365508,-0.777752503915519
5806,1.6383,1.14715,60846.9014786906,-188664.219698622,0.909485669429676,0.11110208522853
5805,1.61803,1.17557,66838.812864458,-193158.941641799,0.919253778306765,0.999999999982884
5805,1.59727,1.20363,59911.7153957566,-179929.472790853,0.909485669429817,-0.111102085265541
5804,1.57602,1.23132,61922.1588503103,-178228.726378578,0.9153465823649,0.777752503876539
5804,1.55429,1.25864,54821.7730981649,-166321.863182614,0.910462498170939,-0.333308963279996
5803,1.53209,1.28558,55874.0819811493,-164739.522229397,0.912416143750815,0.555523964114853
5803,1.50942,1.31212,49488.349649577,-155239.563187262,0.91241614375085,-0.555523964118972
5802,1.48629,1.33826,50402.2218899746,-154923.399403936,0.910462498170897,0.333308963276791
5802,1.46271,1.364,44406.2249018813,-147125.770246373,0.915346582364929,-0.77775250387822
5801,1.43868,1.38932,42322.271904714,-140397.017045304,0.909485669429954,0.111102085257182
5801,1.41421,1.41421,34306.1234838433,-125328.41653241,0.919253778307104,-0.999999999999994
850,1.38932,1.43868,28594.6053601451,-109512.338243381,0.909485669429991,-0.111102085260227
849,1.364,1.46271,21727.220926793,-90584.5397782822,0.915346582364834,0.777752503871359
849,1.33826,1.48629,14427.7489916585,-70927.8336618761,0.910462498171096,-0.333308963290402
848,1.31212,1.50942,8664.95986070314,-51175.995684076,0.912416143750729,0.555523964099008
848,1.28558,1.53209,4469.17437566649,-32221.7025054943,0.912416143751184,-0.555523964140596
847,1.25864,1.55429,970.838618472253,-9745.64932083722,0.910462498170846,0.333308963247574
847,1.23132,1.57602,-1200.61963350064,14650.7176836691,0.915346582365554,-0.777752503916259
846,1.20363,1.59727,-2132.78012175659,43955.9274987808,0.90948566942978,0.111102085221654
845,1.17557,1.61803,-1413.83018810264,73509.7974320085,0.919253778306528,0.999999999969813
845,1.14715,1.6383,-2507.21571635599,101362.289091363,0.909485669429915,-0.111102085282135
844,1.11839,1.65808,-1741.62411923773,126365.951113148,0.915346582364625,0.777752503855763
844,1.08928,1.67734,-2560.22574827615,147990.907642813,0.910462498171253,-0.333308963307521
843,1.05984,1.6961,-1959.63258673034,167839.854041798,0.912416143750542,0.555523964080906
843,1.03008,1.71433,-2470.10842080625,187319.746412004,0.912416143751377,-0.555523964158847
842,1,1.73205,-1036.22745243453,209800.205625749,0.910462498170698,0.333308963230309
842,0.969619,1.74924,-1147.29044253025,236076.310174004,0.915346582365766,-0.777752503931825
841,0.938943,1.7659,1462.11416211461,261681.224984549,0.909485669429764,0.111102085205048
840,0.907981,1.78201,4445.90191708262,287595.917000158,0.919253778306164,0.99999999995148
840,0.876742,1.79759,4880.55414043909,310403.865012747,0.909485669429979,-0.11110208530158
839,0.845237,1.81262,8387.32636639724,331413.127211264,0.91534658236432,0.777752503835068
839,0.813473,1.82709,8849.52703336047,351640.474652053,0.91046249817139,-0.33330896333004
838,0.781462,1.84101,14106.8432077974,371152.707945792,0.912416143750255,0.555523964056983
838,0.749213,1.85437,14819.9348556495,394511.777488886,0.912416143751674,-0.555523964183563
837,0.716736,1.86716,21070.9023817685,413518.607759533,0.910462498170584,0.333308963203304
837,0.68404,1.87939,21866.7031024961,433322.439212143,0.915346582366261,-0.777752503962098
836,0.651136,1.89104,27946.9748784257,447343.489721613,0.909485669429719,0.111102085173086
835,0.618034,1.90211,32892.032950338,461118.554654649,0.919253778305509,0.999999999918205
835,0.584743,1.91261,33822.8186274261,479274.594979806,0.909485669430073,-0.111102085335132
834,0.551275,1.92252,40596.2018422781,495042.045801599,0.915346582363819,0.777752503801204
834,0.517638,1.93185,41431.9461696284,509294.466863594,0.910462498171637,-0.333308963364254
833,0.483844,1.94059,48114.3289449161,521258.217609839,0.912416143749877,0.55552396402192
833,0.449902,1.94874,48867.4400805472,533443.553683564,0.91241614375206,-0.555523964220202
832,0.415823,1.9563,52827.7989734296,541454.618174315,0.910462498170279,0.333308963168166
832,0.381618,1.96325,53085.2545292956,548068.755448905,0.915346582366717,-0.777752503993703
831,0.347296,1.96962,58952.3452576944,551043.199821359,0.909485669429573,0.111102085145737
830,0.312869,1.97538,64792.9239346451,553752.44158379,0.919253778305012,0.99999999989529
830,0.278346,1.98054,65164.574053581,557502.00251404,0.909485669430091,-0.111102085358547
829,0.243739,1.98509,68882.8175450873,559577.035296398,0.915346582363415,0.77775250377766
829,0.209057,1.98904,68573.3942319384,556543.122708787,0.910462498171767,-0.333308963386422
828,0.174311,1.99239,72264.3569102038,553404.28178533,0.912416143749651,0.55552396400147
828,0.139513,1.99513,72144.5087597806,550892.219746699,0.912416143752224,-0.555523964238419
827,0.104672,1.99726,76732.402387572,548648.023038502,0.910462498170184,0.33330896314881
827,0.069799,1.99878,76873.157394315,547110.002357262,0.915346582367074,-0.777752504016452
826,0.0349048,1.9997,80503.7503417771,539908.320274359,0.909485669429527,0.111102085121841
825,1.27747e-16,2,83774.3585753556,531655.886912004,0.919253778304535,0.999999999870799
825,-0.0349048,1.9997,83042.3264435963,522338.251137394,0.909485669430051,-0.111102085378537
824,-0.069799,1.99878,88043.7119886458,513445.739984664,0.915346582363134,0.777752503762801
824,-0.104672,1.99726,87440.398688752,504647.212146558,0.910462498171695,-0.333308963393583
823,-0.139513,1.99513,92924.1333331625,494522.091645569,0.912416143749585,0.555523964001401
823,-0.174311,1.99239,91405.1292276009,481329.982119362,0.912416143752112,-0.555523964232297
822,-0.209057,1.98904,95506.8433746088,467990.14188427,0.910462498170195,0.333308963161685
822,-0.243739,1.98509,93621.8400839028,453732.621211505,0.915346582366744,-0.777752503996403
821,-0.278346,1.98054,99455.4638803253,440850.810260043,0.909485669429538,0.111102085145537
820,-0.312869,1.97538,105812.109381048,428579.97842146,0.919253778305041,0.999999999897278
820,-0.347296,1.96962,102800.480921057,412125.723980017,0.90948566942996,-0.111102085350006
819,-0.381618,1.96325,106349.598679944,396843.899842585,0.915346582363608,0.777752503792493
819,-0.415823,1.9563,102631.187642907,379184.407891475,0.910462498171543,-0.333308963366333
818,-0.449902,1.94874,106641.80107223,363191.575577062,0.912416143749872,0.555523964026316
818,-0.483844,1.94059,102447.945378745,345195.149158313,0.912416143751875,-0.555523964209561
817,-0.517638,1.93185,105938.267391519,328510.065832874,0.910462498170336,0.333308963182646
817,-0.551275,1.92252,100470.904235628,309116.076842134,0.915346582366457,-0.777752503976948
816,-0.584743,1.91261,102002.740989807,293545.413274618,0.909485669429562,0.111102085165907
815,-0.618034,1.90211,104071.610652414,278885.120543512,0.919253778305526,0.999999999919175
815,-0.651136,1.89104,98405.0975119112,262272.746224413,0.909485669429935,-0.111102085328253
814,-0.68404,1.87939,100338.779725999,247885.583741992,0.915346582363941,0.777752503814277
814,-0.716736,1.86716,92442.6627806493,227633.560148483,0.910462498171402,-0.333308963343933
813,-0.749213,1.85437,91423.0942881541,210733.830942075,0.912416143750117,0.555523964050053
813,-0.781462,1.84101,83661.8460315066,192070.874187258,0.912416143751584,-0.555523964183396
812,-0.813473,1.82709,81480.8991220436,175859.187085362,0.910462498170484,0.33330896321226
812,-0.845237,1.81262,73380.2509927954,157196.829958352,0.91534658236591,-0.7777525039432
811,-0.876742,1.79759,67787.8607683318,136392.670176944,0.909485669429639,0.111102085200672
810,-0.907981,1.78201,60362.2997443933,114305.918136253,0.919253778306197,0.999999999954239
810,-0.938943,1.7659,48337.0066251568,90469.1734066003,0.909485669429848,-0.111102085292613
809,-0.969619,1.74924,39077.8520370964,69157.6624066062,0.915346582364533,0.777752503850298
809,-1,1.73205,28544.7798019609,49918.5981912547,0.910462498171205,-0.333308963308436
808,-1.03008,1.71433,19439.6281098832,32274.3760661292,0.912416143750522,0.55552396408444
808,-1.05984,1.6961,9110.32627406893,14888.888603244,0.912416143751243,-0.555523964150944
807,-1.08928,1.67734,-2244.19222421288,-3469.34063360448,0.910462498170733,0.33330896324243
807,-1.11839,1.65808,-14886.695623705,-22498.3236224187,0.915346582365511,-0.777752503915504
806,-1.14715,1.6383,-30719.0319964715,-43848.6626033814,0.909485669429678,0.11110208522852
805,-1.17557,1.61803,-48346.8559999204,-65723.9119003282,0.91925377830677,0.999999999982889
805,-1.20363,1.59727,-64817.3757536171,-84956.4258285275,0.909485669429819,-0.111102085265551
804,-1.23132,1.57602,-84459.1154177009,-105298.785559311,0.915346582364893,0.777752503876544
804,-1.25864,1.55429,-103133.479402221,-123109.884470531,0.910462498170937,-0.333308963279986
803,-1.28558,1.53209,-126757.463245309,-143451.39745545,0.912416143750809,0.555523964114847
803,-1.31212,1.50942,-149889.641457077,-161525.369620264,0.912416143750849,-0.555523964118962
802,-1.33826,1.48629,-178690.933712354,-182339.178094465,0.910462498170897,0.333308963276791
802,-1.364,1.46271,-205756.285636859,-199259.661970218,0.915346582364928,-0.77775250387821
801,-1.38932,1.43868,-236744.122345743,-217044.92721256,0.909485669429954,0.111102085257172
801,-1.41421,1.41421,-266226.753080861,-230950.614732645,0.919253778307104,-0.999999999999994
15850,-1.43868,1.38932,-299435.745804842,-245122.167612068,0.909485669429991,-0.111102085260237
15849,-1.46271,1.364,-332575.42366835,-256074.132518996,0.915346582364828,0.777752503871364
15849,-1.48629,1.33826,-373540.148380594,-270718.440578643,0.910462498171103,-0.333308963290387
15848,-1.50942,1.31212,-413726.866122476,-280069.003356053,0.912416143750729,0.555523964099008
15848,-1.53209,1.28558,-463067.177215161,-294616.051994364,0.912416143751185,-0.555523964140586
15847,-1.55429,1.25864,-508679.744874806,-299968.618531161,0.910462498170851,0.333308963247569
15847,-1.57602,1.23132,-564680.77461642,-313140.894568837,0.915346582365555,-0.777752503916249
15846,-1.59727,1.20363,-610080.918720053,-311319.848423449,0.909485669429784,0.111102085221639
15845,-1.61803,1.17557,-654288.669881877,-303284.779796931,0.919253778306531,0.999999999969823
15845,-1.6383,1.14715,-703673.521812535,-309099.966622357,0.909485669429917,-0.111102085282151
15844,-1.65808,1.11839,-738858.455591012,-291951.294599587,0.915346582364627,0.777752503855772
15844,-1.67734,1.08928,-785461.54744868,-294578.899758088,0.910462498171251,-0.333308963307506
15843,-1.6961,1.05984,-820821.925759098,-274808.402878077,0.912416143750542,0.555523964080906
15843,-1.71433,1.03008,-874959.723607867,-279016.61367577,0.912416143751375,-0.555523964158831
15842,-1.73205,1,-916952.642266414,-258529.070702342,0.910462498170697,0.333308963230296
15842,-1.74924,0.969619,-975634.262738898,-262352.223525524,0.915346582365764,-0.777752503931822
15841,-1.7659,0.938943,-1015698.47869813,-235236.074406967,0.909485669429762,0.111102085205035
15840,-1.78201,0.907981,-1056241.31033936,-204944.247623726,0.919253778306162,0.999999999951483
15840,-1.79759,0.876742,-1110374.32794829,-205169.466953243,0.909485669429984,-0.111102085301589
15839,-1.81262,0.845237,-1149849.469921,-172858.212203381,0.915346582364318,0.777752503835071
15839,-1.82709,0.813473,-1201440.47546913,-171702.019100201,0.910462498171391,-0.333308963330024
15838,-1.84101,0.781462,-1237282.18070317,-136138.174573824,0.912416143750253,0.555523964056986
15838,-1.85437,0.749213,-1285337.29775631,-133786.916450257,0.912416143751674,-0.555523964183544
15837,-1.86716,0.716736,-1318922.01871965,-98543.3627828689,0.910462498170589,0.333308963203294
15837,-1.87939,0.68404,-1364558.35489772,-95587.619457522,0.915346582366259,-0.777752503962095
15836,-1.89104,0.651136,-1397482.44628484,-61914.7661405168,0.909485669429715,0.111102085173074
15835,-1.90211,0.618034,-1431085.05043991,-26770.1721293787,0.919253778305508,0.999999999918209
15835,-1.91261,0.584743,-1473068.03385747,-23729.1912704875,0.909485669430068,-0.111102085335144
15834,-1.92252,0.551275,-1504910.85204258,12135.198129816,0.915346582363818,0.777752503801208
15834,-1.93185,0.517638,-1542409.89135487,15168.6548376118,0.910462498171639,-0.333308963364235
15833,-1.94059,0.483844,-1573035.49889042,49696.0624025483,0.912416143749876,0.555523964021923
15833,-1.94874,0.449902,-1613261.64247585,53468.5615363814,0.912416143752063,-0.555523964220183
15832,-1.9563,0.415823,-1652849.93298596,89703.7421793424,0.910462498170272,0.333308963168156
15832,-1.96325,0.381618,-1704236.26954144,95034.2482328483,0.915346582366716,-0.7777525039937
15831,-1.96962,0.347296,-1740296.52511847,135495.113496124,0.909485669429575,0.111102085145728
15830,-1.97538,0.312869,-1777172.62944665,168146.76308314,0.91925377830502,0.999999999895294
15830,-1.98054,0.278346,-1783838.58955464,169168.334712968,0.909485669430092,-0.111102085358556
15829,-1.98509,0.243739,-1786020.99197781,177464.619263651,0.915346582363415,0.777752503777664
15829,-1.98904,0.209057,-1775273.02420007,176409.685778717,0.910462498171765,-0.333308963386404
15828,-1.99239,0.174311,-1770137.46993447,184261.433080294,0.912416143749651,0.555523964001473
15828,-1.99513,0.139513,-1775605.57182993,184731.514905359,0.912416143752222,-0.5555239642384
15827,-1.99726,0.104672,-1789627.82274808,211001.95770267,0.910462498170184,0.3333089631488
15827,-1.99878,0.069799,-1812074.83824558,212845.787026085,0.915346582367074,-0.777752504016448
15826,-1.9997,0.0349048,-1818232.26708894,227865.161604335,0.909485669429527,0.111102085121831
15825,-2,2.46315e-16,-1820809.98100144,215265.494145184,0.919253778304535,0.999999999870803
15825,-1.9997,-0.0349048,-1786096.7089536,210965.768425813,0.909485669430051,-0.111102085378547
15824,-1.99878,-0.069799,-1749315.61707492,191224.447218241,0.915346582363134,0.777752503762804
15824,-1.99726,-0.104672,-1707558.68909577,186849.840314733,0.910462498171696,-0.333308963393566
15823,-1.99513,-0.139513,-1665170.19000813,170051.001970461,0.912416143749586,0.555523964001405
15823,-1.99239,-0.174311,-1623770.39515815,165456.078983533,0.912416143752114,-0.555523964232279
15822,-1.98904,-0.209057,-1561919.58712913,131493.314989414,0.910462498170195,0.333308963161688
15822,-1.98509,-0.243739,-1491166.04368432,126014.301816149,0.915346582366744,-0.7777525039964
15821,-1.98054,-0.278346,-1406890.2760695,85519.5171496328,0.909485669429545,0.111102085145526
15820,-1.97538,-0.312869,-1321909.58239487,59720.9747211824,0.919253778305042,0.999999999897283
15820,-1.96962,-0.347296,-1259178.71784065,57332.8225892674,0.909485669429957,-0.111102085350017
15819,-1.96325,-0.381618,-1192349.53694819,37787.9053931268,0.915346582363609,0.777752503792499
15819,-1.9563,-0.415823,-1125368.91736913,35931.7853209275,0.910462498171549,-0.333308963366345
15818,-1.94874,-0.449902,-1053352.16365431,14689.5161276039,0.912416143749872,0.555523964026319
15818,-1.94059,-0.483844,-985153.311083374,14443.5274782147,0.91241614375188,-0.555523964209544
15817,-1.93185,-0.517638,-922821.018675078,2416.62306439355,0.910462498170337,0.33330896318265
15817,-1.92252,-0.551275,-869323.619525061,2413.94949489182,0.915346582366458,-0.777752503976945
15816,-1.91261,-0.584743,-804438.544117953,-6183.00045767211,0.909485669429567,0.111102085165898
15815,-1.90211,-0.618034,-736187.743610908,-16885.2314383146,0.919253778305528,0.999999999919178
15815,-1.89104,-0.651136,-673361.698917212,-15266.3011864003,0.90948566942994,-0.111102085328262
15814,-1.87939,-0.68404,-611072.634849867,-20448.5063014396,0.915346582363942,0.77775250381428
15814,-1.86716,-0.716736,-563425.804386233,-19102.4268654338,0.910462498171397,-0.333308963343943
15813,-1.85437,-0.749213,-510447.008015135,-22789.0454756811,0.912416143750119,0.555523964050056
15813,-1.84101,-0.781462,-454978.755964755,-20555.6102962171,0.912416143751582,-0.555523964183381
15812,-1.82709,-0.813473,-402402.56051487,-22580.1688848579,0.910462498170486,0.333308963212263
15812,-1.81262,-0.845237,-354725.17244489,-20175.9926006531,0.915346582365912,-0.777752503943197
15811,-1.79759,-0.876742,-311308.601404059,-18983.6346764854,0.909485669429641,0.111102085200675
15810,-1.78201,-0.907981,-268779.201215271,-17473.0670562956,0.919253778306197,0.999999999954239
15810,-1.7659,-0.938943,-223614.250499998,-14859.0023059821,0.90948566942985,-0.11110208529261
15809,-1.74924,-0.969619,-178968.305718083,-12890.0308827294,0.915346582364535,0.777752503850301
15809,-1.73205,-1,-139959.113475418,-10458.3344559722,0.9104624981712,-0.333308963308458
15808,-1.71433,-1.03008,-94670.0316942282,-8002.52267724183,0.912416143750526,0.555523964084446
15808,-1.6961,-1.05984,-41301.0783416195,-3618.31031682625,0.912416143751243,-0.555523964150944
15807,-1.67734,-1.08928,16907.9924709599,1706.84970907584,0.910462498170725,0.333308963242434
15807,-1.65808,-1.11839,78523.2326721924,8207.29924071116,0.915346582365503,-0.7777525039155
15806,-1.6383,-1.14715,140300.965397293,16243.3392849359,0.90948566942967,0.111102085228524
15805,-1.61803,-1.17557,202741.394308484,25367.0756603821,0.919253778306763,0.999999999982893
15805,-1.59727,-1.20363,251144.004102629,32658.1306066249,0.909485669429812,-0.111102085265547
15804,-1.57602,-1.23132,296898.971404441,39767.9842835094,0.915346582364898,0.777752503876549
15804,-1.55429,-1.25864,327566.110647899,46118.9265467103,0.910462498170935,-0.333308963280012
15803,-1.53209,-1.28558,360919.5513667,51001.2592911439,0.912416143750815,0.555523964114853
15803,-1.50942,-1.31212,393599.185452007,58762.9833352875,0.912416143750855,-0.555523964118957
15802,-1.48629,-1.33826,430646.887574252,62244.3883410178,0.910462498170897,0.333308963276791
15802,-1.46271,-1.364,463541.118035285,71391.3048473289,0.915346582364928,-0.77775250387821
15801,-1.43868,-1.38932,509376.918267499,74788.511907886,0.909485669429954,0.111102085257172
15801,-1.41421,-1.41421,550279.118963682,86924.2609696078,0.919253778307098,-0.999999999999989
10084,-1.38932,-1.43868,586184.634986868,105807.453376592,-0.909485669429983,0.111102085260242
10184,-1.364,-1.46271,601932.69615934,143359.782613121,-0.915346582364814,-0.777752503871363
10184,-1.33826,-1.48629,636387.960675921,157267.634823158,-0.910462498171062,0.333308963290425
10284,-1.31212,-1.50942,624914.397481725,210123.644286546,-0.912416143750702,-0.555523964098991
10284,-1.28558,-1.53209,654294.049086162,223663.073702413,-0.912416143751175,0.55552396414059
10384,-1.25864,-1.55429,538355.580246968,335144.222392588,-0.910462498170858,-0.333308963247603
10384,-1.23132,-1.57602,537458.561602158,336136.873070052,-0.915346582365569,0.777752503916277
10484,-1.20363,-1.59727,199945.85234797,597755.293476125,-0.909485669429755,-0.111102085221656
10584,-1.17557,-1.61803,-41495.7845571331,772609.176565895,-0.919253778306467,-0.999999999969833
10584,-1.14715,-1.6383,-52479.5053854388,821509.283364642,-0.909485669429891,0.111102085282108
10684,-1.11839,-1.65808,-45307.6452424159,854251.726826559,-0.915346582364624,-0.777752503855743
10684,-1.08928,-1.67734,-55922.1357691503,891897.67612299,-0.910462498171255,0.333308963307532
10784,-1.05984,-1.6961,-46774.5943869913,911880.4159028,-0.912416143750544,-0.555523964080908
10784,-1.03008,-1.71433,-56518.2579271401,937552.865298494,-0.912416143751393,0.555523964158839
10884,-1,-1.73205,-44329.3260259295,948178.653253098,-0.910462498170715,-0.333308963230315
10884,-0.969619,-1.74924,-53432.6915736056,969640.931995237,-0.915346582365772,0.777752503931858
10984,-0.938943,-1.7659,-42331.8914820743,970620.814991152,-0.909485669429763,-0.111102085205032
11084,-0.907981,-1.78201,-33103.6098580538,970294.784397002,-0.919253778306154,-0.99999999995149
11084,-0.876742,-1.79759,-41557.9151721837,982045.326169949,-0.909485669429981,0.111102085301552
11184,-0.845237,-1.81262,-28514.0081647694,982772.485299038,-0.915346582364332,-0.777752503835052
11184,-0.813473,-1.82709,-36497.4221374933,993225.358850045,-0.910462498171421,0.333308963330044
11284,-0.781462,-1.84101,-20971.9674621009,989582.846462948,-0.912416143750289,-0.555523964056998
11284,-0.749213,-1.85437,-28916.2691990034,990887.854684072,-0.912416143751684,0.555523964183542
11384,-0.716736,-1.86716,-15201.4141425955,980570.134541445,-0.910462498170579,-0.333308963203316
11384,-0.68404,-1.87939,-22658.6667294606,976471.169008254,-0.915346582366256,0.777752503962127
11484,-0.651136,-1.89104,-13455.7806501158,958877.200591733,-0.9094856694297,-0.111102085173069
11584,-0.618034,-1.90211,-10922.5137947131,942051.827257492,-0.919253778305473,-0.9999999999182
11584,-0.584743,-1.91261,-17137.5339152942,914338.639980724,-0.909485669430035,0.111102085335111
11684,-0.551275,-1.92252,-14877.546379313,885578.16913031,-0.915346582363772,-0.777752503801188
11684,-0.517638,-1.93185,-19718.5576378118,863150.249640555,-0.910462498171642,0.333308963364261
11784,-0.483844,-1.94059,-18804.9395270523,836314.622722776,-0.912416143749915,-0.555523964021929
11784,-0.449902,-1.94874,-24752.3222697095,806740.069844748,-0.912416143752077,0.555523964220183
11884,-0.415823,-1.9563,-14738.2128701903,790639.431131765,-0.910462498170266,-0.33330896316818
11884,-0.381618,-1.96325,-13649.7545790008,787789.01503982,-0.915346582366712,0.777752503993725
11984,-0.347296,-1.96962,-36989.5445859341,835825.048765291,-0.909485669429565,-0.111102085145729
12084,-0.312869,-1.97538,-133218.693671271,905805.797994878,-0.919253778305011,-0.999999999895287
12084,-0.278346,-1.98054,-129740.723839647,927980.644587779,-0.909485669430107,0.111102085358526
12184,-0.243739,-1.98509,-198666.667423197,952250.602341409,-0.915346582363447,-0.777752503777644
12184,-0.209057,-1.98904,-200809.343144325,939564.434293985,-0.910462498171781,0.333308963386432
12284,-0.174311,-1.99239,-225510.934739034,926109.990887211,-0.912416143749663,-0.555523964001473
12284,-0.139513,-1.99513,-224597.737088857,906085.728808001,-0.912416143752267,0.555523964238395
12384,-0.104672,-1.99726,-250288.440679949,882661.154254822,-0.910462498170238,-0.333308963148834
12384,-0.069799,-1.99878,-246961.066525577,854300.619407386,-0.915346582367131,0.777752504016471
12484,-0.0349048,-1.9997,-266386.669489155,830197.703490596,-0.909485669429557,-0.111102085121833
12584,-4.35203e-16,-2,-286510.345581892,806461.601439161,-0.919253778304537,-0.999999999870803
12584,0.0349048,-1.9997,-277190.811668276,770507.030779485,-0.909485669430058,0.111102085378513
12684,0.069799,-1.99878,-291949.544977163,733554.239083074,-0.915346582363139,-0.777752503762792
12684,0.104672,-1.99726,-279498.897848326,694528.553051763,-0.9104624981717,0.333308963393593
12784,0.139513,-1.99513,-288324.435549581,658369.82296206,-0.912416143749591,-0.555523964001403
12784,0.174311,-1.99239,-278954.722592264,629161.911385871,-0.912416143752134,0.555523964232273
12884,0.209057,-1.98904,-284029.55374551,592393.788124316,-0.91046249817019,-0.333308963161724
12884,0.243739,-1.98509,-267527.734863638,553863.286354466,-0.915346582366752,0.777752503996427
12984,0.278346,-1.98054,-265971.351605793,502316.332178832,-0.909485669429543,-0.111102085145531
13084,0.312869,-1.97538,-258754.612788593,448899.56379242,-0.919253778305079,-0.999999999897294
13084,0.347296,-1.96962,-238309.315465773,409837.658644134,-0.909485669429971,0.111102085349981
13184,0.381618,-1.96325,-228911.794904117,370842.565547196,-0.915346582363621,-0.777752503792476
13184,0.415823,-1.9563,-210523.48706108,338672.028173626,-0.910462498171561,0.33330896336634
13284,0.449902,-1.94874,-196454.839623332,301095.578124965,-0.912416143749886,-0.555523964026324
13284,0.483844,-1.94059,-169539.539953471,259114.119534263,-0.912416143751904,0.555523964209538
13384,0.517638,-1.93185,-149005.23300498,217623.813322691,-0.910462498170363,-0.333308963182687
13384,0.551275,-1.92252,-123387.847973164,179266.033035667,-0.915346582366464,0.777752503976962
13484,0.584743,-1.91261,-107325.41912593,153185.156105554,-0.909485669429569,-0.111102085165906
13584,0.618034,-1.90211,-91144.0717536011,131314.060416554,-0.919253778305519,-0.999999999919186
13584,0.651136,-1.89104,-80135.0099728582,114871.542262971,-0.909485669429928,0.111102085328226
13684,0.68404,-1.87939,-67205.2941283628,97441.3199882945,-0.915346582363942,-0.777752503814258
13684,0.716736,-1.86716,-50816.2368164334,73480.9977703182,-0.910462498171394,0.333308963343945
13784,0.749213,-1.85437,-33262.609356362,48506.3613987419,-0.912416143750121,-0.555523964050058
13784,0.781462,-1.84101,-14794.0741001485,21509.6719500727,-0.91241614375158,0.555523964183364
13884,0.813473,-1.82709,802.660443474962,-1184.42893838827,-0.91046249817049,-0.333308963212306
13884,0.845237,-1.81262,14201.0387459559,-20871.1216340344,-0.915346582365913,0.777752503943214
13984,0.876742,-1.79759,24026.8777959013,-36775.4718247749,-0.909485669429626,-0.1111020852007
14084,0.907981,-1.78201,31675.1555112409,-52089.9116979892,-0.919253778306215,-0.999999999954254
14084,0.938943,-1.7659,38707.426031975,-63556.040279111,-0.909485669429858,0.111102085292581
14184,0.969619,-1.74924,42687.7637227285,-76917.1387419942,-0.915346582364524,-0.777752503850263
14184,1,-1.73205,49946.9984719554,-90031.3815749691,-0.910462498171194,0.333308963308465
14284,1.03008,-1.71433,52877.8179940988,-106330.856006594,-0.91241614375052,-0.55552396408445
14284,1.05984,-1.6961,60117.3926421885,-121148.087239109,-0.912416143751235,0.55552396415093
14384,1.08928,-1.67734,60497.786611233,-138069.626527616,-0.910462498170724,-0.333308963242461
14384,1.11839,-1.65808,65483.9735960764,-150324.40665209,-0.915346582365498,0.777752503915531
14484,1.14715,-1.6383,61846.4076865239,-166045.730337092,-0.909485669429676,-0.111102085228531
14584,1.17557,-1.61803,55891.3005989058,-182635.868939834,-0.919253778306762,-0.999999999982903
14584,1.20363,-1.59727,57074.4364846879,-191501.503348908,-0.909485669429825,0.1111020852655
14684,1.23132,-1.57602,47140.9950314963,-208548.251611851,-0.91534658236492,-0.777752503876537
14684,1.25864,-1.55429,47019.0336562973,-217984.837419415,-0.910462498170955,0.333308963280004
14784,1.28558,-1.53209,33329.9237144235,-236969.569923271,-0.912416143750819,-0.555523964114867
14784,1.31212,-1.50942,30942.2079088699,-244409.273710953,-0.912416143750872,0.555523964118932
14884,1.33826,-1.48629,13304.9340322355,-261805.191577499,-0.910462498170903,-0.333308963276861
14884,1.364,-1.46271,7773.87666734541,-265807.796809474,-0.915346582364901,0.777752503878194
14984,1.38932,-1.43868,-13913.2842076854,-278516.691490494,-0.909485669429939,-0.111102085257194
14984,1.41421,-1.41421,-23429.3832403844,-277336.658448702,-0.919253778307102,0.999999999999985
5850,1.43868,-1.38932,-49256.2022684723,-284890.992882521,0.909485669429985,-0.111102085260202
5849,1.46271,-1.364,-74434.8332705313,-289875.632199308,0.915346582364833,0.777752503871339
5849,1.48629,-1.33826,-92315.2867339592,-280442.122335414,0.910462498171102,-0.333308963290407
5848,1.50942,-1.31212,-117511.030620129,-276468.542881085,0.91241614375073,0.555523964099018
5848,1.53209,-1.28558,-137438.229117087,-263218.922248804,0.912416143751186,-0.555523964140576
5847,1.55429,-1.25864,-156865.255895799,-249812.355729843,0.91046249817085,0.333308963247604
5847,1.57602,-1.23132,-175832.205369836,-236242.085448523,0.91534658236556,-0.777752503916265
5846,1.59727,-1.20363,-186755.314077477,-217849.488901024,0.909485669429786,0.111102085221649
5845,1.61803,-1.17557,-193670.035442284,-194387.128900903,0.919253778306525,0.999999999969829
5845,1.6383,-1.14715,-209489.070862483,-190942.403005458,0.909485669429914,-0.11110208528211
5844,1.65808,-1.11839,-214388.925889821,-171912.644286544,0.915346582364627,0.777752503855747
5844,1.67734,-1.08928,-228444.272284914,-171692.546257065,0.910462498171258,-0.333308963307527
5843,1.6961,-1.05984,-230997.314818656,-155277.498820258,0.912416143750537,0.555523964080912
5843,1.71433,-1.03008,-242066.146228146,-155976.118801415,0.912416143751378,-0.555523964158821
5842,1.73205,-1,-241834.860545272,-140339.208021743,0.910462498170701,0.333308963230334
5842,1.74924,-0.969619,-250438.014443027,-141507.206965962,0.915346582365767,-0.777752503931841
5841,1.7659,-0.938943,-250467.387332614,-127767.744296906,0.909485669429766,0.111102085205045
5840,1.78201,-0.907981,-251867.23337798,-115422.928282659,0.919253778306158,0.99999999995149
5840,1.79759,-0.876742,-262039.026968443,-119901.75367397,0.909485669429983,-0.111102085301555
5839,1.81262,-0.845237,-265353.418788689,-110012.879705893,0.915346582364319,0.777752503835052
5839,1.82709,-0.813473,-275064.963200359,-114874.833193542,0.910462498171384,-0.333308963330046
5838,1.84101,-0.781462,-277701.441044973,-105469.328113162,0.912416143750258,0.555523964056995
5838,1.85437,-0.749213,-284835.384696891,-109598.525582721,0.91241614375167,-0.555523964183538
5837,1.86716,-0.716736,-286351.233256959,-100876.370368699,0.91046249817059,0.333308963203332
5837,1.87939,-0.68404,-292543.604939109,-104977.267391073,0.915346582366259,-0.777752503962114
5836,1.89104,-0.651136,-293926.22932174,-98422.7905537873,0.909485669429712,0.11110208517308
5835,1.90211,-0.618034,-296077.969158308,-94143.0199500663,0.919253778305505,0.999999999918216
5835,1.91261,-0.584743,-299377.05423492,-98557.2911487241,0.909485669430072,-0.111102085335106
5834,1.92252,-0.551275,-299731.473277634,-94542.9069564683,0.915346582363824,0.777752503801191
5834,1.93185,-0.517638,-301042.667795964,-98741.5179297935,0.910462498171638,-0.333308963364257
5833,1.94059,-0.483844,-299737.107444087,-95717.6270382445,0.912416143749874,0.555523964021932
5833,1.94874,-0.449902,-299167.910591462,-99580.6688730207,0.91241614375206,-0.555523964220175
5832,1.9563,-0.415823,-296784.187801889,-98110.5920296979,0.910462498170272,0.333308963168192
5832,1.96325,-0.381618,-295079.040722547,-101936.496913911,0.915346582366721,-0.777752503993719
5831,1.96962,-0.347296,-290716.395920486,-100866.70918595,0.909485669429573,0.111102085145735
5830,1.97538,-0.312869,-286032.862595633,-100225.043958715,0.919253778305019,0.999999999895301
5830,1.98054,-0.278346,-280985.906692637,-102132.349357463,0.909485669430095,-0.11110208535852
5829,1.98509,-0.243739,-275412.855076507,-100503.066452745,0.915346582363408,0.777752503777643
5829,1.98904,-0.209057,-270087.548631481,-101948.426863912,0.910462498171767,-0.333308963386425
5828,1.99239,-0.174311,-264080.215950754,-102049.989288727,0.91241614374965,0.555523964001481
5828,1.99513,-0.139513,-257369.59564811,-102838.892388296,0.912416143752221,-0.555523964238393
5827,1.99726,-0.104672,-250369.313677805,-103168.128194684,0.910462498170182,0.333308963148836
5827,1.99878,-0.069799,-243230.956141598,-103414.274491619,0.915346582367075,-0.777752504016468
5826,1.9997,-0.0349048,-235853.302838941,-103750.780496755,0.909485669429527,0.111102085121839
