origElemNum,globCoord-x,globCoord-y,acouPotentialD1-,locCoord-xi,locCoord-eta
5825,2,-2.20442e-18,2422132.873528,0.919253778304535,0.999999999870795
5825,1.9997,0.0349048,2473558.84473192,0.909485669430051,-0.11110208537854
5824,1.99878,0.069799,2528124.41668012,0.915346582363134,0.7777525037628
5824,1.99726,0.104672,2576440.28843965,0.910462498171695,-0.333308963393583
5823,1.99513,0.139513,2624094.06142834,0.912416143749585,0.555523964001403
5823,1.99239,0.174311,2667617.24654135,0.912416143752112,-0.555523964232293
5822,1.98904,0.209057,2707165.83453764,0.910462498170195,0.33330896316169
5822,1.98509,0.243739,2746095.49312853,0.915346582366752,-0.777752503996411
5821,1.98054,0.278346,2779300.02972236,0.909485669429537,0.111102085145532
5820,1.97538,0.312869,2815579.58217795,0.91925377830504,0.999999999897275
5820,1.96962,0.347296,2846193.23908075,0.909485669429959,-0.111102085350008
5819,1.96325,0.381618,2880774.40663013,0.915346582363608,0.777752503792493
5819,1.9563,0.415823,2913544.71413857,0.910462498171543,-0.333308963366333
5818,1.94874,0.449902,2947616.08139621,0.912416143749872,0.555523964026318
5818,1.94059,0.483844,2980745.47472354,0.912416143751876,-0.555523964209557
5817,1.93185,0.517638,3009174.35925896,0.910462498170338,0.333308963182653
5817,1.92252,0.551275,3036279.93821657,0.915346582366455,-0.777752503976955
5816,1.91261,0.584743,3048360.93176463,0.909485669429567,0.111102085165898
5815,1.90211,0.618034,3060629.24678024,0.919253778305533,0.999999999919169
5815,1.89104,0.651136,3044396.17851057,0.909485669429933,-0.111102085328256
5814,1.87939,0.68404,3025371.4602331,0.915346582363941,0.777752503814277
5814,1.86716,0.716736,2979972.03079369,0.910462498171402,-0.333308963343933
5813,1.85437,0.749213,2924656.41163765,0.912416143750119,0.555523964050056
5813,1.84101,0.781462,2852019.96034339,0.912416143751575,-0.555523964183394
5812,1.82709,0.813473,2768997.90715655,0.910462498170486,0.333308963212263
5812,1.81262,0.845237,2680591.97189433,0.915346582365915,-0.777752503943209
5811,1.79759,0.876742,2588541.28958779,0.909485669429635,0.111102085200681
5810,1.78201,0.907981,2498831.25773096,0.919253778306195,0.999999999954235
5810,1.7659,0.938943,2411627.11794621,0.909485669429844,-0.111102085292603
5809,1.74924,0.969619,2327344.17682322,0.915346582364538,0.777752503850291
5809,1.73205,1,2242749.54021146,0.910462498171199,-0.333308963308445
5808,1.71433,1.03008,2155289.22248741,0.912416143750526,0.555523964084446
5808,1.6961,1.05984,2061703.42341925,0.912416143751246,-0.555523964150953
5807,1.67734,1.08928,1958226.94085552,0.910462498170725,0.333308963242434
5807,1.65808,1.11839,1849311.43367512,0.915346582365508,-0.777752503915519
5806,1.6383,1.14715,1731476.42208852,0.909485669429676,0.11110208522853
5805,1.61803,1.17557,1613975.6148605,0.919253778306765,0.999999999982884
5805,1.59727,1.20363,1496890.71743527,0.909485669429817,-0.111102085265541
5804,1.57602,1.23132,1383213.40551027,0.9153465823649,0.777752503876539
5804,1.55429,1.25864,1273317.11742915,0.910462498170939,-0.333308963279996
5803,1.53209,1.28558,1164646.77202937,0.912416143750815,0.555523964114853
5803,1.50942,1.31212,1056337.97830213,0.91241614375085,-0.555523964118972
5802,1.48629,1.33826,950688.326555034,0.910462498170897,0.333308963276791
5802,1.46271,1.364,847444.778384193,0.915346582364929,-0.77775250387822
5801,1.43868,1.38932,758609.454437559,0.909485669429954,0.111102085257182
5801,1.41421,1.41421,674223.576131223,0.919253778307104,-0.999999999999994
850,1.38932,1.43868,599607.23521049,0.909485669429991,-0.111102085260227
849,1.364,1.46271,520223.98232463,0.915346582364834,0.777752503871359
849,1.33826,1.48629,419960.661342874,0.910462498171096,-0.333308963290402
848,1.31212,1.50942,308288.215180928,0.912416143750729,0.555523964099008
848,1.28558,1.53209,179189.311231231,0.912416143751184,-0.555523964140596
847,1.25864,1.55429,53030.417451555,0.910462498170846,0.333308963247574
847,1.23132,1.57602,-70652.3906572019,0.915346582365554,-0.777752503916259
846,1.20363,1.59727,-193650.715263555,0.90948566942978,0.111102085221654
845,1.17557,1.61803,-315412.579165104,0.919253778306528,0.999999999969813
845,1.14715,1.6383,-457303.529106787,0.909485669429915,-0.111102085282135
844,1.11839,1.65808,-600765.811531722,0.915346582364625,0.777752503855763
844,1.08928,1.67734,-752378.769141162,0.910462498171253,-0.333308963307521
843,1.05984,1.6961,-902156.725056053,0.912416143750542,0.555523964080906
843,1.03008,1.71433,-1049056.80356745,0.912416143751377,-0.555523964158847
842,1,1.73205,-1187018.68421975,0.910462498170698,0.333308963230309
842,0.969619,1.74924,-1318955.74425596,0.915346582365766,-0.777752503931825
841,0.938943,1.7659,-1445347.54186193,0.909485669429764,0.111102085205048
840,0.907981,1.78201,-1570031.10862718,0.919253778306164,0.99999999995148
840,0.876742,1.79759,-1719780.56200837,0.909485669429979,-0.11110208530158
839,0.845237,1.81262,-1877540.18797347,0.91534658236432,0.777752503835068
839,0.813473,1.82709,-2068742.13353363,0.91046249817139,-0.33330896333004
838,0.781462,1.84101,-2267305.02468108,0.912416143750255,0.555523964056983
838,0.749213,1.85437,-2477079.45241562,0.912416143751674,-0.555523964183563
837,0.716736,1.86716,-2674401.27115856,0.910462498170584,0.333308963203304
837,0.68404,1.87939,-2863077.98470273,0.915346582366261,-0.777752503962098
836,0.651136,1.89104,-3019075.99234836,0.909485669429719,0.111102085173086
835,0.618034,1.90211,-3165885.26387855,0.919253778305509,0.999999999918205
835,0.584743,1.91261,-3281530.31831699,0.909485669430073,-0.111102085335132
834,0.551275,1.92252,-3394061.21854084,0.915346582363819,0.777752503801204
834,0.517638,1.93185,-3499517.40343333,0.910462498171637,-0.333308963364254
833,0.483844,1.94059,-3606236.882318,0.912416143749877,0.55552396402192
833,0.449902,1.94874,-3715942.23327355,0.91241614375206,-0.555523964220202
832,0.415823,1.9563,-3827496.57360859,0.910462498170279,0.333308963168166
832,0.381618,1.96325,-3939179.35537233,0.915346582366717,-0.777752503993703
831,0.347296,1.96962,-4043042.97976418,0.909485669429573,0.111102085145737
830,0.312869,1.97538,-4142148.01177447,0.919253778305012,0.99999999989529
830,0.278346,1.98054,-4216722.43767715,0.909485669430091,-0.111102085358547
829,0.243739,1.98509,-4281366.41754476,0.915346582363415,0.77775250377766
829,0.209057,1.98904,-4318822.82907654,0.910462498171767,-0.333308963386422
828,0.174311,1.99239,-4340936.34609022,0.912416143749651,0.55552396400147
828,0.139513,1.99513,-4342298.38456768,0.912416143752224,-0.555523964238419
827,0.104672,1.99726,-4327893.13864106,0.910462498170184,0.33330896314881
827,0.069799,1.99878,-4301308.77005866,0.915346582367074,-0.777752504016452
826,0.0349048,1.9997,-4264045.65236377,0.909485669429527,0.111102085121841
825,1.27747e-16,2,-4220290.86334774,0.919253778304535,0.999999999870799
825,-0.0349048,1.9997,-4174157.34169928,0.909485669430051,-0.111102085378537
824,-0.069799,1.99878,-4124713.77071656,0.915346582363134,0.777752503762801
824,-0.104672,1.99726,-4077380.77390456,0.910462498171695,-0.333308963393583
823,-0.139513,1.99513,-4029636.49410164,0.912416143749585,0.555523964001401
823,-0.174311,1.99239,-3983812.25710033,0.912416143752112,-0.555523964232297
822,-0.209057,1.98904,-3940018.34274052,0.910462498170195,0.333308963161685
822,-0.243739,1.98509,-3896036.44293447,0.915346582366744,-0.777752503996403
821,-0.278346,1.98054,-3855179.24056245,0.909485669429538,0.111102085145537
820,-0.312869,1.97538,-3811841.13118138,0.919253778305041,0.999999999897278
820,-0.347296,1.96962,-3770199.07276476,0.90948566942996,-0.111102085350006
819,-0.381618,1.96325,-3724679.74781971,0.915346582363608,0.777752503792493
819,-0.415823,1.9563,-3675615.35371933,0.910462498171543,-0.333308963366333
818,-0.449902,1.94874,-3620482.11353861,0.912416143749872,0.555523964026316
818,-0.483844,1.94059,-3558058.16368007,0.912416143751875,-0.555523964209561
817,-0.517638,1.93185,-3484580.56747884,0.910462498170336,0.333308963182646
817,-0.551275,1.92252,-3402869.78061254,0.915346582366457,-0.777752503976948
816,-0.584743,1.91261,-3303649.79069627,0.909485669429562,0.111102085165907
815,-0.618034,1.90211,-3198454.59024686,0.919253778305526,0.999999999919175
815,-0.651136,1.89104,-3070581.95067358,0.909485669429935,-0.111102085328253
814,-0.68404,1.87939,-2937441.61640735,0.915346582363941,0.777752503814277
814,-0.716736,1.86716,-2788125.77361943,0.910462498171402,-0.333308963343933
813,-0.749213,1.85437,-2632328.8342738,0.912416143750117,0.555523964050053
813,-0.781462,1.84101,-2467436.89300527,0.912416143751584,-0.555523964183396
812,-0.813473,1.82709,-2296285.52923448,0.910462498170484,0.33330896321226
812,-0.845237,1.81262,-2120820.67604926,0.91534658236591,-0.7777525039432
811,-0.876742,1.79759,-1938170.53907403,0.909485669429639,0.111102085200672
810,-0.907981,1.78201,-1753477.86086945,0.919253778306197,0.999999999954239
810,-0.938943,1.7659,-1556437.17765266,0.909485669429848,-0.111102085292613
809,-0.969619,1.74924,-1355483.55450961,0.915346582364533,0.777752503850298
809,-1,1.73205,-1139529.58657032,0.910462498171205,-0.333308963308436
808,-1.03008,1.71433,-913847.140224123,0.912416143750522,0.55552396408444
808,-1.05984,1.6961,-673662.387748475,0.912416143751243,-0.555523964150944
807,-1.08928,1.67734,-418272.769496181,0.910462498170733,0.33330896324243
807,-1.11839,1.65808,-152882.227326799,0.915346582365511,-0.777752503915504
806,-1.14715,1.6383,129609.735740615,0.909485669429678,0.11110208522852
805,-1.17557,1.61803,416078.752762314,0.91925377830677,0.999999999982889
805,-1.20363,1.59727,717156.948774876,0.909485669429819,-0.111102085265551
804,-1.23132,1.57602,1019641.20182397,0.915346582364893,0.777752503876544
804,-1.25864,1.55429,1328829.44263184,0.910462498170937,-0.333308963279986
803,-1.28558,1.53209,1639834.95493802,0.912416143750809,0.555523964114847
803,-1.31212,1.50942,1953644.49000764,0.912416143750849,-0.555523964118962
802,-1.33826,1.48629,2269022.04365811,0.910462498170897,0.333308963276791
802,-1.364,1.46271,2585324.73619853,0.915346582364928,-0.77775250387821
801,-1.38932,1.43868,2901401.71310753,0.909485669429954,0.111102085257172
801,-1.41421,1.41421,3217168.22675476,0.919253778307104,-0.999999999999994
15850,-1.43868,1.38932,3527507.73278884,0.909485669429991,-0.111102085260237
15849,-1.46271,1.364,3834909.2845362,0.915346582364828,0.777752503871364
15849,-1.48629,1.33826,4132123.56286917,0.910462498171103,-0.333308963290387
15848,-1.50942,1.31212,4420640.12822122,0.912416143750729,0.555523964099008
15848,-1.53209,1.28558,4696456.99067375,0.912416143751185,-0.555523964140586
15847,-1.55429,1.25864,4954829.51792674,0.910462498170851,0.333308963247569
15847,-1.57602,1.23132,5201007.92362306,0.915346582365555,-0.777752503916249
15846,-1.59727,1.20363,5418453.40336328,0.909485669429784,0.111102085221639
15845,-1.61803,1.17557,5627252.71754598,0.919253778306531,0.999999999969823
15845,-1.6383,1.14715,5794218.69540814,0.909485669429917,-0.111102085282151
15844,-1.65808,1.11839,5950103.5104728,0.915346582364627,0.777752503855772
15844,-1.67734,1.08928,6068735.33258414,0.910462498171251,-0.333308963307506
15843,-1.6961,1.05984,6167115.51049795,0.912416143750542,0.555523964080906
15843,-1.71433,1.03008,6236498.99667338,0.912416143751375,-0.555523964158831
15842,-1.73205,1,6278941.87249844,0.910462498170697,0.333308963230296
15842,-1.74924,0.969619,6302173.70218627,0.915346582365764,-0.777752503931822
15841,-1.7659,0.938943,6295240.63861911,0.909485669429762,0.111102085205035
15840,-1.78201,0.907981,6277715.36654044,0.919253778306162,0.999999999951483
15840,-1.79759,0.876742,6228484.8444405,0.909485669429984,-0.111102085301589
15839,-1.81262,0.845237,6169768.66755305,0.915346582364318,0.777752503835071
15839,-1.82709,0.813473,6086239.83943759,0.910462498171391,-0.333308963330024
15838,-1.84101,0.781462,5987344.96824306,0.912416143750253,0.555523964056986
15838,-1.85437,0.749213,5867734.06654737,0.912416143751674,-0.555523964183544
15837,-1.86716,0.716736,5725925.30275438,0.910462498170589,0.333308963203294
15837,-1.87939,0.68404,5567659.90344308,0.915346582366259,-0.777752503962095
15836,-1.89104,0.651136,5381974.71387797,0.909485669429715,0.111102085173074
15835,-1.90211,0.618034,5185581.02965966,0.919253778305508,0.999999999918209
15835,-1.91261,0.584743,4963162.98205295,0.909485669430068,-0.111102085335144
15834,-1.92252,0.551275,4734245.8553839,0.915346582363818,0.777752503801208
15834,-1.93185,0.517638,4494845.99356335,0.910462498171639,-0.333308963364235
15833,-1.94059,0.483844,4255662.61387317,0.912416143749876,0.555523964021923
15833,-1.94874,0.449902,4019375.71452134,0.912416143752063,-0.555523964220183
15832,-1.9563,0.415823,3799299.39423985,0.910462498170272,0.333308963168156
15832,-1.96325,0.381618,3588658.3361567,0.915346582366716,-0.7777525039937
15831,-1.96962,0.347296,3417202.00486368,0.909485669429575,0.111102085145728
15830,-1.97538,0.312869,3252809.87620248,0.91925377830502,0.999999999895294
15830,-1.98054,0.278346,3152109.75339506,0.909485669430092,-0.111102085358556
15829,-1.98509,0.243739,3062675.34633423,0.915346582363415,0.777752503777664
15829,-1.98904,0.209057,3027253.98268485,0.910462498171765,-0.333308963386404
15828,-1.99239,0.174311,3015248.01196631,0.912416143749651,0.555523964001473
15828,-1.99513,0.139513,3039525.99732134,0.912416143752222,-0.5555239642384
15827,-1.99726,0.104672,3089729.40583358,0.910462498170184,0.3333089631488
15827,-1.99878,0.069799,3156840.50100942,0.915346582367074,-0.777752504016448
15826,-1.9997,0.0349048,3237244.99252638,0.909485669429527,0.111102085121831
15825,-2,2.46315e-16,3320388.08390402,0.919253778304535,0.999999999870803
15825,-1.9997,-0.0349048,3386775.8589414,0.909485669430051,-0.111102085378547
15824,-1.99878,-0.069799,3442434.63657793,0.915346582363134,0.777752503762804
15824,-1.99726,-0.104672,3457059.06828933,0.910462498171696,-0.333308963393566
15823,-1.99513,-0.139513,3439484.7796108,0.912416143749586,0.555523964001405
15823,-1.99239,-0.174311,3373969.23884415,0.912416143752114,-0.555523964232279
15822,-1.98904,-0.209057,3251584.89094237,0.910462498170195,0.333308963161688
15822,-1.98509,-0.243739,3090811.33205098,0.915346582366744,-0.7777525039964
15821,-1.98054,-0.278346,2858318.09272953,0.909485669429545,0.111102085145526
15820,-1.97538,-0.312869,2606392.15870578,0.919253778305042,0.999999999897283
15820,-1.96962,-0.347296,2291498.94372315,0.909485669429957,-0.111102085350017
15819,-1.96325,-0.381618,1970680.28811547,0.915346582363609,0.777752503792499
15819,-1.9563,-0.415823,1634021.69399549,0.910462498171549,-0.333308963366345
15818,-1.94874,-0.449902,1308225.79086868,0.912416143749872,0.555523964026319
15818,-1.94059,-0.483844,1000353.12615108,0.91241614375188,-0.555523964209544
15817,-1.93185,-0.517638,736123.801870838,0.910462498170337,0.33330896318265
15817,-1.92252,-0.551275,499727.707993149,0.915346582366458,-0.777752503976945
15816,-1.91261,-0.584743,337474.886917914,0.909485669429567,0.111102085165898
15815,-1.90211,-0.618034,190583.962496316,0.919253778305528,0.999999999919178
15815,-1.89104,-0.651136,118642.563139163,0.90948566942994,-0.111102085328262
15814,-1.87939,-0.68404,46372.6371103064,0.915346582363942,0.77775250381428
15814,-1.86716,-0.716736,-13184.8626019379,0.910462498171397,-0.333308963343943
15813,-1.85437,-0.749213,-102294.375470088,0.912416143750119,0.555523964050056
15813,-1.84101,-0.781462,-233110.332051353,0.912416143751582,-0.555523964183381
15812,-1.82709,-0.813473,-451965.109328449,0.910462498170486,0.333308963212263
15812,-1.81262,-0.845237,-731737.470973395,0.915346582365912,-0.777752503943197
15811,-1.79759,-0.876742,-1150231.94810691,0.909485669429641,0.111102085200675
15810,-1.78201,-0.907981,-1608893.67425277,0.919253778306197,0.999999999954239
15810,-1.7659,-0.938943,-2187417.76223098,0.90948566942985,-0.11110208529261
15809,-1.74924,-0.969619,-2770271.98943061,0.915346582364535,0.777752503850301
15809,-1.73205,-1,-3347867.35243138,0.9104624981712,-0.333308963308458
15808,-1.71433,-1.03008,-3870606.59576359,0.912416143750526,0.555523964084446
15808,-1.6961,-1.05984,-4307369.28612627,0.912416143751243,-0.555523964150944
15807,-1.67734,-1.08928,-4634417.88610159,0.910462498170725,0.333308963242434
15807,-1.65808,-1.11839,-4890432.47088367,0.915346582365503,-0.7777525039155
15806,-1.6383,-1.14715,-5099194.55876661,0.90948566942967,0.111102085228524
15805,-1.61803,-1.17557,-5301709.47615742,0.919253778306763,0.999999999982893
15805,-1.59727,-1.20363,-5627844.71041319,0.909485669429812,-0.111102085265547
15804,-1.57602,-1.23132,-5983168.21924288,0.915346582364898,0.777752503876549
15804,-1.55429,-1.25864,-6428689.47967351,0.910462498170935,-0.333308963280012
15803,-1.53209,-1.28558,-6829290.75032801,0.912416143750815,0.555523964114853
15803,-1.50942,-1.31212,-7157558.70307047,0.912416143750855,-0.555523964118957
15802,-1.48629,-1.33826,-7348821.40149962,0.910462498170897,0.333308963276791
15802,-1.46271,-1.364,-7451906.25938882,0.915346582364928,-0.77775250387821
15801,-1.43868,-1.38932,-7422879.76168878,0.909485669429954,0.111102085257172
15801,-1.41421,-1.41421,-7368394.41989263,0.919253778307098,-0.999999999999989
10084,-1.38932,-1.43868,-7213569.95142719,-0.909485669429983,0.111102085260242
10184,-1.364,-1.46271,-7024712.28568822,-0.915346582364814,-0.777752503871363
10184,-1.33826,-1.48629,-6667799.38579563,-0.910462498171062,0.333308963290425
10284,-1.31212,-1.50942,-6258225.65304812,-0.912416143750702,-0.555523964098991
10284,-1.28558,-1.53209,-5764293.98777893,-0.912416143751175,0.55552396414059
10384,-1.25864,-1.55429,-5104152.22831294,-0.910462498170858,-0.333308963247603
10384,-1.23132,-1.57602,-4337311.59816604,-0.915346582365569,0.777752503916277
10484,-1.20363,-1.59727,-3874378.86882646,-0.909485669429755,-0.111102085221656
10584,-1.17557,-1.61803,-3496844.56531724,-0.919253778306467,-0.999999999969833
10584,-1.14715,-1.6383,-3771508.84722981,-0.909485669429891,0.111102085282108
10684,-1.11839,-1.65808,-4116227.22226493,-0.915346582364624,-0.777752503855743
10684,-1.08928,-1.67734,-4703634.2349013,-0.910462498171255,0.333308963307532
10784,-1.05984,-1.6961,-5372953.99800087,-0.912416143750544,-0.555523964080908
10784,-1.03008,-1.71433,-6159361.63910514,-0.912416143751393,0.555523964158839
10884,-1,-1.73205,-6778998.99812007,-0.910462498170715,-0.333308963230315
10884,-0.969619,-1.74924,-7290235.5412917,-0.915346582365772,0.777752503931858
10984,-0.938943,-1.7659,-7693014.4952018,-0.909485669429763,-0.111102085205032
11084,-0.907981,-1.78201,-8074681.69672512,-0.919253778306154,-0.99999999995149
11084,-0.876742,-1.79759,-8307685.44057914,-0.909485669429981,0.111102085301552
11184,-0.845237,-1.81262,-8477264.5785395,-0.915346582364332,-0.777752503835052
11184,-0.813473,-1.82709,-8369089.9249181,-0.910462498171421,0.333308963330044
11284,-0.781462,-1.84101,-8143927.37155739,-0.912416143750289,-0.555523964056998
11284,-0.749213,-1.85437,-7738931.10706434,-0.912416143751684,0.555523964183542
11384,-0.716736,-1.86716,-7303189.12818314,-0.910462498170579,-0.333308963203316
11384,-0.68404,-1.87939,-6850120.15344735,-0.915346582366256,0.777752503962127
11484,-0.651136,-1.89104,-6485172.28069103,-0.9094856694297,-0.111102085173069
11584,-0.618034,-1.90211,-6148558.69663231,-0.919253778305473,-0.9999999999182
11584,-0.584743,-1.91261,-5892535.14299692,-0.909485669430035,0.111102085335111
11684,-0.551275,-1.92252,-5641643.51852652,-0.915346582363772,-0.777752503801188
11684,-0.517638,-1.93185,-5389046.25264612,-0.910462498171642,0.333308963364261
11784,-0.483844,-1.94059,-5132720.07714425,-0.912416143749915,-0.555523964021929
11784,-0.449902,-1.94874,-4867655.82438249,-0.912416143752077,0.555523964220183
11884,-0.415823,-1.9563,-4572251.58839981,-0.910462498170266,-0.33330896316818
11884,-0.381618,-1.96325,-4258560.28893393,-0.915346582366712,0.777752503993725
11984,-0.347296,-1.96962,-3933595.9545778,-0.909485669429565,-0.111102085145729
12084,-0.312869,-1.97538,-3609408.76848784,-0.919253778305011,-0.999999999895287
12084,-0.278346,-1.98054,-3394050.67667389,-0.909485669430107,0.111102085358526
12184,-0.243739,-1.98509,-3197723.90892415,-0.915346582363447,-0.777752503777644
12184,-0.209057,-1.98904,-3067642.26363659,-0.910462498171781,0.333308963386432
12284,-0.174311,-1.99239,-2961413.21228855,-0.912416143749663,-0.555523964001473
12284,-0.139513,-1.99513,-2889896.91632971,-0.912416143752267,0.555523964238395
12384,-0.104672,-1.99726,-2857789.42316357,-0.910462498170238,-0.333308963148834
12384,-0.069799,-1.99878,-2851582.20582226,-0.915346582367131,0.777752504016471
12484,-0.0349048,-1.9997,-2843702.33640484,-0.909485669429557,-0.111102085121833
12584,-4.35203e-16,-2,-2834186.66643911,-0.919253778304537,-0.999999999870803
12584,0.0349048,-1.9997,-2775439.48335917,-0.909485669430058,0.111102085378513
12684,0.069799,-1.99878,-2706872.65350995,-0.915346582363139,-0.777752503762792
12684,0.104672,-1.99726,-2604383.9555306,-0.9104624981717,0.333308963393593
12784,0.139513,-1.99513,-2497654.58226526,-0.912416143749591,-0.555523964001403
12784,0.174311,-1.99239,-2385630.38463348,-0.912416143752134,0.555523964232273
12884,0.209057,-1.98904,-2285552.12946573,-0.91046249817019,-0.333308963161724
12884,0.243739,-1.98509,-2192232.08512798,-0.915346582366752,0.777752503996427
12984,0.278346,-1.98054,-2123417.89257951,-0.909485669429543,-0.111102085145531
13084,0.312869,-1.97538,-2057627.57307685,-0.919253778305079,-0.999999999897294
13084,0.347296,-1.96962,-2018315.01497455,-0.909485669429971,0.111102085349981
13184,0.381618,-1.96325,-1978935.37042265,-0.915346582363621,-0.777752503792476
13184,0.415823,-1.9563,-1952042.64944562,-0.910462498171561,0.33330896336634
13284,0.449902,-1.94874,-1925996.64970832,-0.912416143749886,-0.555523964026324
13284,0.483844,-1.94059,-1903239.00481662,-0.912416143751904,0.555523964209538
13384,0.517638,-1.93185,-1880781.09416742,-0.910462498170363,-0.333308963182687
13384,0.551275,-1.92252,-1857474.04324796,-0.915346582366464,0.777752503976962
13484,0.584743,-1.91261,-1832695.20581884,-0.909485669429569,-0.111102085165906
13584,0.618034,-1.90211,-1805408.64337889,-0.919253778305519,-0.999999999919186
13584,0.651136,-1.89104,-1770560.8603478,-0.909485669429928,0.111102085328226
13684,0.68404,-1.87939,-1730276.77932584,-0.915346582363942,-0.777752503814258
13684,0.716736,-1.86716,-1676069.57605559,-0.910462498171394,0.333308963343945
13784,0.749213,-1.85437,-1610048.40736689,-0.912416143750121,-0.555523964050058
13784,0.781462,-1.84101,-1527522.60879917,-0.91241614375158,0.555523964183364
13884,0.813473,-1.82709,-1424911.29629622,-0.91046249817049,-0.333308963212306
13884,0.845237,-1.81262,-1308347.01078699,-0.915346582365913,0.777752503943214
13984,0.876742,-1.79759,-1165538.16599169,-0.909485669429626,-0.1111020852007
14084,0.907981,-1.78201,-1015233.59075859,-0.919253778306215,-0.999999999954254
14084,0.938943,-1.7659,-838202.078356713,-0.909485669429858,0.111102085292581
14184,0.969619,-1.74924,-656884.95660381,-0.915346582364524,-0.777752503850263
14184,1,-1.73205,-460436.240377314,-0.910462498171194,0.333308963308465
14284,1.03008,-1.71433,-258568.510413233,-0.91241614375052,-0.55552396408445
14284,1.05984,-1.6961,-48642.7112927453,-0.912416143751235,0.55552396415093
14384,1.08928,-1.67734,168396.216105348,-0.910462498170724,-0.333308963242461
14384,1.11839,-1.65808,389700.227903166,-0.915346582365498,0.777752503915531
14484,1.14715,-1.6383,620274.361772523,-0.909485669429676,-0.111102085228531
14584,1.17557,-1.61803,851769.754415469,-0.919253778306762,-0.999999999982903
14584,1.20363,-1.59727,1089481.15061678,-0.909485669429825,0.1111020852655
14684,1.23132,-1.57602,1323556.22708358,-0.91534658236492,-0.777752503876537
14684,1.25864,-1.55429,1549676.5120245,-0.910462498170955,0.333308963280004
14784,1.28558,-1.53209,1762253.84407309,-0.912416143750819,-0.555523964114867
14784,1.31212,-1.50942,1955631.84868512,-0.912416143750872,0.555523964118932
14884,1.33826,-1.48629,2121996.90879739,-0.910462498170903,-0.333308963276861
14884,1.364,-1.46271,2269713.36624186,-0.915346582364901,0.777752503878194
14984,1.38932,-1.43868,2384462.64015344,-0.909485669429939,-0.111102085257194
14984,1.41421,-1.41421,2489783.26094923,-0.919253778307102,0.999999999999985
5850,1.43868,-1.38932,2564733.74933566,0.909485669429985,-0.111102085260202
5849,1.46271,-1.364,2633490.58343068,0.915346582364833,0.777752503871339
5849,1.48629,-1.33826,2681587.47749723,0.910462498171102,-0.333308963290407
5848,1.50942,-1.31212,2718968.8886938,0.91241614375073,0.555523964099018
5848,1.53209,-1.28558,2740826.1682343,0.912416143751186,-0.555523964140576
5847,1.55429,-1.25864,2748824.51094732,0.91046249817085,0.333308963247604
5847,1.57602,-1.23132,2747815.46739294,0.91534658236556,-0.777752503916265
5846,1.59727,-1.20363,2730127.52030482,0.909485669429786,0.111102085221649
5845,1.61803,-1.17557,2709455.8976669,0.919253778306525,0.999999999969829
5845,1.6383,-1.14715,2667981.44908476,0.909485669429914,-0.11110208528211
5844,1.65808,-1.11839,2625311.54084689,0.915346582364627,0.777752503855747
5844,1.67734,-1.08928,2571171.40843477,0.910462498171258,-0.333308963307527
5843,1.6961,-1.05984,2517860.68746017,0.912416143750537,0.555523964080912
5843,1.71433,-1.03008,2464457.99995576,0.912416143751378,-0.555523964158821
5842,1.73205,-1,2416573.99503802,0.910462498170701,0.333308963230334
5842,1.74924,-0.969619,2373657.91844446,0.915346582365767,-0.777752503931841
5841,1.7659,-0.938943,2335758.02500999,0.909485669429766,0.111102085205045
5840,1.78201,-0.907981,2302309.4124673,0.919253778306158,0.99999999995149
5840,1.79759,-0.876742,2268020.81540985,0.909485669429983,-0.111102085301555
5839,1.81262,-0.845237,2236930.96874662,0.915346582364319,0.777752503835052
5839,1.82709,-0.813473,2204910.3357382,0.910462498171384,-0.333308963330046
5838,1.84101,-0.781462,2176382.01882823,0.912416143750258,0.555523964056995
5838,1.85437,-0.749213,2150700.17068784,0.91241614375167,-0.555523964183538
5837,1.86716,-0.716736,2129906.56848993,0.91046249817059,0.333308963203332
5837,1.87939,-0.68404,2114108.3124736,0.915346582366259,-0.777752503962114
5836,1.89104,-0.651136,2102119.39430741,0.909485669429712,0.11110208517308
5835,1.90211,-0.618034,2095091.25313569,0.919253778305505,0.999999999918216
5835,1.91261,-0.584743,2086864.29021377,0.909485669430072,-0.111102085335106
5834,1.92252,-0.551275,2082021.65850727,0.915346582363824,0.777752503801191
5834,1.93185,-0.517638,2074308.19278721,0.910462498171638,-0.333308963364257
5833,1.94059,-0.483844,2067991.63796395,0.912416143749874,0.555523964021932
5833,1.94874,-0.449902,2060987.12538783,0.91241614375206,-0.555523964220175
5832,1.9563,-0.415823,2055601.28216821,0.910462498170272,0.333308963168192
5832,1.96325,-0.381618,2053220.32455875,0.915346582366721,-0.777752503993719
5831,1.96962,-0.347296,2055248.91130759,0.909485669429573,0.111102085145735
5830,1.97538,-0.312869,2062781.70839591,0.919253778305019,0.999999999895301
5830,1.98054,-0.278346,2078244.52904189,0.909485669430095,-0.11110208535852
5829,1.98509,-0.243739,2100276.31837327,0.915346582363408,0.777752503777643
5829,1.98904,-0.209057,2130677.88591825,0.910462498171767,-0.333308963386425
5828,1.99239,-0.174311,2167552.16343521,0.91241614374965,0.555523964001481
5828,1.99513,-0.139513,2211099.69482189,0.912416143752221,-0.555523964238393
5827,1.99726,-0.104672,2258992.60450211,0.910462498170182,0.333308963148836
5827,1.99878,-0.069799,2311842.98606039,0.915346582367075,-0.777752504016468
5826,1.9997,-0.0349048,2364651.66655232,0.909485669429527,0.111102085121839
