origElemNum,globCoord-x,globCoord-y,acouIntensity-x,acouIntensity-y,locCoord-xi,locCoord-eta
5825,2,-2.20442e-18,-62433.6418731248,23512.8987232018,0.919253778304535,0.999999999870795
5825,1.9997,0.0349048,-59481.8093650556,22014.4919182152,0.909485669430051,-0.11110208537854
5824,1.99878,0.069799,-56137.8954408431,18238.6144112426,0.915346582363134,0.7777525037628
5824,1.99726,0.104672,-52723.0965508635,16845.3207294688,0.910462498171695,-0.333308963393583
5823,1.99513,0.139513,-49918.2660402457,13827.913007498,0.912416143749585,0.555523964001403
5823,1.99239,0.174311,-48556.4725884438,13215.2690970711,0.912416143752112,-0.555523964232293
5822,1.98904,0.209057,-46606.589791973,10919.4928469111,0.910462498170195,0.33330896316169
5822,1.98509,0.243739,-44391.035758732,10182.8499158937,0.915346582366752,-0.777752503996411
5821,1.98054,0.278346,-39617.6347715369,7758.46679428491,0.909485669429537,0.111102085145532
5820,1.97538,0.312869,-33916.9825625016,5558.31763439191,0.91925377830504,0.999999999897275
5820,1.96962,0.347296,-28243.5374990394,4511.28054590751,0.909485669429959,-0.111102085350008
5819,1.96325,0.381618,-22510.0183448032,2934.54483103939,0.915346582363608,0.777752503792493
5819,1.9563,0.415823,-18397.4029731242,2327.31124602481,0.910462498171543,-0.333308963366333
5818,1.94874,0.449902,-13851.0961291915,1435.16365175927,0.912416143749872,0.555523964026318
5818,1.94059,0.483844,-9001.63787009138,895.078382542831,0.912416143751876,-0.555523964209557
5817,1.93185,0.517638,-2995.72145920186,245.606223949611,0.910462498170338,0.333308963182653
5817,1.92252,0.551275,3911.50238877863,-304.525497156512,0.915346582366455,-0.777752503976955
5816,1.91261,0.584743,11582.0816583403,-703.135336757807,0.909485669429567,0.111102085165898
5815,1.90211,0.618034,19733.8476691269,-923.912259308455,0.919253778305533,0.999999999919169
5815,1.89104,0.651136,29588.9718361401,-1273.87655158552,0.909485669429933,-0.111102085328256
5814,1.87939,0.68404,39684.7026465941,-1536.79081677744,0.915346582363941,0.777752503814277
5814,1.86716,0.716736,49364.0245754052,-1738.8584465377,0.910462498171402,-0.333308963343933
5813,1.85437,0.749213,57530.7358570216,-2035.5302911309,0.912416143750119,0.555523964050056
5813,1.84101,0.781462,62949.8688202475,-2082.19686236954,0.912416143751575,-0.555523964183394
5812,1.82709,0.813473,68969.7684341311,-2419.89774404899,0.910462498170486,0.333308963212263
5812,1.81262,0.845237,75302.0774870758,-2591.1052738045,0.915346582365915,-0.777752503943209
5811,1.79759,0.876742,85262.631330461,-3854.96596481275,0.909485669429635,0.111102085200681
5810,1.78201,0.907981,96487.5490234012,-5726.12467556138,0.919253778306195,0.999999999954235
5810,1.7659,0.938943,102130.835167772,-6258.70149522124,0.909485669429844,-0.111102085292603
5809,1.74924,0.969619,108334.057496726,-8281.68719913712,0.915346582364538,0.777752503850291
5809,1.73205,1,112225.775558745,-9126.71582229879,0.910462498171199,-0.333308963308445
5808,1.71433,1.03008,120931.079430146,-13664.1644641836,0.912416143750526,0.555523964084446
5808,1.6961,1.05984,132026.185838614,-16093.5669190036,0.912416143751246,-0.555523964150953
5807,1.67734,1.08928,145337.511501998,-24180.072781914,0.910462498170725,0.333308963242434
5807,1.65808,1.11839,154639.190658163,-27476.8542432736,0.915346582365508,-0.777752503915519
5806,1.6383,1.14715,166411.507288072,-37027.0220095152,0.909485669429676,0.11110208522853
5805,1.61803,1.17557,178908.630253759,-48138.8270552341,0.919253778306765,0.999999999982884
5805,1.59727,1.20363,189260.353282437,-55762.6692300138,0.909485669429817,-0.111102085265541
5804,1.57602,1.23132,202979.978094417,-70853.8552164561,0.9153465823649,0.777752503876539
5804,1.55429,1.25864,204934.872923237,-79476.7785003764,0.910462498170939,-0.333308963279996
5803,1.53209,1.28558,209959.59073726,-95029.1900821351,0.912416143750815,0.555523964114853
5803,1.50942,1.31212,208276.967087092,-107066.557853634,0.91241614375085,-0.555523964118972
5802,1.48629,1.33826,209146.72669803,-126031.059520023,0.910462498170897,0.333308963276791
5802,1.46271,1.364,204024.224555055,-141501.994098246,0.915346582364929,-0.77775250387822
5801,1.43868,1.38932,198133.899203911,-160317.828390476,0.909485669429954,0.111102085257182
5801,1.41421,1.41421,189146.000437084,-177846.743999606,0.919253778307104,-0.999999999999994
850,1.38932,1.43868,181768.817740988,-200534.787445341,0.909485669429991,-0.111102085260227
849,1.364,1.46271,167421.090995581,-219149.830916688,0.915346582364834,0.777752503871359
849,1.33826,1.48629,159430.714350901,-245154.997712405,0.910462498171096,-0.333308963290402
848,1.31212,1.50942,134888.799571594,-256998.730130089,0.912416143750729,0.555523964099008
848,1.28558,1.53209,127095.08683021,-282702.966238476,0.912416143751184,-0.555523964140596
847,1.25864,1.55429,99136.4637345998,-278767.365128474,0.910462498170846,0.333308963247574
847,1.23132,1.57602,98179.8446369085,-287820.441822018,0.915346582365554,-0.777752503916259
846,1.20363,1.59727,75585.9452706163,-272846.900840451,0.90948566942978,0.111102085221654
845,1.17557,1.61803,58383.9087100292,-261160.021070976,0.919253778306528,0.999999999969813
845,1.14715,1.6383,54464.1064539995,-269428.801110602,0.909485669429915,-0.111102085282135
844,1.11839,1.65808,36027.3042746468,-267182.718516857,0.915346582364625,0.777752503855763
844,1.08928,1.67734,33988.693518873,-272500.512628828,0.910462498171253,-0.333308963307521
843,1.05984,1.6961,19925.6556903682,-271438.157221222,0.912416143750542,0.555523964080906
843,1.03008,1.71433,18874.6817877608,-280436.998352041,0.912416143751377,-0.555523964158847
842,1,1.73205,6345.15590969101,-280211.717020067,0.910462498170698,0.333308963230309
842,0.969619,1.74924,5584.77067441168,-285353.636710143,0.915346582365766,-0.777752503931825
841,0.938943,1.7659,-4562.20765614799,-279430.945623831,0.909485669429764,0.111102085205048
840,0.907981,1.78201,-17790.5219741491,-270951.385495772,0.919253778306164,0.99999999995148
840,0.876742,1.79759,-18432.8438769692,-271290.945665777,0.909485669429979,-0.11110208530158
839,0.845237,1.81262,-32702.8586960235,-264762.875688419,0.91534658236432,0.777752503835068
839,0.813473,1.82709,-32896.1546966583,-262669.549690739,0.91046249817139,-0.33330896333004
838,0.781462,1.84101,-41480.6234101835,-257259.744446215,0.912416143750255,0.555523964056983
838,0.749213,1.85437,-41456.187067691,-256026.84945792,0.912416143751674,-0.555523964183563
837,0.716736,1.86716,-46860.7886721487,-253749.453523266,0.910462498170584,0.333308963203304
837,0.68404,1.87939,-47076.918455868,-254311.900480076,0.915346582366261,-0.777752503962098
836,0.651136,1.89104,-50653.8573190368,-250666.865198926,0.909485669429719,0.111102085173086
835,0.618034,1.90211,-55904.8644211876,-245950.300650277,0.919253778305509,0.999999999918205
835,0.584743,1.91261,-54795.2440476477,-240760.006759558,0.909485669430073,-0.111102085335132
834,0.551275,1.92252,-60327.6359265298,-233190.924891486,0.915346582363819,0.777752503801204
834,0.517638,1.93185,-58421.893221205,-225790.668166794,0.910462498171637,-0.333308963364254
833,0.483844,1.94059,-59362.9215656827,-218182.956016146,0.912416143749877,0.55552396402192
833,0.449902,1.94874,-57677.2993592802,-212043.307034485,0.91241614375206,-0.555523964220202
832,0.415823,1.9563,-57237.1327223897,-209778.982118556,0.910462498170279,0.333308963168166
832,0.381618,1.96325,-57320.3982829573,-210200.563882301,0.915346582366717,-0.777752503993703
831,0.347296,1.96962,-58989.3378329202,-210668.538328791,0.909485669429573,0.111102085145737
830,0.312869,1.97538,-61748.3291195493,-211137.149965543,0.919253778305012,0.99999999989529
830,0.278346,1.98054,-60193.1357272371,-205950.30392081,0.909485669430091,-0.111102085358547
829,0.243739,1.98509,-61110.9040133473,-200604.282105611,0.915346582363415,0.77775250377766
829,0.209057,1.98904,-59668.0519185973,-196109.690077915,0.910462498171767,-0.333308963386422
828,0.174311,1.99239,-61173.5471634864,-194566.668099264,0.912416143749651,0.55552396400147
828,0.139513,1.99513,-62055.262142424,-197957.060458943,0.912416143752224,-0.555523964238419
827,0.104672,1.99726,-64375.3917437064,-203547.870424305,0.910462498170184,0.33330896314881
827,0.069799,1.99878,-66356.7429730733,-210736.577650514,0.915346582367074,-0.777752504016452
826,0.0349048,1.9997,-67602.4644663563,-214880.757999789,0.909485669429527,0.111102085121841
825,1.27747e-16,2,-70347.8933777983,-218316.339017737,0.919253778304535,0.999999999870799
825,-0.0349048,1.9997,-70043.8914091427,-218418.024115506,0.909485669430051,-0.111102085378537
824,-0.069799,1.99878,-72915.7728476259,-219362.631913214,0.915346582363134,0.777752503762801
824,-0.104672,1.99726,-73549.1579265128,-223101.744511073,0.910462498171695,-0.333308963393583
823,-0.139513,1.99513,-76132.4337059425,-229378.425417641,0.912416143749585,0.555523964001401
823,-0.174311,1.99239,-78469.1660362745,-239307.255863896,0.912416143752112,-0.555523964232297
822,-0.209057,1.98904,-80816.1564109096,-249201.256175826,0.910462498170195,0.333308963161685
822,-0.243739,1.98509,-83042.8022637212,-259107.46835599,0.915346582366744,-0.777752503996403
821,-0.278346,1.98054,-86223.9875672945,-264454.121816838,0.909485669429538,0.111102085145537
820,-0.312869,1.97538,-91224.3737679609,-269032.187811968,0.919253778305041,0.999999999897278
820,-0.347296,1.96962,-90780.3243118378,-270683.613578044,0.90948566942996,-0.111102085350006
819,-0.381618,1.96325,-93321.3387705649,-273898.59104815,0.915346582363608,0.777752503792493
819,-0.415823,1.9563,-94058.3178970376,-280820.828217094,0.910462498171543,-0.333308963366333
818,-0.449902,1.94874,-96072.5086110007,-289218.694361905,0.912416143749872,0.555523964026316
818,-0.483844,1.94059,-97727.3242069688,-299349.313797271,0.912416143751875,-0.555523964209561
817,-0.517638,1.93185,-102468.636202623,-307416.926411116,0.910462498170336,0.333308963182646
817,-0.551275,1.92252,-103240.718508359,-312487.877289591,0.915346582366457,-0.777752503976948
816,-0.584743,1.91261,-110057.782637285,-315354.970308522,0.909485669429562,0.111102085165907
815,-0.618034,1.90211,-115096.179209116,-316821.008790461,0.919253778305526,0.999999999919175
815,-0.651136,1.89104,-114271.232659845,-317301.305567094,0.909485669429935,-0.111102085328253
814,-0.68404,1.87939,-116056.355606443,-318905.88440619,0.915346582363941,0.777752503814277
814,-0.716736,1.86716,-115555.467899054,-320916.056618195,0.910462498171402,-0.333308963343933
813,-0.749213,1.85437,-119004.639122175,-323599.778195917,0.912416143750117,0.555523964050053
813,-0.781462,1.84101,-118787.035430186,-323591.566229046,0.912416143751584,-0.555523964183396
812,-0.813473,1.82709,-126508.397187075,-325720.3034562,0.910462498170484,0.33330896321226
812,-0.845237,1.81262,-126738.225819423,-323677.777167776,0.91534658236591,-0.7777525039432
811,-0.876742,1.79759,-135837.207198572,-324307.206484916,0.909485669429639,0.111102085200672
810,-0.907981,1.78201,-144282.037652231,-324467.876124128,0.919253778306197,0.999999999954239
810,-0.938943,1.7659,-141788.347552207,-314213.239623285,0.909485669429848,-0.111102085292613
809,-0.969619,1.74924,-146843.181106858,-307207.426012455,0.915346582364533,0.777752503850298
809,-1,1.73205,-141902.885927009,-291322.655471829,0.910462498171205,-0.333308963308436
808,-1.03008,1.71433,-144600.138511767,-280234.38064726,0.912416143750522,0.55552396408444
808,-1.05984,1.6961,-140305.073386381,-265403.724041155,0.912416143751243,-0.555523964150944
807,-1.08928,1.67734,-144807.289872998,-257137.785173123,0.910462498170733,0.33330896324243
807,-1.11839,1.65808,-143523.363189735,-245880.904512495,0.915346582365511,-0.777752503915504
806,-1.14715,1.6383,-151304.464264183,-240078.737412314,0.909485669429678,0.11110208522852
805,-1.17557,1.61803,-159238.187231822,-234682.498373956,0.91925377830677,0.999999999982889
805,-1.20363,1.59727,-160000.268693245,-222861.588976331,0.909485669429819,-0.111102085265551
804,-1.23132,1.57602,-165965.711347361,-215371.896324572,0.915346582364893,0.777752503876544
804,-1.25864,1.55429,-164525.058483033,-202248.63314173,0.910462498170937,-0.333308963279986
803,-1.28558,1.53209,-165564.851757547,-191595.372956263,0.912416143750809,0.555523964114847
803,-1.31212,1.50942,-160451.025243585,-176355.10553141,0.912416143750849,-0.555523964118962
802,-1.33826,1.48629,-155708.962651908,-161834.33388028,0.910462498170897,0.333308963276791
802,-1.364,1.46271,-146551.45764889,-144296.826556671,0.915346582364928,-0.77775250387821
801,-1.38932,1.43868,-138025.665700127,-128011.583945345,0.909485669429954,0.111102085257172
801,-1.41421,1.41421,-126752.915080348,-110607.256014376,0.919253778307104,-0.999999999999994
15850,-1.43868,1.38932,-119380.681995352,-97623.6715043241,0.909485669429991,-0.111102085260237
15849,-1.46271,1.364,-111720.132707003,-85653.9387230094,0.915346582364828,0.777752503871364
15849,-1.48629,1.33826,-107920.31115768,-77574.7254818511,0.910462498171103,-0.333308963290387
15848,-1.50942,1.31212,-104815.183931966,-70852.7188583455,0.912416143750729,0.555523964099008
15848,-1.53209,1.28558,-103279.516251823,-65988.2321517016,0.912416143751185,-0.555523964140586
15847,-1.55429,1.25864,-98206.6995370473,-59332.572561854,0.910462498170851,0.333308963247569
15847,-1.57602,1.23132,-91458.1460502902,-52709.896094312,0.915346582365555,-0.777752503916249
15846,-1.59727,1.20363,-75951.9852621073,-41523.5091181737,0.909485669429784,0.111102085221639
15845,-1.61803,1.17557,-58132.8750399928,-30107.1094452159,0.919253778306531,0.999999999969823
15845,-1.6383,1.14715,-34741.398712798,-17544.2042477416,0.909485669429917,-0.111102085282151
15844,-1.65808,1.11839,-10760.4544511528,-5275.03890229838,0.915346582364627,0.777752503855772
15844,-1.67734,1.08928,12507.5800927957,6069.62823720908,0.910462498171251,-0.333308963307506
15843,-1.6961,1.05984,34745.6401247559,16788.4242401369,0.912416143750542,0.555523964080906
15843,-1.71433,1.03008,54954.6224197521,26470.8655996246,0.912416143751375,-0.555523964158831
15842,-1.73205,1,73245.2355323492,35242.2723889311,0.910462498170697,0.333308963230296
15842,-1.74924,0.969619,90316.7893494743,43273.0165641943,0.915346582365764,-0.777752503931822
15841,-1.7659,0.938943,103837.378655492,49490.7625073902,0.909485669429762,0.111102085205035
15840,-1.78201,0.907981,116984.006608146,55705.0586311683,0.919253778306162,0.999999999951483
15840,-1.79759,0.876742,127574.050693332,60925.3068485419,0.909485669429984,-0.111102085301589
15839,-1.81262,0.845237,139361.569449684,67724.9255188457,0.915346582364318,0.777752503835071
15839,-1.82709,0.813473,152113.732641673,74528.0970448677,0.910462498171391,-0.333308963330024
15838,-1.84101,0.781462,166529.455600193,84041.3780212399,0.912416143750253,0.555523964056986
15838,-1.85437,0.749213,181036.959044224,92332.0346700007,0.912416143751674,-0.555523964183544
15837,-1.86716,0.716736,195062.998289895,102062.567391777,0.910462498170589,0.333308963203294
15837,-1.87939,0.68404,207539.430982227,109704.975393216,0.915346582366259,-0.777752503962095
15836,-1.89104,0.651136,217622.097108537,115739.659412853,0.909485669429715,0.111102085173074
15835,-1.90211,0.618034,226367.474776741,119155.631956943,0.919253778305508,0.999999999918209
15835,-1.91261,0.584743,234384.457560943,124345.232854002,0.909485669430068,-0.111102085335144
15834,-1.92252,0.551275,241743.279976833,127818.056360224,0.915346582363818,0.777752503801208
15834,-1.93185,0.517638,249060.804603095,133314.865696222,0.910462498171639,-0.333308963364235
15833,-1.94059,0.483844,257295.497830721,141151.522359654,0.912416143749876,0.555523964021923
15833,-1.94874,0.449902,265708.808405512,148103.252555376,0.912416143752063,-0.555523964220183
15832,-1.9563,0.415823,275166.275169193,158058.44133944,0.910462498170272,0.333308963168156
15832,-1.96325,0.381618,284321.481415789,165456.876391502,0.915346582366716,-0.7777525039937
15831,-1.96962,0.347296,288573.723756603,167792.922361249,0.909485669429575,0.111102085145728
15830,-1.97538,0.312869,291210.771735312,165007.530076213,0.91925377830502,0.999999999895294
15830,-1.98054,0.278346,284062.911050623,160645.901564042,0.909485669430092,-0.111102085358556
15829,-1.98509,0.243739,275861.11834437,151533.269632394,0.915346582363415,0.777752503777664
15829,-1.98904,0.209057,265886.178130364,145482.324368611,0.910462498171765,-0.333308963386404
15828,-1.99239,0.174311,260600.562944423,141904.706044904,0.912416143749651,0.555523964001473
15828,-1.99513,0.139513,262492.873471125,143087.621730244,0.912416143752222,-0.5555239642384
15827,-1.99726,0.104672,273161.318655835,151912.056493335,0.910462498170184,0.3333089631488
15827,-1.99878,0.069799,289273.478992233,162670.99076709,0.915346582367074,-0.777752504016448
15826,-1.9997,0.0349048,305268.434943314,177178.314170484,0.909485669429527,0.111102085121831
15825,-2,2.46315e-16,320773.359517403,191564.802191845,0.919253778304535,0.999999999870803
15825,-1.9997,-0.0349048,323629.160600133,196517.629954285,0.909485669430051,-0.111102085378547
15824,-1.99878,-0.069799,324548.352235271,198909.599030335,0.915346582363134,0.777752503762804
15824,-1.99726,-0.104672,317787.749159187,195907.808526965,0.910462498171696,-0.333308963393566
15823,-1.99513,-0.139513,312086.220703226,186613.602004545,0.912416143749586,0.555523964001405
15823,-1.99239,-0.174311,306879.641696379,183083.56055251,0.912416143752114,-0.555523964232279
15822,-1.98904,-0.209057,308218.838411643,174786.95842306,0.910462498170195,0.333308963161688
15822,-1.98509,-0.243739,312565.237205848,177520.637305505,0.915346582366744,-0.7777525039964
15821,-1.98054,-0.278346,323347.504174219,179684.957733172,0.909485669429545,0.111102085145526
15820,-1.97538,-0.312869,334584.990335591,188290.856560986,0.919253778305042,0.999999999897283
15820,-1.96962,-0.347296,341435.66448498,194381.276338334,0.909485669429957,-0.111102085350017
15819,-1.96325,-0.381618,346348.169767155,196068.924937598,0.915346582363609,0.777752503792499
15819,-1.9563,-0.415823,341775.648022799,194299.328957053,0.910462498171549,-0.333308963366345
15818,-1.94874,-0.449902,338479.562958245,179286.304222173,0.912416143749872,0.555523964026319
15818,-1.94059,-0.483844,330165.475972938,174950.922035028,0.91241614375188,-0.555523964209544
15817,-1.93185,-0.517638,329994.663881986,160311.047387956,0.910462498170337,0.33330896318265
15817,-1.92252,-0.551275,329661.495588887,160746.448522182,0.915346582366458,-0.777752503976945
15816,-1.91261,-0.584743,332565.028719914,151367.982555028,0.909485669429567,0.111102085165898
15815,-1.90211,-0.618034,338516.468181439,134407.571685142,0.919253778305528,0.999999999919178
15815,-1.89104,-0.651136,323907.598577999,128625.766706364,0.90948566942994,-0.111102085328262
15814,-1.87939,-0.68404,317659.805842897,97666.5376771256,0.915346582363942,0.77775250381428
15814,-1.86716,-0.716736,298566.880482308,91852.1644060969,0.910462498171397,-0.333308963343943
15813,-1.85437,-0.749213,291716.654934134,71376.9397602133,0.912416143750119,0.555523964050056
15813,-1.84101,-0.781462,287040.049350064,69910.6800709003,0.912416143751582,-0.555523964183381
15812,-1.82709,-0.813473,286284.608556772,58552.7143009322,0.910462498170486,0.333308963212263
15812,-1.81262,-0.845237,281236.758325281,56961.405363184,0.915346582365912,-0.777752503943197
15811,-1.79759,-0.876742,274498.006786296,38285.1652015445,0.909485669429641,0.111102085200675
15810,-1.78201,-0.907981,266605.881954673,19140.4440756565,0.919253778306197,0.999999999954239
15810,-1.7659,-0.938943,255653.194969769,17543.5788570168,0.90948566942985,-0.11110208529261
15809,-1.74924,-0.969619,251583.995197345,3407.79028842586,0.915346582364535,0.777752503850301
15809,-1.73205,-1,238524.798989902,2225.11942216194,0.9104624981712,-0.333308963308458
15808,-1.71433,-1.03008,229174.235753727,-14740.1962434004,0.912416143750526,0.555523964084446
15808,-1.6961,-1.05984,199878.504944136,-13007.4166793844,0.912416143751243,-0.555523964150944
15807,-1.67734,-1.08928,181086.941086092,-26402.2135800983,0.910462498170725,0.333308963242434
15807,-1.65808,-1.11839,152111.086225959,-22412.1236524957,0.915346582365503,-0.7777525039155
15806,-1.6383,-1.14715,126771.091042102,-27938.9506989313,0.90948566942967,0.111102085228524
15805,-1.61803,-1.17557,98884.1600633786,-29224.1313495202,0.919253778306763,0.999999999982893
15805,-1.59727,-1.20363,52690.8891915137,-15532.5151895057,0.909485669429812,-0.111102085265547
15804,-1.57602,-1.23132,8910.08765261157,-3172.440263577,0.915346582364898,0.777752503876549
15804,-1.55429,-1.25864,-32483.6876171391,11481.5549774193,0.910462498170935,-0.333308963280012
15803,-1.53209,-1.28558,-82587.6414926452,33307.5762521324,0.912416143750815,0.555523964114853
15803,-1.50942,-1.31212,-136681.464613177,54406.9359700978,0.912416143750855,-0.555523964118957
15802,-1.48629,-1.33826,-209496.190309678,93003.7745491074,0.910462498170897,0.333308963276791
15802,-1.46271,-1.364,-274664.218365092,119991.231413508,0.915346582364928,-0.77775250387821
15801,-1.43868,-1.38932,-372318.760088344,177100.303613241,0.909485669429954,0.111102085257172
15801,-1.41421,-1.41421,-448913.492054113,209736.166346678,0.919253778307098,-0.999999999999989
10084,-1.38932,-1.43868,-566260.07858303,275927.400598578,-0.909485669429983,0.111102085260242
10184,-1.364,-1.46271,-635387.120202235,295490.474916635,-0.915346582364814,-0.777752503871363
10184,-1.33826,-1.48629,-707123.041770217,324241.887914991,-0.910462498171062,0.333308963290425
10284,-1.31212,-1.50942,-745989.437225046,327145.544313629,-0.912416143750702,-0.555523964098991
10284,-1.28558,-1.53209,-804436.23719277,353279.94326537,-0.912416143751175,0.55552396414059
10384,-1.25864,-1.55429,-826278.218495522,366768.751376942,-0.910462498170858,-0.333308963247603
10384,-1.23132,-1.57602,-859436.82213595,403763.772147355,-0.915346582365569,0.777752503916277
10484,-1.20363,-1.59727,64371.4161915331,-304123.112044797,-0.909485669429755,-0.111102085221656
10584,-1.17557,-1.61803,1005251.27463555,-979344.409461057,-0.919253778306467,-0.999999999969833
10584,-1.14715,-1.6383,1021693.00509046,-1011025.22094001,-0.909485669429891,0.111102085282108
10684,-1.11839,-1.65808,951109.93014262,-982947.388727793,-0.915346582364624,-0.777752503855743
10684,-1.08928,-1.67734,955684.789338588,-1002162.0452757,-0.910462498171255,0.333308963307532
10784,-1.05984,-1.6961,861059.666811664,-956235.257414477,-0.912416143750544,-0.555523964080908
10784,-1.03008,-1.71433,855999.586764935,-963695.642672442,-0.912416143751393,0.555523964158839
10884,-1,-1.73205,738645.241182258,-899802.753868305,-0.910462498170715,-0.333308963230315
10884,-0.969619,-1.74924,722741.889748064,-892267.538306478,-0.915346582365772,0.777752503931858
10984,-0.938943,-1.7659,595181.310711157,-816500.845457805,-0.909485669429763,-0.111102085205032
11084,-0.907981,-1.78201,468372.4956716,-743334.022765311,-0.919253778306154,-0.99999999995149
11084,-0.876742,-1.79759,453636.544847747,-721653.738630884,-0.909485669429981,0.111102085301552
11184,-0.845237,-1.81262,343083.652636861,-655374.891094315,-0.915346582364332,-0.777752503835052
11184,-0.813473,-1.82709,335239.136563945,-640627.687067811,-0.910462498171421,0.333308963330044
11284,-0.781462,-1.84101,247982.710297824,-591434.804092474,-0.912416143750289,-0.555523964056998
11284,-0.749213,-1.85437,243212.051880978,-578018.798229932,-0.912416143751684,0.555523964183542
11384,-0.716736,-1.86716,167753.400516933,-541498.431497626,-0.910462498170579,-0.333308963203316
11384,-0.68404,-1.87939,166217.70159601,-537330.91187332,-0.915346582366256,0.777752503962127
11484,-0.651136,-1.89104,103917.854063992,-518983.369299052,-0.9094856694297,-0.111102085173069
11584,-0.618034,-1.90211,42901.1883987434,-504826.197814519,-0.919253778305473,-0.9999999999182
11584,-0.584743,-1.91261,42571.3433019831,-502428.352233938,-0.909485669430035,0.111102085335111
11684,-0.551275,-1.92252,-15445.0532799786,-485924.079109733,-0.915346582363772,-0.777752503801188
11684,-0.517638,-1.93185,-17110.3736751534,-497985.114874027,-0.910462498171642,0.333308963364261
11784,-0.483844,-1.94059,-53118.0746709029,-494522.069022932,-0.912416143749915,-0.555523964021929
11784,-0.449902,-1.94874,-51009.3636031171,-490537.029644375,-0.912416143752077,0.555523964220183
11884,-0.415823,-1.9563,-113772.994425587,-501254.167073773,-0.910462498170266,-0.33330896316818
11884,-0.381618,-1.96325,-122387.271938353,-542612.354299378,-0.915346582366712,0.777752503993725
11984,-0.347296,-1.96962,-108681.975597999,-689080.972728957,-0.909485669429565,-0.111102085145729
12084,-0.312869,-1.97538,77723.2483029073,-887584.157492883,-0.919253778305011,-0.999999999895287
12084,-0.278346,-1.98054,65342.217552662,-1020009.42082116,-0.909485669430107,0.111102085358526
12184,-0.243739,-1.98509,202029.124531897,-1150996.19600703,-0.915346582363447,-0.777752503777644
12184,-0.209057,-1.98904,198669.962576609,-1164218.76212076,-0.910462498171781,0.333308963386432
12284,-0.174311,-1.99239,217674.04465455,-1167995.41037045,-0.912416143749663,-0.555523964001473
12284,-0.139513,-1.99513,211612.053804263,-1152248.07642305,-0.912416143752267,0.555523964238395
12384,-0.104672,-1.99726,229595.239192293,-1151759.91941103,-0.910462498170238,-0.333308963148834
12384,-0.069799,-1.99878,230101.038020855,-1159386.63603323,-0.915346582367131,0.777752504016471
12484,-0.0349048,-1.9997,246433.859965932,-1169792.36227287,-0.909485669429557,-0.111102085121833
12584,-4.35203e-16,-2,250471.39161085,-1179938.0744399,-0.919253778304537,-0.999999999870803
12584,0.0349048,-1.9997,247006.019772511,-1156459.87970134,-0.909485669430058,0.111102085378513
12684,0.069799,-1.99878,232949.057485933,-1131008.51012902,-0.915346582363139,-0.777752503762792
12684,0.104672,-1.99726,227109.953313754,-1095900.5998917,-0.9104624981717,0.333308963393593
12784,0.139513,-1.99513,219841.385115024,-1073946.79543983,-0.912416143749591,-0.555523964001403
12784,0.174311,-1.99239,219539.657717163,-1070649.07144807,-0.912416143752134,0.555523964232273
12884,0.209057,-1.98904,229807.653856775,-1082011.20889128,-0.91046249817019,-0.333308963161724
12884,0.243739,-1.98509,234698.674115817,-1104088.27709196,-0.915346582366752,0.777752503996427
12984,0.278346,-1.98054,239575.833246772,-1103782.74415066,-0.909485669429543,-0.111102085145531
13084,0.312869,-1.97538,231203.453418321,-1099767.07257978,-0.919253778305079,-0.999999999897294
13084,0.347296,-1.96962,222328.628949481,-1055876.82142507,-0.909485669429971,0.111102085349981
13184,0.381618,-1.96325,204381.483765086,-1014728.1332838,-0.915346582363621,-0.777752503792476
13184,0.415823,-1.9563,195858.210536519,-972812.727770361,-0.910462498171561,0.33330896336634
13284,0.449902,-1.94874,187105.399981135,-942425.055884631,-0.912416143749886,-0.555523964026324
13284,0.483844,-1.94059,183934.182195347,-927386.636762447,-0.912416143751904,0.555523964209538
13384,0.517638,-1.93185,184631.334791512,-919443.820972163,-0.910462498170363,-0.333308963182687
13384,0.551275,-1.92252,183890.066866229,-916959.487939677,-0.915346582366464,0.777752503976962
13484,0.584743,-1.91261,185929.362946546,-903943.510655681,-0.909485669429569,-0.111102085165906
13584,0.618034,-1.90211,187955.902045119,-887882.224202741,-0.919253778305519,-0.999999999919186
13584,0.651136,-1.89104,180820.502653685,-858915.240100767,-0.909485669429928,0.111102085328226
13684,0.68404,-1.87939,174796.637929139,-827750.364149415,-0.915346582363942,-0.777752503814258
13684,0.716736,-1.86716,165575.468626283,-791163.744722858,-0.910462498171394,0.333308963343945
13784,0.749213,-1.85437,151937.554937128,-751710.877562007,-0.912416143750121,-0.555523964050058
13784,0.781462,-1.84101,140515.735492598,-704570.892223507,-0.91241614375158,0.555523964183364
13884,0.813473,-1.82709,123784.318359292,-654515.058508578,-0.91046249817049,-0.333308963212306
13884,0.845237,-1.81262,111537.025853147,-599604.459505735,-0.915346582365913,0.777752503943214
13984,0.876742,-1.79759,97101.9935824188,-554830.962838009,-0.909485669429626,-0.1111020852007
14084,0.907981,-1.78201,84023.1470542154,-512316.496213754,-0.919253778306215,-0.999999999954254
14084,0.938943,-1.7659,78160.1174771297,-482952.465669447,-0.909485669429858,0.111102085292581
14184,0.969619,-1.74924,71766.1017534867,-455153.202983903,-0.915346582364524,-0.777752503850263
14184,1,-1.73205,67434.4773744272,-431364.658395056,-0.910462498171194,0.333308963308465
14284,1.03008,-1.71433,64648.9729296172,-409015.776173881,-0.91241614375052,-0.55552396408445
14284,1.05984,-1.6961,61130.4513216246,-390842.436744412,-0.912416143751235,0.55552396415093
14384,1.08928,-1.67734,58401.0988415816,-371063.380719307,-0.910462498170724,-0.333308963242461
14384,1.11839,-1.65808,54402.4580856952,-351291.414706565,-0.915346582365498,0.777752503915531
14484,1.14715,-1.6383,50548.6068826013,-321512.252455112,-0.909485669429676,-0.111102085228531
14584,1.17557,-1.61803,46368.9649889035,-289494.456620928,-0.919253778306762,-0.999999999982903
14584,1.20363,-1.59727,40424.284926062,-259829.891096026,-0.909485669429825,0.1111020852655
14684,1.23132,-1.57602,35471.0066381632,-230057.759404508,-0.91534658236492,-0.777752503876537
14684,1.25864,-1.55429,30272.4985647475,-202385.58294232,-0.910462498170955,0.333308963280004
14784,1.28558,-1.53209,25928.456681084,-174297.928695975,-0.912416143750819,-0.555523964114867
14784,1.31212,-1.50942,21184.8527690016,-146878.309642854,-0.912416143750872,0.555523964118932
14884,1.33826,-1.48629,17651.263824479,-125393.393430481,-0.910462498170903,-0.333308963276861
14884,1.364,-1.46271,14584.1659465371,-108069.738232448,-0.915346582364901,0.777752503878194
14984,1.38932,-1.43868,11667.9203033821,-90961.0928503755,-0.909485669429939,-0.111102085257194
14984,1.41421,-1.41421,8929.99372941606,-73846.8267367921,-0.919253778307102,0.999999999999985
5850,1.43868,-1.38932,6379.59038954036,-56395.5402279346,0.909485669429985,-0.111102085260202
5849,1.46271,-1.364,4287.41621202187,-39344.5279095992,0.915346582364833,0.777752503871339
5849,1.48629,-1.33826,2255.13200309107,-24538.9893061525,0.910462498171102,-0.333308963290407
5848,1.50942,-1.31212,851.905113331035,-9340.98492478807,0.91241614375073,0.555523964099018
5848,1.53209,-1.28558,-402.54580285414,5729.8760518973,0.912416143751186,-0.555523964140576
5847,1.55429,-1.25864,-1494.52382883241,19241.659852119,0.91046249817085,0.333308963247604
5847,1.57602,-1.23132,-1810.24802549559,32252.9170255594,0.91534658236556,-0.777752503916265
5846,1.59727,-1.20363,-3085.11255270258,40954.4292573948,0.909485669429786,0.111102085221649
5845,1.61803,-1.17557,-4830.650523067,47724.9335648871,0.919253778306525,0.999999999969829
5845,1.6383,-1.14715,-4996.39498732974,55630.6708510552,0.909485669429914,-0.11110208528211
5844,1.65808,-1.11839,-7504.89165836722,59637.0061989548,0.915346582364627,0.777752503855747
5844,1.67734,-1.08928,-7993.42694500657,65981.1264066884,0.910462498171258,-0.333308963307527
5843,1.6961,-1.05984,-11283.5148865044,67278.6104386138,0.912416143750537,0.555523964080912
5843,1.71433,-1.03008,-11986.9956768319,71828.9280598887,0.912416143751378,-0.555523964158821
5842,1.73205,-1,-16008.6072532911,72794.9168020193,0.910462498170701,0.333308963230334
5842,1.74924,-0.969619,-17656.1535552758,79185.606078665,0.915346582365767,-0.777752503931841
5841,1.7659,-0.938943,-22158.1819676001,78803.8869739529,0.909485669429766,0.111102085205045
5840,1.78201,-0.907981,-26603.1352941489,77680.1294455459,0.919253778306158,0.99999999995149
5840,1.79759,-0.876742,-28473.7242328311,81447.568513086,0.909485669429983,-0.111102085301555
5839,1.81262,-0.845237,-32848.3000687582,79974.2212325857,0.915346582364319,0.777752503835052
5839,1.82709,-0.813473,-35182.7532615506,83673.4968420669,0.910462498171384,-0.333308963330046
5838,1.84101,-0.781462,-39509.9121134013,81243.8377093791,0.912416143750258,0.555523964056995
5838,1.85437,-0.749213,-41160.2039864536,82719.5046997513,0.91241614375167,-0.555523964183538
5837,1.86716,-0.716736,-45235.7939278565,79334.3401839134,0.91046249817059,0.333308963203332
5837,1.87939,-0.68404,-47488.4207229709,81270.5154193158,0.915346582366259,-0.777752503962114
5836,1.89104,-0.651136,-51582.5546539539,77993.111925429,0.909485669429712,0.11110208517308
5835,1.90211,-0.618034,-55454.9616608636,74366.2606017574,0.919253778305505,0.999999999918216
5835,1.91261,-0.584743,-56164.5038528527,73361.2642683507,0.909485669430072,-0.111102085335106
5834,1.92252,-0.551275,-58010.7990582827,67625.8501204312,0.915346582363824,0.777752503801191
5834,1.93185,-0.517638,-58587.6520634636,66608.5469255337,0.910462498171638,-0.333308963364257
5833,1.94059,-0.483844,-60170.5375063737,61679.780872659,0.912416143749874,0.555523964021932
5833,1.94874,-0.449902,-60865.4995742683,60964.4746277222,0.91241614375206,-0.555523964220175
5832,1.9563,-0.415823,-61866.3927061158,55587.9116625626,0.910462498170272,0.333308963168192
5832,1.96325,-0.381618,-61375.5035534042,53991.4882980804,0.915346582366721,-0.777752503993719
5831,1.96962,-0.347296,-61932.6029286266,48608.789775604,0.909485669429573,0.111102085145735
5830,1.97538,-0.312869,-62045.2504458337,43892.5426330354,0.919253778305019,0.999999999895301
5830,1.98054,-0.278346,-62244.751872731,43179.3772228016,0.909485669430095,-0.11110208535852
5829,1.98509,-0.243739,-62392.0638793066,39180.2280771629,0.915346582363408,0.777752503777643
5829,1.98904,-0.209057,-61373.2651405244,37890.0691533132,0.910462498171767,-0.333308963386425
5828,1.99239,-0.174311,-60679.9223029204,33536.6332253744,0.91241614374965,0.555523964001481
5828,1.99513,-0.139513,-59925.3958234851,32622.975682313,0.912416143752221,-0.555523964238393
5827,1.99726,-0.104672,-60542.1014822515,29270.4752530967,0.910462498170182,0.333308963148836
5827,1.99878,-0.069799,-61700.2755096385,29384.7082164271,0.915346582367075,-0.777752504016468
5826,1.9997,-0.0349048,-62300.4164965382,26395.493542746,0.909485669429527,0.111102085121839
