origElemNum,globCoord-x,globCoord-y,acouPotentialD1-,locCoord-xi,locCoord-eta
5825,2,-2.20442e-18,-10786.0181887711,0.919253778304535,0.999999999870795
5825,1.9997,0.0349048,-10709.302838237,0.909485669430051,-0.11110208537854
5824,1.99878,0.069799,-10627.0606540481,0.915346582363134,0.7777525037628
5824,1.99726,0.104672,-10515.607607861,0.910462498171695,-0.333308963393583
5823,1.99513,0.139513,-10395.6454809554,0.912416143749585,0.555523964001403
5823,1.99239,0.174311,-10261.5060134056,0.912416143752112,-0.555523964232293
5822,1.98904,0.209057,-10115.9449938145,0.910462498170195,0.33330896316169
5822,1.98509,0.243739,-9963.74031740641,0.915346582366752,-0.777752503996411
5821,1.98054,0.278346,-9795.12929406455,0.909485669429537,0.111102085145532
5820,1.97538,0.312869,-9624.68783256986,0.91925377830504,0.999999999897275
5820,1.96962,0.347296,-9424.46006255421,0.909485669429959,-0.111102085350008
5819,1.96325,0.381618,-9222.93020458996,0.915346582363608,0.777752503792493
5819,1.9563,0.415823,-9006.88761514332,0.910462498171543,-0.333308963366333
5818,1.94874,0.449902,-8796.8009684948,0.912416143749872,0.555523964026318
5818,1.94059,0.483844,-8594.19943912904,0.912416143751876,-0.555523964209557
5817,1.93185,0.517638,-8371.3763877996,0.910462498170338,0.333308963182653
5817,1.92252,0.551275,-8136.19453564086,0.915346582366455,-0.777752503976955
5816,1.91261,0.584743,-7882.28368980061,0.909485669429567,0.111102085165898
5815,1.90211,0.618034,-7625.8156890124,0.919253778305533,0.999999999919169
5815,1.89104,0.651136,-7423.81079536719,0.909485669429933,-0.111102085328256
5814,1.87939,0.68404,-7214.04261442282,0.915346582363941,0.777752503814277
5814,1.86716,0.716736,-6965.48361487528,0.910462498171402,-0.333308963343933
5813,1.85437,0.749213,-6704.55149044536,0.912416143750119,0.555523964050056
5813,1.84101,0.781462,-6423.71478669795,0.912416143751575,-0.555523964183394
5812,1.82709,0.813473,-6211.49198672406,0.910462498170486,0.333308963212263
5812,1.81262,0.845237,-6046.1868829488,0.915346582365915,-0.777752503943209
5811,1.79759,0.876742,-5868.96590182332,0.909485669429635,0.111102085200681
5810,1.78201,0.907981,-5691.77515968268,0.919253778306195,0.999999999954235
5810,1.7659,0.938943,-5485.48524910387,0.909485669429844,-0.111102085292603
5809,1.74924,0.969619,-5281.34139623945,0.915346582364538,0.777752503850291
5809,1.73205,1,-5073.6149845524,0.910462498171199,-0.333308963308445
5808,1.71433,1.03008,-4835.89887983821,0.912416143750526,0.555523964084446
5808,1.6961,1.05984,-4551.44726677266,0.912416143751246,-0.555523964150953
5807,1.67734,1.08928,-4308.18406127112,0.910462498170725,0.333308963242434
5807,1.65808,1.11839,-4093.24623431564,0.915346582365508,-0.777752503915519
5806,1.6383,1.14715,-3902.33845584474,0.909485669429676,0.11110208522853
5805,1.61803,1.17557,-3719.61680444322,0.919253778306765,0.999999999982884
5805,1.59727,1.20363,-3559.71596767687,0.909485669429817,-0.111102085265541
5804,1.57602,1.23132,-3398.58077592279,0.9153465823649,0.777752503876539
5804,1.55429,1.25864,-3221.74460750668,0.910462498170939,-0.333308963279996
5803,1.53209,1.28558,-3016.38680357337,0.912416143750815,0.555523964114853
5803,1.50942,1.31212,-2766.43684141925,0.91241614375085,-0.555523964118972
5802,1.48629,1.33826,-2513.35804899067,0.910462498170897,0.333308963276791
5802,1.46271,1.364,-2258.80115543297,0.915346582364929,-0.77775250387822
5801,1.43868,1.38932,-1989.42506322808,0.909485669429954,0.111102085257182
5801,1.41421,1.41421,-1717.50173678143,0.919253778307104,-0.999999999999994
850,1.38932,1.43868,-1495.59495019838,0.909485669429991,-0.111102085260227
849,1.364,1.46271,-1273.01659424843,0.915346582364834,0.777752503871359
849,1.33826,1.48629,-1043.48758085866,0.910462498171096,-0.333308963290402
848,1.31212,1.50942,-796.422563487063,0.912416143750729,0.555523964099008
848,1.28558,1.53209,-522.58721520461,0.912416143751184,-0.555523964140596
847,1.25864,1.55429,-224.989232015526,0.910462498170846,0.333308963247574
847,1.23132,1.57602,88.4757943494898,0.915346582365554,-0.777752503916259
846,1.20363,1.59727,378.941489784344,0.90948566942978,0.111102085221654
845,1.17557,1.61803,663.549023011882,0.919253778306528,0.999999999969813
845,1.14715,1.6383,864.42161945662,0.909485669429915,-0.111102085282135
844,1.11839,1.65808,1074.54361296099,0.915346582364625,0.777752503855763
844,1.08928,1.67734,1323.44978158464,0.910462498171253,-0.333308963307521
843,1.05984,1.6961,1592.90064155916,0.912416143750542,0.555523964080906
843,1.03008,1.71433,1893.32438445615,0.912416143751377,-0.555523964158847
842,1,1.73205,2207.20059285927,0.910462498170698,0.333308963230309
842,0.969619,1.74924,2530.39043748456,0.915346582365766,-0.777752503931825
841,0.938943,1.7659,2797.44965000153,0.909485669429764,0.111102085205048
840,0.907981,1.78201,3051.6322812492,0.919253778306164,0.99999999995148
840,0.876742,1.79759,3271.18766523778,0.909485669429979,-0.11110208530158
839,0.845237,1.81262,3498.33281277455,0.91534658236432,0.777752503835068
839,0.813473,1.82709,3750.46944545347,0.91046249817139,-0.33330896333004
838,0.781462,1.84101,4022.07982454654,0.912416143750255,0.555523964056983
838,0.749213,1.85437,4321.90272853174,0.912416143751674,-0.555523964183563
837,0.716736,1.86716,4625.55834260894,0.910462498170584,0.333308963203304
837,0.68404,1.87939,4932.68813104853,0.915346582366261,-0.777752503962098
836,0.651136,1.89104,5121.78025840349,0.909485669429719,0.111102085173086
835,0.618034,1.90211,5283.59622536716,0.919253778305509,0.999999999918205
835,0.584743,1.91261,5481.82521740485,0.909485669430073,-0.111102085335132
834,0.551275,1.92252,5690.29093545966,0.915346582363819,0.777752503801204
834,0.517638,1.93185,5929.53192378295,0.910462498171637,-0.333308963364254
833,0.483844,1.94059,6129.22682265713,0.912416143749877,0.55552396402192
833,0.449902,1.94874,6267.54656481938,0.91241614375206,-0.555523964220202
832,0.415823,1.9563,6384.30457253468,0.910462498170279,0.333308963168166
832,0.381618,1.96325,6487.98242331706,0.915346582366717,-0.777752503993703
831,0.347296,1.96962,6594.12816613371,0.909485669429573,0.111102085145737
830,0.312869,1.97538,6703.63511783281,0.919253778305012,0.99999999989529
830,0.278346,1.98054,6819.09714324761,0.909485669430091,-0.111102085358547
829,0.243739,1.98509,6924.33641240475,0.915346582363415,0.77775250377766
829,0.209057,1.98904,6978.4610972432,0.910462498171767,-0.333308963386422
828,0.174311,1.99239,7004.76693006395,0.912416143749651,0.55552396400147
828,0.139513,1.99513,6987.7081942156,0.912416143752224,-0.555523964238419
827,0.104672,1.99726,6989.14939144126,0.910462498170184,0.33330896314881
827,0.069799,1.99878,7003.84223902522,0.915346582367074,-0.777752504016452
826,0.0349048,1.9997,6982.65015655083,0.909485669429527,0.111102085121841
825,1.27747e-16,2,6954.51508216097,0.919253778304535,0.999999999870799
825,-0.0349048,1.9997,6809.86560124944,0.909485669430051,-0.111102085378537
824,-0.069799,1.99878,6671.67500057574,0.915346582363134,0.777752503762801
824,-0.104672,1.99726,6551.37627805489,0.910462498171695,-0.333308963393583
823,-0.139513,1.99513,6444.5866991965,0.912416143749585,0.555523964001401
823,-0.174311,1.99239,6356.97784856136,0.912416143752112,-0.555523964232297
822,-0.209057,1.98904,6208.08242546627,0.910462498170195,0.333308963161685
822,-0.243739,1.98509,6018.86171054755,0.915346582366744,-0.777752503996403
821,-0.278346,1.98054,5805.7009852985,0.909485669429538,0.111102085145537
820,-0.312869,1.97538,5587.29321766055,0.919253778305041,0.999999999897278
820,-0.347296,1.96962,5451.69328786848,0.90948566942996,-0.111102085350006
819,-0.381618,1.96325,5306.19945395583,0.915346582363608,0.777752503792493
819,-0.415823,1.9563,5121.14855818992,0.910462498171543,-0.333308963366333
818,-0.449902,1.94874,4888.58476755488,0.912416143749872,0.555523964026316
818,-0.483844,1.94059,4585.02265818193,0.912416143751875,-0.555523964209561
817,-0.517638,1.93185,4310.1465695873,0.910462498170336,0.333308963182646
817,-0.551275,1.92252,4054.02900175736,0.915346582366457,-0.777752503976948
816,-0.584743,1.91261,3843.82176493711,0.909485669429562,0.111102085165907
815,-0.618034,1.90211,3643.97234802687,0.919253778305526,0.999999999919175
815,-0.651136,1.89104,3355.83218143729,0.909485669429935,-0.111102085328253
814,-0.68404,1.87939,3061.6079999081,0.915346582363941,0.777752503814277
814,-0.716736,1.86716,2745.49157389113,0.910462498171402,-0.333308963343933
813,-0.749213,1.85437,2456.79237508008,0.912416143750117,0.555523964050053
813,-0.781462,1.84101,2209.40401346666,0.912416143751584,-0.555523964183396
812,-0.813473,1.82709,1957.17963878859,0.910462498170484,0.33330896321226
812,-0.845237,1.81262,1701.56386888898,0.91534658236591,-0.7777525039432
811,-0.876742,1.79759,1401.82333303176,0.909485669429639,0.111102085200672
810,-0.907981,1.78201,1090.48340060569,0.919253778306197,0.999999999954239
810,-0.938943,1.7659,742.447095416792,0.909485669429848,-0.111102085292613
809,-0.969619,1.74924,391.954690767184,0.915346582364533,0.777752503850298
809,-1,1.73205,35.1754558805357,0.910462498171205,-0.333308963308436
808,-1.03008,1.71433,-301.704942568518,0.912416143750522,0.55552396408444
808,-1.05984,1.6961,-607.856558217146,0.912416143751243,-0.555523964150944
807,-1.08928,1.67734,-886.32220679608,0.910462498170733,0.33330896324243
807,-1.11839,1.65808,-1146.98625749841,0.915346582365511,-0.777752503915504
806,-1.14715,1.6383,-1403.82241218317,0.909485669429678,0.11110208522852
805,-1.17557,1.61803,-1661.24516123859,0.91925377830677,0.999999999982889
805,-1.20363,1.59727,-1917.93997844488,0.909485669429819,-0.111102085265551
804,-1.23132,1.57602,-2180.22785283159,0.915346582364893,0.777752503876544
804,-1.25864,1.55429,-2456.88529895523,0.910462498170937,-0.333308963279986
803,-1.28558,1.53209,-2751.18292957106,0.912416143750809,0.555523964114847
803,-1.31212,1.50942,-3070.08415127166,0.912416143750849,-0.555523964118962
802,-1.33826,1.48629,-3401.12700529307,0.910462498170897,0.333308963276791
802,-1.364,1.46271,-3741.80239282757,0.915346582364928,-0.77775250387821
801,-1.38932,1.43868,-4058.99759449943,0.909485669429954,0.111102085257172
801,-1.41421,1.41421,-4373.40736672308,0.919253778307104,-0.999999999999994
15850,-1.43868,1.38932,-4658.67864374604,0.909485669429991,-0.111102085260237
15849,-1.46271,1.364,-4953.69112550093,0.915346582364828,0.777752503871364
15849,-1.48629,1.33826,-5277.75636720328,0.910462498171103,-0.333308963290387
15848,-1.50942,1.31212,-5627.99019830708,0.912416143750729,0.555523964099008
15848,-1.53209,1.28558,-6015.82907130558,0.912416143751185,-0.555523964140586
15847,-1.55429,1.25864,-6414.40800318927,0.910462498170851,0.333308963247569
15847,-1.57602,1.23132,-6821.51566387778,0.915346582365555,-0.777752503916249
15846,-1.59727,1.20363,-7236.56579078363,0.909485669429784,0.111102085221639
15845,-1.61803,1.17557,-7657.12660518097,0.919253778306531,0.999999999969823
15845,-1.6383,1.14715,-8125.32564237938,0.909485669429917,-0.111102085282151
15844,-1.65808,1.11839,-8603.60752831075,0.915346582364627,0.777752503855772
15844,-1.67734,1.08928,-9105.58556719464,0.910462498171251,-0.333308963307506
15843,-1.6961,1.05984,-9602.37056657038,0.912416143750542,0.555523964080906
15843,-1.71433,1.03008,-10088.2424863912,0.912416143751375,-0.555523964158831
15842,-1.73205,1,-10538.903887341,0.910462498170697,0.333308963230296
15842,-1.74924,0.969619,-10967.5864528486,0.915346582365764,-0.777752503931822
15841,-1.7659,0.938943,-11335.8503511165,0.909485669429762,0.111102085205035
15840,-1.78201,0.907981,-11691.9366644096,0.919253778306162,0.999999999951483
15840,-1.79759,0.876742,-12016.2073565914,0.909485669429984,-0.111102085301589
15839,-1.81262,0.845237,-12345.521619266,0.915346582364318,0.777752503835071
15839,-1.82709,0.813473,-12683.9377155645,0.910462498171391,-0.333308963330024
15838,-1.84101,0.781462,-13046.9720896752,0.912416143750253,0.555523964056986
15838,-1.85437,0.749213,-13444.8791059519,0.912416143751674,-0.555523964183544
15837,-1.86716,0.716736,-13893.4204322434,0.910462498170589,0.333308963203294
15837,-1.87939,0.68404,-14377.5049514344,0.915346582366259,-0.777752503962095
15836,-1.89104,0.651136,-14837.1071219001,0.909485669429715,0.111102085173074
15835,-1.90211,0.618034,-15294.4748300718,0.919253778305508,0.999999999918209
15835,-1.91261,0.584743,-15620.2595482102,0.909485669430068,-0.111102085335144
15834,-1.92252,0.551275,-15931.6422069617,0.915346582363818,0.777752503801208
15834,-1.93185,0.517638,-16175.2330419802,0.910462498171639,-0.333308963364235
15833,-1.94059,0.483844,-16393.3914356511,0.912416143749876,0.555523964021923
15833,-1.94874,0.449902,-16572.7364821115,0.912416143752063,-0.555523964220183
15832,-1.9563,0.415823,-16729.608626111,0.910462498170272,0.333308963168156
15832,-1.96325,0.381618,-16871.7456476342,0.915346582366716,-0.7777525039937
15831,-1.96962,0.347296,-17071.5482096273,0.909485669429575,0.111102085145728
15830,-1.97538,0.312869,-17287.7323756736,0.91925377830502,0.999999999895294
15830,-1.98054,0.278346,-17507.2388371492,0.909485669430092,-0.111102085358556
15829,-1.98509,0.243739,-17688.7717908318,0.915346582363415,0.777752503777664
15829,-1.98904,0.209057,-17709.1684037025,0.910462498171765,-0.333308963386404
15828,-1.99239,0.174311,-17674.4584705898,0.912416143749651,0.555523964001473
15828,-1.99513,0.139513,-17556.5604101257,0.912416143752222,-0.5555239642384
15827,-1.99726,0.104672,-17504.600350684,0.910462498170184,0.3333089631488
15827,-1.99878,0.069799,-17496.127874461,0.915346582367074,-0.777752504016448
15826,-1.9997,0.0349048,-17575.6068030446,0.909485669429527,0.111102085121831
15825,-2,2.46315e-16,-17678.4833069828,0.919253778304535,0.999999999870803
15825,-1.9997,-0.0349048,-17627.2646879394,0.909485669430051,-0.111102085378547
15824,-1.99878,-0.069799,-17511.2551454969,0.915346582363134,0.777752503762804
15824,-1.99726,-0.104672,-17125.4687517813,0.910462498171696,-0.333308963393566
15823,-1.99513,-0.139513,-16650.8337944859,0.912416143749586,0.555523964001405
15823,-1.99239,-0.174311,-16042.3192857372,0.912416143752114,-0.555523964232279
15822,-1.98904,-0.209057,-15446.4397563279,0.910462498170195,0.333308963161688
15822,-1.98509,-0.243739,-14858.974698771,0.915346582366744,-0.7777525039964
15821,-1.98054,-0.278346,-14273.8731587784,0.909485669429545,0.111102085145526
15820,-1.97538,-0.312869,-13689.6719550894,0.919253778305042,0.999999999897283
15820,-1.96962,-0.347296,-12969.0522230021,0.909485669429957,-0.111102085350017
15819,-1.96325,-0.381618,-12255.5379195024,0.915346582363609,0.777752503792499
15819,-1.9563,-0.415823,-11572.7873571066,0.910462498171549,-0.333308963366345
15818,-1.94874,-0.449902,-10945.154773678,0.912416143749872,0.555523964026319
15818,-1.94059,-0.483844,-10400.7037229098,0.91241614375188,-0.555523964209544
15817,-1.93185,-0.517638,-9811.22596973674,0.910462498170337,0.33330896318265
15817,-1.92252,-0.551275,-9191.65472175949,0.915346582366458,-0.777752503976945
15816,-1.91261,-0.584743,-8582.20063867811,0.909485669429567,0.111102085165898
15815,-1.90211,-0.618034,-7974.18013233713,0.919253778305528,0.999999999919178
15815,-1.89104,-0.651136,-7460.29497763769,0.90948566942994,-0.111102085328262
15814,-1.87939,-0.68404,-6915.837212358,0.915346582363942,0.77775250381428
15814,-1.86716,-0.716736,-6251.36328764484,0.910462498171397,-0.333308963343943
15813,-1.85437,-0.749213,-5618.03422022747,0.912416143750119,0.555523964050056
15813,-1.84101,-0.781462,-5032.08126477573,0.912416143751582,-0.555523964183381
15812,-1.82709,-0.813473,-4594.98542339012,0.910462498170486,0.333308963212263
15812,-1.81262,-0.845237,-4256.35260751835,0.915346582365912,-0.777752503943197
15811,-1.79759,-0.876742,-3852.29635419065,0.909485669429641,0.111102085200675
15810,-1.78201,-0.907981,-3429.81713001744,0.919253778306197,0.999999999954239
15810,-1.7659,-0.938943,-2991.42694183433,0.90948566942985,-0.11110208529261
15809,-1.74924,-0.969619,-2543.81953988491,0.915346582364535,0.777752503850301
15809,-1.73205,-1,-2067.72407960112,0.9104624981712,-0.333308963308458
15808,-1.71433,-1.03008,-1549.88922737616,0.912416143750526,0.555523964084446
15808,-1.6961,-1.05984,-971.002351884061,0.912416143751243,-0.555523964150944
15807,-1.67734,-1.08928,-472.615550080319,0.910462498170725,0.333308963242434
15807,-1.65808,-1.11839,-26.5706996757632,0.915346582365503,-0.7777525039155
15806,-1.6383,-1.14715,434.39475594824,0.90948566942967,0.111102085228524
15805,-1.61803,-1.17557,901.283387381874,0.919253778306763,0.999999999982893
15805,-1.59727,-1.20363,1336.25330532975,0.909485669429812,-0.111102085265547
15804,-1.57602,-1.23132,1758.76797952539,0.915346582364898,0.777752503876549
15804,-1.55429,-1.25864,2128.18857971618,0.910462498170935,-0.333308963280012
15803,-1.53209,-1.28558,2475.9007907065,0.912416143750815,0.555523964114853
15803,-1.50942,-1.31212,2791.0809085965,0.912416143750855,-0.555523964118957
15802,-1.48629,-1.33826,3030.85075707776,0.910462498170897,0.333308963276791
15802,-1.46271,-1.364,3220.66224000914,0.915346582364928,-0.77775250387821
15801,-1.43868,-1.38932,3442.54141882963,0.909485669429954,0.111102085257172
15801,-1.41421,-1.41421,3673.26201842015,0.919253778307098,-0.999999999999989
10084,-1.38932,-1.43868,3937.73613380257,-0.909485669429983,0.111102085260242
10184,-1.364,-1.46271,4206.86026552056,-0.915346582364814,-0.777752503871363
10184,-1.33826,-1.48629,4491.96954491488,-0.910462498171062,0.333308963290425
10284,-1.31212,-1.50942,4764.97898799667,-0.912416143750702,-0.555523964098991
10284,-1.28558,-1.53209,5019.44721465611,-0.912416143751175,0.55552396414059
10384,-1.25864,-1.55429,5090.90481700893,-0.910462498170858,-0.333308963247603
10384,-1.23132,-1.57602,5039.99062625693,-0.915346582365569,0.777752503916277
10484,-1.20363,-1.59727,5050.73306413874,-0.909485669429755,-0.111102085221656
10584,-1.17557,-1.61803,5076.57737264317,-0.919253778306467,-0.999999999969833
10584,-1.14715,-1.6383,5529.5252565408,-0.909485669429891,0.111102085282108
10684,-1.11839,-1.65808,5969.3544736216,-0.915346582364624,-0.777752503855743
10684,-1.08928,-1.67734,6355.57008424943,-0.910462498171255,0.333308963307532
10784,-1.05984,-1.6961,6695.48629819756,-0.912416143750544,-0.555523964080908
10784,-1.03008,-1.71433,6965.80092140488,-0.912416143751393,0.555523964158839
10884,-1,-1.73205,7261.81711970804,-0.910462498170715,-0.333308963230315
10884,-0.969619,-1.74924,7574.94703708082,-0.915346582365772,0.777752503931858
10984,-0.938943,-1.7659,7861.99601238943,-0.909485669429763,-0.111102085205032
11084,-0.907981,-1.78201,8143.5537991854,-0.919253778306154,-0.99999999995149
11084,-0.876742,-1.79759,8345.4571097058,-0.909485669429981,0.111102085301552
11184,-0.845237,-1.81262,8550.89463832149,-0.915346582364332,-0.777752503835052
11184,-0.813473,-1.82709,8764.74658498783,-0.910462498171421,0.333308963330044
11284,-0.781462,-1.84101,8987.31975436879,-0.912416143750289,-0.555523964056998
11284,-0.749213,-1.85437,9222.04381428147,-0.912416143751684,0.555523964183542
11384,-0.716736,-1.86716,9398.99913716254,-0.910462498170579,-0.333308963203316
11384,-0.68404,-1.87939,9538.08127119121,-0.915346582366256,0.777752503962127
11484,-0.651136,-1.89104,9640.01798386174,-0.9094856694297,-0.111102085173069
11584,-0.618034,-1.90211,9735.08151653815,-0.919253778305473,-0.9999999999182
11584,-0.584743,-1.91261,9713.46723202449,-0.909485669430035,0.111102085335111
11684,-0.551275,-1.92252,9683.99264254514,-0.915346582363772,-0.777752503801188
11684,-0.517638,-1.93185,9608.98790020993,-0.910462498171642,0.333308963364261
11784,-0.483844,-1.94059,9544.05895145357,-0.912416143749915,-0.555523964021929
11784,-0.449902,-1.94874,9491.41343558103,-0.912416143752077,0.555523964220183
11884,-0.415823,-1.9563,9410.0899171059,-0.910462498170266,-0.33330896316818
11884,-0.381618,-1.96325,9312.44296073643,-0.915346582366712,0.777752503993725
11984,-0.347296,-1.96962,9283.08203284584,-0.909485669429565,-0.111102085145729
12084,-0.312869,-1.97538,9275.93605343681,-0.919253778305011,-0.999999999895287
12084,-0.278346,-1.98054,9223.38400642459,-0.909485669430107,0.111102085358526
12184,-0.243739,-1.98509,9168.37931527045,-0.915346582363447,-0.777752503777644
12184,-0.209057,-1.98904,9087.5413342131,-0.910462498171781,0.333308963386432
12284,-0.174311,-1.99239,9063.74083926105,-0.912416143749663,-0.555523964001473
12284,-0.139513,-1.99513,9123.44845897655,-0.912416143752267,0.555523964238395
12384,-0.104672,-1.99726,9054.34233069252,-0.910462498170238,-0.333308963148834
12384,-0.069799,-1.99878,8900.26105119805,-0.915346582367131,0.777752504016471
12484,-0.0349048,-1.9997,8634.78992734539,-0.909485669429557,-0.111102085121833
12584,-4.35203e-16,-2,8343.06498693987,-0.919253778304537,-0.999999999870803
12584,0.0349048,-1.9997,8239.23142503035,-0.909485669430058,0.111102085378513
12684,0.069799,-1.99878,8095.06566684034,-0.915346582363139,-0.777752503762792
12684,0.104672,-1.99726,7785.21961778796,-0.9104624981717,0.333308963393593
12784,0.139513,-1.99513,7375.57222654561,-0.912416143749591,-0.555523964001403
12784,0.174311,-1.99239,6814.86460417486,-0.912416143752134,0.555523964232273
12884,0.209057,-1.98904,6350.799704084,-0.91046249817019,-0.333308963161724
12884,0.243739,-1.98509,5952.56870201007,-0.915346582366752,0.777752503996427
12984,0.278346,-1.98054,5586.84631390888,-0.909485669429543,-0.111102085145531
13084,0.312869,-1.97538,5232.95718867968,-0.919253778305079,-0.999999999897294
13084,0.347296,-1.96962,4663.84312802136,-0.909485669429971,0.111102085349981
13184,0.381618,-1.96325,4094.5624327933,-0.915346582363621,-0.777752503792476
13184,0.415823,-1.9563,3501.66143061342,-0.910462498171561,0.33330896336634
13284,0.449902,-1.94874,3002.15030077824,-0.912416143749886,-0.555523964026324
13284,0.483844,-1.94059,2638.40557733764,-0.912416143751904,0.555523964209538
13384,0.517638,-1.93185,2368.53723792614,-0.910462498170363,-0.333308963182687
13384,0.551275,-1.92252,2162.31764718845,-0.915346582366464,0.777752503976962
13484,0.584743,-1.91261,1898.01814056046,-0.909485669429569,-0.111102085165906
13584,0.618034,-1.90211,1623.40566401539,-0.919253778305519,-0.999999999919186
13584,0.651136,-1.89104,1161.9899601933,-0.909485669429928,0.111102085328226
13684,0.68404,-1.87939,701.043179862862,-0.915346582363942,-0.777752503814258
13684,0.716736,-1.86716,220.465283569337,-0.910462498171394,0.333308963343945
13784,0.749213,-1.85437,-187.070263087841,-0.912416143750121,-0.555523964050058
13784,0.781462,-1.84101,-487.535163348695,-0.91241614375158,0.555523964183364
13884,0.813473,-1.82709,-729.984103376843,-0.91046249817049,-0.333308963212306
13884,0.845237,-1.81262,-933.198040278439,-0.915346582365913,0.777752503943214
13984,0.876742,-1.79759,-1115.35412161917,-0.909485669429626,-0.1111020852007
14084,0.907981,-1.78201,-1290.08709078776,-0.919253778306215,-0.999999999954254
14084,0.938943,-1.7659,-1439.08602275314,-0.909485669429858,0.111102085292581
14184,0.969619,-1.74924,-1597.95036285249,-0.915346582364524,-0.777752503850263
14184,1,-1.73205,-1807.75118064895,-0.910462498171194,0.333308963308465
14284,1.03008,-1.71433,-2030.98694863109,-0.91241614375052,-0.55552396408445
14284,1.05984,-1.6961,-2276.38140252432,-0.912416143751235,0.55552396415093
14384,1.08928,-1.67734,-2540.09573911198,-0.910462498170724,-0.333308963242461
14384,1.11839,-1.65808,-2814.85527454231,-0.915346582365498,0.777752503915531
14484,1.14715,-1.6383,-3064.89243455373,-0.909485669429676,-0.111102085228531
14584,1.17557,-1.61803,-3307.06537085817,-0.919253778306762,-0.999999999982903
14584,1.20363,-1.59727,-3459.56551089488,-0.909485669429825,0.1111020852655
14684,1.23132,-1.57602,-3607.26127617185,-0.91534658236492,-0.777752503876537
14684,1.25864,-1.55429,-3739.71019638753,-0.910462498170955,0.333308963280004
14784,1.28558,-1.53209,-3867.44941462842,-0.912416143750819,-0.555523964114867
14784,1.31212,-1.50942,-3988.76327253618,-0.912416143750872,0.555523964118932
14884,1.33826,-1.48629,-4145.14549605281,-0.910462498170903,-0.333308963276861
14884,1.364,-1.46271,-4323.8876422772,-0.915346582364901,0.777752503878194
14984,1.38932,-1.43868,-4494.02888063732,-0.909485669429939,-0.111102085257194
14984,1.41421,-1.41421,-4659.98457418742,-0.919253778307102,0.999999999999985
5850,1.43868,-1.38932,-4786.67660794047,0.909485669429985,-0.111102085260202
5849,1.46271,-1.364,-4895.75700862604,0.915346582364833,0.777752503871339
5849,1.48629,-1.33826,-4939.88782769924,0.910462498171102,-0.333308963290407
5848,1.50942,-1.31212,-4959.22447429076,0.91241614375073,0.555523964099018
5848,1.53209,-1.28558,-4941.77584621682,0.912416143751186,-0.555523964140576
5847,1.55429,-1.25864,-4930.59275359505,0.91046249817085,0.333308963247604
5847,1.57602,-1.23132,-4923.56569751541,0.91534658236556,-0.777752503916265
5846,1.59727,-1.20363,-4959.81571848128,0.909485669429786,0.111102085221649
5845,1.61803,-1.17557,-5006.65424636493,0.919253778306525,0.999999999969829
5845,1.6383,-1.14715,-5117.59668434043,0.909485669429914,-0.11110208528211
5844,1.65808,-1.11839,-5231.50025444117,0.915346582364627,0.777752503855747
5844,1.67734,-1.08928,-5359.29247117972,0.910462498171258,-0.333308963307527
5843,1.6961,-1.05984,-5500.47176500548,0.912416143750537,0.555523964080912
5843,1.71433,-1.03008,-5662.24085782318,0.912416143751378,-0.555523964158821
5842,1.73205,-1,-5838.18464358096,0.910462498170701,0.333308963230334
5842,1.74924,-0.969619,-6023.41960637202,0.915346582365767,-0.777752503931841
5841,1.7659,-0.938943,-6246.09752656024,0.909485669429766,0.111102085205045
5840,1.78201,-0.907981,-6478.59779302758,0.919253778306158,0.99999999995149
5840,1.79759,-0.876742,-6707.69532985429,0.909485669429983,-0.111102085301555
5839,1.81262,-0.845237,-6938.57418023983,0.915346582364319,0.777752503835052
5839,1.82709,-0.813473,-7171.68587504386,0.910462498171384,-0.333308963330046
5838,1.84101,-0.781462,-7402.80221501491,0.912416143750258,0.555523964056995
5838,1.85437,-0.749213,-7629.76216668155,0.91241614375167,-0.555523964183538
5837,1.86716,-0.716736,-7873.70448951255,0.91046249817059,0.333308963203332
5837,1.87939,-0.68404,-8129.92421203041,0.915346582366259,-0.777752503962114
5836,1.89104,-0.651136,-8406.33555789529,0.909485669429712,0.11110208517308
5835,1.90211,-0.618034,-8690.64232423365,0.919253778305505,0.999999999918216
5835,1.91261,-0.584743,-8946.20622228205,0.909485669430072,-0.111102085335106
5834,1.92252,-0.551275,-9203.09433442912,0.915346582363824,0.777752503801191
5834,1.93185,-0.517638,-9451.10891529126,0.910462498171638,-0.333308963364257
5833,1.94059,-0.483844,-9681.30048970525,0.912416143749874,0.555523964021932
5833,1.94874,-0.449902,-9882.09167018406,0.91241614375206,-0.555523964220175
5832,1.9563,-0.415823,-10063.5703228097,0.910462498170272,0.333308963168192
5832,1.96325,-0.381618,-10233.71130996,0.915346582366721,-0.777752503993719
5831,1.96962,-0.347296,-10393.2526840721,0.909485669429573,0.111102085145735
5830,1.97538,-0.312869,-10553.198485188,0.919253778305019,0.999999999895301
5830,1.98054,-0.278346,-10647.2673782392,0.909485669430095,-0.11110208535852
5829,1.98509,-0.243739,-10736.593242187,0.915346582363408,0.777752503777643
5829,1.98904,-0.209057,-10797.6858649776,0.910462498171767,-0.333308963386425
5828,1.99239,-0.174311,-10851.0829064083,0.91241614374965,0.555523964001481
5828,1.99513,-0.139513,-10891.8672115774,0.912416143752221,-0.555523964238393
5827,1.99726,-0.104672,-10898.2082261849,0.910462498170182,0.333308963148836
5827,1.99878,-0.069799,-10882.2301718286,0.915346582367075,-0.777752504016468
5826,1.9997,-0.0349048,-10837.0077438536,0.909485669429527,0.111102085121839
