origElemNum,globCoord-x,globCoord-y,acouPotentialD1-,locCoord-xi,locCoord-eta
5825,2,-2.20442e-18,8.47504969762464e+69,0.919253778304535,0.999999999870795
5825,1.9997,0.0349048,6.92675016972102e+69,0.909485669430051,-0.11110208537854
5824,1.99878,0.069799,5.45664058872176e+69,0.915346582363134,0.7777525037628
5824,1.99726,0.104672,4.30248701178261e+69,0.910462498171695,-0.333308963393583
5823,1.99513,0.139513,3.34707071867143e+69,0.912416143749585,0.555523964001403
5823,1.99239,0.174311,2.69572549851676e+69,0.912416143752112,-0.555523964232293
5822,1.98904,0.209057,1.96331521503072e+69,0.910462498170195,0.33330896316169
5822,1.98509,0.243739,1.17831601778287e+69,0.915346582366752,-0.777752503996411
5821,1.98054,0.278346,1.59023276322158e+68,0.909485669429537,0.111102085145532
5820,1.97538,0.312869,-9.14950794458503e+68,0.91925377830504,0.999999999897275
5820,1.96962,0.347296,-1.32890312495194e+69,0.909485669429959,-0.111102085350008
5819,1.96325,0.381618,-1.71164838873862e+69,0.915346582363608,0.777752503792493
5819,1.9563,0.415823,-1.96024675566112e+69,0.910462498171543,-0.333308963366333
5818,1.94874,0.449902,-1.96391421843293e+69,0.912416143749872,0.555523964026318
5818,1.94059,0.483844,-1.59688608745262e+69,0.912416143751876,-0.555523964209557
5817,1.93185,0.517638,-8.2657732565898e+68,0.910462498170338,0.333308963182653
5817,1.92252,0.551275,2.16810376637056e+68,0.915346582366455,-0.777752503976955
5816,1.91261,0.584743,1.27158367368801e+69,0.909485669429567,0.111102085165898
5815,1.90211,0.618034,2.34540674379643e+69,0.919253778305533,0.999999999919169
5815,1.89104,0.651136,3.93962814836389e+69,0.909485669429933,-0.111102085328256
5814,1.87939,0.68404,5.17989677634899e+69,0.915346582363941,0.777752503814277
5814,1.86716,0.716736,4.94621677709866e+69,0.910462498171402,-0.333308963343933
5813,1.85437,0.749213,3.57602594548987e+69,0.912416143750119,0.555523964050056
5813,1.84101,0.781462,4.9527300614601e+68,0.912416143751575,-0.555523964183394
5812,1.82709,0.813473,-2.20067358651679e+69,0.910462498170486,0.333308963212263
5812,1.81262,0.845237,-4.64005507097211e+69,0.915346582365915,-0.777752503943209
5811,1.79759,0.876742,-5.58214529541601e+69,0.909485669429635,0.111102085200681
5810,1.78201,0.907981,-6.15632416819287e+69,0.919253778306195,0.999999999954235
5810,1.7659,0.938943,-6.39771644038464e+69,0.909485669429844,-0.111102085292603
5809,1.74924,0.969619,-6.47826824671435e+69,0.915346582364538,0.777752503850291
5809,1.73205,1,-5.89514608702177e+69,0.910462498171199,-0.333308963308445
5808,1.71433,1.03008,-4.96724659422691e+69,0.912416143750526,0.555523964084446
5808,1.6961,1.05984,-3.52058082003404e+69,0.912416143751246,-0.555523964150953
5807,1.67734,1.08928,-1.62154783543804e+69,0.910462498170725,0.333308963242434
5807,1.65808,1.11839,5.75524012159907e+68,0.915346582365508,-0.777752503915519
5806,1.6383,1.14715,4.22089300820321e+69,0.909485669429676,0.11110208522853
5805,1.61803,1.17557,8.1973741278697e+69,0.919253778306765,0.999999999982884
5805,1.59727,1.20363,1.01488082573884e+70,0.909485669429817,-0.111102085265541
5804,1.57602,1.23132,1.12123271119021e+70,0.9153465823649,0.777752503876539
5804,1.55429,1.25864,8.89603952842407e+69,0.910462498170939,-0.333308963279996
5803,1.53209,1.28558,6.51591616463265e+69,0.912416143750815,0.555523964114853
5803,1.50942,1.31212,4.05160676313237e+69,0.91241614375085,-0.555523964118972
5802,1.48629,1.33826,2.89323566519447e+69,0.910462498170897,0.333308963276791
5802,1.46271,1.364,2.64763542307507e+69,0.915346582364929,-0.77775250387822
5801,1.43868,1.38932,1.77937102149959e+69,0.909485669429954,0.111102085257182
5801,1.41421,1.41421,8.36110742912109e+68,0.919253778307104,-0.999999999999994
850,1.38932,1.43868,-2.31801087201003e+69,0.909485669429991,-0.111102085260227
849,1.364,1.46271,-4.93880690942002e+69,0.915346582364834,0.777752503871359
849,1.33826,1.48629,-5.59808670432944e+69,0.910462498171096,-0.333308963290402
848,1.31212,1.50942,-5.05385415453944e+69,0.912416143750729,0.555523964099008
848,1.28558,1.53209,-2.71799267227209e+69,0.912416143751184,-0.555523964140596
847,1.25864,1.55429,-8.13760470539414e+67,0.910462498170846,0.333308963247574
847,1.23132,1.57602,2.79096771776298e+69,0.915346582365554,-0.777752503916259
846,1.20363,1.59727,5.20292090634584e+69,0.90948566942978,0.111102085221654
845,1.17557,1.61803,7.59312859920089e+69,0.919253778306528,0.999999999969813
845,1.14715,1.6383,8.09524200455962e+69,0.909485669429915,-0.111102085282135
844,1.11839,1.65808,8.25014425183523e+69,0.915346582364625,0.777752503855763
844,1.08928,1.67734,6.67355800921436e+69,0.910462498171253,-0.333308963307521
843,1.05984,1.6961,4.13417724994097e+69,0.912416143750542,0.555523964080906
843,1.03008,1.71433,1.06823648654845e+68,0.912416143751377,-0.555523964158847
842,1,1.73205,-4.27726763482902e+69,0.910462498170698,0.333308963230309
842,0.969619,1.74924,-8.89643149551312e+69,0.915346582365766,-0.777752503931825
841,0.938943,1.7659,-1.09196206930191e+70,0.909485669429764,0.111102085205048
840,0.907981,1.78201,-1.23318719492943e+70,0.919253778306164,0.99999999995148
840,0.876742,1.79759,-9.94666714391985e+69,0.909485669429979,-0.11110208530158
839,0.845237,1.81262,-7.61472312968462e+69,0.91534658236432,0.777752503835068
839,0.813473,1.82709,-5.33502651939261e+69,0.91046249817139,-0.33330896333004
838,0.781462,1.84101,-4.03065768681828e+69,0.912416143750255,0.555523964056983
838,0.749213,1.85437,-4.18245708802817e+69,0.912416143751674,-0.555523964183563
837,0.716736,1.86716,-4.5536802232165e+69,0.910462498170584,0.333308963203304
837,0.68404,1.87939,-5.09571288341342e+69,0.915346582366261,-0.777752503962098
836,0.651136,1.89104,-3.97745969123118e+69,0.909485669429719,0.111102085173086
835,0.618034,1.90211,-2.50656145189208e+69,0.919253778305509,0.999999999918205
835,0.584743,1.91261,-9.88439692098885e+68,0.909485669430073,-0.111102085335132
834,0.551275,1.92252,-1.64930854047237e+68,0.915346582363819,0.777752503801204
834,0.517638,1.93185,-2.02148638051626e+69,0.910462498171637,-0.333308963364254
833,0.483844,1.94059,-4.20333030788765e+69,0.912416143749877,0.55552396402192
833,0.449902,1.94874,-6.87953013321254e+69,0.91241614375206,-0.555523964220202
832,0.415823,1.9563,-7.63557766217263e+69,0.910462498170279,0.333308963168166
832,0.381618,1.96325,-7.12931996534676e+69,0.915346582366717,-0.777752503993703
831,0.347296,1.96962,-5.41809343970678e+69,0.909485669429573,0.111102085145737
830,0.312869,1.97538,-3.42917243514705e+69,0.919253778305012,0.99999999989529
830,0.278346,1.98054,-2.99224084417177e+69,0.909485669430091,-0.111102085358547
829,0.243739,1.98509,-2.69502451662044e+69,0.915346582363415,0.77775250377766
829,0.209057,1.98904,-2.98753606301174e+69,0.910462498171767,-0.333308963386422
828,0.174311,1.99239,-3.24183449084451e+69,0.912416143749651,0.55552396400147
828,0.139513,1.99513,-3.45733702095951e+69,0.912416143752224,-0.555523964238419
827,0.104672,1.99726,-3.40857237449261e+69,0.910462498170184,0.33330896314881
827,0.069799,1.99878,-3.17466297907333e+69,0.915346582367074,-0.777752504016452
826,0.0349048,1.9997,-2.25034816707738e+69,0.909485669429527,0.111102085121841
825,1.27747e-16,2,-1.1451799739528e+69,0.919253778304535,0.999999999870799
825,-0.0349048,1.9997,-2.2220996655704e+69,0.909485669430051,-0.111102085378537
824,-0.069799,1.99878,-3.61403742976841e+69,0.915346582363134,0.777752503762801
824,-0.104672,1.99726,-6.20579661546125e+69,0.910462498171695,-0.333308963393583
823,-0.139513,1.99513,-7.94811447001169e+69,0.912416143749585,0.555523964001401
823,-0.174311,1.99239,-8.39433065465586e+69,0.912416143752112,-0.555523964232297
822,-0.209057,1.98904,-8.63752269892083e+69,0.910462498170195,0.333308963161685
822,-0.243739,1.98509,-8.74909322686789e+69,0.915346582366744,-0.777752503996403
821,-0.278346,1.98054,-9.57820122048561e+69,0.909485669429538,0.111102085145537
820,-0.312869,1.97538,-1.06002701994059e+70,0.919253778305041,0.999999999897278
820,-0.347296,1.96962,-9.60115370603265e+69,0.90948566942996,-0.111102085350006
819,-0.381618,1.96325,-8.05734196006924e+69,0.915346582363608,0.777752503792493
819,-0.415823,1.9563,-4.22401709662476e+69,0.910462498171543,-0.333308963366333
818,-0.449902,1.94874,-1.24294867731748e+69,0.912416143749872,0.555523964026316
818,-0.483844,1.94059,4.82643244255633e+68,0.912416143751875,-0.555523964209561
817,-0.517638,1.93185,-2.06104772248716e+68,0.910462498170336,0.333308963182646
817,-0.551275,1.92252,-2.5098408247059e+69,0.915346582366457,-0.777752503976948
816,-0.584743,1.91261,-3.5876519849894e+69,0.909485669429562,0.111102085165907
815,-0.618034,1.90211,-4.39377554424169e+69,0.919253778305526,0.999999999919175
815,-0.651136,1.89104,-2.53163376197068e+69,0.909485669429935,-0.111102085328253
814,-0.68404,1.87939,-6.86289232042767e+68,0.915346582363941,0.777752503814277
814,-0.716736,1.86716,1.25925874505781e+69,0.910462498171402,-0.333308963343933
813,-0.749213,1.85437,3.5395575722793e+69,0.912416143750117,0.555523964050053
813,-0.781462,1.84101,6.3387292550167e+69,0.912416143751584,-0.555523964183396
812,-0.813473,1.82709,9.56246251658162e+69,0.910462498170484,0.33330896321226
812,-0.845237,1.81262,1.3066511716423e+70,0.91534658236591,-0.7777525039432
811,-0.876742,1.79759,1.56566418783252e+70,0.909485669429639,0.111102085200672
810,-0.907981,1.78201,1.80154252620628e+70,0.919253778306197,0.999999999954239
810,-0.938943,1.7659,1.74664007393106e+70,0.909485669429848,-0.111102085292613
809,-0.969619,1.74924,1.65228980500158e+70,0.915346582364533,0.777752503850298
809,-1,1.73205,1.4079778477816e+70,0.910462498171205,-0.333308963308436
808,-1.03008,1.71433,1.27014856853515e+70,0.912416143750522,0.55552396408444
808,-1.05984,1.6961,1.29566417570304e+70,0.912416143751243,-0.555523964150944
807,-1.08928,1.67734,1.48069532744673e+70,0.910462498170733,0.33330896324243
807,-1.11839,1.65808,1.77027650110225e+70,0.915346582365511,-0.777752503915504
806,-1.14715,1.6383,1.86780663653333e+70,0.909485669429678,0.11110208522852
805,-1.17557,1.61803,1.91525008739319e+70,0.91925377830677,0.999999999982889
805,-1.20363,1.59727,1.60057028818483e+70,0.909485669429819,-0.111102085265551
804,-1.23132,1.57602,1.26041242182139e+70,0.915346582364893,0.777752503876544
804,-1.25864,1.55429,8.29726915021092e+69,0.910462498170937,-0.333308963279986
803,-1.28558,1.53209,4.28544723906544e+69,0.912416143750809,0.555523964114847
803,-1.31212,1.50942,7.46795321741357e+68,0.912416143750849,-0.555523964118962
802,-1.33826,1.48629,-1.61603008394817e+69,0.910462498170897,0.333308963276791
802,-1.364,1.46271,-3.20281114567901e+69,0.915346582364928,-0.77775250387821
801,-1.38932,1.43868,-3.46339191756195e+69,0.909485669429954,0.111102085257172
801,-1.41421,1.41421,-3.3946695907077e+69,0.919253778307104,-0.999999999999994
15850,-1.43868,1.38932,-2.7904367711009e+69,0.909485669429991,-0.111102085260237
15849,-1.46271,1.364,-1.93743821438346e+69,0.915346582364828,0.777752503871364
15849,-1.48629,1.33826,-8.68611590384394e+67,0.910462498171103,-0.333308963290387
15848,-1.50942,1.31212,2.13875935689747e+69,0.912416143750729,0.555523964099008
15848,-1.53209,1.28558,4.92642468885843e+69,0.912416143751185,-0.555523964140586
15847,-1.55429,1.25864,6.63332999201563e+69,0.910462498170851,0.333308963247569
15847,-1.57602,1.23132,7.62246557427582e+69,0.915346582365555,-0.777752503916249
15846,-1.59727,1.20363,6.52088047812792e+69,0.909485669429784,0.111102085221639
15845,-1.61803,1.17557,4.89221528055289e+69,0.919253778306531,0.999999999969823
15845,-1.6383,1.14715,3.03935180745998e+69,0.909485669429917,-0.111102085282151
15844,-1.65808,1.11839,1.58989251471809e+69,0.915346582364627,0.777752503855772
15844,-1.67734,1.08928,1.79364634302374e+69,0.910462498171251,-0.333308963307506
15843,-1.6961,1.05984,2.35187131137395e+69,0.912416143750542,0.555523964080906
15843,-1.71433,1.03008,3.44649382196074e+69,0.912416143751375,-0.555523964158831
15842,-1.73205,1,3.48897736898969e+69,0.910462498170697,0.333308963230296
15842,-1.74924,0.969619,2.82118954689532e+69,0.915346582365764,-0.777752503931822
15841,-1.7659,0.938943,2.27392038416614e+69,0.909485669429762,0.111102085205035
15840,-1.78201,0.907981,1.73863341605488e+69,0.919253778306162,0.999999999951483
15840,-1.79759,0.876742,4.60698879481788e+69,0.909485669429984,-0.111102085301589
15839,-1.81262,0.845237,7.48993134075247e+69,0.915346582364318,0.777752503835071
15839,-1.82709,0.813473,1.0429889899662e+70,0.910462498171391,-0.333308963330024
15838,-1.84101,0.781462,1.18289719426436e+70,0.912416143750253,0.555523964056986
15838,-1.85437,0.749213,1.09033216115155e+70,0.912416143751674,-0.555523964183544
15837,-1.86716,0.716736,9.28175061149249e+69,0.910462498170589,0.333308963203294
15837,-1.87939,0.68404,7.20980288236738e+69,0.915346582366259,-0.777752503962095
15836,-1.89104,0.651136,6.51561089118713e+69,0.909485669429715,0.111102085173074
15835,-1.90211,0.618034,6.18069385622848e+69,0.919253778305508,0.999999999918209
15835,-1.91261,0.584743,6.50455911802662e+69,0.909485669430068,-0.111102085335144
15834,-1.92252,0.551275,6.60735367322808e+69,0.915346582363818,0.777752503801208
15834,-1.93185,0.517638,5.85072868930812e+69,0.910462498171639,-0.333308963364235
15833,-1.94059,0.483844,4.2314732727243e+69,0.912416143749876,0.555523964021923
15833,-1.94874,0.449902,1.32936846309949e+69,0.912416143752063,-0.555523964220183
15832,-1.9563,0.415823,-1.82751423580358e+69,0.910462498170272,0.333308963168156
15832,-1.96325,0.381618,-5.15407920664125e+69,0.915346582366716,-0.7777525039937
15831,-1.96962,0.347296,-5.62775953342341e+69,0.909485669429575,0.111102085145728
15830,-1.97538,0.312869,-5.38172745911283e+69,0.91925377830502,0.999999999895294
15830,-1.98054,0.278346,-2.26429525700329e+69,0.909485669430092,-0.111102085358556
15829,-1.98509,0.243739,4.06719546818431e+68,0.915346582363415,0.777752503777664
15829,-1.98904,0.209057,1.26475519795228e+69,0.910462498171765,-0.333308963386404
15828,-1.99239,0.174311,9.23923160681238e+68,0.912416143749651,0.555523964001473
15828,-1.99513,0.139513,-1.21520895042705e+69,0.912416143752222,-0.5555239642384
15827,-1.99726,0.104672,-2.82180580889702e+69,0.910462498170184,0.3333089631488
15827,-1.99878,0.069799,-4.07293599550374e+69,0.915346582367074,-0.777752504016448
15826,-1.9997,0.0349048,-3.90055492218889e+69,0.909485669429527,0.111102085121831
15825,-2,2.46315e-16,-3.36840422314013e+69,0.919253778304535,0.999999999870803
15825,-1.9997,-0.0349048,-3.30119649488224e+69,0.909485669430051,-0.111102085378547
15824,-1.99878,-0.069799,-3.42737244624651e+69,0.915346582363134,0.777752503762804
15824,-1.99726,-0.104672,-4.36433929722826e+69,0.910462498171696,-0.333308963393566
15823,-1.99513,-0.139513,-5.41645216942098e+69,0.912416143749586,0.555523964001405
15823,-1.99239,-0.174311,-6.65384685415641e+69,0.912416143752114,-0.555523964232279
15822,-1.98904,-0.209057,-7.75736230762024e+69,0.910462498170195,0.333308963161688
15822,-1.98509,-0.243739,-8.76691130506203e+69,0.915346582366744,-0.7777525039964
15821,-1.98054,-0.278346,-8.48432027196918e+69,0.909485669429545,0.111102085145526
15820,-1.97538,-0.312869,-7.88487433073999e+69,0.919253778305042,0.999999999897283
15820,-1.96962,-0.347296,-5.43107013276376e+69,0.909485669429957,-0.111102085350017
15819,-1.96325,-0.381618,-3.03994817447062e+69,0.915346582363609,0.777752503792499
15819,-1.9563,-0.415823,-8.50565230617195e+68,0.910462498171549,-0.333308963366345
15818,-1.94874,-0.449902,6.7123191763596e+68,0.912416143749872,0.555523964026319
15818,-1.94059,-0.483844,1.19894035617072e+69,0.91241614375188,-0.555523964209544
15817,-1.93185,-0.517638,7.36437661965134e+68,0.910462498170337,0.33330896318265
15817,-1.92252,-0.551275,-3.93883829635812e+68,0.915346582366458,-0.777752503976945
15816,-1.91261,-0.584743,-1.644670572643e+69,0.909485669429567,0.111102085165898
15815,-1.90211,-0.618034,-2.94240970054799e+69,0.919253778305528,0.999999999919178
15815,-1.89104,-0.651136,-2.48180803568869e+69,0.90948566942994,-0.111102085328262
15814,-1.87939,-0.68404,-1.90940752041981e+69,0.915346582363942,0.77775250381428
15814,-1.86716,-0.716736,-8.43010978507783e+68,0.910462498171397,-0.333308963343943
15813,-1.85437,-0.749213,1.7062040252896e+68,0.912416143750119,0.555523964050056
15813,-1.84101,-0.781462,1.10801454353892e+69,0.912416143751582,-0.555523964183381
15812,-1.82709,-0.813473,2.15960885728964e+69,0.910462498170486,0.333308963212263
15812,-1.81262,-0.845237,3.28557599297164e+69,0.915346582365912,-0.777752503943197
15811,-1.79759,-0.876742,2.64311279542412e+69,0.909485669429641,0.111102085200675
15810,-1.78201,-0.907981,1.56162174608192e+69,0.919253778306197,0.999999999954239
15810,-1.7659,-0.938943,-7.46079791360019e+68,0.90948566942985,-0.11110208529261
15809,-1.74924,-0.969619,-2.69859649451445e+69,0.915346582364535,0.777752503850301
15809,-1.73205,-1,-3.25504920888554e+69,0.9104624981712,-0.333308963308458
15808,-1.71433,-1.03008,-3.97064225989788e+69,0.912416143750526,0.555523964084446
15808,-1.6961,-1.05984,-4.92605722611787e+69,0.912416143751243,-0.555523964150944
15807,-1.67734,-1.08928,-6.24437114313003e+69,0.910462498170725,0.333308963242434
15807,-1.65808,-1.11839,-7.7995107648782e+69,0.915346582365503,-0.7777525039155
15806,-1.6383,-1.14715,-7.43795634563485e+69,0.90948566942967,0.111102085228524
15805,-1.61803,-1.17557,-6.59343099484396e+69,0.919253778306763,0.999999999982893
15805,-1.59727,-1.20363,-3.87992026637197e+69,0.909485669429812,-0.111102085265547
15804,-1.57602,-1.23132,-1.36312190356128e+69,0.915346582364898,0.777752503876549
15804,-1.55429,-1.25864,3.64964367353901e+68,0.910462498170935,-0.333308963280012
15803,-1.53209,-1.28558,3.04691808583325e+68,0.912416143750815,0.555523964114853
15803,-1.50942,-1.31212,-2.44332240095299e+69,0.912416143750855,-0.555523964118957
15802,-1.48629,-1.33826,-5.46914767593632e+69,0.910462498170897,0.333308963276791
15802,-1.46271,-1.364,-8.67426599813922e+69,0.915346582364928,-0.77775250387821
15801,-1.43868,-1.38932,-9.20211057554585e+69,0.909485669429954,0.111102085257172
15801,-1.41421,-1.41421,-9.05684300693621e+69,0.919253778307098,-0.999999999999989
10084,-1.38932,-1.43868,-8.51707174876803e+69,-0.909485669429983,0.111102085260242
10184,-1.364,-1.46271,-7.82030888449573e+69,-0.915346582364814,-0.777752503871363
10184,-1.33826,-1.48629,-6.46594113328308e+69,-0.910462498171062,0.333308963290425
10284,-1.31212,-1.50942,-5.30699864909195e+69,-0.912416143750702,-0.555523964098991
10284,-1.28558,-1.53209,-4.42667213217133e+69,-0.912416143751175,0.55552396414059
10384,-1.25864,-1.55429,-3.27605467002297e+69,-0.910462498170858,-0.333308963247603
10384,-1.23132,-1.57602,-1.97137274009835e+69,-0.915346582365569,0.777752503916277
10484,-1.20363,-1.59727,-1.84563189700416e+69,-0.909485669429755,-0.111102085221656
10584,-1.17557,-1.61803,-2.07299352393565e+69,-0.919253778306467,-0.999999999969833
10584,-1.14715,-1.6383,-2.8924587801449e+69,-0.909485669429891,0.111102085282108
10684,-1.11839,-1.65808,-3.43434466991393e+69,-0.915346582364624,-0.777752503855743
10684,-1.08928,-1.67734,-2.64592080612116e+69,-0.910462498171255,0.333308963307532
10784,-1.05984,-1.6961,-1.64931067316246e+69,-0.912416143750544,-0.555523964080908
10784,-1.03008,-1.71433,-3.07608044434911e+68,-0.912416143751393,0.555523964158839
10884,-1,-1.73205,1.2559411355604e+69,-0.910462498170715,-0.333308963230315
10884,-0.969619,-1.74924,2.96082293158465e+69,-0.915346582365772,0.777752503931858
10984,-0.938943,-1.7659,2.85470815918048e+69,-0.909485669429763,-0.111102085205032
11084,-0.907981,-1.78201,2.29832488325121e+69,-0.919253778306154,-0.99999999995149
11084,-0.876742,-1.79759,2.21871804693831e+69,-0.909485669429981,0.111102085301552
11184,-0.845237,-1.81262,2.13636738618446e+69,-0.915346582364332,-0.777752503835052
11184,-0.813473,-1.82709,2.00316120423647e+69,-0.910462498171421,0.333308963330044
11284,-0.781462,-1.84101,1.33319490092885e+69,-0.912416143750289,-0.555523964056998
11284,-0.749213,-1.85437,-1.46983077626138e+68,-0.912416143751684,0.555523964183542
11384,-0.716736,-1.86716,-1.6251167971191e+69,-0.910462498170579,-0.333308963203316
11384,-0.68404,-1.87939,-3.10799035032289e+69,-0.915346582366256,0.777752503962127
11484,-0.651136,-1.89104,-3.81475071947753e+69,-0.9094856694297,-0.111102085173069
11584,-0.618034,-1.90211,-4.34959551333258e+69,-0.919253778305473,-0.9999999999182
11584,-0.584743,-1.91261,-2.89893270272676e+69,-0.909485669430035,0.111102085335111
11684,-0.551275,-1.92252,-1.62661317028461e+69,-0.915346582363772,-0.777752503801188
11684,-0.517638,-1.93185,-9.49157683222521e+68,-0.910462498171642,0.333308963364261
11784,-0.483844,-1.94059,-8.63715470874917e+68,-0.912416143749915,-0.555523964021929
11784,-0.449902,-1.94874,-1.64357863835385e+69,-0.912416143752077,0.555523964220183
11884,-0.415823,-1.9563,-1.75893565070996e+69,-0.910462498170266,-0.33330896316818
11884,-0.381618,-1.96325,-1.43345019484563e+69,-0.915346582366712,0.777752503993725
11984,-0.347296,-1.96962,-1.72226662058856e+69,-0.909485669429565,-0.111102085145729
12084,-0.312869,-1.97538,-2.16604969194184e+69,-0.919253778305011,-0.999999999895287
12084,-0.278346,-1.98054,-3.65564100731415e+69,-0.909485669430107,0.111102085358526
12184,-0.243739,-1.98509,-4.88284862635805e+69,-0.915346582363447,-0.777752503777644
12184,-0.209057,-1.98904,-5.04427772366889e+69,-0.910462498171781,0.333308963386432
12284,-0.174311,-1.99239,-5.67039604117743e+69,-0.912416143749663,-0.555523964001473
12284,-0.139513,-1.99513,-6.99232530354763e+69,-0.912416143752267,0.555523964238395
12384,-0.104672,-1.99726,-8.79645237296176e+69,-0.910462498170238,-0.333308963148834
12384,-0.069799,-1.99878,-1.09274871102861e+70,-0.915346582367131,0.777752504016471
12484,-0.0349048,-1.9997,-1.07444792140903e+70,-0.909485669429557,-0.111102085121833
12584,-4.35203e-16,-2,-1.00086558607576e+70,-0.919253778304537,-0.999999999870803
12584,0.0349048,-1.9997,-7.6532083606993e+69,-0.909485669430058,0.111102085378513
12684,0.069799,-1.99878,-5.64122639532773e+69,-0.915346582363139,-0.777752503762792
12684,0.104672,-1.99726,-4.9103545923335e+69,-0.9104624981717,0.333308963393593
12784,0.139513,-1.99513,-4.78171257994417e+69,-0.912416143749591,-0.555523964001403
12784,0.174311,-1.99239,-5.55000005145829e+69,-0.912416143752134,0.555523964232273
12884,0.209057,-1.98904,-5.70087804086522e+69,-0.91046249817019,-0.333308963161724
12884,0.243739,-1.98509,-5.44195517518815e+69,-0.915346582366752,0.777752503996427
12984,0.278346,-1.98054,-4.13204716399306e+69,-0.909485669429543,-0.111102085145531
13084,0.312869,-1.97538,-2.56036167753283e+69,-0.919253778305079,-0.999999999897294
13084,0.347296,-1.96962,-2.18260130339336e+69,-0.909485669429971,0.111102085349981
13184,0.381618,-1.96325,-2.05459567392669e+69,-0.915346582363621,-0.777752503792476
13184,0.415823,-1.9563,-2.96360720159293e+69,-0.910462498171561,0.33330896336634
13284,0.449902,-1.94874,-3.46304017471646e+69,-0.912416143749886,-0.555523964026324
13284,0.483844,-1.94059,-3.35876701821311e+69,-0.912416143751904,0.555523964209538
13384,0.517638,-1.93185,-2.75874831337212e+69,-0.910462498170363,-0.333308963182687
13384,0.551275,-1.92252,-1.82607469347723e+69,-0.915346582366464,0.777752503976962
13484,0.584743,-1.91261,-1.31269594280733e+69,-0.909485669429569,-0.111102085165906
13584,0.618034,-1.90211,-8.98784565242294e+68,-0.919253778305519,-0.999999999919186
13584,0.651136,-1.89104,-2.65474356426561e+68,-0.909485669429928,0.111102085328226
13684,0.68404,-1.87939,6.11388084200521e+68,-0.915346582363942,-0.777752503814258
13684,0.716736,-1.86716,2.4562683610311e+69,-0.910462498171394,0.333308963343945
13784,0.749213,-1.85437,4.2626977166435e+69,-0.912416143750121,-0.555523964050058
13784,0.781462,-1.84101,6.01388006107621e+69,-0.91241614375158,0.555523964183364
13884,0.813473,-1.82709,6.93992086755936e+69,-0.91046249817049,-0.333308963212306
13884,0.845237,-1.81262,7.31755299471607e+69,-0.915346582365913,0.777752503943214
13984,0.876742,-1.79759,7.42278106074839e+69,-0.909485669429626,-0.1111020852007
14084,0.907981,-1.78201,7.45946944679291e+69,-0.919253778306215,-0.999999999954254
14084,0.938943,-1.7659,7.86278124339863e+69,-0.909485669429858,0.111102085292581
14184,0.969619,-1.74924,8.15604500968333e+69,-0.915346582364524,-0.777752503850263
14184,1,-1.73205,8.05148137749145e+69,-0.910462498171194,0.333308963308465
14284,1.03008,-1.71433,7.56386525073542e+69,-0.91241614375052,-0.55552396408445
14284,1.05984,-1.6961,6.5134805254454e+69,-0.912416143751235,0.55552396415093
14384,1.08928,-1.67734,5.07226434375435e+69,-0.910462498170724,-0.333308963242461
14384,1.11839,-1.65808,3.3631057047164e+69,-0.915346582365498,0.777752503915531
14484,1.14715,-1.6383,1.85102051348823e+69,-0.909485669429676,-0.111102085228531
14584,1.17557,-1.61803,3.74412706679004e+68,-0.919253778306762,-0.999999999982903
14584,1.20363,-1.59727,7.28117070879288e+68,-0.909485669429825,0.1111020852655
14684,1.23132,-1.57602,1.23552908492973e+69,-0.91534658236492,-0.777752503876537
14684,1.25864,-1.55429,2.38442492149828e+69,-0.910462498170955,0.333308963280004
14784,1.28558,-1.53209,3.32046692924523e+69,-0.912416143750819,-0.555523964114867
14784,1.31212,-1.50942,3.93466660344451e+69,-0.912416143750872,0.555523964118932
14884,1.33826,-1.48629,4.18365005894675e+69,-0.910462498170903,-0.333308963276861
14884,1.364,-1.46271,4.19403930661032e+69,-0.915346582364901,0.777752503878194
14984,1.38932,-1.43868,2.75014382571972e+69,-0.909485669429939,-0.111102085257194
14984,1.41421,-1.41421,9.4846749467016e+68,-0.919253778307102,0.999999999999985
5850,1.43868,-1.38932,-1.11405808513132e+69,0.909485669429985,-0.111102085260202
5849,1.46271,-1.364,-3.04818594950879e+69,0.915346582364833,0.777752503871339
5849,1.48629,-1.33826,-4.46408911412726e+69,0.910462498171102,-0.333308963290407
5848,1.50942,-1.31212,-5.61928115686036e+69,0.91241614375073,0.555523964099018
5848,1.53209,-1.28558,-6.38207269670266e+69,0.912416143751186,-0.555523964140576
5847,1.55429,-1.25864,-6.3565994931168e+69,0.91046249817085,0.333308963247604
5847,1.57602,-1.23132,-5.8037764764312e+69,0.91534658236556,-0.777752503916265
5846,1.59727,-1.20363,-5.0625930636166e+69,0.909485669429786,0.111102085221649
5845,1.61803,-1.17557,-4.272704936897e+69,0.919253778306525,0.999999999969829
5845,1.6383,-1.14715,-4.20521082811434e+69,0.909485669429914,-0.11110208528211
5844,1.65808,-1.11839,-4.26252093406127e+69,0.915346582364627,0.777752503855747
5844,1.67734,-1.08928,-4.77661040524343e+69,0.910462498171258,-0.333308963307527
5843,1.6961,-1.05984,-5.26673911702919e+69,0.912416143750537,0.555523964080912
5843,1.71433,-1.03008,-5.70435492642029e+69,0.912416143751378,-0.555523964158821
5842,1.73205,-1,-5.68273287034582e+69,0.910462498170701,0.333308963230334
5842,1.74924,-0.969619,-5.36394677855762e+69,0.915346582365767,-0.777752503931841
5841,1.7659,-0.938943,-4.56786031624656e+69,0.909485669429766,0.111102085205045
5840,1.78201,-0.907981,-3.67125663866183e+69,0.919253778306158,0.99999999995149
5840,1.79759,-0.876742,-3.47690887319327e+69,0.909485669429983,-0.111102085301555
5839,1.81262,-0.845237,-3.30232735334157e+69,0.915346582364319,0.777752503835052
5839,1.82709,-0.813473,-3.12396407452777e+69,0.910462498171384,-0.333308963330046
5838,1.84101,-0.781462,-3.28362239646934e+69,0.912416143750258,0.555523964056995
5838,1.85437,-0.749213,-3.93640946947159e+69,0.91241614375167,-0.555523964183538
5837,1.86716,-0.716736,-4.15748329271534e+69,0.91046249817059,0.333308963203332
5837,1.87939,-0.68404,-4.08830043008452e+69,0.915346582366259,-0.777752503962114
5836,1.89104,-0.651136,-2.50254516464058e+69,0.909485669429712,0.11110208517308
5835,1.90211,-0.618034,-5.17712840878695e+68,0.919253778305505,0.999999999918216
5835,1.91261,-0.584743,1.11802262102975e+69,0.909485669430072,-0.111102085335106
5834,1.92252,-0.551275,2.52231623913003e+69,0.915346582363824,0.777752503801191
5834,1.93185,-0.517638,2.9149961997538e+69,0.910462498171638,-0.333308963364257
5833,1.94059,-0.483844,2.67816852419582e+69,0.912416143749874,0.555523964021932
5833,1.94874,-0.449902,1.49147716161224e+69,0.91241614375206,-0.555523964220175
5832,1.9563,-0.415823,3.45370582901745e+68,0.910462498170272,0.333308963168192
5832,1.96325,-0.381618,-7.75802863253637e+68,0.915346582366721,-0.777752503993719
5831,1.96962,-0.347296,-1.31841188147886e+69,0.909485669429573,0.111102085145735
5830,1.97538,-0.312869,-1.71547586422024e+69,0.919253778305019,0.999999999895301
5830,1.98054,-0.278346,-1.13136543282726e+69,0.909485669430095,-0.11110208535852
5829,1.98509,-0.243739,-2.2354148553445e+68,0.915346582363408,0.777752503777643
5829,1.98904,-0.209057,1.94840810125198e+69,0.910462498171767,-0.333308963386425
5828,1.99239,-0.174311,4.35952098985689e+69,0.91241614374965,0.555523964001481
5828,1.99513,-0.139513,7.11662962981033e+69,0.912416143752221,-0.555523964238393
5827,1.99726,-0.104672,8.89779889998721e+69,0.910462498170182,0.333308963148836
5827,1.99878,-0.069799,1.00368822567757e+70,0.915346582367075,-0.777752504016468
5826,1.9997,-0.0349048,9.46578621353079e+69,0.909485669429527,0.111102085121839
