origElemNum,globCoord-x,globCoord-y,acouIntensity-x,acouIntensity-y,locCoord-xi,locCoord-eta
5825,2,-2.20442e-18,-185661.361265569,-93522.4713538013,0.919253778304535,0.999999999870795
5825,1.9997,0.0349048,-178037.757422459,-92801.4910331221,0.909485669430051,-0.11110208537854
5824,1.99878,0.069799,-170493.024562831,-92002.1103418587,0.915346582363134,0.7777525037628
5824,1.99726,0.104672,-162826.793753985,-90804.9332522296,0.910462498171695,-0.333308963393583
5823,1.99513,0.139513,-155153.870886602,-90310.4510251601,0.912416143749585,0.555523964001403
5823,1.99239,0.174311,-147535.436551184,-88721.9089060682,0.912416143752112,-0.555523964232293
5822,1.98904,0.209057,-139295.692359205,-91659.3312512329,0.910462498170195,0.33330896316169
5822,1.98509,0.243739,-131454.475861514,-89859.2885046867,0.915346582366752,-0.777752503996411
5821,1.98054,0.278346,-122726.061780209,-93785.5609624859,0.909485669429537,0.111102085145532
5820,1.97538,0.312869,-113788.337189943,-98717.2080134632,0.91925377830504,0.999999999897275
5820,1.96962,0.347296,-106221.797586307,-96032.8697632185,0.909485669429959,-0.111102085350008
5819,1.96325,0.381618,-96839.719058791,-103700.835022179,0.915346582363608,0.777752503792493
5819,1.9563,0.415823,-89393.409686129,-100529.342829995,0.910462498171543,-0.333308963366333
5818,1.94874,0.449902,-79745.4772441518,-107873.526925466,0.912416143749872,0.555523964026318
5818,1.94059,0.483844,-72684.9391695748,-104095.795238057,0.912416143751876,-0.555523964209557
5817,1.93185,0.517638,-62882.6973969715,-112645.421320036,0.910462498170338,0.333308963182653
5817,1.92252,0.551275,-56592.2541218663,-108938.773641611,0.915346582366455,-0.777752503976955
5816,1.91261,0.584743,-45578.601663783,-120537.845341611,0.909485669429567,0.111102085165898
5815,1.90211,0.618034,-34251.3361001427,-131988.223080282,0.919253778305533,0.999999999919169
5815,1.89104,0.651136,-28542.5760701826,-126816.281129902,0.909485669429933,-0.111102085328256
5814,1.87939,0.68404,-17324.1500601286,-138269.385081426,0.915346582363941,0.777752503814277
5814,1.86716,0.716736,-12809.2031868432,-133365.322085969,0.910462498171402,-0.333308963343933
5813,1.85437,0.749213,-1815.10757751245,-145333.749718234,0.912416143750119,0.555523964050056
5813,1.84101,0.781462,1710.43872981442,-138937.255650916,0.912416143751575,-0.555523964183394
5812,1.82709,0.813473,12333.4158939066,-150312.317664206,0.910462498170486,0.333308963212263
5812,1.81262,0.845237,15139.5214782837,-144669.631096195,0.915346582365915,-0.777752503943209
5811,1.79759,0.876742,26555.8895034509,-158157.270492382,0.909485669429635,0.111102085200681
5810,1.78201,0.907981,38676.8369090714,-172120.723096707,0.919253778306195,0.999999999954235
5810,1.7659,0.938943,39496.622702484,-165208.442790803,0.909485669429844,-0.111102085292603
5809,1.74924,0.969619,50452.6066756077,-177697.964892699,0.915346582364538,0.777752503850291
5809,1.73205,1,49642.8611032306,-171188.15639486,0.910462498171199,-0.333308963308445
5808,1.71433,1.03008,58614.8498071416,-181714.758280969,0.912416143750526,0.555523964084446
5808,1.6961,1.05984,56042.0355759952,-173271.05388005,0.912416143751246,-0.555523964150953
5807,1.67734,1.08928,63108.8024513011,-181278.587488182,0.910462498170725,0.333308963242434
5807,1.65808,1.11839,59751.1880735666,-173627.992667025,0.915346582365508,-0.777752503915519
5806,1.6383,1.14715,66530.0101662066,-182203.202218334,0.909485669429676,0.11110208522853
5805,1.61803,1.17557,73238.9103165181,-189847.507412141,0.919253778306765,0.999999999982884
5805,1.59727,1.20363,67641.3003513992,-182217.784873213,0.909485669429817,-0.111102085265541
5804,1.57602,1.23132,71837.4313711402,-187180.015311592,0.9153465823649,0.777752503876539
5804,1.55429,1.25864,64372.0527593605,-177619.494692584,0.910462498170939,-0.333308963279996
5803,1.53209,1.28558,64696.674711116,-177111.198494644,0.912416143750815,0.555523964114853
5803,1.50942,1.31212,55822.3466597125,-164923.843810809,0.91241614375085,-0.555523964118972
5802,1.48629,1.33826,54476.3326298377,-161704.483802152,0.910462498170897,0.333308963276791
5802,1.46271,1.364,46286.9001977569,-150561.486744963,0.915346582364929,-0.77775250387822
5801,1.43868,1.38932,44344.5850060759,-146410.675775015,0.909485669429954,0.111102085257182
5801,1.41421,1.41421,36782.1902817263,-135386.290687523,0.919253778307104,-0.999999999999994
850,1.38932,1.43868,32581.0895353916,-126292.736090964,0.909485669429991,-0.111102085260227
849,1.364,1.46271,26299.9651404836,-112553.839322092,0.915346582364834,0.777752503871359
849,1.33826,1.48629,17819.3323793719,-91667.9356502797,0.910462498171096,-0.333308963290402
848,1.31212,1.50942,10545.3019243988,-68338.4453883523,0.912416143750729,0.555523964099008
848,1.28558,1.53209,5179.56881411797,-42803.6394306701,0.912416143751184,-0.555523964140596
847,1.25864,1.55429,1303.9911144118,-16730.8150983622,0.910462498170846,0.333308963247574
847,1.23132,1.57602,-518.530174299891,8733.01191511829,0.915346582365554,-0.777752503916259
846,1.20363,1.59727,-874.497665997756,34288.4445866385,0.90948566942978,0.111102085221654
845,1.17557,1.61803,264.291017334927,58897.6522112013,0.919253778306528,0.999999999969813
845,1.14715,1.6383,72.0674077839115,85813.8752659273,0.909485669429915,-0.111102085282135
844,1.11839,1.65808,1805.96492852532,110853.077658173,0.915346582364625,0.777752503855763
844,1.08928,1.67734,2025.30337230555,136434.045817161,0.910462498171253,-0.333308963307521
843,1.05984,1.6961,3686.51687244977,159613.839752626,0.912416143750542,0.555523964080906
843,1.03008,1.71433,4220.70933627618,181519.646719026,0.912416143751377,-0.555523964158847
842,1,1.73205,6144.57185435368,203925.6522833,0.910462498170698,0.333308963230309
842,0.969619,1.74924,7111.42173117754,227854.08693944,0.915346582365766,-0.777752503931825
841,0.938943,1.7659,10265.9082855002,252903.933789521,0.909485669429764,0.111102085205048
840,0.907981,1.78201,14585.7856214358,278165.574629577,0.919253778306164,0.99999999995148
840,0.876742,1.79759,16068.3202329593,300626.126822548,0.909485669429979,-0.11110208530158
839,0.845237,1.81262,20510.3295688389,320869.578815003,0.91534658236432,0.777752503835068
839,0.813473,1.82709,21881.8852902016,338606.389219654,0.91046249817139,-0.33330896333004
838,0.781462,1.84101,26853.2206037546,355879.980632579,0.912416143750255,0.555523964056983
838,0.749213,1.85437,28523.1098545913,376119.392371714,0.912416143751674,-0.555523964183563
837,0.716736,1.86716,34405.5537741646,395797.450166922,0.910462498170584,0.333308963203304
837,0.68404,1.87939,36410.6273454432,417796.151637675,0.915346582366261,-0.777752503962098
836,0.651136,1.89104,42215.6452558,432924.111162387,0.909485669429719,0.111102085173086
835,0.618034,1.90211,46761.0299272236,447343.40198604,0.919253778305509,0.999999999918205
835,0.584743,1.91261,48150.1006893994,462400.943252112,0.909485669430073,-0.111102085335132
834,0.551275,1.92252,53111.6828089021,475870.828564956,0.915346582363819,0.777752503801204
834,0.517638,1.93185,54227.084137698,487891.40699689,0.910462498171637,-0.333308963364254
833,0.483844,1.94059,59688.9461590624,498377.705936423,0.912416143749877,0.55552396402192
833,0.449902,1.94874,60754.7142901462,509280.974673366,0.91241614375206,-0.555523964220202
832,0.415823,1.9563,63203.0661526855,517587.591022037,0.910462498170279,0.333308963168166
832,0.381618,1.96325,63850.2541411125,524814.334245771,0.915346582366717,-0.777752503993703
831,0.347296,1.96962,66504.3641451774,529564.302456581,0.909485669429573,0.111102085145737
830,0.312869,1.97538,69287.2127697807,533935.504168032,0.919253778305012,0.99999999989529
830,0.278346,1.98054,70350.0981940748,542264.545462137,0.909485669430091,-0.111102085358547
829,0.243739,1.98509,71832.1742417723,549190.931394951,0.915346582363415,0.77775250377766
829,0.209057,1.98904,72125.0402532261,550710.131418254,0.910462498171767,-0.333308963386422
828,0.174311,1.99239,73639.0103817881,551154.863484795,0.912416143749651,0.55552396400147
828,0.139513,1.99513,73759.4986062015,550237.858519334,0.912416143752224,-0.555523964238419
827,0.104672,1.99726,76225.935138858,550247.176289652,0.910462498170184,0.33330896314881
827,0.069799,1.99878,76763.6854251307,551113.575437194,0.915346582367074,-0.777752504016452
826,0.0349048,1.9997,78966.9878623806,546475.688439736,0.909485669429527,0.111102085121841
825,1.27747e-16,2,81028.4837906722,540732.503464454,0.919253778304535,0.999999999870799
825,-0.0349048,1.9997,80818.0783028837,533714.461914035,0.909485669430051,-0.111102085378537
824,-0.069799,1.99878,83919.9020064877,527220.762082862,0.915346582363134,0.777752503762801
824,-0.104672,1.99726,84042.6189105728,521694.178802785,0.910462498171695,-0.333308963393583
823,-0.139513,1.99513,87852.8142939959,514699.213767684,0.912416143749585,0.555523964001401
823,-0.174311,1.99239,87253.6632069775,504862.91122671,0.912416143752112,-0.555523964232297
822,-0.209057,1.98904,90197.8868212454,495040.439431252,0.910462498170195,0.333308963161685
822,-0.243739,1.98509,89490.9682888516,484720.189615973,0.915346582366744,-0.777752503996403
821,-0.278346,1.98054,94104.6478423644,476220.580134831,0.909485669429538,0.111102085145537
820,-0.312869,1.97538,99548.9352111513,468402.622811891,0.919253778305041,0.999999999897278
820,-0.347296,1.96962,98329.2833257526,457009.76182317,0.90948566942996,-0.111102085350006
819,-0.381618,1.96325,102619.992009317,446635.621695234,0.915346582363608,0.777752503792493
819,-0.415823,1.9563,100978.135282388,434441.221058446,0.910462498171543,-0.333308963366333
818,-0.449902,1.94874,106884.471479777,423714.02521894,0.912416143749872,0.555523964026316
818,-0.483844,1.94059,104849.24191067,410792.6059248,0.912416143751875,-0.555523964209561
817,-0.517638,1.93185,110272.069181381,397802.917446937,0.910462498170336,0.333308963182646
817,-0.551275,1.92252,106787.783226018,381307.280193053,0.915346582366457,-0.777752503976948
816,-0.584743,1.91261,110129.617312829,365529.893576269,0.909485669429562,0.111102085165907
815,-0.618034,1.90211,114336.507118462,350194.837765943,0.919253778305526,0.999999999919175
815,-0.651136,1.89104,108670.759990296,328543.543449208,0.909485669429935,-0.111102085328253
814,-0.68404,1.87939,111009.732793413,309594.007337446,0.915346582363941,0.777752503814277
814,-0.716736,1.86716,103469.021791964,285315.196954431,0.910462498171402,-0.333308963343933
813,-0.749213,1.85437,103716.105941956,265788.225158937,0.912416143750117,0.555523964050053
813,-0.781462,1.84101,97030.3550843691,245806.239063902,0.912416143751584,-0.555523964183396
812,-0.813473,1.82709,97853.6553589489,229533.73183078,0.910462498170484,0.33330896321226
812,-0.845237,1.81262,90716.384927764,210240.43228951,0.91534658236591,-0.7777525039432
811,-0.876742,1.79759,89558.8927972258,191948.168445255,0.909485669429639,0.111102085200672
810,-0.907981,1.78201,86540.6658523437,172897.413367031,0.919253778306197,0.999999999954239
810,-0.938943,1.7659,76083.6887998271,149931.514357844,0.909485669429848,-0.111102085292613
809,-0.969619,1.74924,69722.2863779909,129290.044965291,0.915346582364533,0.777752503850298
809,-1,1.73205,57279.6446576583,104308.044450263,0.910462498171205,-0.333308963308436
808,-1.03008,1.71433,47073.3079206416,80612.4205001051,0.912416143750522,0.55552396408444
808,-1.05984,1.6961,32431.592437737,54146.1215767167,0.912416143751243,-0.555523964150944
807,-1.08928,1.67734,19334.3647912027,30229.4803459877,0.910462498170733,0.33330896324243
807,-1.11839,1.65808,4286.4867836688,6505.10233649309,0.915346582365511,-0.777752503915504
806,-1.14715,1.6383,-9359.6375945321,-13348.02545821,0.909485669429678,0.11110208522852
805,-1.17557,1.61803,-24097.6781962443,-32569.6231768833,0.91925377830677,0.999999999982889
805,-1.20363,1.59727,-38778.5686256172,-50384.3624941849,0.909485669429819,-0.111102085265551
804,-1.23132,1.57602,-57012.4935241255,-70115.9503315258,0.915346582364893,0.777752503876544
804,-1.25864,1.55429,-78844.9043126801,-92343.7962581973,0.910462498170937,-0.333308963279986
803,-1.28558,1.53209,-106426.825379409,-117470.969869804,0.912416143750809,0.555523964114847
803,-1.31212,1.50942,-135900.085338553,-141816.765259918,0.912416143750849,-0.555523964118962
802,-1.33826,1.48629,-169846.33637752,-166829.183655835,0.910462498170897,0.333308963276791
802,-1.364,1.46271,-202819.795436317,-187721.686778364,0.915346582364928,-0.77775250387821
801,-1.38932,1.43868,-237863.600428891,-207018.431795388,0.909485669429954,0.111102085257172
801,-1.41421,1.41421,-272647.803752348,-222885.975092994,0.919253778307104,-0.999999999999994
15850,-1.43868,1.38932,-310940.074716888,-237888.780284698,0.909485669429991,-0.111102085260237
15849,-1.46271,1.364,-349933.425612293,-249707.184339213,0.915346582364828,0.777752503871364
15849,-1.48629,1.33826,-395879.513952713,-264172.718479254,0.910462498171103,-0.333308963290387
15848,-1.50942,1.31212,-439014.446299068,-271919.409085074,0.912416143750729,0.555523964099008
15848,-1.53209,1.28558,-488051.023196005,-283452.898703296,0.912416143751185,-0.555523964140586
15847,-1.55429,1.25864,-529446.943927069,-283548.930501028,0.910462498170851,0.333308963247569
15847,-1.57602,1.23132,-579584.596313012,-291616.070430107,0.915346582365555,-0.777752503916249
15846,-1.59727,1.20363,-620842.384523565,-284231.956483033,0.909485669429784,0.111102085221639
15845,-1.61803,1.17557,-661754.546885279,-270901.932527639,0.919253778306531,0.999999999969823
15845,-1.6383,1.14715,-718262.960507581,-275761.421296691,0.909485669429917,-0.111102085282151
15844,-1.65808,1.11839,-760445.689918223,-256496.010989384,0.915346582364627,0.777752503855772
15844,-1.67734,1.08928,-814986.204650204,-257848.131705695,0.910462498171251,-0.333308963307506
15843,-1.6961,1.05984,-854292.879032468,-235784.759084647,0.912416143750542,0.555523964080906
15843,-1.71433,1.03008,-905618.693279218,-236277.017442911,0.912416143751375,-0.555523964158831
15842,-1.73205,1,-939829.62675703,-213488.755374059,0.910462498170697,0.333308963230296
15842,-1.74924,0.969619,-985508.134479491,-213428.033858029,0.915346582365764,-0.777752503931822
15841,-1.7659,0.938943,-1011638.0469369,-185661.704717692,0.909485669429762,0.111102085205035
15840,-1.78201,0.907981,-1037624.79333287,-155985.917414204,0.919253778306162,0.999999999951483
15840,-1.79759,0.876742,-1081141.48348295,-154369.278209273,0.909485669429984,-0.111102085301589
15839,-1.81262,0.845237,-1114102.94271101,-125201.209928927,0.915346582364318,0.777752503835071
15839,-1.82709,0.813473,-1165514.49250996,-122743.387734345,0.910462498171391,-0.333308963330024
15838,-1.84101,0.781462,-1206433.97825924,-88515.8448006979,0.912416143750253,0.555523964056986
15838,-1.85437,0.749213,-1264615.47152197,-84445.1416707075,0.912416143751674,-0.555523964183544
15837,-1.86716,0.716736,-1309694.42000041,-46194.0841754029,0.910462498170589,0.333308963203294
15837,-1.87939,0.68404,-1368735.83766888,-40978.4137081433,0.915346582366259,-0.777752503962095
15836,-1.89104,0.651136,-1406485.54442884,-4682.7326965789,0.909485669429715,0.111102085173074
15835,-1.90211,0.618034,-1444508.67828713,29346.2524875552,0.919253778305508,0.999999999918209
15835,-1.91261,0.584743,-1476653.81043273,33558.4299033629,0.909485669430068,-0.111102085335144
15834,-1.92252,0.551275,-1499784.61510342,62985.3869630497,0.915346582363818,0.777752503801208
15834,-1.93185,0.517638,-1521512.10002715,65664.9945734556,0.910462498171639,-0.333308963364235
15833,-1.94059,0.483844,-1537305.35791884,88446.0032134567,0.912416143749876,0.555523964021923
15833,-1.94874,0.449902,-1557008.33768135,90773.0151839008,0.912416143752063,-0.555523964220183
15832,-1.9563,0.415823,-1581418.23814152,112178.524074259,0.910462498170272,0.333308963168156
15832,-1.96325,0.381618,-1616042.99415423,116289.294429189,0.915346582366716,-0.7777525039937
15831,-1.96962,0.347296,-1653626.36609693,144778.764327979,0.909485669429575,0.111102085145728
15830,-1.97538,0.312869,-1695147.95854964,171236.569518737,0.91925377830502,0.999999999895294
15830,-1.98054,0.278346,-1716995.43208399,173927.891374694,0.909485669430092,-0.111102085358556
15829,-1.98509,0.243739,-1732597.55387862,176729.152701654,0.915346582363415,0.777752503777664
15829,-1.98904,0.209057,-1721614.7953624,175633.326056951,0.910462498171765,-0.333308963386404
15828,-1.99239,0.174311,-1710358.94516375,168415.915667663,0.912416143749651,0.555523964001473
15828,-1.99513,0.139513,-1697256.77437773,167074.980427053,0.912416143752222,-0.5555239642384
15827,-1.99726,0.104672,-1692073.33923081,172057.092155676,0.910462498170184,0.3333089631488
15827,-1.99878,0.069799,-1692828.87813521,171790.361075506,0.915346582367074,-0.777752504016448
15826,-1.9997,0.0349048,-1672414.2586262,165832.735785066,0.909485669429527,0.111102085121831
15825,-2,2.46315e-16,-1646528.79165383,133684.532300921,0.919253778304535,0.999999999870803
15825,-1.9997,-0.0349048,-1572413.08089741,128255.162720371,0.909485669430051,-0.111102085378547
15824,-1.99878,-0.069799,-1497625.25933573,91558.0886311117,0.915346582363134,0.777752503762804
15824,-1.99726,-0.104672,-1424508.45246631,87947.5911568649,0.910462498171696,-0.333308963393566
15823,-1.99513,-0.139513,-1357248.71810915,60349.4697632248,0.912416143749586,0.555523964001405
15823,-1.99239,-0.174311,-1302173.32288101,58241.6600606132,0.912416143752114,-0.555523964232279
15822,-1.98904,-0.209057,-1234385.29929804,25878.856751499,0.910462498170195,0.333308963161688
15822,-1.98509,-0.243739,-1163130.81029985,24813.4375645275,0.915346582366744,-0.7777525039964
15821,-1.98054,-0.278346,-1090149.95976521,-3894.58929202874,0.909485669429545,0.111102085145526
15820,-1.97538,-0.312869,-1019130.76059329,-18566.778228381,0.919253778305042,0.999999999897283
15820,-1.96962,-0.347296,-977175.927147582,-17874.8183035786,0.909485669429957,-0.111102085350017
15819,-1.96325,-0.381618,-931607.543879224,-30495.3176534301,0.915346582363609,0.777752503792499
15819,-1.9563,-0.415823,-884489.744726358,-29099.3632833066,0.910462498171549,-0.333308963366345
15818,-1.94874,-0.449902,-831691.788643724,-41856.0906812512,0.912416143749872,0.555523964026319
15818,-1.94059,-0.483844,-778772.173534146,-39027.0416483643,0.91241614375188,-0.555523964209544
15817,-1.93185,-0.517638,-725636.026737418,-44373.126402404,0.910462498170337,0.33330896318265
15817,-1.92252,-0.551275,-675915.913170244,-41277.5448861872,0.915346582366458,-0.777752503976945
15816,-1.91261,-0.584743,-611579.086641731,-45520.3371074235,0.909485669429567,0.111102085165898
15815,-1.90211,-0.618034,-543894.147594999,-50057.7325151892,0.919253778305528,0.999999999919178
15815,-1.89104,-0.651136,-486469.776104009,-44414.7711067904,0.90948566942994,-0.111102085328262
15814,-1.87939,-0.68404,-430154.351203684,-43120.3102801354,0.915346582363942,0.77775250381428
15814,-1.86716,-0.716736,-384830.453868398,-38447.6473080823,0.910462498171397,-0.333308963343943
15813,-1.85437,-0.749213,-337220.002738139,-35671.1732668162,0.912416143750119,0.555523964050056
15813,-1.84101,-0.781462,-288160.750058617,-30448.7790598912,0.912416143751582,-0.555523964183381
15812,-1.82709,-0.813473,-244876.585134282,-26832.2469511605,0.910462498170486,0.333308963212263
15812,-1.81262,-0.845237,-206081.418035356,-22694.8584439306,0.915346582365912,-0.777752503943197
15811,-1.79759,-0.876742,-164693.004514503,-18363.8288433822,0.909485669429641,0.111102085200675
15810,-1.78201,-0.907981,-122492.530907025,-14349.5595472999,0.919253778306197,0.999999999954239
15810,-1.7659,-0.938943,-74555.9909270622,-8793.22267797987,0.90948566942985,-0.11110208529261
15809,-1.74924,-0.969619,-25817.4201904191,-3230.60009541454,0.915346582364535,0.777752503850301
15809,-1.73205,-1,25731.9589354166,3256.23431889276,0.9104624981712,-0.333308963308458
15808,-1.71433,-1.03008,81707.2529406266,11185.9560930993,0.912416143750526,0.555523964084446
15808,-1.6961,-1.05984,145029.7715994,20084.3035150903,0.912416143751243,-0.555523964150944
15807,-1.67734,-1.08928,204386.534655525,30409.2137948701,0.910462498170725,0.333308963242434
15807,-1.65808,-1.11839,262631.86130003,39801.7915325046,0.915346582365503,-0.7777525039155
15806,-1.6383,-1.14715,313722.34149571,49895.0146316079,0.90948566942967,0.111102085228524
15805,-1.61803,-1.17557,364619.356599821,58694.6235959933,0.919253778306763,0.999999999982893
15805,-1.59727,-1.20363,396762.876603627,65602.4744965655,0.909485669429812,-0.111102085265547
15804,-1.57602,-1.23132,431807.022466998,68612.6369423365,0.915346582364898,0.777752503876549
15804,-1.55429,-1.25864,461067.335929123,75942.9514732784,0.910462498170935,-0.333308963280012
15803,-1.53209,-1.28558,497794.585934186,77515.3319592302,0.912416143750815,0.555523964114853
15803,-1.50942,-1.31212,532155.048811894,86622.3964247073,0.912416143750855,-0.555523964118957
15802,-1.48629,-1.33826,574506.424513005,88055.3992995406,0.910462498170897,0.333308963276791
15802,-1.46271,-1.364,609749.039821779,99061.9664407315,0.915346582364928,-0.77775250387821
15801,-1.43868,-1.38932,655627.231460731,102650.378177063,0.909485669429954,0.111102085257172
15801,-1.41421,-1.41421,694094.671540667,116512.4207438,0.919253778307098,-0.999999999999989
10084,-1.38932,-1.43868,726973.130514546,140684.513973762,-0.909485669429983,0.111102085260242
10184,-1.364,-1.46271,740130.237648617,184110.411597225,-0.915346582364814,-0.777752503871363
10184,-1.33826,-1.48629,780759.401928676,200512.979481292,-0.910462498171062,0.333308963290425
10284,-1.31212,-1.50942,765553.893338893,268739.957895076,-0.912416143750702,-0.555523964098991
10284,-1.28558,-1.53209,808938.311437527,288234.615412871,-0.912416143751175,0.55552396414059
10384,-1.25864,-1.55429,686197.207393822,419862.557307767,-0.910462498170858,-0.333308963247603
10384,-1.23132,-1.57602,694333.869147165,426113.477823277,-0.915346582365569,0.777752503916277
10484,-1.20363,-1.59727,244078.72018124,763027.696440379,-0.909485669429755,-0.111102085221656
10584,-1.17557,-1.61803,-101797.231856605,996711.522292135,-0.919253778306467,-0.999999999969833
10584,-1.14715,-1.6383,-116705.648150657,1027185.09151374,-0.909485669429891,0.111102085282108
10684,-1.11839,-1.65808,-110249.82005133,1044341.44157887,-0.915346582364624,-0.777752503855743
10684,-1.08928,-1.67734,-127675.543970256,1085680.89200048,-0.910462498171255,0.333308963307532
10784,-1.05984,-1.6961,-116708.713349953,1107153.16919868,-0.912416143750544,-0.555523964080908
10784,-1.03008,-1.71433,-135170.048659235,1145324.46467757,-0.912416143751393,0.555523964158839
10884,-1,-1.73205,-119478.467154883,1157089.52447899,-0.910462498170715,-0.333308963230315
10884,-0.969619,-1.74924,-136577.499351452,1183844.74027128,-0.915346582365772,0.777752503931858
10984,-0.938943,-1.7659,-118487.842962931,1175450.2249356,-0.909485669429763,-0.111102085205032
11084,-0.907981,-1.78201,-104627.133662061,1166456.07988996,-0.919253778306154,-0.99999999995149
11084,-0.876742,-1.79759,-117244.001900481,1167908.92013962,-0.909485669429981,0.111102085301552
11184,-0.845237,-1.81262,-99494.7078580562,1155184.27913985,-0.915346582364332,-0.777752503835052
11184,-0.813473,-1.82709,-111538.16136788,1157130.27335983,-0.910462498171421,0.333308963330044
11284,-0.781462,-1.84101,-90588.4519333325,1140593.05164405,-0.912416143750289,-0.555523964056998
11284,-0.749213,-1.85437,-102047.995435472,1132015.79874725,-0.912416143751684,0.555523964183542
11384,-0.716736,-1.86716,-79477.2414130118,1109294.59988089,-0.910462498170579,-0.333308963203316
11384,-0.68404,-1.87939,-90723.5936278692,1099467.77232429,-0.915346582366256,0.777752503962127
11484,-0.651136,-1.89104,-67864.9696541902,1075495.08666325,-0.9094856694297,-0.111102085173069
11584,-0.618034,-1.90211,-51128.552084399,1054150.38072238,-0.919253778305473,-0.9999999999182
11584,-0.584743,-1.91261,-60445.4224059154,1026888.95065614,-0.909485669430035,0.111102085335111
11684,-0.551275,-1.92252,-46666.6916891702,992966.95728671,-0.915346582363772,-0.777752503801188
11684,-0.517638,-1.93185,-53321.8583854861,963870.294994673,-0.910462498171642,0.333308963364261
11784,-0.483844,-1.94059,-43534.9062783471,926004.415723356,-0.912416143749915,-0.555523964021929
11784,-0.449902,-1.94874,-51192.6563347086,885577.079797599,-0.912416143752077,0.555523964220183
11884,-0.415823,-1.9563,-29798.4119504642,861404.489695777,-0.910462498170266,-0.33330896316818
11884,-0.381618,-1.96325,-27583.650423514,856470.428085934,-0.915346582366712,0.777752503993725
11984,-0.347296,-1.96962,-52866.1778971469,918594.504946413,-0.909485669429565,-0.111102085145729
12084,-0.312869,-1.97538,-171041.308583498,1009043.54720225,-0.919253778305011,-0.999999999895287
12084,-0.278346,-1.98054,-165515.28129728,1041783.76199169,-0.909485669430107,0.111102085358526
12184,-0.243739,-1.98509,-246847.370962784,1076538.25096974,-0.915346582363447,-0.777752503777644
12184,-0.209057,-1.98904,-249280.589641738,1064210.20135964,-0.910462498171781,0.333308963386432
12284,-0.174311,-1.99239,-270505.262478492,1054264.1103073,-0.912416143749663,-0.555523964001473
12284,-0.139513,-1.99513,-272360.39318671,1043149.77647423,-0.912416143752267,0.555523964238395
12384,-0.104672,-1.99726,-294948.243475448,1024788.64027005,-0.910462498170238,-0.333308963148834
12384,-0.069799,-1.99878,-293500.704214496,999682.175197771,-0.915346582367131,0.777752504016471
12484,-0.0349048,-1.9997,-312332.290168541,976119.420537481,-0.909485669429557,-0.111102085121833
12584,-4.35203e-16,-2,-331097.379302616,952738.88512976,-0.919253778304537,-0.999999999870803
12584,0.0349048,-1.9997,-325345.124604576,922232.193825497,-0.909485669430058,0.111102085378513
12684,0.069799,-1.99878,-340605.779414112,890618.927495228,-0.915346582363139,-0.777752503762792
12684,0.104672,-1.99726,-331223.028188206,854770.591815451,-0.9104624981717,0.333308963393593
12784,0.139513,-1.99513,-340052.813744045,820538.524611957,-0.912416143749591,-0.555523964001403
12784,0.174311,-1.99239,-332138.172662173,790773.831346757,-0.912416143752134,0.555523964232273
12884,0.209057,-1.98904,-336224.037496218,754671.115625224,-0.91046249817019,-0.333308963161724
12884,0.243739,-1.98509,-322117.039348757,717260.276308452,-0.915346582366752,0.777752503996427
12984,0.278346,-1.98054,-322969.116893205,669291.081493539,-0.909485669429543,-0.111102085145531
13084,0.312869,-1.97538,-320980.840058328,619726.010688883,-0.919253778305079,-0.999999999897294
13084,0.347296,-1.96962,-301440.341572862,578049.455356169,-0.909485669429971,0.111102085349981
13184,0.381618,-1.96325,-294528.146791097,535561.526015442,-0.915346582363621,-0.777752503792476
13184,0.415823,-1.9563,-275399.859708758,498085.309879697,-0.910462498171561,0.33330896336634
13284,0.449902,-1.94874,-265868.76933747,456269.570721063,-0.912416143749886,-0.555523964026324
13284,0.483844,-1.94059,-241451.406709369,413719.189693555,-0.912416143751904,0.555523964209538
13384,0.517638,-1.93185,-228331.356595017,368860.103658883,-0.910462498170363,-0.333308963182687
13384,0.551275,-1.92252,-203850.066828445,327878.466948381,-0.915346582366464,0.777752503976962
13484,0.584743,-1.91261,-190159.980437127,296723.773312268,-0.909485669429569,-0.111102085165906
13584,0.618034,-1.90211,-172582.888922465,270761.15240839,-0.919253778305519,-0.999999999919186
13584,0.651136,-1.89104,-159724.596254295,249616.738534216,-0.909485669429928,0.111102085328226
13684,0.68404,-1.87939,-143317.4630531,227179.140114147,-0.915346582363942,-0.777752503814258
13684,0.716736,-1.86716,-122272.16553784,193764.016374173,-0.910462498171394,0.333308963343945
13784,0.749213,-1.85437,-99151.0386452151,159537.423115643,-0.912416143750121,-0.555523964050058
13784,0.781462,-1.84101,-76273.1461464242,122609.832815602,-0.91241614375158,0.555523964183364
13884,0.813473,-1.82709,-56762.8857525186,93998.0296794132,-0.91046249817049,-0.333308963212306
13884,0.845237,-1.81262,-42384.0339485073,70024.422162546,-0.915346582365913,0.777752503943214
13984,0.876742,-1.79759,-30073.8281996096,52657.4214256574,-0.909485669429626,-0.1111020852007
14084,0.907981,-1.78201,-19575.4057654179,36820.515408841,-0.919253778306215,-0.999999999954254
14084,0.938943,-1.7659,-9945.8674282169,18709.8035924815,-0.909485669429858,0.111102085292581
14184,0.969619,-1.74924,-78.9874750559014,161.082265982341,-0.915346582364524,-0.777752503850263
14184,1,-1.73205,10838.8904334148,-22130.7542445461,-0.910462498171194,0.333308963308465
14284,1.03008,-1.71433,19663.3615998322,-44814.9415114618,-0.91241614375052,-0.55552396408445
14284,1.05984,-1.6961,29004.3376216343,-66288.8942535746,-0.912416143751235,0.55552396415093
14384,1.08928,-1.67734,33315.88383207,-88446.6056625688,-0.910462498170724,-0.333308963242461
14384,1.11839,-1.65808,40078.7598770688,-107120.974889853,-0.915346582365498,0.777752503915531
14484,1.14715,-1.6383,38989.7845716204,-126822.743989809,-0.909485669429676,-0.111102085228531
14584,1.17557,-1.61803,35644.0993424988,-146823.077476071,-0.919253778306762,-0.999999999982903
14584,1.20363,-1.59727,36345.9510181743,-155039.95893712,-0.909485669429825,0.1111020852655
14684,1.23132,-1.57602,28118.7951994144,-168901.849171451,-0.91534658236492,-0.777752503876537
14684,1.25864,-1.55429,26921.3095166195,-173617.71131,-0.910462498170955,0.333308963280004
14784,1.28558,-1.53209,15773.2746281953,-187257.689325688,-0.912416143750819,-0.555523964114867
14784,1.31212,-1.50942,13639.8854382246,-194506.815269503,-0.912416143750872,0.555523964118932
14884,1.33826,-1.48629,-105.40424566959,-213923.529619969,-0.910462498170903,-0.333308963276861
14884,1.364,-1.46271,-4355.22023317236,-225625.977754865,-0.915346582364901,0.777752503878194
14984,1.38932,-1.43868,-22393.5203611646,-245280.688581418,-0.909485669429939,-0.111102085257194
14984,1.41421,-1.41421,-30629.9277507471,-253286.897500743,-0.919253778307102,0.999999999999985
5850,1.43868,-1.38932,-52874.0285391046,-262263.656543264,0.909485669429985,-0.111102085260202
5849,1.46271,-1.364,-74131.7498039924,-267846.395703665,0.915346582364833,0.777752503871339
5849,1.48629,-1.33826,-89070.1949623458,-258526.359204646,0.910462498171102,-0.333308963290407
5848,1.50942,-1.31212,-110110.684873318,-254868.14683171,0.91241614375073,0.555523964099018
5848,1.53209,-1.28558,-128061.976760001,-245819.195118133,0.912416143751186,-0.555523964140576
5847,1.55429,-1.25864,-146511.178134531,-238195.011011622,0.91046249817085,0.333308963247604
5847,1.57602,-1.23132,-165900.067748954,-231583.488211966,0.91534658236556,-0.777752503916265
5846,1.59727,-1.20363,-177470.593329555,-218768.372260348,0.909485669429786,0.111102085221649
5845,1.61803,-1.17557,-185332.957264744,-200610.264547886,0.919253778306525,0.999999999969829
5845,1.6383,-1.14715,-197989.344283966,-196686.825214685,0.909485669429914,-0.11110208528211
5844,1.65808,-1.11839,-200676.128160201,-178801.808680094,0.915346582364627,0.777752503855747
5844,1.67734,-1.08928,-211537.590173035,-178121.273010249,0.910462498171258,-0.333308963307527
5843,1.6961,-1.05984,-213136.004200933,-164272.987861987,0.912416143750537,0.555523964080912
5843,1.71433,-1.03008,-223435.305045571,-166781.924397046,0.912416143751378,-0.555523964158821
5842,1.73205,-1,-224159.030894719,-155411.68001409,0.910462498170701,0.333308963230334
5842,1.74924,-0.969619,-232979.2641409,-159207.980805946,0.915346582365767,-0.777752503931841
5841,1.7659,-0.938943,-232309.158078175,-148064.085915049,0.909485669429766,0.111102085205045
5840,1.78201,-0.907981,-232387.180650245,-137472.241705103,0.919253778306158,0.99999999995149
5840,1.79759,-0.876742,-239565.633402683,-142444.242328337,0.909485669429983,-0.111102085301555
5839,1.81262,-0.845237,-240500.857825397,-134126.968092393,0.915346582364319,0.777752503835052
5839,1.82709,-0.813473,-247520.070258494,-139753.509854878,0.910462498171384,-0.333308963330046
5838,1.84101,-0.781462,-248080.378314328,-132203.446715304,0.912416143750258,0.555523964056995
5838,1.85437,-0.749213,-252814.183979269,-137033.437603446,0.91241614375167,-0.555523964183538
5837,1.86716,-0.716736,-251361.451829933,-128360.055284769,0.91046249817059,0.333308963203332
5837,1.87939,-0.68404,-254380.801114052,-132340.719440412,0.915346582366259,-0.777752503962114
5836,1.89104,-0.651136,-252309.978905228,-123436.572183765,0.909485669429712,0.11110208517308
5835,1.90211,-0.618034,-251170.676374144,-116356.978355466,0.919253778305505,0.999999999918216
5835,1.91261,-0.584743,-252545.427030836,-119874.131694706,0.909485669430072,-0.111102085335106
5834,1.92252,-0.551275,-250630.597354471,-112857.511061393,0.915346582363824,0.777752503801191
5834,1.93185,-0.517638,-250842.576984809,-116040.864628877,0.910462498171638,-0.333308963364257
5833,1.94059,-0.483844,-247904.759340234,-108622.186419311,0.912416143749874,0.555523964021932
5833,1.94874,-0.449902,-246959.784895693,-111317.637541236,0.91241614375206,-0.555523964220175
5832,1.9563,-0.415823,-244076.289787046,-105016.718741049,0.910462498170272,0.333308963168192
5832,1.96325,-0.381618,-243267.462470269,-108045.610343808,0.915346582366721,-0.777752503993719
5831,1.96962,-0.347296,-239963.893433082,-102997.59919609,0.909485669429573,0.111102085145735
5830,1.97538,-0.312869,-236822.49801114,-99289.9326754056,0.919253778305019,0.999999999895301
5830,1.98054,-0.278346,-233249.857477739,-101261.07549572,0.909485669430095,-0.11110208535852
5829,1.98509,-0.243739,-228819.988501521,-97587.2998050978,0.915346582363408,0.777752503777643
5829,1.98904,-0.209057,-224548.26603893,-99330.5302146301,0.910462498171767,-0.333308963386425
5828,1.99239,-0.174311,-219309.452323091,-97737.7770955727,0.91241614374965,0.555523964001481
5828,1.99513,-0.139513,-213396.714190963,-98988.3776766185,0.912416143752221,-0.555523964238393
5827,1.99726,-0.104672,-206753.977811966,-97475.6922025553,0.910462498170182,0.333308963148836
5827,1.99878,-0.069799,-199929.889358468,-98065.8554498096,0.915346582367075,-0.777752504016468
5826,1.9997,-0.0349048,-192728.769718571,-94770.4155461575,0.909485669429527,0.111102085121839
