origElemNum,globCoord-x,globCoord-y,acouIntensity-x,acouIntensity-y,locCoord-xi,locCoord-eta
5825,2,-2.20442e-18,715711453.250325,7793561618.48518,0.919253778304535,0.999999999870795
5825,1.9997,0.0349048,517438230.869884,7780110013.17136,0.909485669430051,-0.11110208537854
5824,1.99878,0.069799,207956059.674255,10187251238.8998,0.915346582363134,0.7777525037628
5824,1.99726,0.104672,-169810509.528859,10156784967.8587,0.910462498171695,-0.333308963393583
5823,1.99513,0.139513,-744239940.571119,12280318254.7135,0.912416143749585,0.555523964001403
5823,1.99239,0.174311,-1259715934.6195,12112450076.8582,0.912416143752112,-0.555523964232293
5822,1.98904,0.209057,-2009795120.05514,13949359191.6665,0.910462498170195,0.33330896316169
5822,1.98509,0.243739,-2572971011.10959,13627869641.0829,0.915346582366752,-0.777752503996411
5821,1.98054,0.278346,-3401589813.28626,15161207490.61,0.909485669429537,0.111102085145532
5820,1.97538,0.312869,-4235655952.15211,16378939187.4196,0.91925377830504,0.999999999897275
5820,1.96962,0.347296,-4823567128.80618,16030477704.8109,0.909485669429959,-0.111102085350008
5819,1.96325,0.381618,-5638397711.59335,16982327221.4308,0.915346582363608,0.777752503792493
5819,1.9563,0.415823,-6131968362.2101,16494415517.6089,0.910462498171543,-0.333308963366333
5818,1.94874,0.449902,-6843393968.19787,17077813468.4932,0.912416143749872,0.555523964026318
5818,1.94059,0.483844,-7307769394.33199,16636661277.072,0.912416143751876,-0.555523964209557
5817,1.93185,0.517638,-7935691748.44437,16903659070.2536,0.910462498170338,0.333308963182653
5817,1.92252,0.551275,-8399147204.61217,16567270993.8113,0.915346582366455,-0.777752503976955
5816,1.91261,0.584743,-8919210019.91318,16540210518.9556,0.909485669429567,0.111102085165898
5815,1.90211,0.618034,-9368067091.33754,16291640087.8369,0.919253778305533,0.999999999919169
5815,1.89104,0.651136,-9753193625.56506,15939973133.2739,0.909485669429933,-0.111102085328256
5814,1.87939,0.68404,-10118226662.3831,15603855276.394,0.915346582363941,0.777752503814277
5814,1.86716,0.716736,-10400544343.2283,15323471601.2729,0.910462498171402,-0.333308963343933
5813,1.85437,0.749213,-10640020653.0608,15015171785.4878,0.912416143750119,0.555523964050056
5813,1.84101,0.781462,-10882234335.5599,14834615756.688,0.912416143751575,-0.555523964183394
5812,1.82709,0.813473,-11021251048.8589,14340856944.2264,0.910462498170486,0.333308963212263
5812,1.81262,0.845237,-11379839453.9835,14282465800.4794,0.915346582365915,-0.777752503943209
5811,1.79759,0.876742,-11360798260.4339,13538716671.4871,0.909485669429635,0.111102085200681
5810,1.78201,0.907981,-11362577116.9094,12886760826.8029,0.919253778306195,0.999999999954235
5810,1.7659,0.938943,-11588929503.2414,12701762095.1173,0.909485669429844,-0.111102085292603
5809,1.74924,0.969619,-11557426577.0889,11975808032.1661,0.915346582364538,0.777752503850291
5809,1.73205,1,-11976724506.4818,11851417562.5313,0.910462498171199,-0.333308963308445
5808,1.71433,1.03008,-11983931683.4921,11020082926.9686,0.912416143750526,0.555523964084446
5808,1.6961,1.05984,-12408525078.6243,10897430344.2841,0.912416143751246,-0.555523964150953
5807,1.67734,1.08928,-12251031424.039,10012121894.2437,0.910462498170725,0.333308963242434
5807,1.65808,1.11839,-12480573016.5525,9836276263.12271,0.915346582365508,-0.777752503915519
5806,1.6383,1.14715,-12139332843.3185,8959875429.83692,0.909485669429676,0.11110208522853
5805,1.61803,1.17557,-11856817533.5943,8226129060.23094,0.919253778306765,0.999999999982884
5805,1.59727,1.20363,-11860475617.3839,7813925995.26872,0.909485669429817,-0.111102085265541
5804,1.57602,1.23132,-11575568504.5424,7020740461.87815,0.9153465823649,0.777752503876539
5804,1.55429,1.25864,-11535784454.3906,6514154496.24947,0.910462498170939,-0.333308963279996
5803,1.53209,1.28558,-11238619997.1948,5705938200.19591,0.912416143750815,0.555523964114853
5803,1.50942,1.31212,-11147908817.3268,5162844238.17162,0.91241614375085,-0.555523964118972
5802,1.48629,1.33826,-10834459233.8686,4339759253.2686,0.910462498170897,0.333308963276791
5802,1.46271,1.364,-10853360358.2785,3877479319.98212,0.915346582364929,-0.77775250387822
5801,1.43868,1.38932,-10411724008.0693,3057996792.41277,0.909485669429954,0.111102085257182
5801,1.41421,1.41421,-10285542021.2539,2633404961.70781,0.919253778307104,-0.999999999999994
850,1.38932,1.43868,-9585794047.12168,2021954233.58148,0.909485669429991,-0.111102085260227
849,1.364,1.46271,-8968181868.85486,1613258141.39383,0.915346582364834,0.777752503871359
849,1.33826,1.48629,-8042821799.25711,1195203885.34137,0.910462498171096,-0.333308963290402
848,1.31212,1.50942,-7051194560.7435,814763232.539761,0.912416143750729,0.555523964099008
848,1.28558,1.53209,-5983749421.95675,485408202.566948,0.912416143751184,-0.555523964140596
847,1.25864,1.55429,-4775090493.90943,140333883.154546,0.910462498170846,0.333308963247574
847,1.23132,1.57602,-3633544574.30345,-27413622.9133864,0.915346582365554,-0.777752503916259
846,1.20363,1.59727,-2439158899.75192,-155209914.160599,0.90948566942978,0.111102085221654
845,1.17557,1.61803,-1289794634.56022,-130577362.365855,0.919253778306528,0.999999999969813
845,1.14715,1.6383,-114711980.168188,-16180247.2249724,0.909485669429915,-0.111102085282135
844,1.11839,1.65808,1148444060.01119,188553590.061613,0.915346582364625,0.777752503855763
844,1.08928,1.67734,2550570772.61631,506363223.924516,0.910462498171253,-0.333308963307521
843,1.05984,1.6961,4039772843.34931,869581806.3488,0.912416143750542,0.555523964080906
843,1.03008,1.71433,5476920519.56932,1333150048.42127,0.912416143751377,-0.555523964158847
842,1,1.73205,6921166083.41226,1802958625.24419,0.910462498170698,0.333308963230309
842,0.969619,1.74924,8249747604.60024,2366872920.92888,0.915346582365766,-0.777752503931825
841,0.938943,1.7659,9693190923.79193,2936229924.70521,0.909485669429764,0.111102085205048
840,0.907981,1.78201,11140185766.6543,3580492766.93651,0.919253778306164,0.99999999995148
840,0.876742,1.79759,12310000841.1424,4238323973.72297,0.909485669429979,-0.11110208530158
839,0.845237,1.81262,13398849403.0152,4953594000.78321,0.91534658236432,0.777752503835068
839,0.813473,1.82709,14380761231.9606,5608144410.90747,0.91046249817139,-0.33330896333004
838,0.781462,1.84101,14939771757.2599,6510224446.34202,0.912416143750255,0.555523964056983
838,0.749213,1.85437,16040153216.0245,7250953546.73754,0.912416143751674,-0.555523964183563
837,0.716736,1.86716,16388261941.6962,8302088045.75334,0.910462498170584,0.333308963203304
837,0.68404,1.87939,17436257876.8594,9097234418.99399,0.915346582366261,-0.777752503962098
836,0.651136,1.89104,17586108115.2271,10174901716.261,0.909485669429719,0.111102085173086
835,0.618034,1.90211,17279012454.7242,11393418063.8104,0.919253778305509,0.999999999918205
835,0.584743,1.91261,17718327852.1911,11889521870.1721,0.909485669430073,-0.111102085335132
834,0.551275,1.92252,16319474083.3153,12855497161.9175,0.915346582363819,0.777752503801204
834,0.517638,1.93185,16407514046.1325,13053742076.906,0.910462498171637,-0.333308963364254
833,0.483844,1.94059,14358452727.9803,13844476828.9995,0.912416143749877,0.55552396402192
833,0.449902,1.94874,14601644572.7259,14104387593.2171,0.91241614375206,-0.555523964220202
832,0.415823,1.9563,12271365047.8661,14931170357.318,0.910462498170279,0.333308963168166
832,0.381618,1.96325,12525598123.2378,15177151312.1494,0.915346582366717,-0.777752503993703
831,0.347296,1.96962,9639181725.03044,15777312182.1131,0.909485669429573,0.111102085145737
830,0.312869,1.97538,6406570191.55938,16286239258.8606,0.919253778305012,0.99999999989529
830,0.278346,1.98054,6394184058.7297,16049994560.048,0.909485669430091,-0.111102085358547
829,0.243739,1.98509,3115595836.28222,16214615641.9078,0.915346582363415,0.77775250377766
829,0.209057,1.98904,3092771722.81016,15877981373.1416,0.910462498171767,-0.333308963386422
828,0.174311,1.99239,-72031767.5603558,15747507169.0494,0.912416143749651,0.55552396400147
828,0.139513,1.99513,-121431162.256905,15187042891.6819,0.912416143752224,-0.555523964238419
827,0.104672,1.99726,-3223683791.06179,14679917620.4529,0.910462498170184,0.33330896314881
827,0.069799,1.99878,-3252587512.45611,13895799883.6134,0.915346582367074,-0.777752504016452
826,0.0349048,1.9997,-6176340403.8994,13187309034.9185,0.909485669429527,0.111102085121841
825,1.27747e-16,2,-8889735317.08444,12375961403.1457,0.919253778304535,0.999999999870799
825,-0.0349048,1.9997,-8974192999.28433,11506972133.2789,0.909485669430051,-0.111102085378537
824,-0.069799,1.99878,-11713724022.4619,10505357910.9349,0.915346582363134,0.777752503762801
824,-0.104672,1.99726,-11666597437.8216,9471471775.85818,0.910462498171695,-0.333308963393583
823,-0.139513,1.99513,-14363618125.075,8248243873.46332,0.912416143749585,0.555523964001401
823,-0.174311,1.99239,-14369906140.3205,7158945523.25058,0.912416143752112,-0.555523964232297
822,-0.209057,1.98904,-16902539886.3898,5801657427.10905,0.910462498170195,0.333308963161685
822,-0.243739,1.98509,-17173557318.3243,4593026469.87296,0.915346582366744,-0.777752503996403
821,-0.278346,1.98054,-19106974384.2638,3048586294.88414,0.909485669429538,0.111102085145537
820,-0.312869,1.97538,-20678081953.4498,1442373763.31989,0.919253778305041,0.999999999897278
820,-0.347296,1.96962,-20284037564.489,93325614.1677925,0.90948566942996,-0.111102085350006
819,-0.381618,1.96325,-21056119559.0328,-1462253012.17671,0.915346582363608,0.777752503792493
819,-0.415823,1.9563,-20604300885.049,-2780160539.91692,0.910462498171543,-0.333308963366333
818,-0.449902,1.94874,-20760902519.3037,-4210374043.06153,0.912416143749872,0.555523964026316
818,-0.483844,1.94059,-20320345672.8291,-5486948183.67605,0.912416143751875,-0.555523964209561
817,-0.517638,1.93185,-19779866985.3867,-6659098358.60413,0.910462498170336,0.333308963182646
817,-0.551275,1.92252,-19118874036.1742,-7720176214.53537,0.915346582366457,-0.777752503976948
816,-0.584743,1.91261,-18076049007.4306,-8516347290.08368,0.909485669429562,0.111102085165907
815,-0.618034,1.90211,-17029244965.1053,-9220252161.2163,0.919253778305526,0.999999999919175
815,-0.651136,1.89104,-16181849644.808,-9707399218.90038,0.909485669429935,-0.111102085328253
814,-0.68404,1.87939,-15224129262.5726,-10051608660.6623,0.915346582363941,0.777752503814277
814,-0.716736,1.86716,-14234269595.2691,-10143093100.103,0.910462498171402,-0.333308963343933
813,-0.749213,1.85437,-13108821119.8856,-10097783286.1046,0.912416143750117,0.555523964050053
813,-0.781462,1.84101,-12129835974.4863,-10018410745.325,0.912416143751584,-0.555523964183396
812,-0.813473,1.82709,-10876469403.9185,-9737726427.3236,0.910462498170484,0.33330896321226
812,-0.845237,1.81262,-10035770722.3744,-9566761708.31206,0.91534658236591,-0.7777525039432
811,-0.876742,1.79759,-8868467574.24966,-9132970477.03461,0.909485669429639,0.111102085200672
810,-0.907981,1.78201,-7665629449.98328,-8606471160.1694,0.919253778306197,0.999999999954239
810,-0.938943,1.7659,-7051865980.2013,-8298289932.27801,0.909485669429848,-0.111102085292613
809,-0.969619,1.74924,-5885807838.69576,-7633397223.29233,0.915346582364533,0.777752503850298
809,-1,1.73205,-5324791277.76148,-7186996777.82731,0.910462498171205,-0.333308963308436
808,-1.03008,1.71433,-4287198068.70616,-6392090887.34503,0.912416143750522,0.55552396408444
808,-1.05984,1.6961,-3753420577.61014,-5808569902.15677,0.912416143751243,-0.555523964150944
807,-1.08928,1.67734,-2927718812.07838,-5013503981.28501,0.910462498170733,0.33330896324243
807,-1.11839,1.65808,-2463418636.84997,-4416965169.20574,0.915346582365511,-0.777752503915504
806,-1.14715,1.6383,-1842294854.57057,-3705974007.81048,0.909485669429678,0.11110208522852
805,-1.17557,1.61803,-1330655687.5452,-3026984221.34631,0.91925377830677,0.999999999982889
805,-1.20363,1.59727,-981457294.932692,-2430460298.38092,0.909485669429819,-0.111102085265551
804,-1.23132,1.57602,-598398738.311543,-1743979577.2007,0.915346582364893,0.777752503876544
804,-1.25864,1.55429,-328125925.707373,-1062898875.73709,0.910462498170937,-0.333308963279986
803,-1.28558,1.53209,-78871453.3367204,-310358172.166225,0.912416143750809,0.555523964114847
803,-1.31212,1.50942,110589424.666347,496741806.956632,0.912416143750849,-0.555523964118962
802,-1.33826,1.48629,249449581.81106,1396015206.7011,0.910462498170897,0.333308963276791
802,-1.364,1.46271,355452095.677746,2393899635.4001,0.915346582364928,-0.77775250387821
801,-1.38932,1.43868,407929485.575648,3568769233.64896,0.909485669429954,0.111102085257172
801,-1.41421,1.41421,411416479.988173,4846821818.61357,0.919253778307104,-0.999999999999994
15850,-1.43868,1.38932,372795281.209411,6417208869.23816,0.909485669429991,-0.111102085260237
15849,-1.46271,1.364,326287552.581074,8198442725.02718,0.915346582364828,0.777752503871364
15849,-1.48629,1.33826,60592030.2123501,10155223886.8484,0.910462498171103,-0.333308963290387
15848,-1.50942,1.31212,-84684598.0363114,12669044846.4239,0.912416143750729,0.555523964099008
15848,-1.53209,1.28558,-703348493.206038,15233582685.2167,0.912416143751185,-0.555523964140586
15847,-1.55429,1.25864,-1025805505.47041,18952079305.1923,0.910462498170851,0.333308963247569
15847,-1.57602,1.23132,-2222354889.52135,22396997849.9834,0.915346582365555,-0.777752503916249
15846,-1.59727,1.20363,-2869713598.80694,27704697214.0249,0.909485669429784,0.111102085221639
15845,-1.61803,1.17557,-3628777220.16102,33816446840.0253,0.919253778306531,0.999999999969823
15845,-1.6383,1.14715,-5940259863.49667,38882193886.1808,0.909485669429917,-0.111102085282151
15844,-1.65808,1.11839,-7381605944.35775,46014378752.162,0.915346582364627,0.777752503855772
15844,-1.67734,1.08928,-10284231331.4842,51585545552.7877,0.910462498171251,-0.333308963307506
15843,-1.6961,1.05984,-12306730229.3486,58901058444.9122,0.912416143750542,0.555523964080906
15843,-1.71433,1.03008,-15551298239.3735,64295338852.6139,0.912416143751375,-0.555523964158831
15842,-1.73205,1,-17812739294.7139,70496030843.4207,0.910462498170697,0.333308963230296
15842,-1.74924,0.969619,-20903641117.7339,74725190168.7946,0.915346582365764,-0.777752503931822
15841,-1.7659,0.938943,-23108742811.681,78149506866.7779,0.909485669429762,0.111102085205035
15840,-1.78201,0.907981,-26234299944.7189,79230696305.2924,0.919253778306162,0.999999999951483
15840,-1.79759,0.876742,-27706438917.2038,80769092675.7849,0.909485669429984,-0.111102085301589
15839,-1.81262,0.845237,-30559017235.1847,79181249527.9355,0.915346582364318,0.777752503835071
15839,-1.82709,0.813473,-31777303969.6813,80376163970.3805,0.910462498171391,-0.333308963330024
15838,-1.84101,0.781462,-34419941266.3861,78766598455.8356,0.912416143750253,0.555523964056986
15838,-1.85437,0.749213,-36078609614.5843,80222617353.2053,0.912416143751674,-0.555523964183544
15837,-1.86716,0.716736,-39062489462.1952,79596283020.199,0.910462498170589,0.333308963203294
15837,-1.87939,0.68404,-41374140302.7195,81548899519.744,0.915346582366259,-0.777752503962095
15836,-1.89104,0.651136,-45130557949.7676,81205817239.5049,0.909485669429715,0.111102085173074
15835,-1.90211,0.618034,-49031656259.2274,80707129248.4502,0.919253778305508,0.999999999918209
15835,-1.91261,0.584743,-52754924425.9705,83482153475.3498,0.909485669430068,-0.111102085335144
15834,-1.92252,0.551275,-57352225529.3864,83747807103.5294,0.915346582363818,0.777752503801208
15834,-1.93185,0.517638,-61567016998.4325,86498922101.1177,0.910462498171639,-0.333308963364235
15833,-1.94059,0.483844,-66196086233.2112,85411935991.2582,0.912416143749876,0.555523964021923
15833,-1.94874,0.449902,-69228759865.9093,86771210001.7978,0.912416143752063,-0.555523964220183
15832,-1.9563,0.415823,-71858342218.2662,79689668401.2262,0.910462498170272,0.333308963168156
15832,-1.96325,0.381618,-71556784557.5768,78534133981.5871,0.915346582366716,-0.7777525039937
15831,-1.96962,0.347296,-70625653911.924,65086186963.4288,0.909485669429575,0.111102085145728
15830,-1.97538,0.312869,-68753507469.0324,50543906740.6319,0.91925377830502,0.999999999895294
15830,-1.98054,0.278346,-64095577534.7807,47972646199.9968,0.909485669430092,-0.111102085358556
15829,-1.98509,0.243739,-61008154760.0935,35612618635.8404,0.915346582363415,0.777752503777664
15829,-1.98904,0.209057,-57781106551.235,34188533598.9691,0.910462498171765,-0.333308963386404
15828,-1.99239,0.174311,-55873435033.7831,24736639438.7086,0.912416143749651,0.555523964001473
15828,-1.99513,0.139513,-53961633347.8829,23975810234.0418,0.912416143752222,-0.5555239642384
15827,-1.99726,0.104672,-52310275441.6196,16231494184.938,0.910462498170184,0.3333089631488
15827,-1.99878,0.069799,-50065165799.9831,15552681203.3131,0.915346582367074,-0.777752504016448
15826,-1.9997,0.0349048,-47162071589.9677,8626454012.95469,0.909485669429527,0.111102085121831
15825,-2,2.46315e-16,-43827499387.4596,1637827656.09898,0.919253778304535,0.999999999870803
15825,-1.9997,-0.0349048,-39559425489.3437,1529444705.59295,0.909485669430051,-0.111102085378547
15824,-1.99878,-0.069799,-34763086895.1496,-5266285956.23732,0.915346582363134,0.777752503762804
15824,-1.99726,-0.104672,-28908944007.5537,-4501702617.4408,0.910462498171696,-0.333308963393566
15823,-1.99513,-0.139513,-21856334435.2537,-9827714653.84221,0.912416143749586,0.555523964001405
15823,-1.99239,-0.174311,-14364295719.3108,-6889308189.2261,0.912416143752114,-0.555523964232279
15822,-1.98904,-0.209057,-6766501248.57286,-6764324781.75718,0.910462498170195,0.333308963161688
15822,-1.98509,-0.243739,-521266726.613653,-581543803.304589,0.915346582366744,-0.7777525039964
15821,-1.98054,-0.278346,3532563512.56842,7106758134.13655,0.909485669429545,0.111102085145526
15820,-1.97538,-0.312869,5764078767.161,18545510062.0035,0.919253778305042,0.999999999897283
15820,-1.96962,-0.347296,6811181187.94884,25075675043.891,0.909485669429957,-0.111102085350017
15819,-1.96325,-0.381618,6473967306.6266,35390360752.5205,0.915346582363609,0.777752503792499
15819,-1.9563,-0.415823,6192383468.57173,40605649858.5385,0.910462498171549,-0.333308963366345
15818,-1.94874,-0.449902,4774532252.52221,48307006909.3054,0.912416143749872,0.555523964026319
15818,-1.94059,-0.483844,3709417009.36952,51725012841.3932,0.91241614375188,-0.555523964209544
15817,-1.93185,-0.517638,2039562809.86026,55539935426.271,0.910462498170337,0.33330896318265
15817,-1.92252,-0.551275,711170394.871321,56867528826.4567,0.915346582366458,-0.777752503976945
15816,-1.91261,-0.584743,-834347850.63526,58314768324.2118,0.909485669429567,0.111102085165898
15815,-1.90211,-0.618034,-2387794414.04439,59445057159.8181,0.919253778305528,0.999999999919178
15815,-1.89104,-0.651136,-4580911596.60258,61645550206.103,0.90948566942994,-0.111102085328262
15814,-1.87939,-0.68404,-7338354165.32369,64570399074.5423,0.915346582363942,0.77775250381428
15814,-1.86716,-0.716736,-10910304508.7721,67723026054.4768,0.910462498171397,-0.333308963343943
15813,-1.85437,-0.749213,-14923471356.4643,70787148869.0138,0.912416143750119,0.555523964050056
15813,-1.84101,-0.781462,-18783208312.9133,72451791420.1486,0.912416143751582,-0.555523964183381
15812,-1.82709,-0.813473,-20852588093.2037,70279587949.4172,0.910462498170486,0.333308963212263
15812,-1.81262,-0.845237,-23219207529.3068,69321122476.0731,0.915346582365912,-0.777752503943197
15811,-1.79759,-0.876742,-23145453261.6262,63683096682.5495,0.909485669429641,0.111102085200675
15810,-1.78201,-0.907981,-22424871421.5843,57277308587.1147,0.919253778306197,0.999999999954239
15810,-1.7659,-0.938943,-23158694093.5783,55418778132.2752,0.90948566942985,-0.11110208529261
15809,-1.74924,-0.969619,-21367316798.4299,49266678060.1535,0.915346582364535,0.777752503850301
15809,-1.73205,-1,-22527261719.0469,49206382618.1313,0.9104624981712,-0.333308963308458
15808,-1.71433,-1.03008,-24919157064.7301,50494477340.0526,0.912416143750526,0.555523964084446
15808,-1.6961,-1.05984,-28833446458.4873,52845627698.8775,0.912416143751243,-0.555523964150944
15807,-1.67734,-1.08928,-34852010415.8435,58128085662.8767,0.910462498170725,0.333308963242434
15807,-1.65808,-1.11839,-38786273304.1784,59787936762.1155,0.915346582365503,-0.7777525039155
15806,-1.6383,-1.14715,-45861412136.957,65734166277.6833,0.90948566942967,0.111102085228524
15805,-1.61803,-1.17557,-53119446664.8329,71253077752.2674,0.919253778306763,0.999999999982893
15805,-1.59727,-1.20363,-55354544071.2633,70934567313.5307,0.909485669429812,-0.111102085265547
15804,-1.57602,-1.23132,-55689188208.2643,68516819941.6276,0.915346582364898,0.777752503876549
15804,-1.55429,-1.25864,-55447913520.6941,67065714287.2028,0.910462498170935,-0.333308963280012
15803,-1.53209,-1.28558,-51964706014.445,61546975995.4054,0.912416143750815,0.555523964114853
15803,-1.50942,-1.31212,-51151700489.1021,59059498815.9587,0.912416143750855,-0.555523964118957
15802,-1.48629,-1.33826,-43815283316.9155,49943263222.0154,0.910462498170897,0.333308963276791
15802,-1.46271,-1.364,-41471879296.9637,46988575152.8271,0.915346582364928,-0.77775250387821
15801,-1.43868,-1.38932,-36132242059.1461,41488628921.0623,0.909485669429954,0.111102085257172
15801,-1.41421,-1.41421,-34790307854.109,40378838437.2045,0.919253778307098,-0.999999999999989
10084,-1.38932,-1.43868,-32116977267.0907,37698883929.1126,-0.909485669429983,0.111102085260242
10184,-1.364,-1.46271,-29882556649.2622,35346495387.5897,-0.915346582364814,-0.777752503871363
10184,-1.33826,-1.48629,-30705573840.7226,34972468270.4679,-0.910462498171062,0.333308963290425
10284,-1.31212,-1.50942,-36064191739.6298,38774688143.165,-0.912416143750702,-0.555523964098991
10284,-1.28558,-1.53209,-35664886468.7814,37798820466.6773,-0.912416143751175,0.55552396414059
10384,-1.25864,-1.55429,-11788639804.6413,17888657766.2346,-0.910462498170858,-0.333308963247603
10384,-1.23132,-1.57602,-10373165337.7874,16759916722.7721,-0.915346582365569,0.777752503916277
10484,-1.20363,-1.59727,-5883151484.66475,12166300438.679,-0.909485669429755,-0.111102085221656
10584,-1.17557,-1.61803,-24522894336.501,24409036593.1603,-0.919253778306467,-0.999999999969833
10584,-1.14715,-1.6383,-29505438706.9989,24506766225.57,-0.909485669429891,0.111102085282108
10684,-1.11839,-1.65808,-30889396423.7292,21216605826.3777,-0.915346582364624,-0.777752503855743
10684,-1.08928,-1.67734,-35194557984.2147,19075815675.8705,-0.910462498171255,0.333308963307532
10784,-1.05984,-1.6961,-37566892703.3536,15472215844.0085,-0.912416143750544,-0.555523964080908
10784,-1.03008,-1.71433,-40392050765.5402,12404926421.2725,-0.912416143751393,0.555523964158839
10884,-1,-1.73205,-42146657632.8725,8735096303.50177,-0.910462498170715,-0.333308963230315
10884,-0.969619,-1.74924,-45288161651.893,5782022374.59075,-0.915346582365772,0.777752503931858
10984,-0.938943,-1.7659,-44391535466.4235,1648040276.3154,-0.909485669429763,-0.111102085205032
11084,-0.907981,-1.78201,-42539477317.7016,-2622064938.32417,-0.919253778306154,-0.99999999995149
11084,-0.876742,-1.79759,-44220006825.4654,-5331330178.43792,-0.909485669429981,0.111102085301552
11184,-0.845237,-1.81262,-38352459097.6151,-11707847217.8268,-0.915346582364332,-0.777752503835052
11184,-0.813473,-1.82709,-40673108697.1585,-14496258545.4423,-0.910462498171421,0.333308963330044
11284,-0.781462,-1.84101,-33108155283.9576,-22631651439.757,-0.912416143750289,-0.555523964056998
11284,-0.749213,-1.85437,-36379119388.8428,-27756517524.97,-0.912416143751684,0.555523964183542
11384,-0.716736,-1.86716,-25586569077.7853,-39284654242.5123,-0.910462498170579,-0.333308963203316
11384,-0.68404,-1.87939,-28607878042.0976,-46076765102.6591,-0.915346582366256,0.777752503962127
11484,-0.651136,-1.89104,-22058881356.8839,-53779295322.0881,-0.9094856694297,-0.111102085173069
11584,-0.618034,-1.90211,-19471598577.2514,-59138846445.7147,-0.919253778305473,-0.9999999999182
11584,-0.584743,-1.91261,-20418318014.2506,-62362818366.1027,-0.909485669430035,0.111102085335111
11684,-0.551275,-1.92252,-16232912443.6668,-66455019005.5941,-0.915346582363772,-0.777752503801188
11684,-0.517638,-1.93185,-16399371985.9316,-66964779391.3413,-0.910462498171642,0.333308963364261
11784,-0.483844,-1.94059,-12513508498.4202,-68944536900.1343,-0.912416143749915,-0.555523964021929
11784,-0.449902,-1.94874,-12918747086.283,-70476264166.256,-0.912416143752077,0.555523964220183
11884,-0.415823,-1.9563,-3531262450.12654,-74107281177.7687,-0.910462498170266,-0.33330896316818
11884,-0.381618,-1.96325,-3757426144.74958,-75586826220.0515,-0.915346582366712,0.777752503993725
11984,-0.347296,-1.96962,7102451866.87643,-76957232515.6947,-0.909485669429565,-0.111102085145729
12084,-0.312869,-1.97538,18557744513.854,-77556066070.7441,-0.919253778305011,-0.999999999895287
12084,-0.278346,-1.98054,19261147210.2791,-81259061760.0345,-0.909485669430107,0.111102085358526
12184,-0.243739,-1.98509,35660910500.9207,-87132523431.1563,-0.915346582363447,-0.777752503777644
12184,-0.209057,-1.98904,36772208773.3064,-91626876786.2912,-0.910462498171781,0.333308963386432
12284,-0.174311,-1.99239,48143416007.4485,-95809574906.7623,-0.912416143749663,-0.555523964001473
12284,-0.139513,-1.99513,48233824337.3142,-96878888640.2458,-0.912416143752267,0.555523964238395
12384,-0.104672,-1.99726,57790215794.4242,-100873143971.295,-0.910462498170238,-0.333308963148834
12384,-0.069799,-1.99878,58878779771.05,-105981579136.831,-0.915346582367131,0.777752504016471
12484,-0.0349048,-1.9997,76099717508.0129,-112177296549.771,-0.909485669429557,-0.111102085121833
12584,-4.35203e-16,-2,91018979261.3791,-118157742806.568,-0.919253778304537,-0.999999999870803
12584,0.0349048,-1.9997,91152638679.4713,-117958422904.309,-0.909485669430058,0.111102085378513
12684,0.069799,-1.99878,97373578582.2403,-117264023277.936,-0.915346582363139,-0.777752503762792
12684,0.104672,-1.99726,96446584236.3558,-115575186122.855,-0.9104624981717,0.333308963393593
12784,0.139513,-1.99513,101771625495.42,-113755570772.903,-0.912416143749591,-0.555523964001403
12784,0.174311,-1.99239,101122087775.941,-112692227114.474,-0.912416143752134,0.555523964232273
12884,0.209057,-1.98904,101862525523.413,-108442203792.015,-0.91046249817019,-0.333308963161724
12884,0.243739,-1.98509,98504531184.7792,-102673046457.097,-0.915346582366752,0.777752503996427
12984,0.278346,-1.98054,86374777028.5851,-93506672359.2166,-0.909485669429543,-0.111102085145531
13084,0.312869,-1.97538,69390716921.6153,-84693665481.1997,-0.919253778305079,-0.999999999897294
13084,0.347296,-1.96962,63010334681.6681,-74395880436.5071,-0.909485669429971,0.111102085349981
13184,0.381618,-1.96325,49967653046.8574,-66431570106.9351,-0.915346582363621,-0.777752503792476
13184,0.415823,-1.9563,45541783554.4211,-59046525624.3593,-0.910462498171561,0.33330896336634
13284,0.449902,-1.94874,38346077890.2316,-52972386851.0424,-0.912416143749886,-0.555523964026324
13284,0.483844,-1.94059,34782604285.1613,-46895260565.2225,-0.912416143751904,0.555523964209538
13384,0.517638,-1.93185,29876607051.5046,-41439307075.4056,-0.910462498170363,-0.333308963182687
13384,0.551275,-1.92252,26558853339.244,-35889094199.8662,-0.915346582366464,0.777752503976962
13484,0.584743,-1.91261,22930264070.2372,-31269867796.5469,-0.909485669429569,-0.111102085165906
13584,0.618034,-1.90211,20270549342.4706,-26781384745.7627,-0.919253778305519,-0.999999999919186
13584,0.651136,-1.89104,18042757548.4605,-23391044496.4042,-0.909485669429928,0.111102085328226
13684,0.68404,-1.87939,16263611624.5123,-20044439067.1041,-0.915346582363942,-0.777752503814258
13684,0.716736,-1.86716,14143718013.8538,-17058930012.0383,-0.910462498171394,0.333308963343945
13784,0.749213,-1.85437,11969004228.9454,-13961121348.0875,-0.912416143750121,-0.555523964050058
13784,0.781462,-1.84101,9507248701.81715,-10759878036.6538,-0.91241614375158,0.555523964183364
13884,0.813473,-1.82709,6863775522.99012,-7733565264.01606,-0.91046249817049,-0.333308963212306
13884,0.845237,-1.81262,4449238651.76056,-4842231489.27737,-0.915346582365913,0.777752503943214
13984,0.876742,-1.79759,2430935529.70827,-2605506615.11794,-0.909485669429626,-0.1111020852007
14084,0.907981,-1.78201,647151875.948308,-620471864.330132,-0.919253778306215,-0.999999999954254
14084,0.938943,-1.7659,-408626249.039118,389017772.993787,-0.909485669429858,0.111102085292581
14184,0.969619,-1.74924,-1489933860.65856,1164274484.0754,-0.915346582364524,-0.777752503850263
14184,1,-1.73205,-1906969316.67374,1498964008.61132,-0.910462498171194,0.333308963308465
14284,1.03008,-1.71433,-2565454041.20596,1578328529.12562,-0.91241614375052,-0.55552396408445
14284,1.05984,-1.6961,-2786314333.95111,1718671668.65559,-0.912416143751235,0.55552396415093
14384,1.08928,-1.67734,-3419506556.66657,1659722073.46388,-0.910462498170724,-0.333308963242461
14384,1.11839,-1.65808,-3790706437.52235,1803830202.97005,-0.915346582365498,0.777752503915531
14484,1.14715,-1.6383,-4873108209.41643,1881265896.57634,-0.909485669429676,-0.111102085228531
14584,1.17557,-1.61803,-5993679447.02141,1972695362.59607,-0.919253778306762,-0.999999999982903
14584,1.20363,-1.59727,-7193493551.77309,2177448870.85511,-0.909485669429825,0.1111020852655
14684,1.23132,-1.57602,-8388079368.04075,2221284677.74193,-0.91534658236492,-0.777752503876537
14684,1.25864,-1.55429,-9379151757.20525,2167796692.04553,-0.910462498170955,0.333308963280004
14784,1.28558,-1.53209,-10178300867.5185,2015889300.56366,-0.912416143750819,-0.555523964114867
14784,1.31212,-1.50942,-10816224607.629,1700159647.66649,-0.912416143750872,0.555523964118932
14884,1.33826,-1.48629,-11010230725.5228,1374178339.27355,-0.910462498170903,-0.333308963276861
14884,1.364,-1.46271,-11106584826.6955,863756820.998781,-0.915346582364901,0.777752503878194
14984,1.38932,-1.43868,-10894098011.0771,508344076.076793,-0.909485669429939,-0.111102085257194
14984,1.41421,-1.41421,-10740299908.6084,50175551.3480589,-0.919253778307102,0.999999999999985
5850,1.43868,-1.38932,-10412331770.0176,-334572802.186932,0.909485669429985,-0.111102085260202
5849,1.46271,-1.364,-10298084727.715,-963618514.373177,0.915346582364833,0.777752503871339
5849,1.48629,-1.33826,-9580366486.09193,-1079917519.85917,0.910462498171102,-0.333308963290407
5848,1.50942,-1.31212,-9328829670.48033,-1770161873.60088,0.91241614375073,0.555523964099018
5848,1.53209,-1.28558,-8301429418.98632,-1682374014.92948,0.912416143751186,-0.555523964140576
5847,1.55429,-1.25864,-7753800624.44705,-2234129534.15115,0.91046249817085,0.333308963247604
5847,1.57602,-1.23132,-6501432485.63809,-1941075100.86423,0.91534658236556,-0.777752503916265
5846,1.59727,-1.20363,-5724867215.57357,-2152130935.66773,0.909485669429786,0.111102085221649
5845,1.61803,-1.17557,-4794209630.83736,-2088301489.49256,0.919253778306525,0.999999999969829
5845,1.6383,-1.14715,-3830858313.60866,-1708878752.38538,0.909485669429914,-0.11110208528211
5844,1.65808,-1.11839,-3095950892.55114,-1524744825.10904,0.915346582364627,0.777752503855747
5844,1.67734,-1.08928,-2488140692.07042,-1267147272.76081,0.910462498171258,-0.333308963307527
5843,1.6961,-1.05984,-2065414614.89319,-1143217373.82845,0.912416143750537,0.555523964080912
5843,1.71433,-1.03008,-1754371731.69531,-1015901614.71818,0.912416143751378,-0.555523964158821
5842,1.73205,-1,-1636185434.07367,-1013203292.20424,0.910462498170701,0.333308963230334
5842,1.74924,-0.969619,-1625397459.35883,-1052015220.92372,0.915346582365767,-0.777752503931841
5841,1.7659,-0.938943,-1710489731.6934,-1157531579.97579,0.909485669429766,0.111102085205045
5840,1.78201,-0.907981,-1843093571.16622,-1289602323.31115,0.919253778306158,0.99999999995149
5840,1.79759,-0.876742,-2075300008.1128,-1511034917.70392,0.909485669429983,-0.111102085301555
5839,1.81262,-0.845237,-2335501897.28637,-1739487137.8121,0.915346582364319,0.777752503835052
5839,1.82709,-0.813473,-2692794662.73268,-2091910656.07843,0.910462498171384,-0.333308963330046
5838,1.84101,-0.781462,-3019623252.83224,-2396909791.64946,0.912416143750258,0.555523964056995
5838,1.85437,-0.749213,-3369400467.96814,-2810050498.98221,0.91241614375167,-0.555523964183538
5837,1.86716,-0.716736,-3662899386.40476,-3135123387.87333,0.91046249817059,0.333308963203332
5837,1.87939,-0.68404,-3998600624.09149,-3631899126.83002,0.915346582366259,-0.777752503962114
5836,1.89104,-0.651136,-4269382899.64747,-3999102788.41813,0.909485669429712,0.11110208517308
5835,1.90211,-0.618034,-4490975983.97079,-4308469018.36006,0.919253778305505,0.999999999918216
5835,1.91261,-0.584743,-4794789015.30586,-5026788728.89974,0.909485669430072,-0.111102085335106
5834,1.92252,-0.551275,-4876632392.19003,-5261478582.33331,0.915346582363824,0.777752503801191
5834,1.93185,-0.517638,-4990459941.99311,-6012830411.42609,0.910462498171638,-0.333308963364257
5833,1.94059,-0.483844,-4780373474.54511,-5917937447.81694,0.912416143749874,0.555523964021932
5833,1.94874,-0.449902,-4658807482.3421,-6606310324.67732,0.91241614375206,-0.555523964220175
5832,1.9563,-0.415823,-4168237882.59477,-6032989099.60663,0.910462498170272,0.333308963168192
5832,1.96325,-0.381618,-3856336234.11275,-6613867603.16299,0.915346582366721,-0.777752503993719
5831,1.96962,-0.347296,-3194739802.32426,-5601064337.24751,0.909485669429573,0.111102085145735
5830,1.97538,-0.312869,-2470480048.00416,-4257733841.33048,0.919253778305019,0.999999999895301
5830,1.98054,-0.278346,-2025635324.4641,-4523490787.50865,0.909485669430095,-0.11110208535852
5829,1.98509,-0.243739,-1275913124.70612,-2547140556.53937,0.915346582363408,0.777752503777643
5829,1.98904,-0.209057,-855440077.86137,-2682860974.85002,0.910462498171767,-0.333308963386425
5828,1.99239,-0.174311,-228839456.731091,-263218324.804076,0.91241614374965,0.555523964001481
5828,1.99513,-0.139513,88109039.6936015,-295620409.643746,0.912416143752221,-0.555523964238393
5827,1.99726,-0.104672,477161694.205795,2335376377.18165,0.910462498170182,0.333308963148836
5827,1.99878,-0.069799,635685503.087131,2369391693.69706,0.915346582367075,-0.777752504016468
5826,1.9997,-0.0349048,736210500.208425,5103711093.15179,0.909485669429527,0.111102085121839
