origElemNum,globCoord-x,globCoord-y,acouPotentialD1-,locCoord-xi,locCoord-eta
5825,2,-2.20442e-18,-10292.5544556061,0.919253778304535,0.999999999870795
5825,1.9997,0.0349048,-10288.1552830054,0.909485669430051,-0.11110208537854
5824,1.99878,0.069799,-10270.0492730117,0.915346582363134,0.7777525037628
5824,1.99726,0.104672,-10205.4966384863,0.910462498171695,-0.333308963393583
5823,1.99513,0.139513,-10123.2060872181,0.912416143749585,0.555523964001403
5823,1.99239,0.174311,-10015.7304431628,0.912416143752112,-0.555523964232293
5822,1.98904,0.209057,-9918.36367866918,0.910462498170195,0.33330896316169
5822,1.98509,0.243739,-9826.87759434032,0.915346582366752,-0.777752503996411
5821,1.98054,0.278346,-9772.7773421208,0.909485669429537,0.111102085145532
5820,1.97538,0.312869,-9725.62579772568,0.91925377830504,0.999999999897275
5820,1.96962,0.347296,-9686.04681631569,0.909485669429959,-0.111102085350008
5819,1.96325,0.381618,-9632.27894222473,0.915346582363608,0.777752503792493
5819,1.9563,0.415823,-9533.9249443759,0.910462498171543,-0.333308963366333
5818,1.94874,0.449902,-9406.99063449173,0.912416143749872,0.555523964026318
5818,1.94059,0.483844,-9239.54159960912,0.912416143751876,-0.555523964209557
5817,1.93185,0.517638,-9058.62418319872,0.910462498170338,0.333308963182653
5817,1.92252,0.551275,-8867.235176826,0.915346582366455,-0.777752503976955
5816,1.91261,0.584743,-8679.88688538498,0.909485669429567,0.111102085165898
5815,1.90211,0.618034,-8489.81361605921,0.919253778305533,0.999999999919169
5815,1.89104,0.651136,-8276.04554159905,0.909485669429933,-0.111102085328256
5814,1.87939,0.68404,-8049.36018322118,0.915346582363941,0.777752503814277
5814,1.86716,0.716736,-7788.40258768507,0.910462498171402,-0.333308963343933
5813,1.85437,0.749213,-7528.16810694228,0.912416143750119,0.555523964050056
5813,1.84101,0.781462,-7272.23523375814,0.912416143751575,-0.555523964183394
5812,1.82709,0.813473,-7049.04707715369,0.910462498170486,0.333308963212263
5812,1.81262,0.845237,-6845.84026303888,0.915346582365915,-0.777752503943209
5811,1.79759,0.876742,-6652.17746347991,0.909485669429635,0.111102085200681
5810,1.78201,0.907981,-6456.61752131311,0.919253778306195,0.999999999954235
5810,1.7659,0.938943,-6237.60986691366,0.909485669429844,-0.111102085292603
5809,1.74924,0.969619,-6028.25223974603,0.915346582364538,0.777752503850291
5809,1.73205,1,-5875.4863192652,0.910462498171199,-0.333308963308445
5808,1.71433,1.03008,-5769.90451738478,0.912416143750526,0.555523964084446
5808,1.6961,1.05984,-5738.10081456884,0.912416143751246,-0.555523964150953
5807,1.67734,1.08928,-5673.69887285388,0.910462498170725,0.333308963242434
5807,1.65808,1.11839,-5586.40828285309,0.915346582365508,-0.777752503915519
5806,1.6383,1.14715,-5374.34702594766,0.909485669429676,0.11110208522853
5805,1.61803,1.17557,-5128.881609676,0.919253778306765,0.999999999982884
5805,1.59727,1.20363,-4968.81041978258,0.909485669429817,-0.111102085265541
5804,1.57602,1.23132,-4842.75306192045,0.9153465823649,0.777752503876539
5804,1.55429,1.25864,-4866.40654653436,0.910462498170939,-0.333308963279996
5803,1.53209,1.28558,-4853.42538201072,0.912416143750815,0.555523964114853
5803,1.50942,1.31212,-4788.89002114568,0.91241614375085,-0.555523964118972
5802,1.48629,1.33826,-4672.30238344501,0.910462498170897,0.333308963276791
5802,1.46271,1.364,-4518.79626774883,0.915346582364929,-0.77775250387822
5801,1.43868,1.38932,-4464.81069646715,0.909485669429954,0.111102085257182
5801,1.41421,1.41421,-4430.76416241485,0.919253778307104,-0.999999999999994
850,1.38932,1.43868,-4387.72453822549,0.909485669429991,-0.111102085260227
849,1.364,1.46271,-4338.09463108267,0.915346582364834,0.777752503871359
849,1.33826,1.48629,-4275.1998993328,0.910462498171096,-0.333308963290402
848,1.31212,1.50942,-4261.59527572113,0.912416143750729,0.555523964099008
848,1.28558,1.53209,-4322.94519403845,0.912416143751184,-0.555523964140596
847,1.25864,1.55429,-4387.11700558292,0.910462498170846,0.333308963247574
847,1.23132,1.57602,-4452.9674783677,0.915346582365554,-0.777752503916259
846,1.20363,1.59727,-4467.04564286488,0.90948566942978,0.111102085221654
845,1.17557,1.61803,-4466.57354392109,0.919253778306528,0.999999999969813
845,1.14715,1.6383,-4560.66074427816,0.909485669429915,-0.111102085282135
844,1.11839,1.65808,-4656.34593139569,0.915346582364625,0.777752503855763
844,1.08928,1.67734,-4763.54208691118,0.910462498171253,-0.333308963307521
843,1.05984,1.6961,-4818.81712376678,0.912416143750542,0.555523964080906
843,1.03008,1.71433,-4796.07789478051,0.912416143751377,-0.555523964158847
842,1,1.73205,-4790.44383318287,0.910462498170698,0.333308963230309
842,0.969619,1.74924,-4796.55111605063,0.915346582365766,-0.777752503931825
841,0.938943,1.7659,-4792.2322715109,0.909485669429764,0.111102085205048
840,0.907981,1.78201,-4786.49823836577,0.919253778306164,0.99999999995148
840,0.876742,1.79759,-4673.28640417435,0.909485669429979,-0.11110208530158
839,0.845237,1.81262,-4577.13411750115,0.91534658236432,0.777752503835068
839,0.813473,1.82709,-4544.19099154043,0.91046249817139,-0.33330896333004
838,0.781462,1.84101,-4579.29149354238,0.912416143750255,0.555523964056983
838,0.749213,1.85437,-4715.23048447168,0.912416143751674,-0.555523964183563
837,0.716736,1.86716,-4858.17890581938,0.910462498170584,0.333308963203304
837,0.68404,1.87939,-5007.63240999362,0.915346582366261,-0.777752503962098
836,0.651136,1.89104,-5072.04195746742,0.909485669429719,0.111102085173086
835,0.618034,1.90211,-5119.69970691221,0.919253778305509,0.999999999918205
835,0.584743,1.91261,-5034.12918155534,0.909485669430073,-0.111102085335132
834,0.551275,1.92252,-4925.28926294911,0.915346582363819,0.777752503801204
834,0.517638,1.93185,-4705.36129317161,0.910462498171637,-0.333308963364254
833,0.483844,1.94059,-4471.50483332621,0.912416143749877,0.55552396402192
833,0.449902,1.94874,-4213.86867962555,0.91241614375206,-0.555523964220202
832,0.415823,1.9563,-4046.09185727148,0.910462498170279,0.333308963168166
832,0.381618,1.96325,-3940.46228151477,0.915346582366717,-0.777752503993703
831,0.347296,1.96962,-4003.66330218572,0.909485669429573,0.111102085145737
830,0.312869,1.97538,-4114.064274711,0.919253778305012,0.99999999989529
830,0.278346,1.98054,-4269.48111954729,0.909485669430091,-0.111102085358547
829,0.243739,1.98509,-4397.61448635032,0.915346582363415,0.77775250377766
829,0.209057,1.98904,-4397.63549907394,0.910462498171767,-0.333308963386422
828,0.174311,1.99239,-4328.82750199923,0.912416143749651,0.55552396400147
828,0.139513,1.99513,-4153.80614258116,0.912416143752224,-0.555523964238419
827,0.104672,1.99726,-3975.72799244891,0.910462498170184,0.33330896314881
827,0.069799,1.99878,-3797.56087751865,0.915346582367074,-0.777752504016452
826,0.0349048,1.9997,-3754.15255177589,0.909485669429527,0.111102085121841
825,1.27747e-16,2,-3748.47543617403,0.919253778304535,0.999999999870799
825,-0.0349048,1.9997,-3931.64631038839,0.909485669430051,-0.111102085378537
824,-0.069799,1.99878,-4130.44592397571,0.915346582363134,0.777752503762801
824,-0.104672,1.99726,-4376.88741279546,0.910462498171695,-0.333308963393583
823,-0.139513,1.99513,-4586.36311465203,0.912416143749585,0.555523964001401
823,-0.174311,1.99239,-4737.93148559369,0.912416143752112,-0.555523964232297
822,-0.209057,1.98904,-4798.94691616182,0.910462498170195,0.333308963161685
822,-0.243739,1.98509,-4801.74843204992,0.915346582366744,-0.777752503996403
821,-0.278346,1.98054,-4754.47826785833,0.909485669429538,0.111102085145537
820,-0.312869,1.97538,-4700.18093712608,0.919253778305041,0.999999999897278
820,-0.347296,1.96962,-4741.43579644389,0.90948566942996,-0.111102085350006
819,-0.381618,1.96325,-4825.82631492459,0.915346582363608,0.777752503792493
819,-0.415823,1.9563,-5060.22598396527,0.910462498171543,-0.333308963366333
818,-0.449902,1.94874,-5344.22730402072,0.912416143749872,0.555523964026316
818,-0.483844,1.94059,-5699.01973117602,0.912416143751875,-0.555523964209561
817,-0.517638,1.93185,-6012.5135188044,0.910462498170336,0.333308963182646
817,-0.551275,1.92252,-6300.98071135566,0.915346582366457,-0.777752503976948
816,-0.584743,1.91261,-6421.09443387432,0.909485669429562,0.111102085165907
815,-0.618034,1.90211,-6506.26039121538,0.919253778305526,0.999999999919175
815,-0.651136,1.89104,-6414.15284702869,0.909485669429935,-0.111102085328253
814,-0.68404,1.87939,-6328.57264879204,0.915346582363941,0.777752503814277
814,-0.716736,1.86716,-6235.40749166147,0.910462498171402,-0.333308963343933
813,-0.749213,1.85437,-6192.81894542585,0.912416143750117,0.555523964050053
813,-0.781462,1.84101,-6220.27083358108,0.912416143751584,-0.555523964183396
812,-0.813473,1.82709,-6300.14788402226,0.910462498170484,0.33330896321226
812,-0.845237,1.81262,-6417.91185198646,0.91534658236591,-0.7777525039432
811,-0.876742,1.79759,-6515.40510676971,0.909485669429639,0.111102085200672
810,-0.907981,1.78201,-6613.8644518478,0.919253778306197,0.999999999954239
810,-0.938943,1.7659,-6636.75399732453,0.909485669429848,-0.111102085292613
809,-0.969619,1.74924,-6658.79409745707,0.915346582364533,0.777752503850298
809,-1,1.73205,-6654.48329607521,0.910462498171205,-0.333308963308436
808,-1.03008,1.71433,-6655.71613566452,0.912416143750522,0.55552396408444
808,-1.05984,1.6961,-6661.6079549632,0.912416143751243,-0.555523964150944
807,-1.08928,1.67734,-6656.41363229986,0.910462498170733,0.33330896324243
807,-1.11839,1.65808,-6646.50057630223,0.915346582365511,-0.777752503915504
806,-1.14715,1.6383,-6587.32589479687,0.909485669429678,0.11110208522852
805,-1.17557,1.61803,-6522.95848445192,0.91925377830677,0.999999999982889
805,-1.20363,1.59727,-6413.43040158621,0.909485669429819,-0.111102085265551
804,-1.23132,1.57602,-6317.57471049791,0.915346582364893,0.777752503876544
804,-1.25864,1.55429,-6245.07206824708,0.910462498170937,-0.333308963279986
803,-1.28558,1.53209,-6212.91996786449,0.912416143750809,0.555523964114847
803,-1.31212,1.50942,-6236.1813488827,0.912416143750849,-0.555523964118962
802,-1.33826,1.48629,-6317.68391494183,0.910462498170897,0.333308963276791
802,-1.364,1.46271,-6440.91908099868,0.915346582364928,-0.77775250387821
801,-1.38932,1.43868,-6603.72137836313,0.909485669429954,0.111102085257172
801,-1.41421,1.41421,-6783.13462904152,0.919253778307104,-0.999999999999994
15850,-1.43868,1.38932,-6938.38243636894,0.909485669429991,-0.111102085260237
15849,-1.46271,1.364,-7081.29611396274,0.915346582364828,0.777752503871364
15849,-1.48629,1.33826,-7148.06679922325,0.910462498171103,-0.333308963290387
15848,-1.50942,1.31212,-7165.96357706038,0.912416143750729,0.555523964099008
15848,-1.53209,1.28558,-7106.5446250123,0.912416143751185,-0.555523964140586
15847,-1.55429,1.25864,-6993.81840108907,0.910462498170851,0.333308963247569
15847,-1.57602,1.23132,-6846.89166871471,0.915346582365555,-0.777752503916249
15846,-1.59727,1.20363,-6717.06659515983,0.909485669429784,0.111102085221639
15845,-1.61803,1.17557,-6594.4075361225,0.919253778306531,0.999999999969823
15845,-1.6383,1.14715,-6594.23644049657,0.909485669429917,-0.111102085282151
15844,-1.65808,1.11839,-6620.96256034911,0.915346582364627,0.777752503855772
15844,-1.67734,1.08928,-6739.69523311928,0.910462498171251,-0.333308963307506
15843,-1.6961,1.05984,-6859.96748914427,0.912416143750542,0.555523964080906
15843,-1.71433,1.03008,-6979.15932042641,0.912416143751375,-0.555523964158831
15842,-1.73205,1,-7034.67883064732,0.910462498170697,0.333308963230296
15842,-1.74924,0.969619,-7049.44617165066,0.915346582365764,-0.777752503931822
15841,-1.7659,0.938943,-7001.87436580451,0.909485669429762,0.111102085205035
15840,-1.78201,0.907981,-6941.73607322531,0.919253778306162,0.999999999951483
15840,-1.79759,0.876742,-6934.49458748279,0.909485669429984,-0.111102085301589
15839,-1.81262,0.845237,-6958.79327343509,0.915346582364318,0.777752503835071
15839,-1.82709,0.813473,-7096.38518706524,0.910462498171391,-0.333308963330024
15838,-1.84101,0.781462,-7281.24368995368,0.912416143750253,0.555523964056986
15838,-1.85437,0.749213,-7534.15882182974,0.912416143751674,-0.555523964183544
15837,-1.86716,0.716736,-7807.62567138367,0.910462498170589,0.333308963203294
15837,-1.87939,0.68404,-8097.54841422695,0.915346582366259,-0.777752503962095
15836,-1.89104,0.651136,-8389.51703444572,0.909485669429715,0.111102085173074
15835,-1.90211,0.618034,-8689.40941615776,0.919253778305508,0.999999999918209
15835,-1.91261,0.584743,-9013.61963426278,0.909485669430068,-0.111102085335144
15834,-1.92252,0.551275,-9353.43493835883,0.915346582363818,0.777752503801208
15834,-1.93185,0.517638,-9719.64135903459,0.910462498171639,-0.333308963364235
15833,-1.94059,0.483844,-10088.8779047184,0.912416143749876,0.555523964021923
15833,-1.94874,0.449902,-10455.5508251816,0.912416143752063,-0.555523964220183
15832,-1.9563,0.415823,-10792.4491564008,0.910462498170272,0.333308963168156
15832,-1.96325,0.381618,-11114.6994839733,0.915346582366716,-0.7777525039937
15831,-1.96962,0.347296,-11393.9793616256,0.909485669429575,0.111102085145728
15830,-1.97538,0.312869,-11673.6418131703,0.91925377830502,0.999999999895294
15830,-1.98054,0.278346,-11928.74289034,0.909485669430092,-0.111102085358556
15829,-1.98509,0.243739,-12190.3406006453,0.915346582363415,0.777752503777664
15829,-1.98904,0.209057,-12438.4290614465,0.910462498171765,-0.333308963386404
15828,-1.99239,0.174311,-12669.5752923645,0.912416143749651,0.555523964001473
15828,-1.99513,0.139513,-12869.5893055102,0.912416143752222,-0.5555239642384
15827,-1.99726,0.104672,-13024.7972782965,0.910462498170184,0.3333089631488
15827,-1.99878,0.069799,-13153.7143719466,0.915346582367074,-0.777752504016448
15826,-1.9997,0.0349048,-13269.3613523984,0.909485669429527,0.111102085121831
15825,-2,2.46315e-16,-13391.4372527378,0.919253778304535,0.999999999870803
15825,-1.9997,-0.0349048,-13625.2288604425,0.909485669430051,-0.111102085378547
15824,-1.99878,-0.069799,-13911.4475590103,0.915346582363134,0.777752503762804
15824,-1.99726,-0.104672,-14360.7629456687,0.910462498171696,-0.333308963393566
15823,-1.99513,-0.139513,-14871.9241306287,0.912416143749586,0.555523964001405
15823,-1.99239,-0.174311,-15467.3672563382,0.912416143752114,-0.555523964232279
15822,-1.98904,-0.209057,-16014.1265441455,0.910462498170195,0.333308963161688
15822,-1.98509,-0.243739,-16531.9503881101,0.915346582366744,-0.7777525039964
15821,-1.98054,-0.278346,-16811.3700394225,0.909485669429545,0.111102085145526
15820,-1.97538,-0.312869,-17036.3113929986,0.919253778305042,0.999999999897283
15820,-1.96962,-0.347296,-16951.1462626006,0.909485669429957,-0.111102085350017
15819,-1.96325,-0.381618,-16851.661385785,0.915346582363609,0.777752503792499
15819,-1.9563,-0.415823,-16680.5790640356,0.910462498171549,-0.333308963366345
15818,-1.94874,-0.449902,-16576.2141255706,0.912416143749872,0.555523964026319
15818,-1.94059,-0.483844,-16569.3015124463,0.91241614375188,-0.555523964209544
15817,-1.93185,-0.517638,-16667.8793839321,0.910462498170337,0.33330896318265
15817,-1.92252,-0.551275,-16838.9803431117,0.915346582366458,-0.777752503976945
15816,-1.91261,-0.584743,-16941.0447080925,0.909485669429567,0.111102085165898
15815,-1.90211,-0.618034,-17028.5145278168,0.919253778305528,0.999999999919178
15815,-1.89104,-0.651136,-16801.7868101303,0.90948566942994,-0.111102085328262
15814,-1.87939,-0.68404,-16540.0156747026,0.915346582363942,0.77775250381428
15814,-1.86716,-0.716736,-16137.4462868271,0.910462498171397,-0.333308963343943
15813,-1.85437,-0.749213,-15816.1325752887,0.912416143750119,0.555523964050056
15813,-1.84101,-0.781462,-15617.070300267,0.912416143751582,-0.555523964183381
15812,-1.82709,-0.813473,-15574.2123315811,0.910462498170486,0.333308963212263
15812,-1.81262,-0.845237,-15636.9548487625,0.915346582365912,-0.777752503943197
15811,-1.79759,-0.876742,-15532.9819351796,0.909485669429641,0.111102085200675
15810,-1.78201,-0.907981,-15389.2237361891,0.919253778306197,0.999999999954239
15810,-1.7659,-0.938943,-14769.6076602178,0.90948566942985,-0.11110208529261
15809,-1.74924,-0.969619,-14161.1272425708,0.915346582364535,0.777752503850301
15809,-1.73205,-1,-13597.4804962687,0.9104624981712,-0.333308963308458
15808,-1.71433,-1.03008,-13238.8436547726,0.912416143750526,0.555523964084446
15808,-1.6961,-1.05984,-13187.663505953,0.912416143751243,-0.555523964150944
15807,-1.67734,-1.08928,-13125.7403549629,0.910462498170725,0.333308963242434
15807,-1.65808,-1.11839,-13057.9922184389,0.915346582365503,-0.7777525039155
15806,-1.6383,-1.14715,-12718.1121283632,0.90948566942967,0.111102085228524
15805,-1.61803,-1.17557,-12311.8559636436,0.919253778306763,0.999999999982893
15805,-1.59727,-1.20363,-12210.7574650793,0.909485669429812,-0.111102085265547
15804,-1.57602,-1.23132,-12155.6381262944,0.915346582364898,0.777752503876549
15804,-1.55429,-1.25864,-12278.1768521996,0.910462498170935,-0.333308963280012
15803,-1.53209,-1.28558,-12222.4556069259,0.912416143750815,0.555523964114853
15803,-1.50942,-1.31212,-11897.7897003778,0.912416143750855,-0.555523964118957
15802,-1.48629,-1.33826,-11524.9810397989,0.910462498170897,0.333308963276791
15802,-1.46271,-1.364,-11121.5539803509,0.915346582364928,-0.77775250387821
15801,-1.43868,-1.38932,-10773.9468886122,0.909485669429954,0.111102085257172
15801,-1.41421,-1.41421,-10444.6671569326,0.919253778307098,-0.999999999999989
10084,-1.38932,-1.43868,-9916.99792924195,-0.909485669429983,0.111102085260242
10184,-1.364,-1.46271,-9419.50083835663,-0.915346582364814,-0.777752503871363
10184,-1.33826,-1.48629,-9023.00043368016,-0.910462498171062,0.333308963290425
10284,-1.31212,-1.50942,-8609.57858230037,-0.912416143750702,-0.555523964098991
10284,-1.28558,-1.53209,-8167.52776190137,-0.912416143751175,0.55552396414059
10384,-1.25864,-1.55429,-7732.069750787,-0.910462498170858,-0.333308963247603
10384,-1.23132,-1.57602,-7303.09420037464,-0.915346582365569,0.777752503916277
10484,-1.20363,-1.59727,-7152.06338337749,-0.909485669429755,-0.111102085221656
10584,-1.17557,-1.61803,-7075.75498857181,-0.919253778306467,-0.999999999969833
10584,-1.14715,-1.6383,-7230.62606364841,-0.909485669429891,0.111102085282108
10684,-1.11839,-1.65808,-7380.66780382328,-0.915346582364624,-0.777752503855743
10684,-1.08928,-1.67734,-7487.2090359317,-0.910462498171255,0.333308963307532
10784,-1.05984,-1.6961,-7589.06921895538,-0.912416143750544,-0.555523964080908
10784,-1.03008,-1.71433,-7679.56463767255,-0.912416143751393,0.555523964158839
10884,-1,-1.73205,-7729.24945777729,-0.910462498170715,-0.333308963230315
10884,-0.969619,-1.74924,-7754.23382375882,-0.915346582365772,0.777752503931858
10984,-0.938943,-1.7659,-7794.81580613457,-0.909485669429763,-0.111102085205032
11084,-0.907981,-1.78201,-7844.84161368253,-0.919253778306154,-0.99999999995149
11084,-0.876742,-1.79759,-8076.81658261474,-0.909485669429981,0.111102085301552
11184,-0.845237,-1.81262,-8245.19594755376,-0.915346582364332,-0.777752503835052
11184,-0.813473,-1.82709,-8137.33291037111,-0.910462498171421,0.333308963330044
11284,-0.781462,-1.84101,-8056.38290544216,-0.912416143750289,-0.555523964056998
11284,-0.749213,-1.85437,-8012.39828159479,-0.912416143751684,0.555523964183542
11384,-0.716736,-1.86716,-8168.30305594664,-0.910462498170579,-0.333308963203316
11384,-0.68404,-1.87939,-8459.19661667909,-0.915346582366256,0.777752503962127
11484,-0.651136,-1.89104,-8464.79930864721,-0.9094856694297,-0.111102085173069
11584,-0.618034,-1.90211,-8404.25043919431,-0.919253778305473,-0.9999999999182
11584,-0.584743,-1.91261,-8153.59672923305,-0.909485669430035,0.111102085335111
11684,-0.551275,-1.92252,-7992.17351784512,-0.915346582363772,-0.777752503801188
11684,-0.517638,-1.93185,-8164.9623948454,-0.910462498171642,0.333308963364261
11784,-0.483844,-1.94059,-8422.47280853912,-0.912416143749915,-0.555523964021929
11784,-0.449902,-1.94874,-8803.74701096012,-0.912416143752077,0.555523964220183
11884,-0.415823,-1.9563,-8967.18367659105,-0.910462498170266,-0.33330896316818
11884,-0.381618,-1.96325,-8987.28290100646,-0.915346582366712,0.777752503993725
11984,-0.347296,-1.96962,-8793.41954347053,-0.909485669429565,-0.111102085145729
12084,-0.312869,-1.97538,-8549.04884904813,-0.919253778305011,-0.999999999895287
12084,-0.278346,-1.98054,-8680.64981623838,-0.909485669430107,0.111102085358526
12184,-0.243739,-1.98509,-8907.2114503329,-0.915346582363447,-0.777752503777644
12184,-0.209057,-1.98904,-9516.38346898356,-0.910462498171781,0.333308963386432
12284,-0.174311,-1.99239,-10142.9207560699,-0.912416143749663,-0.555523964001473
12284,-0.139513,-1.99513,-10798.2905799305,-0.912416143752267,0.555523964238395
12384,-0.104672,-1.99726,-11199.9747122034,-0.910462498170238,-0.333308963148834
12384,-0.069799,-1.99878,-11431.2822571184,-0.915346582367131,0.777752504016471
12484,-0.0349048,-1.9997,-11343.8562587673,-0.909485669429557,-0.111102085121833
12584,-4.35203e-16,-2,-11174.3212370171,-0.919253778304537,-0.999999999870803
12584,0.0349048,-1.9997,-11075.6957091481,-0.909485669430058,0.111102085378513
12684,0.069799,-1.99878,-11017.1250268424,-0.915346582363139,-0.777752503762792
12684,0.104672,-1.99726,-11137.0241835545,-0.9104624981717,0.333308963393593
12784,0.139513,-1.99513,-11289.4602743987,-0.912416143749591,-0.555523964001403
12784,0.174311,-1.99239,-11495.1503316837,-0.912416143752134,0.555523964232273
12884,0.209057,-1.98904,-11676.7684813955,-0.91046249817019,-0.333308963161724
12884,0.243739,-1.98509,-11838.7147216274,-0.915346582366752,0.777752503996427
12984,0.278346,-1.98054,-11867.892425563,-0.909485669429543,-0.111102085145531
13084,0.312869,-1.97538,-11857.923461077,-0.919253778305079,-0.999999999897294
13084,0.347296,-1.96962,-11584.1506775228,-0.909485669429971,0.111102085349981
13184,0.381618,-1.96325,-11265.318663554,-0.915346582363621,-0.777752503792476
13184,0.415823,-1.9563,-10776.190917891,-0.910462498171561,0.33330896336634
13284,0.449902,-1.94874,-10287.5340187288,-0.912416143749886,-0.555523964026324
13284,0.483844,-1.94059,-9799.54276006206,-0.912416143751904,0.555523964209538
13384,0.517638,-1.93185,-9442.29347945042,-0.910462498170363,-0.333308963182687
13384,0.551275,-1.92252,-9171.24467940092,-0.915346582366464,0.777752503976962
13484,0.584743,-1.91261,-9108.32863251562,-0.909485669429569,-0.111102085165906
13584,0.618034,-1.90211,-9092.59090720455,-0.919253778305519,-0.999999999919186
13584,0.651136,-1.89104,-9183.62484753727,-0.909485669429928,0.111102085328226
13684,0.68404,-1.87939,-9252.02326658754,-0.915346582363942,-0.777752503814258
13684,0.716736,-1.86716,-9254.23859982875,-0.910462498171394,0.333308963343945
13784,0.749213,-1.85437,-9203.64982259902,-0.912416143750121,-0.555523964050058
13784,0.781462,-1.84101,-9077.55620639282,-0.91241614375158,0.555523964183364
13884,0.813473,-1.82709,-8930.76723487397,-0.91046249817049,-0.333308963212306
13884,0.845237,-1.81262,-8769.19850342055,-0.915346582365913,0.777752503943214
13984,0.876742,-1.79759,-8622.27108915739,-0.909485669429626,-0.1111020852007
14084,0.907981,-1.78201,-8477.15649272505,-0.919253778306215,-0.999999999954254
14084,0.938943,-1.7659,-8306.73357497722,-0.909485669429858,0.111102085292581
14184,0.969619,-1.74924,-8130.27531413406,-0.915346582364524,-0.777752503850263
14184,1,-1.73205,-7938.48450250239,-0.910462498171194,0.333308963308465
14284,1.03008,-1.71433,-7780.38327932687,-0.91241614375052,-0.55552396408445
14284,1.05984,-1.6961,-7674.84075331454,-0.912416143751235,0.55552396415093
14384,1.08928,-1.67734,-7627.59568852672,-0.910462498170724,-0.333308963242461
14384,1.11839,-1.65808,-7617.2155193793,-0.915346582365498,0.777752503915531
14484,1.14715,-1.6383,-7566.12618274322,-0.909485669429676,-0.111102085228531
14584,1.17557,-1.61803,-7500.86920238287,-0.919253778306762,-0.999999999982903
14584,1.20363,-1.59727,-7359.65270043234,-0.909485669429825,0.1111020852655
14684,1.23132,-1.57602,-7232.0162519487,-0.91534658236492,-0.777752503876537
14684,1.25864,-1.55429,-7172.64035854896,-0.910462498170955,0.333308963280004
14784,1.28558,-1.53209,-7149.11504911816,-0.912416143750819,-0.555523964114867
14784,1.31212,-1.50942,-7181.84447082255,-0.912416143750872,0.555523964118932
14884,1.33826,-1.48629,-7196.09857587754,-0.910462498170903,-0.333308963276861
14884,1.364,-1.46271,-7196.16657077535,-0.915346582364901,0.777752503878194
14984,1.38932,-1.43868,-7239.85477075539,-0.909485669429939,-0.111102085257194
14984,1.41421,-1.41421,-7288.45791547522,-0.919253778307102,0.999999999999985
5850,1.43868,-1.38932,-7506.48585052553,0.909485669429985,-0.111102085260202
5849,1.46271,-1.364,-7726.46567393319,0.915346582364833,0.777752503871339
5849,1.48629,-1.33826,-7986.8880337085,0.910462498171102,-0.333308963290407
5848,1.50942,-1.31212,-8229.11901716137,0.91241614375073,0.555523964099018
5848,1.53209,-1.28558,-8450.02921755005,0.912416143751186,-0.555523964140576
5847,1.55429,-1.25864,-8665.67672564268,0.91046249817085,0.333308963247604
5847,1.57602,-1.23132,-8873.24730253418,0.91534658236556,-0.777752503916265
5846,1.59727,-1.20363,-9103.39310051108,0.909485669429786,0.111102085221649
5845,1.61803,-1.17557,-9329.47924745161,0.919253778306525,0.999999999969829
5845,1.6383,-1.14715,-9545.52298521467,0.909485669429914,-0.11110208528211
5844,1.65808,-1.11839,-9735.33096457002,0.915346582364627,0.777752503855747
5844,1.67734,-1.08928,-9854.99525873305,0.910462498171258,-0.333308963307527
5843,1.6961,-1.05984,-9967.58454614875,0.912416143750537,0.555523964080912
5843,1.71433,-1.03008,-10075.0675068323,0.912416143751378,-0.555523964158821
5842,1.73205,-1,-10205.5510843994,0.910462498170701,0.333308963230334
5842,1.74924,-0.969619,-10348.4369072292,0.915346582365767,-0.777752503931841
5841,1.7659,-0.938943,-10438.4363903337,0.909485669429766,0.111102085205045
5840,1.78201,-0.907981,-10509.0183079854,0.919253778306158,0.99999999995149
5840,1.79759,-0.876742,-10510.7091514267,0.909485669429983,-0.111102085301555
5839,1.81262,-0.845237,-10510.537408798,0.915346582364319,0.777752503835052
5839,1.82709,-0.813473,-10527.5062732545,0.910462498171384,-0.333308963330046
5838,1.84101,-0.781462,-10537.6689893818,0.912416143750258,0.555523964056995
5838,1.85437,-0.749213,-10541.5917852506,0.91241614375167,-0.555523964183538
5837,1.86716,-0.716736,-10504.7660222935,0.91046249817059,0.333308963203332
5837,1.87939,-0.68404,-10438.1189372401,0.915346582366259,-0.777752503962114
5836,1.89104,-0.651136,-10379.8380999228,0.909485669429712,0.11110208517308
5835,1.90211,-0.618034,-10317.7773128523,0.919253778305505,0.999999999918216
5835,1.91261,-0.584743,-10352.7220302476,0.909485669430072,-0.111102085335106
5834,1.92252,-0.551275,-10391.3888288839,0.915346582363824,0.777752503801191
5834,1.93185,-0.517638,-10467.1377146865,0.910462498171638,-0.333308963364257
5833,1.94059,-0.483844,-10521.3139768246,0.912416143749874,0.555523964021932
5833,1.94874,-0.449902,-10546.6199215996,0.91241614375206,-0.555523964220175
5832,1.9563,-0.415823,-10539.7563517446,0.910462498170272,0.333308963168192
5832,1.96325,-0.381618,-10509.3905198697,0.915346582366721,-0.777752503993719
5831,1.96962,-0.347296,-10477.9209705291,0.909485669429573,0.111102085145735
5830,1.97538,-0.312869,-10442.0533313228,0.919253778305019,0.999999999895301
5830,1.98054,-0.278346,-10421.2445060124,0.909485669430095,-0.11110208535852
5829,1.98509,-0.243739,-10395.9811230245,0.915346582363408,0.777752503777643
5829,1.98904,-0.209057,-10366.7590299388,0.910462498171767,-0.333308963386425
5828,1.99239,-0.174311,-10334.8847588308,0.91241614374965,0.555523964001481
5828,1.99513,-0.139513,-10300.8944137598,0.912416143752221,-0.555523964238393
5827,1.99726,-0.104672,-10281.1502437024,0.910462498170182,0.333308963148836
5827,1.99878,-0.069799,-10270.0730530446,0.915346582367075,-0.777752504016468
5826,1.9997,-0.0349048,-10279.7014407919,0.909485669429527,0.111102085121839
