origElemNum,globCoord-x,globCoord-y,acouIntensity-x,acouIntensity-y,locCoord-xi,locCoord-eta
5825,2,-2.20442e-18,5.78503749676999e-08,1.62005647572676e-07,0.919253778304535,0.999999999870795
5825,1.9997,0.0349048,5.14729306524878e-08,1.59426828876723e-07,0.909485669430051,-0.11110208537854
5824,1.99878,0.069799,4.50921030668841e-08,1.58250693248382e-07,0.915346582363134,0.7777525037628
5824,1.99726,0.104672,3.89780853747759e-08,1.55267760787113e-07,0.910462498171695,-0.333308963393583
5823,1.99513,0.139513,3.29067843071516e-08,1.53456638178045e-07,0.912416143749585,0.555523964001403
5823,1.99239,0.174311,2.70973419268724e-08,1.50072551896238e-07,0.912416143752112,-0.555523964232293
5822,1.98904,0.209057,2.13633567246032e-08,1.47551493195066e-07,0.910462498170195,0.33330896316169
5822,1.98509,0.243739,1.59139283976467e-08,1.43794430395434e-07,0.915346582366752,-0.777752503996411
5821,1.98054,0.278346,1.05878074446535e-08,1.40562245276225e-07,0.909485669429537,0.111102085145532
5820,1.97538,0.312869,5.50015407234304e-09,1.36948866185927e-07,0.91925377830504,0.999999999897275
5820,1.96962,0.347296,7.22376191385695e-10,1.32619855659014e-07,0.909485669429959,-0.111102085350008
5819,1.96325,0.381618,-3.8434029268179e-09,1.28414856620835e-07,0.915346582363608,0.777752503792493
5819,1.9563,0.415823,-8.11650001601933e-09,1.23809835666927e-07,0.910462498171543,-0.333308963366333
5818,1.94874,0.449902,-1.2095797351153e-08,1.19016269552401e-07,0.912416143749872,0.555523964026318
5818,1.94059,0.483844,-1.58146675384615e-08,1.14181637581864e-07,0.912416143751876,-0.555523964209557
5817,1.93185,0.517638,-1.91259410414321e-08,1.08793294522231e-07,0.910462498170338,0.333308963182653
5817,1.92252,0.551275,-2.223875369528e-08,1.03790742039069e-07,0.915346582366455,-0.777752503976955
5816,1.91261,0.584743,-2.4795918313697e-08,9.78868865898852e-08,0.909485669429567,0.111102085165898
5815,1.90211,0.618034,-2.70287631602401e-08,9.21039085220294e-08,0.919253778305533,0.999999999919169
5815,1.89104,0.651136,-2.90104502545102e-08,8.65847775941757e-08,0.909485669429933,-0.111102085328256
5814,1.87939,0.68404,-3.04487913820206e-08,8.05744204135197e-08,0.915346582363941,0.777752503814277
5814,1.86716,0.716736,-3.17316332229677e-08,7.51797878529746e-08,0.910462498171402,-0.333308963343933
5813,1.85437,0.749213,-3.23620062793087e-08,6.90875270469688e-08,0.912416143750119,0.555523964050056
5813,1.84101,0.781462,-3.29857892043941e-08,6.39541445737812e-08,0.912416143751575,-0.555523964183394
5812,1.82709,0.813473,-3.28139999984913e-08,5.79063492111166e-08,0.910462498170486,0.333308963212263
5812,1.81262,0.845237,-3.28188196777911e-08,5.31088235273219e-08,0.915346582365915,-0.777752503943209
5811,1.79759,0.876742,-3.1844086525425e-08,4.71863475394136e-08,0.909485669429635,0.111102085200681
5810,1.78201,0.907981,-3.08067736679529e-08,4.18570410668325e-08,0.919253778306195,0.999999999954235
5810,1.7659,0.938943,-2.95166349733937e-08,3.70818361370354e-08,0.909485669429844,-0.111102085292603
5809,1.74924,0.969619,-2.77694801925643e-08,3.20432644112677e-08,0.915346582364538,0.777752503850291
5809,1.73205,1,-2.59212561157973e-08,2.77528333039217e-08,0.910462498171199,-0.333308963308445
5808,1.71433,1.03008,-2.35134626627739e-08,2.31143533916326e-08,0.912416143750526,0.555523964084446
5808,1.6961,1.05984,-2.12308326188356e-08,1.94041638609974e-08,0.912416143751246,-0.555523964150953
5807,1.67734,1.08928,-1.82769537236369e-08,1.53014751570068e-08,0.910462498170725,0.333308963242434
5807,1.65808,1.11839,-1.56966677828754e-08,1.22254876216883e-08,0.915346582365508,-0.777752503915519
5806,1.6383,1.14715,-1.231447908245e-08,8.74547641560862e-09,0.909485669429676,0.11110208522853
5805,1.61803,1.17557,-9.37352650155776e-09,6.03989205391551e-09,0.919253778306765,0.999999999982884
5805,1.59727,1.20363,-5.85940306080239e-09,3.50084905343975e-09,0.909485669429817,-0.111102085265541
5804,1.57602,1.23132,-2.67953198094035e-09,1.43824998252084e-09,0.9153465823649,0.777752503876539
5804,1.55429,1.25864,9.30461809334406e-10,-4.61139257374245e-10,0.910462498170939,-0.333308963279996
5803,1.53209,1.28558,4.32031665695132e-09,-1.89429260084482e-09,0.912416143750815,0.555523964114853
5803,1.50942,1.31212,7.96444844362583e-09,-3.20084295507587e-09,0.91241614375085,-0.555523964118972
5802,1.48629,1.33826,1.15594818833807e-08,-4.01296369171186e-09,0.910462498170897,0.333308963276791
5802,1.46271,1.364,1.51831740848371e-08,-4.77187570352883e-09,0.915346582364929,-0.77775250387822
5801,1.43868,1.38932,1.89659197949912e-08,-4.95026264118496e-09,0.909485669429954,0.111102085257182
5801,1.41421,1.41421,2.2500844625558e-08,-5.20248741017999e-09,0.919253778307104,-0.999999999999994
850,1.38932,1.43868,2.64074936246078e-08,-4.71964879589195e-09,0.909485669429991,-0.111102085260227
849,1.364,1.46271,2.92894606892229e-08,-3.68253097184663e-09,0.915346582364834,0.777752503871359
849,1.33826,1.48629,3.3685412796334e-08,-3.34763762701645e-09,0.910462498171096,-0.333308963290402
848,1.31212,1.50942,3.64818756049818e-08,-1.69093122053791e-09,0.912416143750729,0.555523964099008
848,1.28558,1.53209,4.05592877186915e-08,-8.96501771378072e-10,0.912416143751184,-0.555523964140596
847,1.25864,1.55429,4.31691014956274e-08,1.35966099535793e-09,0.910462498170846,0.333308963247574
847,1.23132,1.57602,4.68265086513828e-08,2.52485292945066e-09,0.915346582365554,-0.777752503916259
846,1.20363,1.59727,4.92109200424262e-08,5.34549032448434e-09,0.90948566942978,0.111102085221654
845,1.17557,1.61803,5.0288845762002e-08,8.31619454841799e-09,0.919253778306528,0.999999999969813
845,1.14715,1.6383,5.45549295500406e-08,1.01459071795821e-08,0.909485669429915,-0.111102085282135
844,1.11839,1.65808,5.53554016878461e-08,1.35654389235804e-08,0.915346582364625,0.777752503855763
844,1.08928,1.67734,5.91676285621794e-08,1.56491589661895e-08,0.910462498171253,-0.333308963307521
843,1.05984,1.6961,5.96841227582835e-08,1.94976311005576e-08,0.912416143750542,0.555523964080906
843,1.03008,1.71433,6.30026645176237e-08,2.17425616474178e-08,0.912416143751377,-0.555523964158847
842,1,1.73205,6.32094643544157e-08,2.60006725052323e-08,0.910462498170698,0.333308963230309
842,0.969619,1.74924,6.59938340274112e-08,2.83029595378262e-08,0.915346582365766,-0.777752503931825
841,0.938943,1.7659,6.59018599685201e-08,3.29541644952755e-08,0.909485669429764,0.111102085205048
840,0.907981,1.78201,6.43812771839968e-08,3.71543141478902e-08,0.919253778306164,0.99999999995148
840,0.876742,1.79759,6.77525421286469e-08,4.02501736964409e-08,0.909485669429979,-0.11110208530158
839,0.845237,1.81262,6.58887015699351e-08,4.47185357913019e-08,0.91534658236432,0.777752503835068
839,0.813473,1.82709,6.87259256769348e-08,4.77733831869921e-08,0.91046249817139,-0.33330896333004
838,0.781462,1.84101,6.65245121605888e-08,5.25057486181142e-08,0.912416143750255,0.555523964056983
838,0.749213,1.85437,6.88315786321677e-08,5.54264474878097e-08,0.912416143751674,-0.555523964183563
837,0.716736,1.86716,6.630164749167e-08,6.04260885918301e-08,0.910462498170584,0.333308963203304
837,0.68404,1.87939,6.81076981717829e-08,6.31391627450013e-08,0.915346582366261,-0.777752503962098
836,0.651136,1.89104,6.52766468036596e-08,6.8452592694681e-08,0.909485669429719,0.111102085173086
835,0.618034,1.90211,6.11289207131706e-08,7.27119787904347e-08,0.919253778305509,0.999999999918205
835,0.584743,1.91261,6.34873583066781e-08,7.65549656180556e-08,0.909485669430073,-0.111102085335132
834,0.551275,1.92252,5.90152044984331e-08,8.10413456830331e-08,0.915346582363819,0.777752503801204
834,0.517638,1.93185,6.09042392380663e-08,8.46392554219758e-08,0.910462498171637,-0.333308963364254
833,0.483844,1.94059,5.60757533087424e-08,8.93744019375137e-08,0.912416143749877,0.55552396402192
833,0.449902,1.94874,5.75518791754614e-08,9.26930190033832e-08,0.91241614375206,-0.555523964220202
832,0.415823,1.9563,5.23654582681719e-08,9.77302528673489e-08,0.910462498170279,0.333308963168166
832,0.381618,1.96325,5.34769989375022e-08,1.00731192713192e-07,0.915346582366717,-0.777752503993703
831,0.347296,1.96962,4.78898397235782e-08,1.06074840206853e-07,0.909485669429573,0.111102085145737
830,0.312869,1.97538,4.12837602905077e-08,1.09849452590427e-07,0.919253778305012,0.99999999989529
830,0.278346,1.98054,4.26038111114815e-08,1.14258364385236e-07,0.909485669430091,-0.111102085358547
829,0.243739,1.98509,3.5552141562938e-08,1.18168422002867e-07,0.915346582363415,0.77775250377766
829,0.209057,1.98904,3.64717777013844e-08,1.22070753864157e-07,0.910462498171767,-0.333308963386422
828,0.174311,1.99239,2.89446146410051e-08,1.26054962789619e-07,0.912416143749651,0.55552396400147
828,0.139513,1.99513,2.95351562819602e-08,1.29421385514676e-07,0.912416143752224,-0.555523964238419
827,0.104672,1.99726,2.1511803624423e-08,1.33448504446026e-07,0.910462498170184,0.33330896314881
827,0.069799,1.99878,2.18312142981527e-08,1.36173373058409e-07,0.915346582367074,-0.777752504016452
826,0.0349048,1.9997,1.3289983821732e-08,1.40096251363308e-07,0.909485669429527,0.111102085121841
825,1.27747e-16,2,4.2895098258636e-09,1.4203381183422e-07,0.919253778304535,0.999999999870799
825,-0.0349048,1.9997,4.3614274391239e-09,1.4573662721135e-07,0.909485669430051,-0.111102085378537
824,-0.069799,1.99878,-5.03799239293832e-09,1.47396317866082e-07,0.915346582363134,0.777752503762801
824,-0.104672,1.99726,-5.14340844508163e-09,1.50206001678546e-07,0.910462498171695,-0.333308963393583
823,-0.139513,1.99513,-1.48951024912986e-08,1.51536212783846e-07,0.912416143749585,0.555523964001401
823,-0.174311,1.99239,-1.50783587718803e-08,1.53476376196115e-07,0.912416143752112,-0.555523964232297
822,-0.209057,1.98904,-2.51390992676951e-08,1.54496786248859e-07,0.910462498170195,0.333308963161685
822,-0.243739,1.98509,-2.53031897093941e-08,1.5557006578011e-07,0.915346582366744,-0.777752503996403
821,-0.278346,1.98054,-3.56289190368754e-08,1.56195910739619e-07,0.909485669429538,0.111102085145537
820,-0.312869,1.97538,-4.56405631875049e-08,1.54741054615326e-07,0.919253778305041,0.999999999897278
820,-0.347296,1.96962,-4.61955139575533e-08,1.56542506064357e-07,0.90948566942996,-0.111102085350006
819,-0.381618,1.96325,-5.63222630074436e-08,1.54717412180068e-07,0.915346582363608,0.777752503792493
819,-0.415823,1.9563,-5.67300767432906e-08,1.55672806890555e-07,0.910462498171543,-0.333308963366333
818,-0.449902,1.94874,-6.69671923178019e-08,1.53560279800318e-07,0.912416143749872,0.555523964026316
818,-0.483844,1.94059,-6.71591498730888e-08,1.53747178301437e-07,0.912416143751875,-0.555523964209561
817,-0.517638,1.93185,-7.74972461421728e-08,1.51388999055359e-07,0.910462498170336,0.333308963182646
817,-0.551275,1.92252,-7.73977092836222e-08,1.50850275556777e-07,0.915346582366457,-0.777752503976948
816,-0.584743,1.91261,-8.78020513426103e-08,1.48223646545767e-07,0.909485669429562,0.111102085165907
815,-0.618034,1.90211,-9.72458740375865e-08,1.43745497392069e-07,0.919253778305526,0.999999999919175
815,-0.651136,1.89104,-9.78159018020853e-08,1.44094899714553e-07,0.909485669429935,-0.111102085328253
814,-0.68404,1.87939,-1.07297574757018e-07,1.3944178868847e-07,0.915346582363941,0.777752503814277
814,-0.716736,1.86716,-1.0757529997512e-07,1.39223684569999e-07,0.910462498171402,-0.333308963343933
813,-0.749213,1.85437,-1.17163818989637e-07,1.34486996155842e-07,0.912416143750117,0.555523964050053
813,-0.781462,1.84101,-1.17077780566687e-07,1.33724361285993e-07,0.912416143751584,-0.555523964183396
812,-0.813473,1.82709,-1.26797335175599e-07,1.28876791173316e-07,0.910462498170484,0.33330896321226
812,-0.845237,1.81262,-1.2631299810886e-07,1.27632849216039e-07,0.91534658236591,-0.7777525039432
811,-0.876742,1.79759,-1.36203804022669e-07,1.22691816997904e-07,0.909485669429639,0.111102085200672
810,-0.907981,1.78201,-1.44668618058466e-07,1.16276135767371e-07,0.919253778306197,0.999999999954239
810,-0.938943,1.7659,-1.45394050167221e-07,1.15976773210729e-07,0.909485669429848,-0.111102085292613
809,-0.969619,1.74924,-1.54050058792351e-07,1.09472024151433e-07,0.915346582364533,0.777752503850298
809,-1,1.73205,-1.54412899579748e-07,1.08755103228176e-07,0.910462498171205,-0.333308963308436
808,-1.03008,1.71433,-1.63304119770153e-07,1.02150278876232e-07,0.912416143750522,0.55552396408444
808,-1.05984,1.6961,-1.63230620670344e-07,1.01030437342541e-07,0.912416143751243,-0.555523964150944
807,-1.08928,1.67734,-1.72343067226253e-07,9.42876495543251e-08,0.910462498170733,0.33330896324243
807,-1.11839,1.65808,-1.71831334249558e-07,9.28362674067715e-08,0.915346582365511,-0.777752503915504
806,-1.14715,1.6383,-1.81223610888717e-07,8.59029744519068e-08,0.909485669429678,0.11110208522852
805,-1.17557,1.61803,-1.88869460816957e-07,7.78989094059957e-08,0.91925377830677,0.999999999982889
805,-1.20363,1.59727,-1.89925252740419e-07,7.69941889325344e-08,0.909485669429819,-0.111102085265551
804,-1.23132,1.57602,-1.9783459315569e-07,6.88039002702573e-08,0.915346582364893,0.777752503876544
804,-1.25864,1.55429,-1.98398030957668e-07,6.75368407997174e-08,0.910462498170937,-0.333308963279986
803,-1.28558,1.53209,-2.06522534220677e-07,5.90819636538149e-08,0.912416143750809,0.555523964114847
803,-1.31212,1.50942,-2.06526723360574e-07,5.74807017860264e-08,0.912416143750849,-0.555523964118962
802,-1.33826,1.48629,-2.14794987647556e-07,4.87148151916623e-08,0.910462498170897,0.333308963276791
802,-1.364,1.46271,-2.14210948563798e-07,4.68335451068039e-08,0.915346582364928,-0.77775250387821
801,-1.38932,1.43868,-2.22614716011544e-07,3.77026749822149e-08,0.909485669429954,0.111102085257172
801,-1.41421,1.41421,-2.21436218581108e-07,3.55954020120838e-08,0.919253778307104,-0.999999999999994
15850,-1.43868,1.38932,-2.29934870355699e-07,2.60440692461626e-08,0.909485669429991,-0.111102085260237
15849,-1.46271,1.364,-2.36448932812097e-07,1.59771247021681e-08,0.915346582364828,0.777752503871364
15849,-1.48629,1.33826,-2.36637165122337e-07,1.378974260459e-08,0.910462498171103,-0.333308963290387
15848,-1.50942,1.31212,-2.43127727322035e-07,3.37008701081858e-09,0.912416143750729,0.555523964099008
15848,-1.53209,1.28558,-2.42565560807806e-07,9.57522876096094e-10,0.912416143751185,-0.555523964140586
15847,-1.55429,1.25864,-2.48912043193018e-07,-9.85687781902981e-09,0.910462498170851,0.333308963247569
15847,-1.57602,1.23132,-2.47558821941329e-07,-1.24377463445634e-08,0.915346582365555,-0.777752503916249
15846,-1.59727,1.20363,-2.53674535776399e-07,-2.36208905870238e-08,0.909485669429784,0.111102085221639
15845,-1.61803,1.17557,-2.577887432996e-07,-3.48691454901081e-08,0.919253778306531,0.999999999969823
15845,-1.6383,1.14715,-2.57402583679184e-07,-3.78386141291354e-08,0.909485669429917,-0.111102085282151
15844,-1.65808,1.11839,-2.61265658434605e-07,-4.93688829438032e-08,0.915346582364627,0.777752503855772
15844,-1.67734,1.08928,-2.6002445685435e-07,-5.2433781255094e-08,0.910462498171251,-0.333308963307506
15843,-1.6961,1.05984,-2.63525453453366e-07,-6.42104895891503e-08,0.912416143750542,0.555523964080906
15843,-1.71433,1.03008,-2.61421929773536e-07,-6.72936001417329e-08,0.912416143751375,-0.555523964158831
15842,-1.73205,1,-2.64460088488405e-07,-7.93098902919114e-08,0.910462498170697,0.333308963230296
15842,-1.74924,0.969619,-2.61462301865946e-07,-8.23416313286386e-08,0.915346582365764,-0.777752503931822
15841,-1.7659,0.938943,-2.63987649837547e-07,-9.45238060688612e-08,0.909485669429762,0.111102085205035
15840,-1.78201,0.907981,-2.64698498194056e-07,-1.06240404666737e-07,0.919253778306162,0.999999999951483
15840,-1.79759,0.876742,-2.62131778912648e-07,-1.09700410107209e-07,0.909485669429984,-0.111102085301589
15839,-1.81262,0.845237,-2.62297925256171e-07,-1.21435959687147e-07,0.915346582364318,0.777752503835071
15839,-1.82709,0.813473,-2.588626254557e-07,-1.24735911530391e-07,0.910462498171391,-0.333308963330024
15838,-1.84101,0.781462,-2.58457247475475e-07,-1.36453781838579e-07,0.912416143750253,0.555523964056986
15838,-1.85437,0.749213,-2.54176750272589e-07,-1.39530736677938e-07,0.912416143751674,-0.555523964183544
15837,-1.86716,0.716736,-2.53128565292535e-07,-1.51125024446016e-07,0.910462498170589,0.333308963203294
15837,-1.87939,0.68404,-2.48077982583105e-07,-1.53921143039167e-07,0.915346582366259,-0.777752503962095
15836,-1.89104,0.651136,-2.46439661622379e-07,-1.6536482574114e-07,0.909485669429715,0.111102085173074
15835,-1.90211,0.618034,-2.43412066986652e-07,-1.76002396966218e-07,0.919253778305508,0.999999999918209
15835,-1.91261,0.584743,-2.38433083564788e-07,-1.79039658097483e-07,0.909485669430068,-0.111102085335144
15834,-1.92252,0.551275,-2.34759967585764e-07,-1.89305834273347e-07,0.915346582363818,0.777752503801208
15834,-1.93185,0.517638,-2.28998881627567e-07,-1.91901949908083e-07,0.910462498171639,-0.333308963364235
15833,-1.94059,0.483844,-2.24698541174703e-07,-2.01758866214981e-07,0.912416143749876,0.555523964021923
15833,-1.94874,0.449902,-2.18331433895447e-07,-2.039550180915e-07,0.912416143752063,-0.555523964220183
15832,-1.9563,0.415823,-2.13501134684359e-07,-2.13372851434682e-07,0.910462498170272,0.333308963168156
15832,-1.96325,0.381618,-2.06665988495739e-07,-2.15192157064696e-07,0.915346582366716,-0.7777525039937
15831,-1.96962,0.347296,-2.01327337592694e-07,-2.24085733463619e-07,0.909485669429575,0.111102085145728
15830,-1.97538,0.312869,-1.95120479009278e-07,-2.3203908658212e-07,0.91925377830502,0.999999999895294
15830,-1.98054,0.278346,-1.88189386942016e-07,-2.33749854399895e-07,0.909485669430092,-0.111102085358556
15829,-1.98509,0.243739,-1.81506622386639e-07,-2.41043679083878e-07,0.915346582363415,0.777752503777664
15829,-1.98904,0.209057,-1.74083651949146e-07,-2.42191879392566e-07,0.910462498171765,-0.333308963386404
15828,-1.99239,0.174311,-1.66968019064122e-07,-2.48747665277239e-07,0.912416143749651,0.555523964001473
15828,-1.99513,0.139513,-1.59265660552853e-07,-2.49472932389314e-07,0.912416143752222,-0.5555239642384
15827,-1.99726,0.104672,-1.51835054879621e-07,-2.55330508461376e-07,0.910462498170184,0.3333089631488
15827,-1.99878,0.069799,-1.43906076346409e-07,-2.55633406866672e-07,0.915346582367074,-0.777752504016448
15826,-1.9997,0.0349048,-1.36129381909748e-07,-2.60636951268832e-07,0.909485669429527,0.111102085121831
15825,-2,2.46315e-16,-1.27979305736721e-07,-2.6479861610902e-07,0.919253778304535,0.999999999870803
15825,-1.9997,-0.0349048,-1.19900131688713e-07,-2.64531560191708e-07,0.909485669430051,-0.111102085378547
15824,-1.99878,-0.069799,-1.11537958074239e-07,-2.67805299204136e-07,0.915346582363134,0.777752503762804
15824,-1.99726,-0.104672,-1.03303449158946e-07,-2.67000153141913e-07,0.910462498171696,-0.333308963393566
15823,-1.99513,-0.139513,-9.48195691514309e-08,-2.69363050868036e-07,0.912416143749586,0.555523964001405
15823,-1.99239,-0.174311,-8.65685607562189e-08,-2.6817845729108e-07,0.912416143752114,-0.555523964232279
15822,-1.98904,-0.209057,-7.80843796406954e-08,-2.69701746109509e-07,0.910462498170195,0.333308963161688
15822,-1.98509,-0.243739,-6.988581163514e-08,-2.6822355380567e-07,0.915346582366744,-0.7777525039964
15821,-1.98054,-0.278346,-6.14151683701746e-08,-2.68793428723534e-07,0.909485669429545,0.111102085145526
15820,-1.97538,-0.312869,-5.29551013738283e-08,-2.68806329637792e-07,0.919253778305042,0.999999999897283
15820,-1.96962,-0.347296,-4.48736744302268e-08,-2.6649848569354e-07,0.909485669429957,-0.111102085350017
15819,-1.96325,-0.381618,-3.65684445355012e-08,-2.6562095553852e-07,0.915346582363609,0.777752503792499
15819,-1.9563,-0.415823,-2.86377532186705e-08,-2.63024708296769e-07,0.910462498171549,-0.333308963366345
15818,-1.94874,-0.449902,-2.05755018855604e-08,-2.61337297297852e-07,0.912416143749872,0.555523964026319
15818,-1.94059,-0.483844,-1.28270351935419e-08,-2.58541886636072e-07,0.91241614375188,-0.555523964209544
15817,-1.93185,-0.517638,-5.06221510771003e-09,-2.56012976118469e-07,0.910462498170337,0.33330896318265
15817,-1.92252,-0.551275,2.50125620127812e-09,-2.53026130715016e-07,0.915346582366458,-0.777752503976945
15816,-1.91261,-0.584743,9.9009619974348e-09,-2.49511924166393e-07,0.909485669429567,0.111102085165898
15815,-1.90211,-0.618034,1.71151072382825e-08,-2.45851952317034e-07,0.919253778305528,0.999999999919178
15815,-1.89104,-0.651136,2.42285240579445e-08,-2.41847187206504e-07,0.90948566942994,-0.111102085328262
15814,-1.87939,-0.68404,3.09964093023468e-08,-2.37364100987239e-07,0.915346582363942,0.77775250381428
15814,-1.86716,-0.716736,3.7836693767471e-08,-2.33285074570478e-07,0.910462498171397,-0.333308963343943
15813,-1.85437,-0.749213,4.40864765817047e-08,-2.28061471731285e-07,0.912416143750119,0.555523964050056
15813,-1.84101,-0.781462,5.06404436098773e-08,-2.23866329455665e-07,0.912416143751582,-0.555523964183381
15812,-1.82709,-0.813473,5.63112610040875e-08,-2.17868866996076e-07,0.910462498170486,0.333308963212263
15812,-1.81262,-0.845237,6.25904553101307e-08,-2.1360938118772e-07,0.915346582365912,-0.777752503943197
15811,-1.79759,-0.876742,6.76048353095135e-08,-2.06866416504573e-07,0.909485669429641,0.111102085200675
15810,-1.78201,-0.907981,7.24407937429424e-08,-2.00323110574183e-07,0.919253778306197,0.999999999954239
15810,-1.7659,-0.938943,7.78804849475958e-08,-1.95149873906592e-07,0.90948566942985,-0.11110208529261
15809,-1.74924,-0.969619,8.20172205109601e-08,-1.88000223011146e-07,0.915346582364535,0.777752503850301
15809,-1.73205,-1,8.71332610048175e-08,-1.82882896006169e-07,0.9104624981712,-0.333308963308458
15808,-1.71433,-1.03008,9.05346721154288e-08,-1.75173711436977e-07,0.912416143750526,0.555523964084446
15808,-1.6961,-1.05984,9.53175925494045e-08,-1.70077701725232e-07,0.912416143751243,-0.555523964150944
15807,-1.67734,-1.08928,9.78832999221985e-08,-1.61795213792987e-07,0.910462498170725,0.333308963242434
15807,-1.65808,-1.11839,1.02341840353838e-07,-1.56796483776093e-07,0.915346582365503,-0.7777525039155
15806,-1.6383,-1.14715,1.04058352297766e-07,-1.48080474090572e-07,0.90948566942967,0.111102085228524
15805,-1.61803,-1.17557,1.05767940510618e-07,-1.39830702808565e-07,0.919253778306763,0.999999999982893
15805,-1.59727,-1.20363,1.09043483940899e-07,-1.34131857350309e-07,0.909485669429812,-0.111102085265547
15804,-1.57602,-1.23132,1.09898549344126e-07,-1.2556560205654e-07,0.915346582364898,0.777752503876549
15804,-1.55429,-1.25864,1.12810881589844e-07,-1.20042000119518e-07,0.910462498170935,-0.333308963280012
15803,-1.53209,-1.28558,1.12769177055343e-07,-1.11215213485839e-07,0.912416143750815,0.555523964114853
15803,-1.50942,-1.31212,1.15329162626808e-07,-1.05867620831075e-07,0.912416143750855,-0.555523964118957
15802,-1.48629,-1.33826,1.14331528202526e-07,-9.68395609903528e-08,0.910462498170897,0.333308963276791
15802,-1.46271,-1.364,1.16545853646435e-07,-9.1707054848361e-08,0.915346582364928,-0.77775250387821
15801,-1.43868,-1.38932,1.14607645798614e-07,-8.263729519157e-08,0.909485669429954,0.111102085257172
15801,-1.41421,-1.41421,1.16514841677822e-07,-7.77630835382912e-08,0.919253778307098,-0.999999999999989
10084,-1.38932,-1.43868,1.13660132445772e-07,-6.87768753685856e-08,-0.909485669429983,0.111102085260242
10184,-1.364,-1.46271,1.11096856018841e-07,-6.04006009625929e-08,-0.915346582364814,-0.777752503871363
10184,-1.33826,-1.48629,1.11466166786409e-07,-5.53543765661446e-08,-0.910462498171062,0.333308963290425
10284,-1.31212,-1.50942,1.08002816363429e-07,-4.718368626563e-08,-0.912416143750702,-0.555523964098991
10284,-1.28558,-1.53209,1.08018752195336e-07,-4.25171691518125e-08,-0.912416143751175,0.55552396414059
10384,-1.25864,-1.55429,1.03678297347942e-07,-3.46912231752615e-08,-0.910462498170858,-0.333308963247603
10384,-1.23132,-1.57602,1.03363622340092e-07,-3.04281912227027e-08,-0.915346582365569,0.777752503916277
10484,-1.20363,-1.59727,9.8173461243226e-08,-2.30880274667881e-08,-0.909485669429755,-0.111102085221656
10584,-1.17557,-1.61803,9.35454839808541e-08,-1.63562221638314e-08,-0.919253778306467,-0.999999999969833
10584,-1.14715,-1.6383,9.16024913418788e-08,-1.25873154630423e-08,-0.909485669429891,0.111102085282108
10684,-1.11839,-1.65808,8.62886112809634e-08,-6.51731844712224e-09,-0.915346582364624,-0.777752503855743
10684,-1.08928,-1.67734,8.40819212384939e-08,-3.3652904146986e-09,-0.910462498171255,0.333308963307532
10784,-1.05984,-1.6961,7.81448489755149e-08,1.90735050513935e-09,-0.912416143750544,-0.555523964080908
10784,-1.03008,-1.71433,7.57080689567879e-08,4.41120370944991e-09,-0.912416143751393,0.555523964158839
10884,-1,-1.73205,6.92521093870913e-08,8.72894403403473e-09,-0.910462498170715,-0.333308963230315
10884,-0.969619,-1.74924,6.66135352949597e-08,1.05685713231683e-08,-0.915346582365772,0.777752503931858
10984,-0.938943,-1.7659,5.97681019596339e-08,1.38103789104501e-08,-0.909485669429763,-0.111102085205032
11084,-0.907981,-1.78201,5.38195817688055e-08,1.66161951163027e-08,-0.919253778306154,-0.99999999995149
11084,-0.876742,-1.79759,4.98909513483146e-08,1.70139172772008e-08,-0.909485669429981,0.111102085301552
11184,-0.845237,-1.81262,4.37584664203495e-08,1.86363621806159e-08,-0.915346582364332,-0.777752503835052
11184,-0.813473,-1.82709,3.98365243574639e-08,1.82221933151124e-08,-0.910462498171421,0.333308963330044
11284,-0.781462,-1.84101,3.37132993303681e-08,1.85916582465695e-08,-0.912416143750289,-0.555523964056998
11284,-0.749213,-1.85437,2.98632335277667e-08,1.73953737901121e-08,-0.912416143751684,0.555523964183542
11384,-0.716736,-1.86716,2.39003176339904e-08,1.64549689972817e-08,-0.910462498170579,-0.333308963203316
11384,-0.68404,-1.87939,2.01947277369705e-08,1.45225737125115e-08,-0.915346582366256,0.777752503962127
11484,-0.651136,-1.89104,1.46124305168562e-08,1.22788658006845e-08,-0.9094856694297,-0.111102085173069
11584,-0.618034,-1.90211,1.02459227696823e-08,1.00387577039693e-08,-0.919253778305473,-0.9999999999182
11584,-0.584743,-1.91261,6.09936220208055e-09,6.17352324217055e-09,-0.909485669430035,0.111102085335111
11684,-0.551275,-1.92252,2.30166197983283e-09,2.71263625491301e-09,-0.915346582363772,-0.777752503801188
11684,-0.517638,-1.93185,-1.48720993819073e-09,-1.80138306722342e-09,-0.910462498171642,0.333308963364261
11784,-0.483844,-1.94059,-4.53795218652986e-09,-6.41538048047903e-09,-0.912416143749915,-0.555523964021929
11784,-0.449902,-1.94874,-7.85992853031745e-09,-1.13735262858952e-08,-0.912416143752077,0.555523964220183
11884,-0.415823,-1.9563,-9.97398483445319e-09,-1.69659645940477e-08,-0.910462498170266,-0.33330896316818
11884,-0.381618,-1.96325,-1.27735993850139e-08,-2.21654653195664e-08,-0.915346582366712,0.777752503993725
11984,-0.347296,-1.96962,-1.38382399672733e-08,-2.85902008457024e-08,-0.909485669429565,-0.111102085145729
12084,-0.312869,-1.97538,-1.36370441772238e-08,-3.42486663535712e-08,-0.919253778305011,-0.999999999895287
12084,-0.278346,-1.98054,-1.60601675986838e-08,-4.10051289130903e-08,-0.909485669430107,0.111102085358526
12184,-0.243739,-1.98509,-1.47555439898608e-08,-4.72321913074055e-08,-0.915346582363447,-0.777752503777644
12184,-0.209057,-1.98904,-1.66125669429743e-08,-5.39532729019283e-08,-0.910462498171781,0.333308963386432
12284,-0.174311,-1.99239,-1.41476046411111e-08,-6.0581301519455e-08,-0.912416143749663,-0.555523964001473
12284,-0.139513,-1.99513,-1.54381675395132e-08,-6.69577297146151e-08,-0.912416143752267,0.555523964238395
12384,-0.104672,-1.99726,-1.1789280643824e-08,-7.37441588086411e-08,-0.910462498170238,-0.333308963148834
12384,-0.069799,-1.99878,-1.25836264230635e-08,-7.9621190575962e-08,-0.915346582367131,0.777752504016471
12484,-0.0349048,-1.9997,-7.77963458706922e-09,-8.65148639109023e-08,-0.909485669429557,-0.111102085121833
12584,-4.35203e-16,-2,-2.12547415015897e-09,-9.18346746999371e-08,-0.919253778304537,-0.999999999870803
12584,0.0349048,-1.9997,-2.22784615169684e-09,-9.87448944542017e-08,-0.909485669430058,0.111102085378513
12684,0.069799,-1.99878,4.47594657461195e-09,-1.03959867243764e-07,-0.915346582363139,-0.777752503762792
12684,0.104672,-1.99726,4.75562400038004e-09,-1.10244703712233e-07,-0.9104624981717,0.333308963393593
12784,0.139513,-1.99513,1.247214895931e-08,-1.15287259177513e-07,-0.912416143749591,-0.555523964001403
12784,0.174311,-1.99239,1.30352100627186e-08,-1.20790481886819e-07,-0.912416143752134,0.555523964232273
12884,0.209057,-1.98904,2.17133227767508e-08,-1.25547122381033e-07,-0.91046249817019,-0.333308963161724
12884,0.243739,-1.98509,2.2454579919402e-08,-1.30203454813257e-07,-0.915346582366752,0.777752503996427
12984,0.278346,-1.98054,3.20646189410668e-08,-1.34751464991715e-07,-0.909485669429543,-0.111102085145531
13084,0.312869,-1.97538,4.1785633319893e-08,-1.37269954824974e-07,-0.919253778305079,-0.999999999897294
13084,0.347296,-1.96962,4.34500169591103e-08,-1.43011230236429e-07,-0.909485669429971,0.111102085349981
13184,0.381618,-1.96325,5.39815026748613e-08,-1.452566350546e-07,-0.915346582363621,-0.777752503792476
13184,0.415823,-1.9563,5.57273963676734e-08,-1.50179876183601e-07,-0.910462498171561,0.33330896336634
13284,0.449902,-1.94874,6.70225215940269e-08,-1.52068237184174e-07,-0.912416143749886,-0.555523964026324
13284,0.483844,-1.94059,6.87480892173585e-08,-1.56144117812278e-07,-0.912416143751904,0.555523964209538
13384,0.517638,-1.93185,8.0796567279515e-08,-1.57655290613719e-07,-0.910462498170363,-0.333308963182687
13384,0.551275,-1.92252,8.24273536629794e-08,-1.60925144781936e-07,-0.915346582366464,0.777752503976962
13484,0.584743,-1.91261,9.52601692671455e-08,-1.62068174813556e-07,-0.909485669429569,-0.111102085165906
13584,0.618034,-1.90211,1.0744405600197e-07,-1.61092466752917e-07,-0.919253778305519,-0.999999999919186
13584,0.651136,-1.89104,1.10272458305432e-07,-1.65244532256637e-07,-0.909485669429928,0.111102085328226
13684,0.68404,-1.87939,1.23042952200091e-07,-1.63758110640133e-07,-0.915346582363942,-0.777752503814258
13684,0.716736,-1.86716,1.25565667799738e-07,-1.6692046029655e-07,-0.910462498171394,0.333308963343945
13784,0.749213,-1.85437,1.3881543701859e-07,-1.64769945462834e-07,-0.912416143750121,-0.555523964050058
13784,0.781462,-1.84101,1.40943032471156e-07,-1.66980180117019e-07,-0.91241614375158,0.555523964183364
13884,0.813473,-1.82709,1.54599471102944e-07,-1.64123669683693e-07,-0.91046249817049,-0.333308963212306
13884,0.845237,-1.81262,1.56201807738668e-07,-1.65378012176743e-07,-0.915346582365913,0.777752503943214
13984,0.876742,-1.79759,1.70149100915305e-07,-1.61716512349414e-07,-0.909485669429626,-0.1111020852007
14084,0.907981,-1.78201,1.82697793382069e-07,-1.5608659865464e-07,-0.919253778306215,-0.999999999954254
14084,0.938943,-1.7659,1.8518246116234e-07,-1.5748186665241e-07,-0.909485669429858,0.111102085292581
14184,0.969619,-1.74924,1.97725041417474e-07,-1.5105280468222e-07,-0.915346582364524,-0.777752503850263
14184,1,-1.73205,1.99377189754497e-07,-1.51414302101937e-07,-0.910462498171194,0.333308963308465
14284,1.03008,-1.71433,2.11783741912562e-07,-1.44166901705492e-07,-0.91241614375052,-0.55552396408445
14284,1.05984,-1.6961,2.1255802229811e-07,-1.43612380203873e-07,-0.912416143751235,0.55552396415093
14384,1.08928,-1.67734,2.24765941632205e-07,-1.35570304401947e-07,-0.910462498170724,-0.333308963242461
14384,1.11839,-1.65808,2.24541985491583e-07,-1.34154749070551e-07,-0.915346582365498,0.777752503915531
14484,1.14715,-1.6383,2.36374980369096e-07,-1.25343016633933e-07,-0.909485669429676,-0.111102085228531
14584,1.17557,-1.61803,2.4611010951829e-07,-1.15122581984955e-07,-0.919253778306762,-0.999999999982903
14584,1.20363,-1.59727,2.46385872742816e-07,-1.13609811982049e-07,-0.909485669429825,0.1111020852655
14684,1.23132,-1.57602,2.55542336258805e-07,-1.02779704700719e-07,-0.91534658236492,-0.777752503876537
14684,1.25864,-1.55429,2.54642217629914e-07,-1.00554341644249e-07,-0.910462498170955,0.333308963280004
14784,1.28558,-1.53209,2.63168235472652e-07,-8.92089684762611e-08,-0.912416143750819,-0.555523964114867
14784,1.31212,-1.50942,2.61095149116448e-07,-8.64217335204486e-08,-0.912416143750872,0.555523964118932
14884,1.33826,-1.48629,2.68979071640778e-07,-7.46545481741045e-08,-0.910462498170903,-0.333308963276861
14884,1.364,-1.46271,2.6573678710543e-07,-7.14428689386788e-08,-0.915346582364901,0.777752503878194
14984,1.38932,-1.43868,2.72924263732562e-07,-5.93727023071704e-08,-0.909485669429939,-0.111102085257194
14984,1.41421,-1.41421,2.68535338282609e-07,-5.58796959938388e-08,-0.919253778307102,0.999999999999985
5850,1.43868,-1.38932,2.750472910052e-07,-4.36435784408704e-08,0.909485669429985,-0.111102085260202
5849,1.46271,-1.364,2.79154889769387e-07,-3.09943880731795e-08,0.915346582364833,0.777752503871339
5849,1.48629,-1.33826,2.75519340904518e-07,-2.76980370232589e-08,0.910462498171102,-0.333308963290407
5848,1.50942,-1.31212,2.7904939653055e-07,-1.50949991533009e-08,0.91241614375073,0.555523964099018
5848,1.53209,-1.28558,2.74443530764303e-07,-1.17341766136899e-08,0.912416143751186,-0.555523964140576
5847,1.55429,-1.25864,2.77390516452809e-07,7.61221154365129e-10,0.91046249817085,0.333308963247604
5847,1.57602,-1.23132,2.71838831532812e-07,4.07833241953114e-09,0.91534658236556,-0.777752503916265
5846,1.59727,-1.20363,2.74157716213829e-07,1.6443525122244e-08,0.909485669429786,0.111102085221649
5845,1.61803,-1.17557,2.74189589398402e-07,2.86081910385771e-08,0.919253778306525,0.999999999969829
5845,1.6383,-1.14715,2.69276139523012e-07,3.18079705382218e-08,0.909485669429914,-0.11110208528211
5844,1.65808,-1.11839,2.68667031376327e-07,4.36870333658761e-08,0.915346582364627,0.777752503855747
5844,1.67734,-1.08928,2.62739769284736e-07,4.66907638568877e-08,0.910462498171258,-0.333308963307527
5843,1.6961,-1.05984,2.61486994926683e-07,5.82311716364825e-08,0.912416143750537,0.555523964080912
5843,1.71433,-1.03008,2.54621780233898e-07,6.09367801617537e-08,0.912416143751378,-0.555523964158821
5842,1.73205,-1,2.52757843104693e-07,7.20578908522342e-08,0.910462498170701,0.333308963230334
5842,1.74924,-0.969619,2.4510668638988e-07,7.43777844533725e-08,0.915346582365767,-0.777752503931841
5841,1.7659,-0.938943,2.42729925507108e-07,8.50342099366368e-08,0.909485669429766,0.111102085205045
5840,1.78201,-0.907981,2.38499555531954e-07,9.48596811137493e-08,0.919253778306158,0.99999999995149
5840,1.79759,-0.876742,2.31709311589581e-07,9.70842275135227e-08,0.909485669429983,-0.111102085301555
5839,1.81262,-0.845237,2.27239711005933e-07,1.06347992419222e-07,0.915346582364319,0.777752503835052
5839,1.82709,-0.813473,2.19946737897375e-07,1.0814495546523e-07,0.910462498171384,-0.333308963330046
5838,1.84101,-0.781462,2.15257641349223e-07,1.16834389390137e-07,0.912416143750258,0.555523964056995
5838,1.85437,-0.749213,2.07525166762094e-07,1.18150488753466e-07,0.91241614375167,-0.555523964183538
5837,1.86716,-0.716736,2.02588749175316e-07,1.26265064947687e-07,0.91046249817059,0.333308963203332
5837,1.87939,-0.68404,1.94456063826385e-07,1.27049327886132e-07,0.915346582366259,-0.777752503962114
5836,1.89104,-0.651136,1.89241163123439e-07,1.34550441461341e-07,0.909485669429712,0.11110208517308
5835,1.90211,-0.618034,1.82798772965973e-07,1.40945930000631e-07,0.919253778305505,0.999999999918216
5835,1.91261,-0.584743,1.75426701288584e-07,1.4169147005533e-07,0.909485669430072,-0.111102085335106
5834,1.92252,-0.551275,1.68981176755145e-07,1.47504590046313e-07,0.915346582363824,0.777752503801191
5834,1.93185,-0.517638,1.61457386426772e-07,1.47792041158345e-07,0.910462498171638,-0.333308963364257
5833,1.94059,-0.483844,1.55049203905673e-07,1.53028905213642e-07,0.912416143749874,0.555523964021932
5833,1.94874,-0.449902,1.47415969471498e-07,1.5282919678121e-07,0.91241614375206,-0.555523964220175
5832,1.9563,-0.415823,1.40993072068026e-07,1.57448071506173e-07,0.910462498170272,0.333308963168192
5832,1.96325,-0.381618,1.33286295246706e-07,1.5673412674916e-07,0.915346582366721,-0.777752503993719
5831,1.96962,-0.347296,1.26825154075377e-07,1.60704992316543e-07,0.909485669429573,0.111102085145735
5830,1.97538,-0.312869,1.19769597661537e-07,1.63608116286647e-07,0.919253778305019,0.999999999895301
5830,1.98054,-0.278346,1.12649151083856e-07,1.62809839337257e-07,0.909485669430095,-0.11110208535852
5829,1.98509,-0.243739,1.0569597769349e-07,1.65097893026048e-07,0.915346582363408,0.777752503777643
5829,1.98904,-0.209057,9.86007547173511e-08,1.63812419404881e-07,0.910462498171767,-0.333308963386425
5828,1.99239,-0.174311,9.17612690709797e-08,1.65464743142376e-07,0.91241614374965,0.555523964001481
5828,1.99513,-0.139513,8.47291975317083e-08,1.63665698862454e-07,0.912416143752221,-0.555523964238393
5827,1.99726,-0.104672,7.79923235208393e-08,1.64608570802432e-07,0.910462498170182,0.333308963148836
5827,1.99878,-0.069799,7.10975935606892e-08,1.62321331583105e-07,0.915346582367075,-0.777752504016468
5826,1.9997,-0.0349048,6.45139366949615e-08,1.62563740723315e-07,0.909485669429527,0.111102085121839
