origElemNum,globCoord-x,globCoord-y,acouPotentialD1-,locCoord-xi,locCoord-eta
5825,2,-2.20442e-18,1267.34218533599,0.919253778304535,0.999999999870795
5825,1.9997,0.0349048,1371.99240315893,0.909485669430051,-0.11110208537854
5824,1.99878,0.069799,1469.0877085778,0.915346582363134,0.7777525037628
5824,1.99726,0.104672,1509.7230317216,0.910462498171695,-0.333308963393583
5823,1.99513,0.139513,1516.50868725083,0.912416143749585,0.555523964001403
5823,1.99239,0.174311,1468.46222262967,0.912416143752112,-0.555523964232293
5822,1.98904,0.209057,1401.09027915583,0.910462498170195,0.33330896316169
5822,1.98509,0.243739,1323.33323602955,0.915346582366752,-0.777752503996411
5821,1.98054,0.278346,1274.15874496825,0.909485669429537,0.111102085145532
5820,1.97538,0.312869,1237.62304026443,0.91925377830504,0.999999999897275
5820,1.96962,0.347296,1227.85671089784,0.909485669429959,-0.111102085350008
5819,1.96325,0.381618,1211.99122107031,0.915346582363608,0.777752503792493
5819,1.9563,0.415823,1150.98245624955,0.910462498171543,-0.333308963366333
5818,1.94874,0.449902,1048.12032525316,0.912416143749872,0.555523964026318
5818,1.94059,0.483844,879.30399882864,0.912416143751876,-0.555523964209557
5817,1.93185,0.517638,676.639100620873,0.910462498170338,0.333308963182653
5817,1.92252,0.551275,453.580826533772,0.915346582366455,-0.777752503976955
5816,1.91261,0.584743,258.730465569735,0.909485669429567,0.111102085165898
5815,1.90211,0.618034,75.759897827434,0.919253778305533,0.999999999919169
5815,1.89104,0.651136,-65.3835146231839,0.909485669429933,-0.111102085328256
5814,1.87939,0.68404,-205.739475499076,0.915346582363941,0.777752503814277
5814,1.86716,0.716736,-360.781501155027,0.910462498171402,-0.333308963343933
5813,1.85437,0.749213,-523.450513891333,0.912416143750119,0.555523964050056
5813,1.84101,0.781462,-700.276739843791,0.912416143751575,-0.555523964183394
5812,1.82709,0.813473,-871.433716031746,0.910462498170486,0.333308963212263
5812,1.81262,0.845237,-1036.39841489907,0.915346582365915,-0.777752503943209
5811,1.79759,0.876742,-1230.19378815145,0.909485669429635,0.111102085200681
5810,1.78201,0.907981,-1425.44375598048,0.919253778306195,0.999999999954235
5810,1.7659,0.938943,-1686.87197732938,0.909485669429844,-0.111102085292603
5809,1.74924,0.969619,-1929.01050933493,0.915346582364538,0.777752503850291
5809,1.73205,1,-2115.64016906952,0.910462498171199,-0.333308963308445
5808,1.71433,1.03008,-2250.64178274777,0.912416143750526,0.555523964084446
5808,1.6961,1.05984,-2311.30904019859,0.912416143751246,-0.555523964150953
5807,1.67734,1.08928,-2439.52410182888,0.910462498170725,0.333308963242434
5807,1.65808,1.11839,-2610.65777907038,0.915346582365508,-0.777752503915519
5806,1.6383,1.14715,-2935.90463939935,0.909485669429676,0.11110208522853
5805,1.61803,1.17557,-3295.0578553389,0.919253778306765,0.999999999982884
5805,1.59727,1.20363,-3584.38104494371,0.909485669429817,-0.111102085265541
5804,1.57602,1.23132,-3857.75082807116,0.9153465823649,0.777752503876539
5804,1.55429,1.25864,-4081.1846759615,0.910462498170939,-0.333308963279996
5803,1.53209,1.28558,-4345.20712693998,0.912416143750815,0.555523964114853
5803,1.50942,1.31212,-4671.84457548019,0.91241614375085,-0.555523964118972
5802,1.48629,1.33826,-4933.57933712689,0.910462498170897,0.333308963276791
5802,1.46271,1.364,-5150.57908103504,0.915346582364929,-0.77775250387822
5801,1.43868,1.38932,-5263.01135378898,0.909485669429954,0.111102085257182
5801,1.41421,1.41421,-5345.06073169884,0.919253778307104,-0.999999999999994
850,1.38932,1.43868,-5470.17144456991,0.909485669429991,-0.111102085260227
849,1.364,1.46271,-5576.14759601143,0.915346582364834,0.777752503871359
849,1.33826,1.48629,-5629.08108129552,0.910462498171096,-0.333308963290402
848,1.31212,1.50942,-5694.662898496,0.912416143750729,0.555523964099008
848,1.28558,1.53209,-5783.82216644353,0.912416143751184,-0.555523964140596
847,1.25864,1.55429,-5946.58018295112,0.910462498170846,0.333308963247574
847,1.23132,1.57602,-6154.21669182425,0.915346582365554,-0.777752503916259
846,1.20363,1.59727,-6499.00523858525,0.90948566942978,0.111102085221654
845,1.17557,1.61803,-6869.94370318667,0.919253778306528,0.999999999969813
845,1.14715,1.6383,-7337.11868909397,0.909485669429915,-0.111102085282135
844,1.11839,1.65808,-7764.18521451276,0.915346582364625,0.777752503855763
844,1.08928,1.67734,-8057.39447970287,0.910462498171253,-0.333308963307521
843,1.05984,1.6961,-8337.25463564915,0.912416143750542,0.555523964080906
843,1.03008,1.71433,-8601.89234271464,0.912416143751377,-0.555523964158847
842,1,1.73205,-8858.95775186859,0.910462498170698,0.333308963230309
842,0.969619,1.74924,-9107.01922046797,0.915346582365766,-0.777752503931825
841,0.938943,1.7659,-9295.14657385416,0.909485669429764,0.111102085205048
840,0.907981,1.78201,-9459.39566924425,0.919253778306164,0.99999999995148
840,0.876742,1.79759,-9741.5433858439,0.909485669429979,-0.11110208530158
839,0.845237,1.81262,-10032.1686151151,0.91534658236432,0.777752503835068
839,0.813473,1.82709,-10390.5175609221,0.91046249817139,-0.33330896333004
838,0.781462,1.84101,-10724.4743475515,0.912416143750255,0.555523964056983
838,0.749213,1.85437,-11027.1646342191,0.912416143751674,-0.555523964183563
837,0.716736,1.86716,-11346.7867239485,0.910462498170584,0.333308963203304
837,0.68404,1.87939,-11673.8267281063,0.915346582366261,-0.777752503962098
836,0.651136,1.89104,-12030.5366850539,0.909485669429719,0.111102085173086
835,0.618034,1.90211,-12386.1236943393,0.919253778305509,0.999999999918205
835,0.584743,1.91261,-12649.0719710123,0.909485669430073,-0.111102085335132
834,0.551275,1.92252,-12884.9001738453,0.915346582363819,0.777752503801204
834,0.517638,1.93185,-13046.8487075465,0.910462498171637,-0.333308963364254
833,0.483844,1.94059,-13212.6445310891,0.912416143749877,0.55552396402192
833,0.449902,1.94874,-13390.1704817978,0.91241614375206,-0.555523964220202
832,0.415823,1.9563,-13613.495236976,0.910462498170279,0.333308963168166
832,0.381618,1.96325,-13863.0994523409,0.915346582366717,-0.777752503993703
831,0.347296,1.96962,-14171.1055105872,0.909485669429573,0.111102085145737
830,0.312869,1.97538,-14484.4061219551,0.919253778305012,0.99999999989529
830,0.278346,1.98054,-14821.0135411157,0.909485669430091,-0.111102085358547
829,0.243739,1.98509,-15128.8697530243,0.915346582363415,0.77775250377766
829,0.209057,1.98904,-15357.9313227714,0.910462498171767,-0.333308963386422
828,0.174311,1.99239,-15503.5863090048,0.912416143749651,0.55552396400147
828,0.139513,1.99513,-15530.0828387489,0.912416143752224,-0.555523964238419
827,0.104672,1.99726,-15480.5122852804,0.910462498170184,0.33330896314881
827,0.069799,1.99878,-15376.3367069724,0.915346582367074,-0.777752504016452
826,0.0349048,1.9997,-15329.0154670708,0.909485669429527,0.111102085121841
825,1.27747e-16,2,-15287.2045072993,0.919253778304535,0.999999999870799
825,-0.0349048,1.9997,-15400.8329220528,0.909485669430051,-0.111102085378537
824,-0.069799,1.99878,-15505.9257797939,0.915346582363134,0.777752503762801
824,-0.104672,1.99726,-15611.5413048735,0.910462498171695,-0.333308963393583
823,-0.139513,1.99513,-15623.8751816295,0.912416143749585,0.555523964001401
823,-0.174311,1.99239,-15501.9526608777,0.912416143752112,-0.555523964232297
822,-0.209057,1.98904,-15228.1017755355,0.910462498170195,0.333308963161685
822,-0.243739,1.98509,-14849.7166901018,0.915346582366744,-0.777752503996403
821,-0.278346,1.98054,-14433.3466244761,0.909485669429538,0.111102085145537
820,-0.312869,1.97538,-14000.0045832673,0.919253778305041,0.999999999897278
820,-0.347296,1.96962,-13731.3571079195,0.90948566942996,-0.111102085350006
819,-0.381618,1.96325,-13485.8305624379,0.915346582363608,0.777752503792493
819,-0.415823,1.9563,-13364.9746629977,0.910462498171543,-0.333308963366333
818,-0.449902,1.94874,-13225.7568473949,0.912416143749872,0.555523964026316
818,-0.483844,1.94059,-13064.6409429291,0.912416143751875,-0.555523964209561
817,-0.517638,1.93185,-12799.5989279088,0.910462498170336,0.333308963182646
817,-0.551275,1.92252,-12462.3657470965,0.915346582366457,-0.777752503976948
816,-0.584743,1.91261,-12034.1204386085,0.909485669429562,0.111102085165907
815,-0.618034,1.90211,-11577.0787539515,0.919253778305526,0.999999999919175
815,-0.651136,1.89104,-11157.1446520774,0.909485669429935,-0.111102085328253
814,-0.68404,1.87939,-10751.1157689017,0.915346582363941,0.777752503814277
814,-0.716736,1.86716,-10426.4654846819,0.910462498171402,-0.333308963343933
813,-0.749213,1.85437,-10123.2603806401,0.912416143750117,0.555523964050053
813,-0.781462,1.84101,-9857.11955789037,0.912416143751584,-0.555523964183396
812,-0.813473,1.82709,-9608.28573838793,0.910462498170484,0.33330896321226
812,-0.845237,1.81262,-9367.72993003931,0.91534658236591,-0.7777525039432
811,-0.876742,1.79759,-9153.39789955271,0.909485669429639,0.111102085200672
810,-0.907981,1.78201,-8938.59405592849,0.919253778306197,0.999999999954239
810,-0.938943,1.7659,-8714.76906131227,0.909485669429848,-0.111102085292613
809,-0.969619,1.74924,-8462.64771951221,0.915346582364533,0.777752503850298
809,-1,1.73205,-8122.94161336689,0.910462498171205,-0.333308963308436
808,-1.03008,1.71433,-7721.42190019466,0.912416143750522,0.55552396408444
808,-1.05984,1.6961,-7230.89182788615,0.912416143751243,-0.555523964150944
807,-1.08928,1.67734,-6708.02797470608,0.910462498170733,0.33330896324243
807,-1.11839,1.65808,-6161.62395112497,0.915346582365511,-0.777752503915504
806,-1.14715,1.6383,-5678.99362615356,0.909485669429678,0.11110208522852
805,-1.17557,1.61803,-5206.52034879802,0.91925377830677,0.999999999982889
805,-1.20363,1.59727,-4855.02495041889,0.909485669429819,-0.111102085265551
804,-1.23132,1.57602,-4507.77436605276,0.915346582364893,0.777752503876544
804,-1.25864,1.55429,-4204.95348184301,0.910462498170937,-0.333308963279986
803,-1.28558,1.53209,-3885.71033726991,0.912416143750809,0.555523964114847
803,-1.31212,1.50942,-3546.66900740132,0.912416143750849,-0.555523964118962
802,-1.33826,1.48629,-3160.78257064723,0.910462498170897,0.333308963276791
802,-1.364,1.46271,-2740.61792179257,0.915346582364928,-0.77775250387821
801,-1.38932,1.43868,-2265.46977706985,0.909485669429954,0.111102085257172
801,-1.41421,1.41421,-1769.68170399206,0.919253778307104,-0.999999999999994
15850,-1.43868,1.38932,-1253.68194302169,0.909485669429991,-0.111102085260237
15849,-1.46271,1.364,-739.451919982734,0.915346582364828,0.777752503871364
15849,-1.48629,1.33826,-256.791440499114,0.910462498171103,-0.333308963290387
15848,-1.50942,1.31212,197.557043380761,0.912416143750729,0.555523964099008
15848,-1.53209,1.28558,606.339342642817,0.912416143751185,-0.555523964140586
15847,-1.55429,1.25864,977.004888547764,0.910462498170851,0.333308963247569
15847,-1.57602,1.23132,1322.5079936956,0.915346582365555,-0.777752503916249
15846,-1.59727,1.20363,1653.89596387436,0.909485669429784,0.111102085221639
15845,-1.61803,1.17557,1982.33208926215,0.919253778306531,0.999999999969823
15845,-1.6383,1.14715,2308.76531990041,0.909485669429917,-0.111102085282151
15844,-1.65808,1.11839,2623.97807766051,0.915346582364627,0.777752503855772
15844,-1.67734,1.08928,2888.77720255903,0.910462498171251,-0.333308963307506
15843,-1.6961,1.05984,3098.0904230616,0.912416143750542,0.555523964080906
15843,-1.71433,1.03008,3222.7350788951,0.912416143751375,-0.555523964158831
15842,-1.73205,1,3280.88533612547,0.910462498170697,0.333308963230296
15842,-1.74924,0.969619,3295.18392639851,0.915346582365764,-0.777752503931822
15841,-1.7659,0.938943,3347.16773051153,0.909485669429762,0.111102085205035
15840,-1.78201,0.907981,3409.87310041568,0.919253778306162,0.999999999951483
15840,-1.79759,0.876742,3639.84365571428,0.909485669429984,-0.111102085301589
15839,-1.81262,0.845237,3891.24529700963,0.915346582364318,0.777752503835071
15839,-1.82709,0.813473,4219.44254472657,0.910462498171391,-0.333308963330024
15838,-1.84101,0.781462,4513.70678009425,0.912416143750253,0.555523964056986
15838,-1.85437,0.749213,4755.04589888264,0.912416143751674,-0.555523964183544
15837,-1.86716,0.716736,4896.35645236512,0.910462498170589,0.333308963203294
15837,-1.87939,0.68404,4971.79741571893,0.915346582366259,-0.777752503962095
15836,-1.89104,0.651136,4998.85710808849,0.909485669429715,0.111102085173074
15835,-1.90211,0.618034,5015.61684993215,0.919253778305508,0.999999999918209
15835,-1.91261,0.584743,5117.01010845143,0.909485669430068,-0.111102085335144
15834,-1.92252,0.551275,5241.85471244691,0.915346582363818,0.777752503801208
15834,-1.93185,0.517638,5451.27524154724,0.910462498171639,-0.333308963364235
15833,-1.94059,0.483844,5666.38275266632,0.912416143749876,0.555523964021923
15833,-1.94874,0.449902,5887.96407811777,0.912416143752063,-0.555523964220183
15832,-1.9563,0.415823,6059.54482475095,0.910462498170272,0.333308963168156
15832,-1.96325,0.381618,6199.76769138645,0.915346582366716,-0.7777525039937
15831,-1.96962,0.347296,6250.85634639865,0.909485669429575,0.111102085145728
15830,-1.97538,0.312869,6284.98289584965,0.91925377830502,0.999999999895294
15830,-1.98054,0.278346,6218.1370868663,0.909485669430092,-0.111102085358556
15829,-1.98509,0.243739,6138.78692664153,0.915346582363415,0.777752503777664
15829,-1.98904,0.209057,5986.18803171718,0.910462498171765,-0.333308963386404
15828,-1.99239,0.174311,5801.93681993846,0.912416143749651,0.555523964001473
15828,-1.99513,0.139513,5566.55940600584,0.912416143752222,-0.5555239642384
15827,-1.99726,0.104672,5290.04598641938,0.910462498170184,0.3333089631488
15827,-1.99878,0.069799,4987.13161364247,0.915346582367074,-0.777752504016448
15826,-1.9997,0.0349048,4650.67620133303,0.909485669429527,0.111102085121831
15825,-2,2.46315e-16,4306.84262950849,0.919253778304535,0.999999999870803
15825,-1.9997,-0.0349048,3950.33295068487,0.909485669430051,-0.111102085378547
15824,-1.99878,-0.069799,3598.90914557755,0.915346582363134,0.777752503762804
15824,-1.99726,-0.104672,3263.22733735224,0.910462498171696,-0.333308963393566
15823,-1.99513,-0.139513,2948.59183382206,0.912416143749586,0.555523964001405
15823,-1.99239,-0.174311,2663.75626940551,0.912416143752114,-0.555523964232279
15822,-1.98904,-0.209057,2397.51176573394,0.910462498170195,0.333308963161688
15822,-1.98509,-0.243739,2146.16410667452,0.915346582366744,-0.7777525039964
15821,-1.98054,-0.278346,1840.60170509464,0.909485669429545,0.111102085145526
15820,-1.97538,-0.312869,1525.07113285324,0.919253778305042,0.999999999897283
15820,-1.96962,-0.347296,1037.58184335775,0.909485669429957,-0.111102085350017
15819,-1.96325,-0.381618,522.822687853862,0.915346582363609,0.777752503792499
15819,-1.9563,-0.415823,-102.197286702265,0.910462498171549,-0.333308963366345
15818,-1.94874,-0.449902,-701.777672902616,0.912416143749872,0.555523964026319
15818,-1.94059,-0.483844,-1261.62076667668,0.91241614375188,-0.555523964209544
15817,-1.93185,-0.517638,-1685.9592496743,0.910462498170337,0.33330896318265
15817,-1.92252,-0.551275,-2020.3793704581,0.915346582366458,-0.777752503976945
15816,-1.91261,-0.584743,-2304.73425990518,0.909485669429567,0.111102085165898
15815,-1.90211,-0.618034,-2578.26977786372,0.919253778305528,0.999999999919178
15815,-1.89104,-0.651136,-3172.88464875913,0.90948566942994,-0.111102085328262
15814,-1.87939,-0.68404,-3851.11601980189,0.915346582363942,0.77775250381428
15814,-1.86716,-0.716736,-4845.94534615363,0.910462498171397,-0.333308963343943
15813,-1.85437,-0.749213,-5817.70027949951,0.912416143750119,0.555523964050056
15813,-1.84101,-0.781462,-6749.89039201578,0.912416143751582,-0.555523964183381
15812,-1.82709,-0.813473,-7424.80094928757,0.910462498170486,0.333308963212263
15812,-1.81262,-0.845237,-7930.3359031619,0.915346582365912,-0.777752503943197
15811,-1.79759,-0.876742,-8368.21646008599,0.909485669429641,0.111102085200675
15810,-1.78201,-0.907981,-8795.04887413586,0.919253778306197,0.999999999954239
15810,-1.7659,-0.938943,-9498.8981802496,0.90948566942985,-0.11110208529261
15809,-1.74924,-0.969619,-10179.3139497902,0.915346582364535,0.777752503850301
15809,-1.73205,-1,-10734.1741902007,0.9104624981712,-0.333308963308458
15808,-1.71433,-1.03008,-11130.4951532687,0.912416143750526,0.555523964084446
15808,-1.6961,-1.05984,-11283.4199362982,0.912416143751243,-0.555523964150944
15807,-1.67734,-1.08928,-11585.1754264823,0.910462498170725,0.333308963242434
15807,-1.65808,-1.11839,-11988.8083288246,0.915346582365503,-0.7777525039155
15806,-1.6383,-1.14715,-12608.7894096759,0.90948566942967,0.111102085228524
15805,-1.61803,-1.17557,-13289.555531038,0.919253778306763,0.999999999982893
15805,-1.59727,-1.20363,-13534.3336249603,0.909485669429812,-0.111102085265547
15804,-1.57602,-1.23132,-13746.0254387933,0.915346582364898,0.777752503876549
15804,-1.55429,-1.25864,-13798.7798984592,0.910462498170935,-0.333308963280012
15803,-1.53209,-1.28558,-13870.4058831577,0.912416143750815,0.555523964114853
15803,-1.50942,-1.31212,-13965.7173510828,0.912416143750855,-0.555523964118957
15802,-1.48629,-1.33826,-13851.902650322,0.910462498170897,0.333308963276791
15802,-1.46271,-1.364,-13602.6309714174,0.915346582364928,-0.77775250387821
15801,-1.43868,-1.38932,-13343.8128445499,0.909485669429954,0.111102085257172
15801,-1.41421,-1.41421,-13091.6458136177,0.919253778307098,-0.999999999999989
10084,-1.38932,-1.43868,-12825.771654243,-0.909485669429983,0.111102085260242
10184,-1.364,-1.46271,-12566.8291797533,-0.915346582364814,-0.777752503871363
10184,-1.33826,-1.48629,-12299.6094420295,-0.910462498171062,0.333308963290425
10284,-1.31212,-1.50942,-12126.6248401008,-0.912416143750702,-0.555523964098991
10284,-1.28558,-1.53209,-12089.0634543432,-0.912416143751175,0.55552396414059
10384,-1.25864,-1.55429,-11900.9881283576,-0.910462498170858,-0.333308963247603
10384,-1.23132,-1.57602,-11617.0106172426,-0.915346582365569,0.777752503916277
10484,-1.20363,-1.59727,-11609.3698323101,-0.909485669429755,-0.111102085221656
10584,-1.17557,-1.61803,-11680.3948679082,-0.919253778306467,-0.999999999969833
10584,-1.14715,-1.6383,-12249.2047438462,-0.909485669429891,0.111102085282108
10684,-1.11839,-1.65808,-12818.8732060998,-0.915346582364624,-0.777752503855743
10684,-1.08928,-1.67734,-13356.9296781213,-0.910462498171255,0.333308963307532
10784,-1.05984,-1.6961,-13866.5675615101,-0.912416143750544,-0.555523964080908
10784,-1.03008,-1.71433,-14327.8413193625,-0.912416143751393,0.555523964158839
10884,-1,-1.73205,-14715.9163273291,-0.910462498170715,-0.333308963230315
10884,-0.969619,-1.74924,-15059.3444606038,-0.915346582365772,0.777752503931858
10984,-0.938943,-1.7659,-15456.8854981949,-0.909485669429763,-0.111102085205032
11084,-0.907981,-1.78201,-15876.6577316703,-0.919253778306154,-0.99999999995149
11084,-0.876742,-1.79759,-16116.7694070533,-0.909485669429981,0.111102085301552
11184,-0.845237,-1.81262,-16364.0480435152,-0.915346582364332,-0.777752503835052
11184,-0.813473,-1.82709,-16606.567724681,-0.910462498171421,0.333308963330044
11284,-0.781462,-1.84101,-16885.9313561303,-0.912416143750289,-0.555523964056998
11284,-0.749213,-1.85437,-17215.0439743413,-0.912416143751684,0.555523964183542
11384,-0.716736,-1.86716,-17300.2163237807,-0.910462498170579,-0.333308963203316
11384,-0.68404,-1.87939,-17226.1263653622,-0.915346582366256,0.777752503962127
11484,-0.651136,-1.89104,-17088.5470353638,-0.9094856694297,-0.111102085173069
11584,-0.618034,-1.90211,-16942.7660561092,-0.919253778305473,-0.9999999999182
11584,-0.584743,-1.91261,-16976.6037535954,-0.909485669430035,0.111102085335111
11684,-0.551275,-1.92252,-16950.1291966923,-0.915346582363772,-0.777752503801188
11684,-0.517638,-1.93185,-16652.3033761361,-0.910462498171642,0.333308963364261
11784,-0.483844,-1.94059,-16238.3218928828,-0.912416143749915,-0.555523964021929
11784,-0.449902,-1.94874,-15644.4784807249,-0.912416143752077,0.555523964220183
11884,-0.415823,-1.9563,-15221.3573424098,-0.910462498170266,-0.33330896316818
11884,-0.381618,-1.96325,-14915.5892782757,-0.915346582366712,0.777752503993725
11984,-0.347296,-1.96962,-14738.8530102764,-0.909485669429565,-0.111102085145729
12084,-0.312869,-1.97538,-14600.9058288399,-0.919253778305011,-0.999999999895287
12084,-0.278346,-1.98054,-14151.6339437185,-0.909485669430107,0.111102085358526
12184,-0.243739,-1.98509,-13678.1470118794,-0.915346582363447,-0.777752503777644
12184,-0.209057,-1.98904,-13080.6078452218,-0.910462498171781,0.333308963386432
12284,-0.174311,-1.99239,-12624.1159533886,-0.912416143749663,-0.555523964001473
12284,-0.139513,-1.99513,-12374.6276887945,-0.912416143752267,0.555523964238395
12384,-0.104672,-1.99726,-12336.242237621,-0.910462498170238,-0.333308963148834
12384,-0.069799,-1.99878,-12439.8571554491,-0.915346582367131,0.777752504016471
12484,-0.0349048,-1.9997,-12523.4987845434,-0.909485669429557,-0.111102085121833
12584,-4.35203e-16,-2,-12605.2648424987,-0.919253778304537,-0.999999999870803
12584,0.0349048,-1.9997,-12323.333880797,-0.909485669430058,0.111102085378513
12684,0.069799,-1.99878,-11986.7142807277,-0.915346582363139,-0.777752503762792
12684,0.104672,-1.99726,-11407.3777974118,-0.9104624981717,0.333308963393593
12784,0.139513,-1.99513,-10898.8626668766,-0.912416143749591,-0.555523964001403
12784,0.174311,-1.99239,-10491.3391911294,-0.912416143752134,0.555523964232273
12884,0.209057,-1.98904,-10295.6542183842,-0.91046249817019,-0.333308963161724
12884,0.243739,-1.98509,-10242.1345071258,-0.915346582366752,0.777752503996427
12984,0.278346,-1.98054,-10254.6466518305,-0.909485669429543,-0.111102085145531
13084,0.312869,-1.97538,-10284.8178363297,-0.919253778305079,-0.999999999897294
13084,0.347296,-1.96962,-10133.1302131727,-0.909485669429971,0.111102085349981
13184,0.381618,-1.96325,-9948.21311807461,-0.915346582363621,-0.777752503792476
13184,0.415823,-1.9563,-9623.33745891778,-0.910462498171561,0.33330896336634
13284,0.449902,-1.94874,-9281.78204382004,-0.912416143749886,-0.555523964026324
13284,0.483844,-1.94059,-8913.38352956686,-0.912416143751904,0.555523964209538
13384,0.517638,-1.93185,-8542.75907086149,-0.910462498170363,-0.333308963182687
13384,0.551275,-1.92252,-8172.92985925773,-0.915346582366464,0.777752503976962
13484,0.584743,-1.91261,-7768.05950910037,-0.909485669429569,-0.111102085165906
13584,0.618034,-1.90211,-7359.65044037017,-0.919253778305519,-0.999999999919186
13584,0.651136,-1.89104,-6934.15601068396,-0.909485669429928,0.111102085328226
13684,0.68404,-1.87939,-6533.08409707819,-0.915346582363942,-0.777752503814258
13684,0.716736,-1.86716,-6212.38042433165,-0.910462498171394,0.333308963343945
13784,0.749213,-1.85437,-5953.80393627972,-0.912416143750121,-0.555523964050058
13784,0.781462,-1.84101,-5786.672470868,-0.91241614375158,0.555523964183364
13884,0.813473,-1.82709,-5660.44729224555,-0.91046249817049,-0.333308963212306
13884,0.845237,-1.81262,-5561.67656909574,-0.915346582365913,0.777752503943214
13984,0.876742,-1.79759,-5463.08781408349,-0.909485669429626,-0.1111020852007
14084,0.907981,-1.78201,-5365.78010816317,-0.919253778306215,-0.999999999954254
14084,0.938943,-1.7659,-5309.4869010456,-0.909485669429858,0.111102085292581
14184,0.969619,-1.74924,-5260.83311624597,-0.915346582364524,-0.777752503850263
14184,1,-1.73205,-5231.10385132455,-0.910462498171194,0.333308963308465
14284,1.03008,-1.71433,-5155.84982409354,-0.91241614375052,-0.55552396408445
14284,1.05984,-1.6961,-5009.15520584455,-0.912416143751235,0.55552396415093
14384,1.08928,-1.67734,-4780.98962541435,-0.910462498170724,-0.333308963242461
14384,1.11839,-1.65808,-4501.86908903394,-0.915346582365498,0.777752503915531
14484,1.14715,-1.6383,-4233.44341311807,-0.909485669429676,-0.111102085228531
14584,1.17557,-1.61803,-3974.81557057927,-0.919253778306762,-0.999999999982903
14584,1.20363,-1.59727,-3726.32092018927,-0.909485669429825,0.1111020852655
14684,1.23132,-1.57602,-3469.63462581217,-0.91534658236492,-0.777752503876537
14684,1.25864,-1.55429,-3153.34646904237,-0.910462498170955,0.333308963280004
14784,1.28558,-1.53209,-2865.43005000955,-0.912416143750819,-0.555523964114867
14784,1.31212,-1.50942,-2615.72569510656,-0.912416143750872,0.555523964118932
14884,1.33826,-1.48629,-2448.04714944377,-0.910462498170903,-0.333308963276861
14884,1.364,-1.46271,-2337.56619925886,-0.915346582364901,0.777752503878194
14984,1.38932,-1.43868,-2213.04693313993,-0.909485669429939,-0.111102085257194
14984,1.41421,-1.41421,-2091.32836372227,-0.919253778307102,0.999999999999985
5850,1.43868,-1.38932,-1970.5333979589,0.909485669429985,-0.111102085260202
5849,1.46271,-1.364,-1872.50596807279,0.915346582364833,0.777752503871339
5849,1.48629,-1.33826,-1841.47547270098,0.910462498171102,-0.333308963290407
5848,1.50942,-1.31212,-1817.54856261992,0.91241614375073,0.555523964099018
5848,1.53209,-1.28558,-1800.90906193565,0.912416143751186,-0.555523964140576
5847,1.55429,-1.25864,-1775.22742109536,0.91046249817085,0.333308963247604
5847,1.57602,-1.23132,-1745.660808523,0.91534658236556,-0.777752503916265
5846,1.59727,-1.20363,-1695.25853369316,0.909485669429786,0.111102085221649
5845,1.61803,-1.17557,-1643.78970244684,0.919253778306525,0.999999999969829
5845,1.6383,-1.14715,-1524.3901168951,0.909485669429914,-0.11110208528211
5844,1.65808,-1.11839,-1411.10811946481,0.915346582364627,0.777752503855747
5844,1.67734,-1.08928,-1312.10409301364,0.910462498171258,-0.333308963307527
5843,1.6961,-1.05984,-1239.14986046828,0.912416143750537,0.555523964080912
5843,1.71433,-1.03008,-1204.60645049157,0.912416143751378,-0.555523964158821
5842,1.73205,-1,-1151.39244735608,0.910462498170701,0.333308963230334
5842,1.74924,-0.969619,-1085.42272562086,0.915346582365767,-0.777752503931841
5841,1.7659,-0.938943,-1023.43270956601,0.909485669429766,0.111102085205045
5840,1.78201,-0.907981,-960.885189459691,0.919253778306158,0.99999999995149
5840,1.79759,-0.876742,-946.802874007307,0.909485669429983,-0.111102085301555
5839,1.81262,-0.845237,-918.904209694672,0.915346582364319,0.777752503835052
5839,1.82709,-0.813473,-844.058766293675,0.910462498171384,-0.333308963330046
5838,1.84101,-0.781462,-740.060445863716,0.912416143750258,0.555523964056995
5838,1.85437,-0.749213,-594.159623813376,0.91241614375167,-0.555523964183538
5837,1.86716,-0.716736,-466.622216958701,0.91046249817059,0.333308963203332
5837,1.87939,-0.68404,-349.56903333033,0.915346582366259,-0.777752503962114
5836,1.89104,-0.651136,-251.651127549487,0.909485669429712,0.11110208517308
5835,1.90211,-0.618034,-153.97773615318,0.919253778305505,0.999999999918216
5835,1.91261,-0.584743,-32.6101223816137,0.909485669430072,-0.111102085335106
5834,1.92252,-0.551275,89.6968321043691,0.915346582363824,0.777752503801191
5834,1.93185,-0.517638,194.450009933771,0.910462498171638,-0.333308963364257
5833,1.94059,-0.483844,281.520707209285,0.912416143749874,0.555523964021932
5833,1.94874,-0.449902,337.994213117276,0.91241614375206,-0.555523964220175
5832,1.9563,-0.415823,405.805945824013,0.910462498170272,0.333308963168192
5832,1.96325,-0.381618,484.486952724476,0.915346582366721,-0.777752503993719
5831,1.96962,-0.347296,611.973019126083,0.909485669429573,0.111102085145735
5830,1.97538,-0.312869,759.421098715204,0.919253778305019,0.999999999895301
5830,1.98054,-0.278346,895.064859298349,0.909485669430095,-0.11110208535852
5829,1.98509,-0.243739,1019.80570589122,0.915346582363408,0.777752503777643
5829,1.98904,-0.209057,1069.86527475538,0.910462498171767,-0.333308963386425
5828,1.99239,-0.174311,1096.59752255688,0.91241614374965,0.555523964001481
5828,1.99513,-0.139513,1083.27307770636,0.912416143752221,-0.555523964238393
5827,1.99726,-0.104672,1086.35739452761,0.910462498170182,0.333308963148836
5827,1.99878,-0.069799,1103.60781473636,0.915346582367075,-0.777752504016468
5826,1.9997,-0.0349048,1175.18896048559,0.909485669429527,0.111102085121839
