origElemNum,globCoord-x,globCoord-y,acouPotentialD1-,locCoord-xi,locCoord-eta
5825,2,-2.20442e-18,-7166468.33104078,0.919253778304535,0.999999999870795
5825,1.9997,0.0349048,-7113136.86564119,0.909485669430051,-0.11110208537854
5824,1.99878,0.069799,-7052979.00304499,0.915346582363134,0.7777525037628
5824,1.99726,0.104672,-6971237.73031085,0.910462498171695,-0.333308963393583
5823,1.99513,0.139513,-6878480.29511898,0.912416143749585,0.555523964001403
5823,1.99239,0.174311,-6770137.82334594,0.912416143752112,-0.555523964232293
5822,1.98904,0.209057,-6648120.2593335,0.910462498170195,0.33330896316169
5822,1.98509,0.243739,-6516441.39129353,0.915346582366752,-0.777752503996411
5821,1.98054,0.278346,-6370714.17445591,0.909485669429537,0.111102085145532
5820,1.97538,0.312869,-6220254.67582032,0.91925377830504,0.999999999897275
5820,1.96962,0.347296,-6058145.17554213,0.909485669429959,-0.111102085350008
5819,1.96325,0.381618,-5893629.8348006,0.915346582363608,0.777752503792493
5819,1.9563,0.415823,-5724279.73574049,0.910462498171543,-0.333308963366333
5818,1.94874,0.449902,-5554044.34268604,0.912416143749872,0.555523964026318
5818,1.94059,0.483844,-5383293.02064477,0.912416143751876,-0.555523964209557
5817,1.93185,0.517638,-5214909.01704974,0.910462498170338,0.333308963182653
5817,1.92252,0.551275,-5047638.5027529,0.915346582366455,-0.777752503976955
5816,1.91261,0.584743,-4886479.2729219,0.909485669429567,0.111102085165898
5815,1.90211,0.618034,-4725756.16853186,0.919253778305533,0.999999999919169
5815,1.89104,0.651136,-4573553.89940895,0.909485669429933,-0.111102085328256
5814,1.87939,0.68404,-4421461.95884981,0.915346582363941,0.777752503814277
5814,1.86716,0.716736,-4274235.64770683,0.910462498171402,-0.333308963343933
5813,1.85437,0.749213,-4127128.86645247,0.912416143750119,0.555523964050056
5813,1.84101,0.781462,-3980967.21212978,0.912416143751575,-0.555523964183394
5812,1.82709,0.813473,-3833192.50314707,0.910462498170486,0.333308963212263
5812,1.81262,0.845237,-3683904.80294565,0.915346582365915,-0.777752503943209
5811,1.79759,0.876742,-3531101.94908497,0.909485669429635,0.111102085200681
5810,1.78201,0.907981,-3376451.09075245,0.919253778306195,0.999999999954235
5810,1.7659,0.938943,-3219468.06223902,0.909485669429844,-0.111102085292603
5809,1.74924,0.969619,-3062380.47190156,0.915346582364538,0.777752503850291
5809,1.73205,1,-2908497.11313486,0.910462498171199,-0.333308963308445
5808,1.71433,1.03008,-2759611.74309148,0.912416143750526,0.555523964084446
5808,1.6961,1.05984,-2618809.53536537,0.912416143751246,-0.555523964150953
5807,1.67734,1.08928,-2491338.43853897,0.910462498170725,0.333308963242434
5807,1.65808,1.11839,-2372401.79810728,0.915346582365508,-0.777752503915519
5806,1.6383,1.14715,-2273636.12530344,0.909485669429676,0.11110208522853
5805,1.61803,1.17557,-2178963.3278108,0.919253778306765,0.999999999982884
5805,1.59727,1.20363,-2104141.89105477,0.909485669429817,-0.111102085265541
5804,1.57602,1.23132,-2030258.26897201,0.9153465823649,0.777752503876539
5804,1.55429,1.25864,-1964416.08345108,0.910462498170939,-0.333308963279996
5803,1.53209,1.28558,-1900197.03358971,0.912416143750815,0.555523964114853
5803,1.50942,1.31212,-1839159.26780898,0.91241614375085,-0.555523964118972
5802,1.48629,1.33826,-1784651.48617862,0.910462498170897,0.333308963276791
5802,1.46271,1.364,-1734212.52549053,0.915346582364929,-0.77775250387822
5801,1.43868,1.38932,-1698374.35200415,0.909485669429954,0.111102085257182
5801,1.41421,1.41421,-1665857.30691308,0.919253778307104,-0.999999999999994
850,1.38932,1.43868,-1645640.17620462,0.909485669429991,-0.111102085260227
849,1.364,1.46271,-1624775.16297913,0.915346582364834,0.777752503871359
849,1.33826,1.48629,-1600810.11299348,0.910462498171096,-0.333308963290402
848,1.31212,1.50942,-1577411.37817054,0.912416143750729,0.555523964099008
848,1.28558,1.53209,-1554369.17836543,0.912416143751184,-0.555523964140596
847,1.25864,1.55429,-1547907.64315947,0.910462498170846,0.333308963247574
847,1.23132,1.57602,-1553381.85284449,0.915346582365554,-0.777752503916259
846,1.20363,1.59727,-1570358.60494282,0.90948566942978,0.111102085221654
845,1.17557,1.61803,-1592023.25452591,0.919253778306528,0.999999999969813
845,1.14715,1.6383,-1599333.175613,0.909485669429915,-0.111102085282135
844,1.11839,1.65808,-1603060.96997247,0.915346582364625,0.777752503855763
844,1.08928,1.67734,-1586479.92145272,0.910462498171253,-0.333308963307521
843,1.05984,1.6961,-1557577.88055462,0.912416143750542,0.555523964080906
843,1.03008,1.71433,-1509398.09168838,0.912416143751377,-0.555523964158847
842,1,1.73205,-1455774.91779047,0.910462498170698,0.333308963230309
842,0.969619,1.74924,-1399113.31404435,0.915346582365766,-0.777752503931825
841,0.938943,1.7659,-1362337.43911921,0.909485669429764,0.111102085205048
840,0.907981,1.78201,-1332317.61694965,0.919253778306164,0.99999999995148
840,0.876742,1.79759,-1338256.11733798,0.909485669429979,-0.11110208530158
839,0.845237,1.81262,-1350519.57704628,0.91534658236432,0.777752503835068
839,0.813473,1.82709,-1378941.31630291,0.91046249817139,-0.33330896333004
838,0.781462,1.84101,-1405994.02265548,0.912416143750255,0.555523964056983
838,0.749213,1.85437,-1429207.00978724,0.912416143751674,-0.555523964183563
837,0.716736,1.86716,-1435244.0270038,0.910462498170584,0.333308963203304
837,0.68404,1.87939,-1431279.55778393,0.915346582366261,-0.777752503962098
836,0.651136,1.89104,-1396321.04893655,0.909485669429719,0.111102085173086
835,0.618034,1.90211,-1357159.62156776,0.919253778305509,0.999999999918205
835,0.584743,1.91261,-1281921.67306736,0.909485669430073,-0.111102085335132
834,0.551275,1.92252,-1205732.51178128,0.915346582363819,0.777752503801204
834,0.517638,1.93185,-1110243.22659285,0.910462498171637,-0.333308963364254
833,0.483844,1.94059,-1012761.60737277,0.912416143749877,0.55552396402192
833,0.449902,1.94874,-909504.009878884,0.91241614375206,-0.555523964220202
832,0.415823,1.9563,-806132.223193415,0.910462498170279,0.333308963168166
832,0.381618,1.96325,-704905.794582754,0.915346582366717,-0.777752503993703
831,0.347296,1.96962,-605919.816449117,0.909485669429573,0.111102085145737
830,0.312869,1.97538,-512775.044065479,0.919253778305012,0.99999999989529
830,0.278346,1.98054,-423122.147883781,0.909485669430091,-0.111102085358547
829,0.243739,1.98509,-340158.203934815,0.915346582363415,0.77775250377766
829,0.209057,1.98904,-261632.607754442,0.910462498171767,-0.333308963386422
828,0.174311,1.99239,-188978.470741318,0.912416143749651,0.55552396400147
828,0.139513,1.99513,-121255.0462068,0.912416143752224,-0.555523964238419
827,0.104672,1.99726,-58059.5889618407,0.910462498170184,0.33330896314881
827,0.069799,1.99878,-679.268534592906,0.915346582367074,-0.777752504016452
826,0.0349048,1.9997,53805.621499653,0.909485669429527,0.111102085121841
825,1.27747e-16,2,101170.530392674,0.919253778304535,0.999999999870799
825,-0.0349048,1.9997,147436.188556477,0.909485669430051,-0.111102085378537
824,-0.069799,1.99878,186630.582105073,0.915346582363134,0.777752503762801
824,-0.104672,1.99726,223421.602678072,0.910462498171695,-0.333308963393583
823,-0.139513,1.99513,254714.395880647,0.912416143749585,0.555523964001401
823,-0.174311,1.99239,282082.74627449,0.912416143752112,-0.555523964232297
822,-0.209057,1.98904,305754.752649054,0.910462498170195,0.333308963161685
822,-0.243739,1.98509,324130.310442313,0.915346582366744,-0.777752503996403
821,-0.278346,1.98054,341026.609379174,0.909485669429538,0.111102085145537
820,-0.312869,1.97538,351326.470656038,0.919253778305041,0.999999999897278
820,-0.347296,1.96962,362565.118841422,0.90948566942996,-0.111102085350006
819,-0.381618,1.96325,367713.93410788,0.915346582363608,0.777752503792493
819,-0.415823,1.9563,372656.522897541,0.910462498171543,-0.333308963366333
818,-0.449902,1.94874,373908.610593964,0.912416143749872,0.555523964026316
818,-0.483844,1.94059,373512.557104135,0.912416143751875,-0.555523964209561
817,-0.517638,1.93185,371663.111602251,0.910462498170336,0.333308963182646
817,-0.551275,1.92252,366485.489572288,0.915346582366457,-0.777752503976948
816,-0.584743,1.91261,361576.539193858,0.909485669429562,0.111102085165907
815,-0.618034,1.90211,351689.15262692,0.919253778305526,0.999999999919175
815,-0.651136,1.89104,343018.874355268,0.909485669429935,-0.111102085328253
814,-0.68404,1.87939,329407.277850329,0.915346582363941,0.777752503814277
814,-0.716736,1.86716,315053.395323461,0.910462498171402,-0.333308963343933
813,-0.749213,1.85437,297406.309075064,0.912416143750117,0.555523964050053
813,-0.781462,1.84101,277808.004094193,0.912416143751584,-0.555523964183396
812,-0.813473,1.82709,256888.632261106,0.910462498170484,0.33330896321226
812,-0.845237,1.81262,233369.202550598,0.91534658236591,-0.7777525039432
811,-0.876742,1.79759,211579.810791051,0.909485669429639,0.111102085200672
810,-0.907981,1.78201,186604.719355131,0.919253778306197,0.999999999954239
810,-0.938943,1.7659,167494.115727234,0.909485669429848,-0.111102085292613
809,-0.969619,1.74924,146343.40233723,0.915346582364533,0.777752503850298
809,-1,1.73205,130535.050652636,0.910462498171205,-0.333308963308436
808,-1.03008,1.71433,115504.453890379,0.912416143750522,0.55552396408444
808,-1.05984,1.6961,103762.879979252,0.912416143751243,-0.555523964150944
807,-1.08928,1.67734,94452.56010711,0.910462498170733,0.33330896324243
807,-1.11839,1.65808,85505.8979419098,0.915346582365511,-0.777752503915504
806,-1.14715,1.6383,78763.2299481847,0.909485669429678,0.11110208522852
805,-1.17557,1.61803,69914.7679430867,0.91925377830677,0.999999999982889
805,-1.20363,1.59727,61325.569083936,0.909485669429819,-0.111102085265551
804,-1.23132,1.57602,49697.8392042849,0.915346582364893,0.777752503876544
804,-1.25864,1.55429,35602.5879340235,0.910462498170937,-0.333308963279986
803,-1.28558,1.53209,18696.8713647955,0.912416143750809,0.555523964114847
803,-1.31212,1.50942,-992.151684594456,0.912416143750849,-0.555523964118962
802,-1.33826,1.48629,-22203.9861837866,0.910462498170897,0.333308963276791
802,-1.364,1.46271,-45022.9959003876,0.915346582364928,-0.77775250387821
801,-1.38932,1.43868,-65966.3678022489,0.909485669429954,0.111102085257172
801,-1.41421,1.41421,-87356.8405287852,0.919253778307104,-0.999999999999994
15850,-1.43868,1.38932,-101490.429159198,0.909485669429991,-0.111102085260237
15849,-1.46271,1.364,-113883.185108164,0.915346582364828,0.777752503871364
15849,-1.48629,1.33826,-117434.174184515,0.910462498171103,-0.333308963290387
15848,-1.50942,1.31212,-115717.053022837,0.912416143750729,0.555523964099008
15848,-1.53209,1.28558,-106049.076287214,0.912416143751185,-0.555523964140586
15847,-1.55429,1.25864,-88899.3549452037,0.910462498170851,0.333308963247569
15847,-1.57602,1.23132,-66519.4515704653,0.915346582365555,-0.777752503916249
15846,-1.59727,1.20363,-37540.7637630077,0.909485669429784,0.111102085221639
15845,-1.61803,1.17557,-6231.89049854974,0.919253778306531,0.999999999969823
15845,-1.6383,1.14715,26973.2672078123,0.909485669429917,-0.111102085282151
15844,-1.65808,1.11839,59995.514437203,0.915346582364627,0.777752503855772
15844,-1.67734,1.08928,89430.8701564877,0.910462498171251,-0.333308963307506
15843,-1.6961,1.05984,115349.006145135,0.912416143750542,0.555523964080906
15843,-1.71433,1.03008,135551.57923254,0.912416143751375,-0.555523964158831
15842,-1.73205,1,148386.650909558,0.910462498170697,0.333308963230296
15842,-1.74924,0.969619,156465.888164058,0.915346582365764,-0.777752503931822
15841,-1.7659,0.938943,154789.236498629,0.909485669429762,0.111102085205035
15840,-1.78201,0.907981,150891.12121748,0.919253778306162,0.999999999951483
15840,-1.79759,0.876742,137521.564978717,0.909485669429984,-0.111102085301589
15839,-1.81262,0.845237,123119.335336136,0.915346582364318,0.777752503835071
15839,-1.82709,0.813473,104221.994152551,0.910462498171391,-0.333308963330024
15838,-1.84101,0.781462,84339.1947798083,0.912416143750253,0.555523964056986
15838,-1.85437,0.749213,62986.6651425281,0.912416143751674,-0.555523964183544
15837,-1.86716,0.716736,41007.3800333839,0.910462498170589,0.333308963203294
15837,-1.87939,0.68404,18527.5752193859,0.915346582366259,-0.777752503962095
15836,-1.89104,0.651136,-5443.87079744013,0.909485669429715,0.111102085173074
15835,-1.90211,0.618034,-30085.8186039358,0.919253778305508,0.999999999918209
15835,-1.91261,0.584743,-59563.5042660984,0.909485669430068,-0.111102085335144
15834,-1.92252,0.551275,-91395.4279037172,0.915346582363818,0.777752503801208
15834,-1.93185,0.517638,-130902.722875063,0.910462498171639,-0.333308963364235
15833,-1.94059,0.483844,-176815.738791307,0.912416143749876,0.555523964021923
15833,-1.94874,0.449902,-231938.0454538,0.912416143752063,-0.555523964220183
15832,-1.9563,0.415823,-299406.177783941,0.910462498170272,0.333308963168156
15832,-1.96325,0.381618,-375522.232461739,0.915346582366716,-0.7777525039937
15831,-1.96962,0.347296,-470931.733158069,0.909485669429575,0.111102085145728
15830,-1.97538,0.312869,-572314.431563305,0.91925377830502,0.999999999895294
15830,-1.98054,0.278346,-699576.577868286,0.909485669430092,-0.111102085358556
15829,-1.98509,0.243739,-833456.538114544,0.915346582363415,0.777752503777664
15829,-1.98904,0.209057,-988341.655029956,0.910462498171765,-0.333308963386404
15828,-1.99239,0.174311,-1153852.17229634,0.912416143749651,0.555523964001473
15828,-1.99513,0.139513,-1334230.38013031,0.912416143752222,-0.5555239642384
15827,-1.99726,0.104672,-1526757.72544214,0.910462498170184,0.3333089631488
15827,-1.99878,0.069799,-1728197.09053186,0.915346582367074,-0.777752504016448
15826,-1.9997,0.0349048,-1939719.54380039,0.909485669429527,0.111102085121831
15825,-2,2.46315e-16,-2155790.37198682,0.919253778304535,0.999999999870803
15825,-1.9997,-0.0349048,-2375629.38037924,0.909485669430051,-0.111102085378547
15824,-1.99878,-0.069799,-2596756.97067729,0.915346582363134,0.777752503762804
15824,-1.99726,-0.104672,-2814304.61429748,0.910462498171696,-0.333308963393566
15823,-1.99513,-0.139513,-3028022.18060094,0.912416143749586,0.555523964001405
15823,-1.99239,-0.174311,-3234424.14123675,0.912416143752114,-0.555523964232279
15822,-1.98904,-0.209057,-3428558.59282493,0.910462498170195,0.333308963161688
15822,-1.98509,-0.243739,-3615564.39391576,0.915346582366744,-0.7777525039964
15821,-1.98054,-0.278346,-3779434.0667321,0.909485669429545,0.111102085145526
15820,-1.97538,-0.312869,-3939980.27545306,0.919253778305042,0.999999999897283
15820,-1.96962,-0.347296,-4065185.03309769,0.909485669429957,-0.111102085350017
15819,-1.96325,-0.381618,-4185145.46994899,0.915346582363609,0.777752503792499
15819,-1.9563,-0.415823,-4274201.97062741,0.910462498171549,-0.333308963366345
15818,-1.94874,-0.449902,-4348146.53994753,0.912416143749872,0.555523964026319
15818,-1.94059,-0.483844,-4397776.58878795,0.91241614375188,-0.555523964209544
15817,-1.93185,-0.517638,-4421049.18521465,0.910462498170337,0.33330896318265
15817,-1.92252,-0.551275,-4427724.5421696,0.915346582366458,-0.777752503976945
15816,-1.91261,-0.584743,-4394340.72997543,0.909485669429567,0.111102085165898
15815,-1.90211,-0.618034,-4352940.02254256,0.919253778305528,0.999999999919178
15815,-1.89104,-0.651136,-4253257.79672192,0.90948566942994,-0.111102085328262
15814,-1.87939,-0.68404,-4141547.67462529,0.915346582363942,0.77775250381428
15814,-1.86716,-0.716736,-3974900.30885685,0.910462498171397,-0.333308963343943
15813,-1.85437,-0.749213,-3775989.75866496,0.912416143750119,0.555523964050056
15813,-1.84101,-0.781462,-3527805.69251664,0.912416143751582,-0.555523964183381
15812,-1.82709,-0.813473,-3221086.47565479,0.910462498170486,0.333308963212263
15812,-1.81262,-0.845237,-2875646.58848373,0.915346582365912,-0.777752503943197
15811,-1.79759,-0.876742,-2441874.65337322,0.909485669429641,0.111102085200675
15810,-1.78201,-0.907981,-1986208.56395142,0.919253778306197,0.999999999954239
15810,-1.7659,-0.938943,-1416248.46192966,0.90948566942985,-0.11110208529261
15809,-1.74924,-0.969619,-825467.49762222,0.915346582364535,0.777752503850301
15809,-1.73205,-1,-152501.33598143,0.9104624981712,-0.333308963308458
15808,-1.71433,-1.03008,548254.758276258,0.912416143750526,0.555523964084446
15808,-1.6961,-1.05984,1290146.29355698,0.912416143751243,-0.555523964150944
15807,-1.67734,-1.08928,2034844.73873069,0.910462498170725,0.333308963242434
15807,-1.65808,-1.11839,2781612.35806407,0.915346582365503,-0.7777525039155
15806,-1.6383,-1.14715,3454443.4198906,0.90948566942967,0.111102085228524
15805,-1.61803,-1.17557,4109132.30674411,0.919253778306763,0.999999999982893
15805,-1.59727,-1.20363,4551072.08570316,0.909485669429812,-0.111102085265547
15804,-1.57602,-1.23132,4928959.01440744,0.915346582364898,0.777752503876549
15804,-1.55429,-1.25864,5051599.555531,0.910462498170935,-0.333308963280012
15803,-1.53209,-1.28558,5045946.33719602,0.912416143750815,0.555523964114853
15803,-1.50942,-1.31212,4848515.70126333,0.912416143750855,-0.555523964118957
15802,-1.48629,-1.33826,4603317.65788584,0.910462498170897,0.333308963276791
15802,-1.46271,-1.364,4325720.96273487,0.915346582364928,-0.77775250387821
15801,-1.43868,-1.38932,4243850.60458931,0.909485669429954,0.111102085257172
15801,-1.41421,-1.41421,4209997.04803363,0.919253778307098,-0.999999999999989
10084,-1.38932,-1.43868,4295299.32821945,-0.909485669429983,0.111102085260242
10184,-1.364,-1.46271,4375507.32663017,-0.915346582364814,-0.777752503871363
10184,-1.33826,-1.48629,4438101.5645413,-0.910462498171062,0.333308963290425
10284,-1.31212,-1.50942,4512305.8487728,-0.912416143750702,-0.555523964098991
10284,-1.28558,-1.53209,4604273.29120062,-0.912416143751175,0.55552396414059
10384,-1.25864,-1.55429,4847185.44296972,-0.910462498170858,-0.333308963247603
10384,-1.23132,-1.57602,5190613.91756417,-0.915346582365569,0.777752503916277
10484,-1.20363,-1.59727,5513617.15503383,-0.909485669429755,-0.111102085221656
10584,-1.17557,-1.61803,5831117.77455254,-0.919253778306467,-0.999999999969833
10584,-1.14715,-1.6383,6008307.84404938,-0.909485669429891,0.111102085282108
10684,-1.11839,-1.65808,6222994.75280217,-0.915346582364624,-0.777752503855743
10684,-1.08928,-1.67734,6591102.36043984,-0.910462498171255,0.333308963307532
10784,-1.05984,-1.6961,6884971.83468226,-0.912416143750544,-0.555523964080908
10784,-1.03008,-1.71433,7068206.03781052,-0.912416143751393,0.555523964158839
10884,-1,-1.73205,7075758.57303105,-0.910462498170715,-0.333308963230315
10884,-0.969619,-1.74924,6966606.67464319,-0.915346582365772,0.777752503931858
10984,-0.938943,-1.7659,6877081.33929989,-0.909485669429763,-0.111102085205032
11084,-0.907981,-1.78201,6793827.05862571,-0.919253778306154,-0.99999999995149
11084,-0.876742,-1.79759,6910821.35403718,-0.909485669429981,0.111102085301552
11184,-0.845237,-1.81262,7056308.20598393,-0.915346582364332,-0.777752503835052
11184,-0.813473,-1.82709,7312356.7362754,-0.910462498171421,0.333308963330044
11284,-0.781462,-1.84101,7558861.3979676,-0.912416143750289,-0.555523964056998
11284,-0.749213,-1.85437,7791088.60083641,-0.912416143751684,0.555523964183542
11384,-0.716736,-1.86716,7928700.7099517,-0.910462498170579,-0.333308963203316
11384,-0.68404,-1.87939,8002793.08868762,-0.915346582366256,0.777752503962127
11484,-0.651136,-1.89104,7902335.01300703,-0.9094856694297,-0.111102085173069
11584,-0.618034,-1.90211,7758207.45265409,-0.919253778305473,-0.9999999999182
11584,-0.584743,-1.91261,7402163.96679675,-0.909485669430035,0.111102085335111
11684,-0.551275,-1.92252,7017563.53157569,-0.915346582363772,-0.777752503801188
11684,-0.517638,-1.93185,6513276.00819439,-0.910462498171642,0.333308963364261
11784,-0.483844,-1.94059,5999763.71900967,-0.912416143749915,-0.555523964021929
11784,-0.449902,-1.94874,5470852.00753321,-0.912416143752077,0.555523964220183
11884,-0.415823,-1.9563,4990822.67238509,-0.910462498170266,-0.33330896316818
11884,-0.381618,-1.96325,4544428.38238087,-0.915346582366712,0.777752503993725
11984,-0.347296,-1.96962,4157678.83740282,-0.909485669429565,-0.111102085145729
12084,-0.312869,-1.97538,3788178.44096566,-0.919253778305011,-0.999999999895287
12084,-0.278346,-1.98054,3447534.1243948,-0.909485669430107,0.111102085358526
12184,-0.243739,-1.98509,3120505.04825625,-0.915346582363447,-0.777752503777644
12184,-0.209057,-1.98904,2838226.93651044,-0.910462498171781,0.333308963386432
12284,-0.174311,-1.99239,2599021.27987743,-0.912416143749663,-0.555523964001473
12284,-0.139513,-1.99513,2423202.65002163,-0.912416143752267,0.555523964238395
12384,-0.104672,-1.99726,2298952.23815426,-0.910462498170238,-0.333308963148834
12384,-0.069799,-1.99878,2209206.84922402,-0.915346582367131,0.777752504016471
12484,-0.0349048,-1.9997,2147027.74141077,-0.909485669429557,-0.111102085121833
12584,-4.35203e-16,-2,2092006.87368934,-0.919253778304537,-0.999999999870803
12584,0.0349048,-1.9997,2046202.57387234,-0.909485669430058,0.111102085378513
12684,0.069799,-1.99878,2002397.35518106,-0.915346582363139,-0.777752503762792
12684,0.104672,-1.99726,1964975.18373136,-0.9104624981717,0.333308963393593
12784,0.139513,-1.99513,1935415.54356638,-0.912416143749591,-0.555523964001403
12784,0.174311,-1.99239,1917373.44275512,-0.912416143752134,0.555523964232273
12884,0.209057,-1.98904,1916836.54589892,-0.91046249817019,-0.333308963161724
12884,0.243739,-1.98509,1927823.35318319,-0.915346582366752,0.777752503996427
12984,0.278346,-1.98054,1964310.3195885,-0.909485669429543,-0.111102085145531
13084,0.312869,-1.97538,2006365.54627012,-0.919253778305079,-0.999999999897294
13084,0.347296,-1.96962,2075259.50225093,-0.909485669429971,0.111102085349981
13184,0.381618,-1.96325,2146212.44117422,-0.915346582363621,-0.777752503792476
13184,0.415823,-1.9563,2230175.03170572,-0.910462498171561,0.33330896336634
13284,0.449902,-1.94874,2315027.27198114,-0.912416143749886,-0.555523964026324
13284,0.483844,-1.94059,2402125.17848925,-0.912416143751904,0.555523964209538
13384,0.517638,-1.93185,2485112.0197224,-0.910462498170363,-0.333308963182687
13384,0.551275,-1.92252,2564832.20863136,-0.915346582366464,0.777752503976962
13484,0.584743,-1.91261,2633089.35751686,-0.909485669429569,-0.111102085165906
13584,0.618034,-1.90211,2697673.99526718,-0.919253778305519,-0.999999999919186
13584,0.651136,-1.89104,2741928.23033454,-0.909485669429928,0.111102085328226
13684,0.68404,-1.87939,2780807.96205489,-0.915346582363942,-0.777752503814258
13684,0.716736,-1.86716,2799630.74070483,-0.910462498171394,0.333308963343945
13784,0.749213,-1.85437,2806896.60172166,-0.912416143750121,-0.555523964050058
13784,0.781462,-1.84101,2796779.84556303,-0.91241614375158,0.555523964183364
13884,0.813473,-1.82709,2766643.42666836,-0.91046249817049,-0.333308963212306
13884,0.845237,-1.81262,2723555.11592732,-0.915346582365913,0.777752503943214
13984,0.876742,-1.79759,2650114.59794768,-0.909485669429626,-0.1111020852007
14084,0.907981,-1.78201,2570246.2953309,-0.919253778306215,-0.999999999954254
14084,0.938943,-1.7659,2449285.13205309,-0.909485669429858,0.111102085292581
14184,0.969619,-1.74924,2321834.22975738,-0.915346582364524,-0.777752503850263
14184,1,-1.73205,2162897.24203369,-0.910462498171194,0.333308963308465
14284,1.03008,-1.71433,1991781.68521375,-0.91241614375052,-0.55552396408445
14284,1.05984,-1.6961,1801411.42405953,-0.912416143751235,0.55552396415093
14384,1.08928,-1.67734,1598022.92629075,-0.910462498170724,-0.333308963242461
14384,1.11839,-1.65808,1386723.73038362,-0.915346582365498,0.777752503915531
14484,1.14715,-1.6383,1167744.53392439,-0.909485669429676,-0.111102085228531
14584,1.17557,-1.61803,948446.607433142,-0.919253778306762,-0.999999999982903
14584,1.20363,-1.59727,729552.036238954,-0.909485669429825,0.1111020852655
14684,1.23132,-1.57602,513257.191749488,-0.91534658236492,-0.777752503876537
14684,1.25864,-1.55429,301498.311336693,-0.910462498170955,0.333308963280004
14784,1.28558,-1.53209,91896.2741745269,-0.912416143750819,-0.555523964114867
14784,1.31212,-1.50942,-115333.079014367,-0.912416143750872,0.555523964118932
14884,1.33826,-1.48629,-325966.482260278,-0.910462498170903,-0.333308963276861
14884,1.364,-1.46271,-538164.628722368,-0.915346582364901,0.777752503878194
14984,1.38932,-1.43868,-762647.884707449,-0.909485669429939,-0.111102085257194
14984,1.41421,-1.41421,-988355.53602141,-0.919253778307102,0.999999999999985
5850,1.43868,-1.38932,-1230868.7416834,0.909485669429985,-0.111102085260202
5849,1.46271,-1.364,-1472737.50355655,0.915346582364833,0.777752503871339
5849,1.48629,-1.33826,-1721066.27491977,0.910462498171102,-0.333308963290407
5848,1.50942,-1.31212,-1966868.66008833,0.91241614375073,0.555523964099018
5848,1.53209,-1.28558,-2210588.30903812,0.912416143751186,-0.555523964140576
5847,1.55429,-1.25864,-2448736.94506768,0.91046249817085,0.333308963247604
5847,1.57602,-1.23132,-2681861.6084018,0.91534658236556,-0.777752503916265
5846,1.59727,-1.20363,-2906696.34144488,0.909485669429786,0.111102085221649
5845,1.61803,-1.17557,-3126602.56553504,0.919253778306525,0.999999999969829
5845,1.6383,-1.14715,-3335514.25860095,0.909485669429914,-0.11110208528211
5844,1.65808,-1.11839,-3539240.97342079,0.915346582364627,0.777752503855747
5844,1.67734,-1.08928,-3733708.56910761,0.910462498171258,-0.333308963307527
5843,1.6961,-1.05984,-3923333.18470749,0.912416143750537,0.555523964080912
5843,1.71433,-1.03008,-4107606.05432408,0.912416143751378,-0.555523964158821
5842,1.73205,-1,-4290132.96995616,0.910462498170701,0.333308963230334
5842,1.74924,-0.969619,-4470196.50732021,0.915346582365767,-0.777752503931841
5841,1.7659,-0.938943,-4651319.93268905,0.909485669429766,0.111102085205045
5840,1.78201,-0.907981,-4829952.97098732,0.919253778306158,0.99999999995149
5840,1.79759,-0.876742,-5007875.57221663,0.909485669429983,-0.111102085301555
5839,1.81262,-0.845237,-5181585.43815143,0.915346582364319,0.777752503835052
5839,1.82709,-0.813473,-5348948.42628875,0.910462498171384,-0.333308963330046
5838,1.84101,-0.781462,-5509186.30399358,0.912416143750258,0.555523964056995
5838,1.85437,-0.749213,-5660397.9585587,0.91241614375167,-0.555523964183538
5837,1.86716,-0.716736,-5801195.28145711,0.91046249817059,0.333308963203332
5837,1.87939,-0.68404,-5933961.80598995,0.915346582366259,-0.777752503962114
5836,1.89104,-0.651136,-6054943.10354326,0.909485669429712,0.11110208517308
5835,1.90211,-0.618034,-6170659.91224401,0.919253778305505,0.999999999918216
5835,1.91261,-0.584743,-6275921.76463752,0.909485669430072,-0.111102085335106
5834,1.92252,-0.551275,-6377489.18472847,0.915346582363824,0.777752503801191
5834,1.93185,-0.517638,-6473108.02139904,0.910462498171638,-0.333308963364257
5833,1.94059,-0.483844,-6565329.51844636,0.912416143749874,0.555523964021932
5833,1.94874,-0.449902,-6653843.65556725,0.91241614375206,-0.555523964220175
5832,1.9563,-0.415823,-6738813.30293557,0.910462498170272,0.333308963168192
5832,1.96325,-0.381618,-6820552.18192358,0.915346582366721,-0.777752503993719
5831,1.96962,-0.347296,-6896838.74612417,0.909485669429573,0.111102085145735
5830,1.97538,-0.312869,-6969918.25066432,0.919253778305019,0.999999999895301
5830,1.98054,-0.278346,-7033132.07550883,0.909485669430095,-0.11110208535852
5829,1.98509,-0.243739,-7091604.59875457,0.915346582363408,0.777752503777643
5829,1.98904,-0.209057,-7138134.773631,0.910462498171767,-0.333308963386425
5828,1.99239,-0.174311,-7175801.08834241,0.91241614374965,0.555523964001481
5828,1.99513,-0.139513,-7201288.0601536,0.912416143752221,-0.555523964238393
5827,1.99726,-0.104672,-7212335.75607118,0.910462498170182,0.333308963148836
5827,1.99878,-0.069799,-7213067.38795606,0.915346582367075,-0.777752504016468
5826,1.9997,-0.0349048,-7193098.70161976,0.909485669429527,0.111102085121839
