origElemNum,globCoord-x,globCoord-y,acouIntensity-x,acouIntensity-y,locCoord-xi,locCoord-eta
5825,2,-2.20442e-18,-0.00016597508142693,1.42173182901753e-05,0.919253778304535,0.999999999870795
5825,1.9997,0.0349048,-0.00016561186678767,1.42461054709083e-05,0.909485669430051,-0.11110208537854
5824,1.99878,0.069799,-0.000165076292748504,9.05012699761016e-06,0.915346582363134,0.7777525037628
5824,1.99726,0.104672,-0.000164693997793662,9.08931950018838e-06,0.910462498171695,-0.333308963393583
5823,1.99513,0.139513,-0.000163976025394565,3.92725040899526e-06,0.912416143749585,0.555523964001403
5823,1.99239,0.174311,-0.000163576823793297,3.97781029396827e-06,0.912416143752112,-0.555523964232293
5822,1.98904,0.209057,-0.000162679366442456,-1.14771796876621e-06,0.910462498170195,0.33330896316169
5822,1.98509,0.243739,-0.000162264224523455,-1.08494500719248e-06,0.915346582366752,-0.777752503996411
5821,1.98054,0.278346,-0.000161190428117234,-6.16935543378051e-06,0.909485669429537,0.111102085145532
5820,1.97538,0.312869,-0.000159947404253545,-1.12349727217244e-05,0.91925377830504,0.999999999897275
5820,1.96962,0.347296,-0.000159511461482001,-1.11352429972284e-05,0.909485669429959,-0.111102085350008
5819,1.96325,0.381618,-0.0001580934688159,-1.61484002724126e-05,0.915346582363608,0.777752503792493
5819,1.9563,0.415823,-0.000157643945043354,-1.60340688041139e-05,0.910462498171543,-0.333308963366333
5818,1.94874,0.449902,-0.000156055853118831,-2.0987184383817e-05,0.912416143749872,0.555523964026318
5818,1.94059,0.483844,-0.000155597719753815,-2.08584712523087e-05,0.912416143751876,-0.555523964209557
5817,1.93185,0.517638,-0.000153845248465034,-2.57524623419953e-05,0.910462498170338,0.333308963182653
5817,1.92252,0.551275,-0.000153381231604286,-2.56095584415972e-05,0.915346582366455,-0.777752503976955
5816,1.91261,0.584743,-0.000151466621515697,-3.0441718903585e-05,0.909485669429567,0.111102085165898
5815,1.90211,0.618034,-0.000149390370593726,-3.52279932746578e-05,0.919253778305533,0.999999999919169
5815,1.89104,0.651136,-0.000148924091698371,-3.50456016472335e-05,0.909485669429933,-0.111102085328256
5814,1.87939,0.68404,-0.000146693738338868,-3.97531438914912e-05,0.915346582363941,0.777752503814277
5814,1.86716,0.716736,-0.000146227311087404,-3.9557104222306e-05,0.910462498171402,-0.333308963343933
5813,1.85437,0.749213,-0.000143849539019177,-4.41848555269522e-05,0.912416143750119,0.555523964050056
5813,1.84101,0.781462,-0.000143386497563402,-4.3976322680848e-05,0.912416143751575,-0.555523964183394
5812,1.82709,0.813473,-0.000140867459666264,-4.85227144714802e-05,0.910462498170486,0.333308963212263
5812,1.81262,0.845237,-0.000140410922171319,-4.83029792375791e-05,0.915346582365915,-0.777752503943209
5811,1.79759,0.876742,-0.00013775511939863,-5.2766326147984e-05,0.909485669429635,0.111102085200681
5810,1.78201,0.907981,-0.000134950740148279,-5.71599602067137e-05,0.919253778306195,0.999999999954235
5810,1.7659,0.938943,-0.000134519658237224,-5.69116556001341e-05,0.909485669429844,-0.111102085292603
5809,1.74924,0.969619,-0.000131589293011391,-6.12108552454161e-05,0.915346582364538,0.777752503850291
5809,1.73205,1,-0.000131172603095554,-6.09564513848786e-05,0.910462498171199,-0.333308963308445
5808,1.71433,1.03008,-0.000128121949910546,-6.51634105500913e-05,0.912416143750526,0.555523964084446
5808,1.6961,1.05984,-0.000127720559688602,-6.49040569851698e-05,0.912416143751246,-0.555523964150953
5807,1.67734,1.08928,-0.000124556508993727,-6.90130766854306e-05,0.910462498170725,0.333308963242434
5807,1.65808,1.11839,-0.000124172602380757,-6.87508090070986e-05,0.915346582365508,-0.777752503915519
5806,1.6383,1.14715,-0.000120903407511481,-7.27582433407346e-05,0.909485669429676,0.11110208522853
5805,1.61803,1.17557,-0.000117506747358262,-7.66699530844384e-05,0.919253778306765,0.999999999982884
5805,1.59727,1.20363,-0.000117168684495218,-7.64004676339253e-05,0.909485669429817,-0.111102085265541
5804,1.57602,1.23132,-0.000113673106929297,-8.02052212283475e-05,0.9153465823649,0.777752503876539
5804,1.55429,1.25864,-0.000113350494817161,-7.99344804099686e-05,0.910462498170939,-0.333308963279996
5803,1.53209,1.28558,-0.000109759177245692,-8.36203189632246e-05,0.912416143750815,0.555523964114853
5803,1.50942,1.31212,-0.00010944978718861,-8.33471199033471e-05,0.91241614375085,-0.555523964118972
5802,1.48629,1.33826,-0.000105768233507234,-8.69050625617637e-05,0.910462498170897,0.333308963276791
5802,1.46271,1.364,-0.000105470841477841,-8.66288254493904e-05,0.915346582364929,-0.77775250387822
5801,1.43868,1.38932,-0.000101701161942978,-9.00520750397599e-05,0.909485669429954,0.111102085257182
5801,1.41421,1.41421,-0.00010141212911928,-8.97697472932563e-05,0.919253778307104,-0.999999999999994
850,1.38932,1.43868,-9.75651223953183e-05,-9.30468764115249e-05,0.909485669429991,-0.111102085260227
849,1.364,1.46271,-9.36302913872384e-05,-9.61889802733839e-05,0.915346582364834,0.777752503871359
849,1.33826,1.48629,-9.33621152268885e-05,-9.58858805430059e-05,0.910462498171096,-0.333308963290402
848,1.31212,1.50942,-8.93665585837475e-05,-9.88699770195332e-05,0.912416143750729,0.555523964099008
848,1.28558,1.53209,-8.91072153674975e-05,-9.85614181104287e-05,0.912416143751184,-0.555523964140596
847,1.25864,1.55429,-8.50591191665634e-05,-0.000101389092662458,0.910462498170846,0.333308963247574
847,1.23132,1.57602,-8.48093422239151e-05,-0.000101076088002907,0.915346582365554,-0.777752503916259
846,1.20363,1.59727,-8.07196116393544e-05,-0.000103749013670307,0.90948566942978,0.111102085221654
845,1.17557,1.61803,-7.65789402745098e-05,-0.000106272085932185,0.919253778306528,0.999999999969813
845,1.14715,1.6383,-7.63675540849573e-05,-0.000105963153939091,0.909485669429915,-0.111102085282135
844,1.11839,1.65808,-7.22051166795164e-05,-0.000108347074570741,0.915346582364625,0.777752503855763
844,1.08928,1.67734,-7.20172807135946e-05,-0.000108056941884711,0.910462498171253,-0.333308963307521
843,1.05984,1.6961,-6.78333159631557e-05,-0.000110318714927379,0.912416143750542,0.555523964080906
843,1.03008,1.71433,-6.76700711433924e-05,-0.000110052022696369,0.912416143751377,-0.555523964158847
842,1,1.73205,-6.3463554274575e-05,-0.000112199921523016,0.910462498170698,0.333308963230309
842,0.969619,1.74924,-6.33242137951927e-05,-0.000111959001990167,0.915346582365766,-0.777752503931825
841,0.938943,1.7659,-5.90984500656144e-05,-0.000113995198942197,0.909485669429764,0.111102085205048
840,0.907981,1.78201,-5.48254917706087e-05,-0.000115899922843828,0.919253778306164,0.99999999995148
840,0.876742,1.79759,-5.47308712012713e-05,-0.000115704607709496,0.909485669429979,-0.11110208530158
839,0.845237,1.81262,-5.04341974130149e-05,-0.000117493120140507,0.91534658236432,0.777752503835068
839,0.813473,1.82709,-5.0352845374463e-05,-0.0001173141416197,0.91046249817139,-0.33330896333004
838,0.781462,1.84101,-4.60295653318094e-05,-0.000118975822382673,0.912416143750255,0.555523964056983
838,0.749213,1.85437,-4.59565560897857e-05,-0.000118804067560028,0.912416143751674,-0.555523964183563
837,0.716736,1.86716,-4.16091050321747e-05,-0.000120323774159424,0.910462498170584,0.333308963203304
837,0.68404,1.87939,-4.1540383177773e-05,-0.000120150034001025,0.915346582366261,-0.777752503962098
836,0.651136,1.89104,-3.71770870964258e-05,-0.000121514479887302,0.909485669429719,0.111102085173086
835,0.618034,1.90211,-3.2797920002149e-05,-0.000122733877185394,0.919253778305509,0.999999999918205
835,0.584743,1.91261,-3.27361850529538e-05,-0.000122534809656534,0.909485669430073,-0.111102085335132
834,0.551275,1.92252,-2.83542431582796e-05,-0.000123590530829901,0.915346582363819,0.777752503801204
834,0.517638,1.93185,-2.82946724782454e-05,-0.000123378833070175,0.910462498171637,-0.333308963364254
833,0.483844,1.94059,-2.39203592290682e-05,-0.000124271855114881,0.912416143749877,0.55552396402192
833,0.449902,1.94874,-2.38642161925989e-05,-0.000124049889584574,0.91241614375206,-0.555523964220202
832,0.415823,1.9563,-1.95032632117331e-05,-0.00012478325810508,0.910462498170279,0.333308963168166
832,0.381618,1.96325,-1.94508319723832e-05,-0.000124549939600291,0.915346582366717,-0.777752503993703
831,0.347296,1.96962,-1.51047719450432e-05,-0.00012512307647146,0.909485669429573,0.111102085145737
830,0.312869,1.97538,-1.07724779057112e-05,-0.000125553822538685,0.919253778305012,0.99999999989529
830,0.278346,1.98054,-1.0734053098475e-05,-0.000125290001526597,0.909485669430091,-0.111102085358547
829,0.243739,1.98509,-6.43608737191291e-06,-0.000125564778418666,0.915346582363415,0.77775250377766
829,0.209057,1.98904,-6.40420552653599e-06,-0.000125294196799956,0.910462498171767,-0.333308963386422
828,0.174311,1.99239,-2.14093860222771e-06,-0.000125421422615508,0.912416143749651,0.55552396400147
828,0.139513,1.99513,-2.11587481014525e-06,-0.000125143437158056,0.912416143752224,-0.555523964238419
827,0.104672,1.99726,2.11060543887314e-06,-0.000125125252345211,0.910462498170184,0.33330896314881
827,0.069799,1.99878,2.12843839388228e-06,-0.000124840158656427,0.915346582367074,-0.777752504016452
826,0.0349048,1.9997,6.3156632704358e-06,-0.000124679910348196,0.909485669429527,0.111102085121841
825,1.27747e-16,2,1.04749016226926e-05,-0.000124388791937497,0.919253778304535,0.999999999870799
825,-0.0349048,1.9997,1.04708688922089e-05,-0.000124092556196528,0.909485669430051,-0.111102085378537
824,-0.069799,1.99878,1.45884005619951e-05,-0.000123669131536418,0.915346582363134,0.777752503762801
824,-0.104672,1.99726,1.45763500220415e-05,-0.000123376465748877,0.910462498171695,-0.333308963393583
823,-0.139513,1.99513,1.86520340467845e-05,-0.000122831595369932,0.912416143749585,0.555523964001401
823,-0.174311,1.99239,1.86327565315191e-05,-0.000122550446405907,0.912416143752112,-0.555523964232297
822,-0.209057,1.98904,2.26751113148408e-05,-0.000121895433800179,0.910462498170195,0.333308963161685
822,-0.243739,1.98509,2.2649878551585e-05,-0.000121632741333503,0.915346582366744,-0.777752503996403
821,-0.278346,1.98054,2.66646739723454e-05,-0.000120879796508085,0.909485669429538,0.111102085145537
820,-0.312869,1.97538,3.06726229256342e-05,-0.000120005939891496,0.919253778305041,0.999999999897278
820,-0.347296,1.96962,3.06368029166981e-05,-0.000119799205295274,0.90948566942996,-0.111102085350006
819,-0.381618,1.96325,3.46322524717257e-05,-0.000118832930152013,0.915346582363608,0.777752503792493
819,-0.415823,1.9563,3.45975891098873e-05,-0.000118661534059398,0.910462498171543,-0.333308963366333
818,-0.449902,1.94874,3.85859033536164e-05,-0.00011760863727238,0.912416143749872,0.555523964026316
818,-0.483844,1.94059,3.85557797995919e-05,-0.000117478486760131,0.912416143751875,-0.555523964209561
817,-0.517638,1.93185,4.25503307196501e-05,-0.000116339650262849,0.910462498170336,0.333308963182646
817,-0.551275,1.92252,4.25269392749948e-05,-0.00011625059700089,0.915346582366457,-0.777752503976948
816,-0.584743,1.91261,4.65307677476278e-05,-0.000115020292918729,0.909485669429562,0.111102085165907
815,-0.618034,1.90211,5.05346867854659e-05,-0.000113662968526477,0.919253778305526,0.999999999919175
815,-0.651136,1.89104,5.05259309313095e-05,-0.000113640658096721,0.909485669429935,-0.111102085328253
814,-0.68404,1.87939,5.45311476595672e-05,-0.000112183669631433,0.915346582363941,0.777752503814277
814,-0.716736,1.86716,5.45328128263513e-05,-0.000112192319135748,0.910462498171402,-0.333308963343933
813,-0.749213,1.85437,5.85388479975951e-05,-0.000110628643137198,0.912416143750117,0.555523964050053
813,-0.781462,1.84101,5.8550717605018e-05,-0.00011066297192016,0.912416143751584,-0.555523964183396
812,-0.813473,1.82709,6.25515127170926e-05,-0.000108984808039366,0.910462498170484,0.33330896321226
812,-0.845237,1.81262,6.25730908391779e-05,-0.00010903985507833,0.91534658236591,-0.7777525039432
811,-0.876742,1.79759,6.65616892045602e-05,-0.000107241393652718,0.909485669429639,0.111102085200672
810,-0.907981,1.78201,7.05225001472629e-05,-0.000105311134826591,0.919253778306197,0.999999999954239
810,-0.938943,1.7659,7.0561353510472e-05,-0.000105391773911539,0.909485669429848,-0.111102085292613
809,-0.969619,1.74924,7.44942751887105e-05,-0.00010333972487247,0.915346582364533,0.777752503850298
809,-1,1.73205,7.45436029029577e-05,-0.000103434868612654,0.910462498171205,-0.333308963308436
808,-1.03008,1.71433,7.84474680755703e-05,-0.000101257940049034,0.912416143750522,0.55552396408444
808,-1.05984,1.6961,7.85057052275097e-05,-0.000101363124400191,0.912416143751243,-0.555523964150944
807,-1.08928,1.67734,8.23692847433058e-05,-9.90625706703079e-05,0.910462498170733,0.33330896324243
807,-1.11839,1.65808,8.24379686988889e-05,-9.91786586095262e-05,0.915346582365511,-0.777752503915504
806,-1.14715,1.6383,8.6257372420185e-05,-9.67591976541548e-05,0.909485669429678,0.11110208522852
805,-1.17557,1.61803,9.00170548692135e-05,-9.42159823763285e-05,0.91925377830677,0.999999999982889
805,-1.20363,1.59727,9.01124692363008e-05,-9.43526507420815e-05,0.909485669429819,-0.111102085265551
804,-1.23132,1.57602,9.38234243879049e-05,-9.16931712301428e-05,0.915346582364893,0.777752503876544
804,-1.25864,1.55429,9.39327680121871e-05,-9.18408377849591e-05,0.910462498170937,-0.333308963279986
803,-1.28558,1.53209,9.75851341497682e-05,-8.90692129393349e-05,0.912416143750809,0.555523964114847
803,-1.31212,1.50942,9.7710856390832e-05,-8.92293259308469e-05,0.912416143750849,-0.555523964118962
802,-1.33826,1.48629,0.000101302681077037,-8.63519282965414e-05,0.910462498170897,0.333308963276791
802,-1.364,1.46271,0.000101448404518521,-8.65269236516981e-05,0.915346582364928,-0.77775250387821
801,-1.38932,1.43868,0.000104981910242083,-8.35412291438252e-05,0.909485669429954,0.111102085257172
801,-1.41421,1.41421,0.000105146998023989,-8.37285891121575e-05,0.919253778307104,-0.999999999999994
15850,-1.43868,1.38932,0.000108614091107091,-8.06463216436039e-05,0.909485669429991,-0.111102085260237
15849,-1.46271,1.364,0.000111995518603076,-7.74531382659769e-05,0.915346582364828,0.777752503871364
15849,-1.48629,1.33826,0.000112206832652316,-7.76590385777822e-05,0.910462498171103,-0.333308963290387
15848,-1.50942,1.31212,0.000115513281968574,-7.43721520747727e-05,0.912416143750729,0.555523964099008
15848,-1.53209,1.28558,0.000115750294719921,-7.45905048668391e-05,0.912416143751185,-0.555523964140586
15847,-1.55429,1.25864,0.000118984940967458,-7.12061280956207e-05,0.910462498170851,0.333308963247569
15847,-1.57602,1.23132,0.000119245195436949,-7.14329627991439e-05,0.915346582365555,-0.777752503916249
15846,-1.59727,1.20363,0.000122400934666229,-6.79517844648889e-05,0.909485669429784,0.111102085221639
15845,-1.61803,1.17557,0.000125445536569404,-6.43838434678969e-05,0.919253778306531,0.999999999969823
15845,-1.6383,1.14715,0.000125756279602774,-6.46160955835221e-05,0.909485669429917,-0.111102085282151
15844,-1.65808,1.11839,0.000128716186460262,-6.09622884483963e-05,0.915346582364627,0.777752503855772
15844,-1.67734,1.08928,0.000129052313623507,-6.11995513135442e-05,0.910462498171251,-0.333308963307506
15843,-1.6961,1.05984,0.000131924208040742,-5.74575286070455e-05,0.912416143750542,0.555523964080906
15843,-1.71433,1.03008,0.000132283335007576,-5.76964904668346e-05,0.912416143751375,-0.555523964158831
15842,-1.73205,1,0.000135060708907296,-5.38656374681801e-05,0.910462498170697,0.333308963230296
15842,-1.74924,0.969619,0.00013544031905045,-5.41037785343595e-05,0.915346582365764,-0.777752503931822
15841,-1.7659,0.938943,0.000138117367776866,-5.0193970795794e-05,0.909485669429762,0.111102085205035
15840,-1.78201,0.907981,0.000140670017506945,-4.62138916119503e-05,0.919253778306162,0.999999999951483
15840,-1.79759,0.876742,0.000141095506994288,-4.64382236955803e-05,0.909485669429984,-0.111102085301589
15839,-1.81262,0.845237,0.000143541246463658,-4.23791819948474e-05,0.915346582364318,0.777752503835071
15839,-1.82709,0.813473,0.000143984662880516,-4.25979375296479e-05,0.910462498171391,-0.333308963330024
15838,-1.84101,0.781462,0.00014631858325157,-3.84615295074953e-05,0.912416143750253,0.555523964056986
15838,-1.85437,0.749213,0.000146778388396431,-3.86731437789157e-05,0.912416143751674,-0.555523964183544
15837,-1.86716,0.716736,0.00014899614896336,-3.44610485860039e-05,0.910462498170589,0.333308963203294
15837,-1.87939,0.68404,0.000149470704060304,-3.46642720900086e-05,0.915346582366259,-0.777752503962095
15836,-1.89104,0.651136,0.000151567823242811,-3.03795804201493e-05,0.909485669429715,0.111102085173074
15835,-1.90211,0.618034,0.000153527931538455,-2.60423872990216e-05,0.919253778305508,0.999999999918209
15835,-1.91261,0.584743,0.000154026607061733,-2.6212880175993e-05,0.909485669430068,-0.111102085335144
15834,-1.92252,0.551275,0.000155856154013331,-2.18066401421602e-05,0.915346582363818,0.777752503801208
15834,-1.93185,0.517638,0.000156360391887228,-2.19643418913624e-05,0.910462498171639,-0.333308963364235
15833,-1.94059,0.483844,0.000158053322683135,-1.7497764360249e-05,0.912416143749876,0.555523964021923
15833,-1.94874,0.449902,0.000158563596602699,-1.76425963712621e-05,0.912416143752063,-0.555523964220183
15832,-1.9563,0.415823,0.000160117484178124,-1.31192503522535e-05,0.910462498170272,0.333308963168156
15832,-1.96325,0.381618,0.000160631320817162,-1.32502880283033e-05,0.915346582366716,-0.7777525039937
15831,-1.96962,0.347296,0.000162038821842951,-8.66442361763962e-06,0.909485669429575,0.111102085145728
15830,-1.97538,0.312869,0.000163297413382574,-4.05126420736444e-06,0.91925377830502,0.999999999895294
15830,-1.98054,0.278346,0.000163803488368971,-4.14030960866052e-06,0.909485669430092,-0.111102085358556
15829,-1.98509,0.243739,0.000164908326565962,5.17723302530092e-07,0.915346582363415,0.777752503777664
15829,-1.98904,0.209057,0.000165410945159098,4.42794330078371e-07,0.910462498171765,-0.333308963386404
15828,-1.99239,0.174311,0.000166361699100237,5.14930034950033e-06,0.912416143749651,0.555523964001473
15828,-1.99513,0.139513,0.000166856022125426,5.08888003057733e-06,0.912416143752222,-0.5555239642384
15827,-1.99726,0.104672,0.000167646787827473,9.84009019947807e-06,0.910462498170184,0.3333089631488
15827,-1.99878,0.069799,0.000168131364591223,9.7937796892981e-06,0.915346582367074,-0.777752504016448
15826,-1.9997,0.0349048,0.000168757866099864,1.45894689924414e-05,0.909485669429527,0.111102085121831
15825,-2,2.46315e-16,0.000169229641299591,1.94006066257426e-05,0.919253778304535,0.999999999870803
15825,-1.9997,-0.0349048,0.000169687930739353,1.93921683286746e-05,0.909485669430051,-0.111102085378547
15824,-1.99878,-0.069799,0.000169989942669599,2.4241441633686e-05,0.915346582363134,0.777752503762804
15824,-1.99726,-0.104672,0.000170433103143771,2.42447896587449e-05,0.910462498171696,-0.333308963393566
15823,-1.99513,-0.139513,0.000170563508489052,2.91277365332404e-05,0.912416143749586,0.555523964001405
15823,-1.99239,-0.174311,0.000170992194070948,2.91422337863664e-05,0.912416143752114,-0.555523964232279
15822,-1.98904,-0.209057,0.000170948686661039,3.40606770831741e-05,0.910462498170195,0.333308963161688
15822,-1.98509,-0.243739,0.000171361435418893,3.40853650476126e-05,0.915346582366744,-0.7777525039964
15821,-1.98054,-0.278346,0.000171143535237124,3.90333359468413e-05,0.909485669429545,0.111102085145526
15820,-1.97538,-0.312869,0.000170762405548433,4.39945284436407e-05,0.919253778305042,0.999999999897283
15820,-1.96962,-0.347296,0.000171144852944952,4.40479734021686e-05,0.909485669429957,-0.111102085350017
15819,-1.96325,-0.381618,0.000170581718844143,4.90317934763301e-05,0.915346582363609,0.777752503792499
15819,-1.9563,-0.415823,0.000170945109929411,4.90920675847089e-05,0.910462498171549,-0.333308963366345
15818,-1.94874,-0.449902,0.000170200288998013,5.40874217540796e-05,0.912416143749872,0.555523964026319
15818,-1.94059,-0.483844,0.000170550657058433,5.41551354890092e-05,0.91241614375188,-0.555523964209544
15817,-1.93185,-0.517638,0.000169625020069277,5.91670673283829e-05,0.910462498170337,0.33330896318265
15817,-1.92252,-0.551275,0.000169961711627461,5.92412651460467e-05,0.915346582366458,-0.777752503976945
15816,-1.91261,-0.584743,0.000168851903200803,6.42634277732859e-05,0.909485669429567,0.111102085165898
15815,-1.90211,-0.618034,0.000167571694962513,6.927175035639e-05,0.919253778305528,0.999999999919178
15815,-1.89104,-0.651136,0.000167879948993251,6.93667769133114e-05,0.90948566942994,-0.111102085328262
15814,-1.87939,-0.68404,0.00016641675824296,7.43700676678722e-05,0.915346582363942,0.77775250381428
15814,-1.86716,-0.716736,0.000166713959060728,7.44703882549528e-05,0.910462498171397,-0.333308963343943
15813,-1.85437,-0.749213,0.000165068118180178,7.94672586010577e-05,0.912416143750119,0.555523964050056
15813,-1.84101,-0.781462,0.000165354703168606,7.95725557390231e-05,0.912416143751582,-0.555523964183381
15812,-1.82709,-0.813473,0.000163525812536122,8.45569409363608e-05,0.910462498170486,0.333308963212263
15812,-1.81262,-0.845237,0.000163801854583074,8.46668040524874e-05,0.915346582365912,-0.777752503943197
15811,-1.79759,-0.876742,0.000161789496341112,8.96320799728906e-05,0.909485669429641,0.111102085200675
15810,-1.78201,-0.907981,0.000159603966775525,9.4556359133375e-05,0.919253778306197,0.999999999954239
15810,-1.7659,-0.938943,0.000159860984366075,9.4684882716732e-05,0.90948566942985,-0.11110208529261
15809,-1.74924,-0.969619,0.000157495686989747,9.95753689220442e-05,0.915346582364535,0.777752503850301
15809,-1.73205,-1,0.00015774668417508,9.97094922677894e-05,0.9104624981712,-0.333308963308458
15808,-1.71433,-1.03008,0.000155200337299307,0.000104566431020815,0.912416143750526,0.555523964084446
15808,-1.6961,-1.05984,0.000155442015799058,0.000104703966951086,0.912416143751243,-0.555523964150944
15807,-1.67734,-1.08928,0.000152718836001121,0.000109513576712081,0.910462498170725,0.333308963242434
15807,-1.65808,-1.11839,0.000152954760643831,0.000109656512657109,0.915346582365503,-0.7777525039155
15806,-1.6383,-1.14715,0.000150058569213288,0.000114415063535289,0.90948566942967,0.111102085228524
15805,-1.61803,-1.17557,0.000146994077320927,0.000119100615564509,0.919253778306763,0.999999999982893
15805,-1.59727,-1.20363,0.000147223688583868,0.000119268208351486,0.909485669429812,-0.111102085265547
15804,-1.57602,-1.23132,0.000143988017201891,0.000123895330506576,0.915346582364898,0.777752503876549
15804,-1.55429,-1.25864,0.00014421122990109,0.000124067631775708,0.910462498170935,-0.333308963280012
15803,-1.53209,-1.28558,0.000140808066516696,0.000128620740660023,0.912416143750815,0.555523964114853
15803,-1.50942,-1.31212,0.000141026004694293,0.000128798558748844,0.912416143750855,-0.555523964118957
15802,-1.48629,-1.33826,0.000137462522124626,0.000133270904578088,0.910462498170897,0.333308963276791
15802,-1.46271,-1.364,0.000137677764665865,0.000133456491497772,0.915346582364928,-0.77775250387821
15801,-1.43868,-1.38932,0.000133950639476417,0.000137846026067729,0.909485669429954,0.111102085257172
15801,-1.41421,-1.41421,0.000134159530881253,0.000138036101840759,0.919253778307098,-0.999999999999989
10084,-1.38932,-1.43868,0.0001302871634754,0.000142327379607246,-0.909485669429983,0.111102085260242
10184,-1.364,-1.46271,0.000126264951009574,0.000146502874371995,-0.915346582364814,-0.777752503871363
10184,-1.33826,-1.48629,0.000126465859497994,0.000146719183847919,-0.910462498171062,0.333308963290425
10284,-1.31212,-1.50942,0.00012230539563753,0.000150780049841116,-0.912416143750702,-0.555523964098991
10284,-1.28558,-1.53209,0.000122502811351981,0.000151004518004996,-0.912416143751175,0.55552396414059
10384,-1.25864,-1.55429,0.000118203991398989,0.000154951396986873,-0.910462498170858,-0.333308963247603
10384,-1.23132,-1.57602,0.000118395278473862,0.000155181139933987,-0.915346582365569,0.777752503916277
10484,-1.20363,-1.59727,0.000113963924085807,0.000159003328133385,-0.909485669429755,-0.111102085221656
10584,-1.17557,-1.61803,0.000109419279328677,0.000162672634128964,-0.919253778306467,-0.999999999969833
10584,-1.14715,-1.6383,0.000109598168224924,0.000162927337435139,-0.909485669429891,0.111102085282108
10684,-1.11839,-1.65808,0.000104938326514153,0.000166462121027504,-0.915346582364624,-0.777752503855743
10684,-1.08928,-1.67734,0.000105109903974712,0.000166721077385331,-0.910462498171255,0.333308963307532
10784,-1.05984,-1.6961,0.000100338649224487,0.000170112942568885,-0.912416143750544,-0.555523964080908
10784,-1.03008,-1.71433,0.000100501765329324,0.000170374358687224,-0.912416143751393,0.555523964158839
10884,-1,-1.73205,9.56229362088253e-05,0.000173615044081659,-0.910462498170715,-0.333308963230315
10884,-0.969619,-1.74924,9.57749686651704e-05,0.000173874086713597,-0.915346582365772,0.777752503931858
10984,-0.938943,-1.7659,9.08015044171739e-05,0.000176954446789157,-0.909485669429763,-0.111102085205032
11084,-0.907981,-1.78201,8.57454581058214e-05,0.000179861367020524,-0.919253778306154,-0.99999999995149
11084,-0.876742,-1.79759,8.58747753006253e-05,0.000180128995635403,-0.909485669429981,0.111102085301552
11184,-0.845237,-1.81262,8.07309321901676e-05,0.000182866485086738,-0.915346582364332,-0.777752503835052
11184,-0.813473,-1.82709,8.08473526126198e-05,0.00018312528936564,-0.910462498171421,0.333308963330044
11284,-0.781462,-1.84101,7.56229713543673e-05,0.000185685942778275,-0.912416143750289,-0.555523964056998
11284,-0.749213,-1.85437,7.57265083613911e-05,0.000185934103390793,-0.912416143751684,0.555523964183542
11384,-0.716736,-1.86716,7.04276308769302e-05,0.000188312972862753,-0.910462498170579,-0.333308963203316
11384,-0.68404,-1.87939,7.0518130075964e-05,0.000188547837254459,-0.915346582366256,0.777752503962127
11484,-0.651136,-1.89104,6.51503993402541e-05,0.000190739048146926,-0.9094856694297,-0.111102085173069
11584,-0.618034,-1.90211,5.97312411492671e-05,0.000192743216809398,-0.919253778305473,-0.9999999999182
11584,-0.584743,-1.91261,5.97938903747452e-05,0.000192954678998911,-0.909485669430035,0.111102085335111
11684,-0.551275,-1.92252,5.43160688601556e-05,0.000194761536262199,-0.915346582363772,-0.777752503801188
11684,-0.517638,-1.93185,5.43653869136361e-05,0.000194946849196265,-0.910462498171642,0.333308963364261
11784,-0.483844,-1.94059,4.88384796597384e-05,0.000196549402554458,-0.912416143749915,-0.555523964021929
11784,-0.449902,-1.94874,4.88760373678538e-05,0.000196708291529798,-0.912416143752077,0.555523964220183
11884,-0.415823,-1.9563,4.33099938784889e-05,0.000198105887504223,-0.910462498170266,-0.33330896316818
11884,-0.381618,-1.96325,4.3337644637358e-05,0.000198239474941441,-0.915346582366712,0.777752503993725
11984,-0.347296,-1.96962,3.77321446992082e-05,0.000199429810174705,-0.909485669429565,-0.111102085145729
12084,-0.312869,-1.97538,3.21106889261159e-05,0.00020042617913277,-0.919253778305011,-0.999999999895287
12084,-0.278346,-1.98054,3.21219205499477e-05,0.000200517400683754,-0.909485669430107,0.111102085358526
12184,-0.243739,-1.98509,2.64886241336713e-05,0.000201309516313706,-0.915346582363447,-0.777752503777644
12184,-0.209057,-1.98904,2.64950836474922e-05,0.000201380568943934,-0.910462498171781,0.333308963386432
12284,-0.174311,-1.99239,2.08517944567002e-05,0.00020197569252151,-0.912416143749663,-0.555523964001473
12284,-0.139513,-1.99513,2.08548333726595e-05,0.000202028879889431,-0.912416143752267,0.555523964238395
12384,-0.104672,-1.99726,1.52120579948938e-05,0.000202432991233416,-0.910462498170238,-0.333308963148834
12384,-0.069799,-1.99878,1.52129581188107e-05,0.000202474356087225,-0.915346582367131,0.777752504016471
12484,-0.0349048,-1.9997,9.56966845013883e-06,0.000202694591616461,-0.909485669429557,-0.111102085121833
12584,-4.35203e-16,-2,3.93212163570709e-06,0.000202726619590787,-0.919253778304537,-0.999999999870803
12584,0.0349048,-1.9997,3.92940559171732e-06,0.000202768366533561,-0.909485669430058,0.111102085378513
12684,0.069799,-1.99878,-1.70253579349909e-06,0.000202623186103776,-0.915346582363139,-0.777752503762792
12684,0.104672,-1.99726,-1.70645013920355e-06,0.000202661863465625,-0.9104624981717,0.333308963393593
12784,0.139513,-1.99513,-7.33225449603524e-06,0.000202342909727456,-0.912416143749591,-0.555523964001403
12784,0.174311,-1.99239,-7.33721409488485e-06,0.000202379868531776,-0.912416143752134,0.555523964232273
12884,0.209057,-1.98904,-1.29593025349571e-05,0.000201886903473314,-0.91046249817019,-0.333308963161724
12884,0.243739,-1.98509,-1.29649076687231e-05,0.000201919686127551,-0.915346582366752,0.777752503996427
12984,0.278346,-1.98054,-1.85825315323588e-05,0.00020124896025482,-0.909485669429543,-0.111102085145531
13084,0.312869,-1.97538,-2.41966228395016e-05,0.000200386711518577,-0.919253778305079,-0.999999999897294
13084,0.347296,-1.96962,-2.4204159221595e-05,0.000200418164724308,-0.909485669429971,0.111102085349981
13184,0.381618,-1.96325,-2.98096725109102e-05,0.000199366564763407,-0.915346582363621,-0.777752503792476
13184,0.415823,-1.9563,-2.98138020498397e-05,0.000199378545763661,-0.910462498171561,0.33330896336634
13284,0.449902,-1.94874,-3.54001597050082e-05,0.0001981312619026,-0.912416143749886,-0.555523964026324
13284,0.483844,-1.94059,-3.5399835714143e-05,0.000198124972441395,-0.912416143751904,0.555523964209538
13384,0.517638,-1.93185,-4.09691478190902e-05,0.000196677811767256,-0.910462498170363,-0.333308963182687
13384,0.551275,-1.92252,-4.09621375725934e-05,0.000196648857230531,-0.915346582366464,0.777752503976962
13484,0.584743,-1.91261,-4.65062390936418e-05,0.000194993838239214,-0.909485669429569,-0.111102085165906
13584,0.618034,-1.90211,-5.20182500240712e-05,0.000193140427101937,-0.919253778305519,-0.999999999919186
13584,0.651136,-1.89104,-5.1993511198194e-05,0.000193074497638563,-0.909485669429928,0.111102085328226
13684,0.68404,-1.87939,-5.74552348627146e-05,0.000191016049507838,-0.915346582363942,-0.777752503814258
13684,0.716736,-1.86716,-5.74183080918096e-05,0.000190925217623025,-0.910462498171394,0.333308963343945
13784,0.749213,-1.85437,-6.28244555157085e-05,0.000188663478008837,-0.912416143750121,-0.555523964050058
13784,0.781462,-1.84101,-6.27736965478013e-05,0.00018854797032894,-0.91241614375158,0.555523964183364
13884,0.813473,-1.82709,-6.81160165477642e-05,0.000186082937749367,-0.91046249817049,-0.333308963212306
13884,0.845237,-1.81262,-6.80492522062461e-05,0.000185942023587622,-0.915346582365913,0.777752503943214
13984,0.876742,-1.79759,-7.33184994927503e-05,0.000183272767840474,-0.909485669429626,-0.1111020852007
14084,0.907981,-1.78201,-7.85203350028368e-05,0.000180411332613884,-0.919253778306215,-0.999999999954254
14084,0.938943,-1.7659,-7.84179209432177e-05,0.000180236146510428,-0.909485669429858,0.111102085292581
14184,0.969619,-1.74924,-8.35239854693798e-05,0.000177180895534091,-0.915346582364524,-0.777752503850263
14184,1,-1.73205,-8.34032212670582e-05,0.000176986005290489,-0.910462498171194,0.333308963308465
14284,1.03008,-1.71433,-8.84091086904488e-05,0.000173743992341162,-0.91241614375052,-0.55552396408445
14284,1.05984,-1.6961,-8.82694063524521e-05,0.000173531043865848,-0.912416143751235,0.55552396415093
14384,1.08928,-1.67734,-9.31621601075847e-05,0.000170115398977626,-0.910462498170724,-0.333308963242461
14384,1.11839,-1.65808,-9.30066889959021e-05,0.000169891736514625,-0.915346582365498,0.777752503915531
14484,1.14715,-1.6383,-9.77829053833788e-05,0.000166317400557099,-0.909485669429676,-0.111102085228531
14584,1.17557,-1.61803,-0.000102445006845337,0.000162581259659007,-0.919253778306762,-0.999999999982903
14584,1.20363,-1.59727,-0.000102273430691613,0.000162373792596725,-0.909485669429825,0.1111020852655
14684,1.23132,-1.57602,-0.00010680994307593,0.00015850497444348,-0.91534658236492,-0.777752503876537
14684,1.25864,-1.55429,-0.000106635466409293,0.00015830510665461,-0.910462498170955,0.333308963280004
14784,1.28558,-1.53209,-0.000111041484547087,0.00015431769873419,-0.912416143750819,-0.555523964114867
14784,1.31212,-1.50942,-0.000110868340861126,0.000154130091927761,-0.912416143750872,0.555523964118932
14884,1.33826,-1.48629,-0.000115146040140369,0.000150034462179896,-0.910462498170903,-0.333308963276861
14884,1.364,-1.46271,-0.000114978228508575,0.000149862612850303,-0.915346582364901,0.777752503878194
14984,1.38932,-1.43868,-0.00011913008310752,0.00014566129249299,-0.909485669429939,-0.111102085257194
14984,1.41421,-1.41421,-0.000118967552100943,0.000145503973724013,-0.919253778307102,0.999999999999985
5850,1.43868,-1.38932,-0.000122986348510066,0.000141211477203478,0.909485669429985,-0.111102085260202
5849,1.46271,-1.364,-0.000126860316605313,0.000136795313498719,0.915346582364833,0.777752503871339
5849,1.48629,-1.33826,-0.000126720111239056,0.000136683679364913,0.910462498171102,-0.333308963290407
5848,1.50942,-1.31212,-0.000130454648010203,0.000132182156999625,0.91241614375073,0.555523964099018
5848,1.53209,-1.28558,-0.000130323074664326,0.000132083954456284,0.912416143751186,-0.555523964140576
5847,1.55429,-1.25864,-0.000133916983380975,0.000127497374273704,0.91046249817085,0.333308963247604
5847,1.57602,-1.23132,-0.000133791558291724,0.00012740957222345,0.91534658236556,-0.777752503916265
5846,1.59727,-1.20363,-0.000137237518556324,0.000122741503064811,0.909485669429786,0.111102085221649
5845,1.61803,-1.17557,-0.000140516790420707,0.000117981280712814,0.919253778306525,0.999999999969829
5845,1.6383,-1.14715,-0.000140407887307294,0.000117922026227557,0.909485669429914,-0.11110208528211
5844,1.65808,-1.11839,-0.000143531079442419,0.000113094800711748,0.915346582364627,0.777752503855747
5844,1.67734,-1.08928,-0.000143425172739389,0.000113041150479021,0.910462498171258,-0.333308963307527
5843,1.6961,-1.05984,-0.000146387006962777,0.000108150939976164,0.912416143750537,0.555523964080912
5843,1.71433,-1.03008,-0.000146282107511748,0.000108101449826559,0.912416143751378,-0.555523964158821
5842,1.73205,-1,-0.000149077242444686,0.000103152934649889,0.910462498170701,0.333308963230334
5842,1.74924,-0.969619,-0.000148970609113116,0.000103105794972554,0.915346582365767,-0.777752503931841
5841,1.7659,-0.938943,-0.000151594727909062,9.81066620046563e-05,0.909485669429766,0.111102085205045
5840,1.78201,-0.907981,-0.000154041959489156,9.30465024334948e-05,0.919253778306158,0.99999999995149
5840,1.79759,-0.876742,-0.000153937585175936,9.30133639286926e-05,0.909485669429983,-0.111102085301555
5839,1.81262,-0.845237,-0.000156209646812809,8.79092022393464e-05,0.915346582364319,0.777752503835052
5839,1.82709,-0.813473,-0.000156096919002129,8.78753445336655e-05,0.910462498171384,-0.333308963330046
5838,1.84101,-0.781462,-0.000158188211196599,8.2730458961417e-05,0.912416143750258,0.555523964056995
5838,1.85437,-0.749213,-0.000158063398906517,8.26949203911759e-05,0.91241614375167,-0.555523964183538
5837,1.86716,-0.716736,-0.000159969060381657,7.75148129062174e-05,0.91046249817059,0.333308963203332
5837,1.87939,-0.68404,-0.000159830189979469,7.74774349211392e-05,0.915346582366259,-0.777752503962114
5836,1.89104,-0.651136,-0.000161547672642644,7.22694746029236e-05,0.909485669429712,0.11110208517308
5835,1.90211,-0.618034,-0.000163084317597956,6.7028314470109e-05,0.919253778305505,0.999999999918216
5835,1.91261,-0.584743,-0.000162921122737962,6.69980862538764e-05,0.909485669430072,-0.111102085335106
5834,1.92252,-0.551275,-0.000164266737745613,6.17367363064591e-05,0.915346582363824,0.777752503801191
5834,1.93185,-0.517638,-0.000164082150515032,6.17050821724382e-05,0.910462498171638,-0.333308963364257
5833,1.94059,-0.483844,-0.000165232774399909,5.64311442719861e-05,0.912416143749874,0.555523964021932
5833,1.94874,-0.449902,-0.000165026591391876,5.63992240117595e-05,0.91241614375206,-0.555523964220175
5832,1.9563,-0.415823,-0.000165982917129277,5.1120137182216e-05,0.910462498170272,0.333308963168192
5832,1.96325,-0.381618,-0.000165755888967872,5.10893475438682e-05,0.915346582366721,-0.777752503993719
5831,1.96962,-0.347296,-0.000166517483296339,4.58045395909098e-05,0.909485669429573,0.111102085145735
5830,1.97538,-0.312869,-0.000167099848259837,4.05104672069119e-05,0.919253778305019,0.999999999895301
5830,1.98054,-0.278346,-0.000166832417381993,4.04942372500191e-05,0.909485669430095,-0.11110208535852
5829,1.98509,-0.243739,-0.0001672209729153,3.52114675317275e-05,0.915346582363408,0.777752503777643
5829,1.98904,-0.209057,-0.000166932736236286,3.51998191074815e-05,0.910462498171767,-0.333308963386425
5828,1.99239,-0.174311,-0.000167131560184162,2.99299105727843e-05,0.91241614374965,0.555523964001481
5828,1.99513,-0.139513,-0.000166822041234849,2.99240779720055e-05,0.912416143752221,-0.555523964238393
5827,1.99726,-0.104672,-0.000166832210053118,2.46725916986607e-05,0.910462498170182,0.333308963148836
5827,1.99878,-0.069799,-0.000166502354429571,2.46738327569951e-05,0.915346582367075,-0.777752504016468
5826,1.9997,-0.0349048,-0.000166325399641775,1.94426375489152e-05,0.909485669429527,0.111102085121839
