origElemNum,globCoord-x,globCoord-y,acouPotentialD1-,locCoord-xi,locCoord-eta
5825,2,-2.20442e-18,1.02177497211053e+70,0.919253778304535,0.999999999870795
5825,1.9997,0.0349048,9.12673181804802e+69,0.909485669430051,-0.11110208537854
5824,1.99878,0.069799,7.98941164903937e+69,0.915346582363134,0.7777525037628
5824,1.99726,0.104672,6.64500817010141e+69,0.910462498171695,-0.333308963393583
5823,1.99513,0.139513,5.40848424072092e+69,0.912416143749585,0.555523964001403
5823,1.99239,0.174311,4.33180616640514e+69,0.912416143752112,-0.555523964232293
5822,1.98904,0.209057,3.47235223212665e+69,0.910462498170195,0.33330896316169
5822,1.98509,0.243739,2.76300721237578e+69,0.915346582366752,-0.777752503996411
5821,1.98054,0.278346,2.00195486085327e+69,0.909485669429537,0.111102085145532
5820,1.97538,0.312869,1.2478333329291e+69,0.91925377830504,0.999999999897275
5820,1.96962,0.347296,9.18467645134861e+68,0.909485669429959,-0.111102085350008
5819,1.96325,0.381618,9.09328883730874e+68,0.915346582363608,0.777752503792493
5819,1.9563,0.415823,2.1055660066251e+69,0.910462498171543,-0.333308963366333
5818,1.94874,0.449902,3.43769818715481e+69,0.912416143749872,0.555523964026318
5818,1.94059,0.483844,4.96492883669516e+69,0.912416143751876,-0.555523964209557
5817,1.93185,0.517638,5.52001616934188e+69,0.910462498170338,0.333308963182653
5817,1.92252,0.551275,5.42280992061617e+69,0.915346582366455,-0.777752503976955
5816,1.91261,0.584743,3.78855833982267e+69,0.909485669429567,0.111102085165898
5815,1.90211,0.618034,1.75985611516323e+69,0.919253778305533,0.999999999919169
5815,1.89104,0.651136,1.4440136242159e+69,0.909485669429933,-0.111102085328256
5814,1.87939,0.68404,1.42556734154847e+69,0.915346582363941,0.777752503814277
5814,1.86716,0.716736,2.62243461264552e+69,0.910462498171402,-0.333308963343933
5813,1.85437,0.749213,2.93291802208335e+69,0.912416143750119,0.555523964050056
5813,1.84101,0.781462,1.91256849047783e+69,0.912416143751575,-0.555523964183394
5812,1.82709,0.813473,3.2425802448861e+68,0.910462498170486,0.333308963212263
5812,1.81262,0.845237,-1.63545029448181e+69,0.915346582365915,-0.777752503943209
5811,1.79759,0.876742,-2.69185041180183e+69,0.909485669429635,0.111102085200681
5810,1.78201,0.907981,-3.5141368461064e+69,0.919253778306195,0.999999999954235
5810,1.7659,0.938943,-2.26378180380253e+69,0.909485669429844,-0.111102085292603
5809,1.74924,0.969619,-7.06037560172657e+68,0.915346582364538,0.777752503850291
5809,1.73205,1,2.10658004237085e+69,0.910462498171199,-0.333308963308445
5808,1.71433,1.03008,3.45975235342485e+69,0.912416143750526,0.555523964084446
5808,1.6961,1.05984,2.63403281892688e+69,0.912416143751246,-0.555523964150953
5807,1.67734,1.08928,1.70011563792712e+68,0.910462498170725,0.333308963242434
5807,1.65808,1.11839,-3.36843913588106e+69,0.915346582365508,-0.777752503915519
5806,1.6383,1.14715,-3.77877293977839e+69,0.909485669429676,0.11110208522853
5805,1.61803,1.17557,-3.37284024186984e+69,0.919253778306765,0.999999999982884
5805,1.59727,1.20363,-5.38682683900344e+68,0.909485669429817,-0.111102085265541
5804,1.57602,1.23132,1.8158365861477e+69,0.9153465823649,0.777752503876539
5804,1.55429,1.25864,2.26007102311396e+69,0.910462498170939,-0.333308963279996
5803,1.53209,1.28558,1.9818434441586e+69,0.912416143750815,0.555523964114853
5803,1.50942,1.31212,6.4712673053038e+68,0.91241614375085,-0.555523964118972
5802,1.48629,1.33826,4.80742793316438e+68,0.910462498170897,0.333308963276791
5802,1.46271,1.364,1.08301659822837e+69,0.915346582364929,-0.77775250387822
5801,1.43868,1.38932,2.18364966886582e+69,0.909485669429954,0.111102085257182
5801,1.41421,1.41421,3.4072051618573e+69,0.919253778307104,-0.999999999999994
850,1.38932,1.43868,3.91221794191145e+69,0.909485669429991,-0.111102085260227
849,1.364,1.46271,4.48350653600646e+69,0.915346582364834,0.777752503871359
849,1.33826,1.48629,5.31061851093284e+69,0.910462498171096,-0.333308963290402
848,1.31212,1.50942,5.68347169854619e+69,0.912416143750729,0.555523964099008
848,1.28558,1.53209,5.37482325063013e+69,0.912416143751184,-0.555523964140596
847,1.25864,1.55429,3.748806067654e+69,0.910462498170846,0.333308963247574
847,1.23132,1.57602,1.25685227949495e+69,0.915346582365554,-0.777752503916259
846,1.20363,1.59727,-2.30827118204487e+69,0.90948566942978,0.111102085221654
845,1.17557,1.61803,-6.11344365856128e+69,0.919253778306528,0.999999999969813
845,1.14715,1.6383,-8.53707052969074e+69,0.909485669429915,-0.111102085282135
844,1.11839,1.65808,-1.04467714018846e+70,0.915346582364625,0.777752503855763
844,1.08928,1.67734,-1.03771835626969e+70,0.910462498171253,-0.333308963307521
843,1.05984,1.6961,-1.03448856157032e+70,0.912416143750542,0.555523964080906
843,1.03008,1.71433,-1.03824299716782e+70,0.912416143751377,-0.555523964158847
842,1,1.73205,-1.07371192120223e+70,0.910462498170698,0.333308963230309
842,0.969619,1.74924,-1.12689952739625e+70,0.915346582365766,-0.777752503931825
841,0.938943,1.7659,-1.05156310373284e+70,0.909485669429764,0.111102085205048
840,0.907981,1.78201,-9.39046919827234e+69,0.919253778306164,0.99999999995148
840,0.876742,1.79759,-6.08154214631674e+69,0.909485669429979,-0.11110208530158
839,0.845237,1.81262,-2.67362544536454e+69,0.91534658236432,0.777752503835068
839,0.813473,1.82709,1.02078599972833e+69,0.91046249817139,-0.33330896333004
838,0.781462,1.84101,3.52780095444375e+69,0.912416143750255,0.555523964056983
838,0.749213,1.85437,4.24484298116746e+69,0.912416143751674,-0.555523964183563
837,0.716736,1.86716,3.4199779167487e+69,0.910462498170584,0.333308963203304
837,0.68404,1.87939,1.53245019352366e+69,0.915346582366261,-0.777752503962098
836,0.651136,1.89104,3.41119384730037e+68,0.909485669429719,0.111102085173086
835,0.618034,1.90211,-7.53723487565584e+68,0.919253778305509,0.999999999918205
835,0.584743,1.91261,-3.0531595046107e+68,0.909485669430073,-0.111102085335132
834,0.551275,1.92252,9.11000086317763e+67,0.915346582363819,0.777752503801204
834,0.517638,1.93185,3.81954218818595e+68,0.910462498171637,-0.333308963364254
833,0.483844,1.94059,3.99928228511095e+68,0.912416143749877,0.55552396402192
833,0.449902,1.94874,-7.97281749348311e+66,0.91241614375206,-0.555523964220202
832,0.415823,1.9563,-6.29885465236979e+68,0.910462498170279,0.333308963168166
832,0.381618,1.96325,-1.39700003152288e+69,0.915346582366717,-0.777752503993703
831,0.347296,1.96962,-1.71187457185328e+69,0.909485669429573,0.111102085145737
830,0.312869,1.97538,-1.91619459714405e+69,0.919253778305012,0.99999999989529
830,0.278346,1.98054,-9.51871796046083e+68,0.909485669430091,-0.111102085358547
829,0.243739,1.98509,1.82308533669658e+68,0.915346582363415,0.77775250377766
829,0.209057,1.98904,1.97043576020487e+69,0.910462498171767,-0.333308963386422
828,0.174311,1.99239,3.0940539604954e+69,0.912416143749651,0.55552396400147
828,0.139513,1.99513,3.21627289187365e+69,0.912416143752224,-0.555523964238419
827,0.104672,1.99726,1.74128927102747e+69,0.910462498170184,0.33330896314881
827,0.069799,1.99878,-7.99491991863662e+68,0.915346582367074,-0.777752504016452
826,0.0349048,1.9997,-2.49892407379552e+69,0.909485669429527,0.111102085121841
825,1.27747e-16,2,-3.98439784545637e+69,0.919253778304535,0.999999999870799
825,-0.0349048,1.9997,-3.46690801270527e+69,0.909485669430051,-0.111102085378537
824,-0.069799,1.99878,-2.9105510265266e+69,0.915346582363134,0.777752503762801
824,-0.104672,1.99726,-2.22851451728616e+69,0.910462498171695,-0.333308963393583
823,-0.139513,1.99513,-1.39312641084879e+69,0.912416143749585,0.555523964001401
823,-0.174311,1.99239,-3.31206269272929e+68,0.912416143752112,-0.555523964232297
822,-0.209057,1.98904,-3.62759889517768e+68,0.910462498170195,0.333308963161685
822,-0.243739,1.98509,-1.10731547622975e+69,0.915346582366744,-0.777752503996403
821,-0.278346,1.98054,-3.60616499005359e+69,0.909485669429538,0.111102085145537
820,-0.312869,1.97538,-6.50984721671695e+69,0.919253778305041,0.999999999897278
820,-0.347296,1.96962,-5.8972744536464e+69,0.90948566942996,-0.111102085350006
819,-0.381618,1.96325,-4.51092204572945e+69,0.915346582363608,0.777752503792493
819,-0.415823,1.9563,-6.85907129894807e+67,0.910462498171543,-0.333308963366333
818,-0.449902,1.94874,3.16168611679529e+69,0.912416143749872,0.555523964026316
818,-0.483844,1.94059,4.5825041590548e+69,0.912416143751875,-0.555523964209561
817,-0.517638,1.93185,4.10588127700882e+69,0.910462498170336,0.333308963182646
817,-0.551275,1.92252,2.37057852393506e+69,0.915346582366457,-0.777752503976948
816,-0.584743,1.91261,2.30513389739881e+69,0.909485669429562,0.111102085165907
815,-0.618034,1.90211,2.66185046926163e+69,0.919253778305526,0.999999999919175
815,-0.651136,1.89104,4.36440124221963e+69,0.909485669429935,-0.111102085328253
814,-0.68404,1.87939,5.67294819928211e+69,0.915346582363941,0.777752503814277
814,-0.716736,1.86716,5.41776262362534e+69,0.910462498171402,-0.333308963343933
813,-0.749213,1.85437,4.17432173087674e+69,0.912416143750117,0.555523964050053
813,-0.781462,1.84101,1.45587057012666e+69,0.912416143751584,-0.555523964183396
812,-0.813473,1.82709,-2.10574672183492e+69,0.910462498170484,0.33330896321226
812,-0.845237,1.81262,-6.23053706424202e+69,0.91534658236591,-0.7777525039432
811,-0.876742,1.79759,-9.86276709056814e+69,0.909485669429639,0.111102085200672
810,-0.907981,1.78201,-1.3364676243703e+70,0.919253778306197,0.999999999954239
810,-0.938943,1.7659,-1.42610661189213e+70,0.909485669429848,-0.111102085292613
809,-0.969619,1.74924,-1.44642641744326e+70,0.915346582364533,0.777752503850298
809,-1,1.73205,-1.18752244964466e+70,0.910462498171205,-0.333308963308436
808,-1.03008,1.71433,-8.04061092876425e+69,0.912416143750522,0.55552396408444
808,-1.05984,1.6961,-2.31039294214708e+69,0.912416143751243,-0.555523964150944
807,-1.08928,1.67734,3.78899016852194e+69,0.910462498170733,0.33330896324243
807,-1.11839,1.65808,1.01165868127603e+70,0.915346582365511,-0.777752503915504
806,-1.14715,1.6383,1.39008751252891e+70,0.909485669429678,0.11110208522852
805,-1.17557,1.61803,1.70480647689872e+70,0.91925377830677,0.999999999982889
805,-1.20363,1.59727,1.66823407633693e+70,0.909485669429819,-0.111102085265551
804,-1.23132,1.57602,1.61132755344871e+70,0.915346582364893,0.777752503876544
804,-1.25864,1.55429,1.46793911255442e+70,0.910462498170937,-0.333308963279986
803,-1.28558,1.53209,1.29486378543901e+70,0.912416143750809,0.555523964114847
803,-1.31212,1.50942,1.07696360025806e+70,0.912416143750849,-0.555523964118962
802,-1.33826,1.48629,7.84454913521566e+69,0.910462498170897,0.333308963276791
802,-1.364,1.46271,4.41280263903393e+69,0.915346582364928,-0.77775250387821
801,-1.38932,1.43868,5.85324833287583e+68,0.909485669429954,0.111102085257172
801,-1.41421,1.41421,-3.35156361464752e+69,0.919253778307104,-0.999999999999994
15850,-1.43868,1.38932,-7.20237314577323e+69,0.909485669429991,-0.111102085260237
15849,-1.46271,1.364,-1.06710009964251e+70,0.915346582364828,0.777752503871364
15849,-1.48629,1.33826,-1.25847295153607e+70,0.910462498171103,-0.333308963290387
15848,-1.50942,1.31212,-1.3143340541561e+70,0.912416143750729,0.555523964099008
15848,-1.53209,1.28558,-1.16640207525005e+70,0.912416143751185,-0.555523964140586
15847,-1.55429,1.25864,-9.6168964762666e+69,0.910462498170851,0.333308963247569
15847,-1.57602,1.23132,-7.1847413243955e+69,0.915346582365555,-0.777752503916249
15846,-1.59727,1.20363,-5.21442608909028e+69,0.909485669429784,0.111102085221639
15845,-1.61803,1.17557,-3.34679088033907e+69,0.919253778306531,0.999999999969823
15845,-1.6383,1.14715,-4.3699677648041e+68,0.909485669429917,-0.111102085282151
15844,-1.65808,1.11839,2.71862782792495e+69,0.915346582364627,0.777752503855772
15844,-1.67734,1.08928,6.79923542338555e+69,0.910462498171251,-0.333308963307506
15843,-1.6961,1.05984,1.01941764859112e+70,0.912416143750542,0.555523964080906
15843,-1.71433,1.03008,1.25447572758589e+70,0.912416143751375,-0.555523964158831
15842,-1.73205,1,1.24911106939645e+70,0.910462498170697,0.333308963230296
15842,-1.74924,0.969619,1.08383471314092e+70,0.915346582365764,-0.777752503931822
15841,-1.7659,0.938943,7.75668446853783e+69,0.909485669429762,0.111102085205035
15840,-1.78201,0.907981,4.31031310916894e+69,0.919253778306162,0.999999999951483
15840,-1.79759,0.876742,2.41670610006652e+69,0.909485669429984,-0.111102085301589
15839,-1.81262,0.845237,4.77356782107909e+68,0.915346582364318,0.777752503835071
15839,-1.82709,0.813473,-1.59469774570063e+69,0.910462498171391,-0.333308963330024
15838,-1.84101,0.781462,-4.31143024100751e+69,0.912416143750253,0.555523964056986
15838,-1.85437,0.749213,-7.98530681426623e+69,0.912416143751674,-0.555523964183544
15837,-1.86716,0.716736,-9.93848895014514e+69,0.910462498170589,0.333308963203294
15837,-1.87939,0.68404,-1.07544819789027e+70,0.915346582366259,-0.777752503962095
15836,-1.89104,0.651136,-8.00987735625913e+69,0.909485669429715,0.111102085173074
15835,-1.90211,0.618034,-4.38894898585106e+69,0.919253778305508,0.999999999918209
15835,-1.91261,0.584743,-1.03865128335344e+69,0.909485669430068,-0.111102085335144
15834,-1.92252,0.551275,1.76576871071832e+69,0.915346582363818,0.777752503801208
15834,-1.93185,0.517638,2.37909679712706e+69,0.910462498171639,-0.333308963364235
15833,-1.94059,0.483844,2.37619218493924e+69,0.912416143749876,0.555523964021923
15833,-1.94874,0.449902,1.43715612017731e+69,0.912416143752063,-0.555523964220183
15832,-1.9563,0.415823,5.73734017526472e+68,0.910462498170272,0.333308963168156
15832,-1.96325,0.381618,-2.36502049545565e+68,0.915346582366716,-0.7777525039937
15831,-1.96962,0.347296,5.40208996361308e+68,0.909485669429575,0.111102085145728
15830,-1.97538,0.312869,1.70964692176127e+69,0.91925377830502,0.999999999895294
15830,-1.98054,0.278346,3.83278906328227e+69,0.909485669430092,-0.111102085358556
15829,-1.98509,0.243739,5.55775373275591e+69,0.915346582363415,0.777752503777664
15829,-1.98904,0.209057,5.71598341551776e+69,0.910462498171765,-0.333308963386404
15828,-1.99239,0.174311,5.71300563456307e+69,0.912416143749651,0.555523964001473
15828,-1.99513,0.139513,5.47256006634296e+69,0.912416143752222,-0.5555239642384
15827,-1.99726,0.104672,6.66366617087402e+69,0.910462498170184,0.3333089631488
15827,-1.99878,0.069799,8.81039869998691e+69,0.915346582367074,-0.777752504016448
15826,-1.9997,0.0349048,1.0355272657452e+70,0.909485669429527,0.111102085121831
15825,-2,2.46315e-16,1.17590753927672e+70,0.919253778304535,0.999999999870803
15825,-1.9997,-0.0349048,8.7838776784019e+69,0.909485669430051,-0.111102085378547
15824,-1.99878,-0.069799,5.51664208899286e+69,0.915346582363134,0.777752503762804
15824,-1.99726,-0.104672,1.00612275816705e+69,0.910462498171696,-0.333308963393566
15823,-1.99513,-0.139513,-2.54127736997051e+69,0.912416143749586,0.555523964001405
15823,-1.99239,-0.174311,-4.66390431275933e+69,0.912416143752114,-0.555523964232279
15822,-1.98904,-0.209057,-5.63024969898549e+69,0.910462498170195,0.333308963161688
15822,-1.98509,-0.243739,-5.82018744758763e+69,0.915346582366744,-0.7777525039964
15821,-1.98054,-0.278346,-6.10657638801287e+69,0.909485669429545,0.111102085145526
15820,-1.97538,-0.312869,-6.41779449025702e+69,0.919253778305042,0.999999999897283
15820,-1.96962,-0.347296,-7.44066177002729e+69,0.909485669429957,-0.111102085350017
15819,-1.96325,-0.381618,-8.33749264379713e+69,0.915346582363609,0.777752503792499
15819,-1.9563,-0.415823,-8.73941787408918e+69,0.910462498171549,-0.333308963366345
15818,-1.94874,-0.449902,-8.57256940259001e+69,0.912416143749872,0.555523964026319
15818,-1.94059,-0.483844,-7.55977386332401e+69,0.91241614375188,-0.555523964209544
15817,-1.93185,-0.517638,-6.71870902066366e+69,0.910462498170337,0.33330896318265
15817,-1.92252,-0.551275,-5.9942003072773e+69,0.915346582366458,-0.777752503976945
15816,-1.91261,-0.584743,-5.70569387443914e+69,0.909485669429567,0.111102085165898
15815,-1.90211,-0.618034,-5.53793750040716e+69,0.919253778305528,0.999999999919178
15815,-1.89104,-0.651136,-5.4194542389122e+69,0.90948566942994,-0.111102085328262
15814,-1.87939,-0.68404,-5.55544827907941e+69,0.915346582363942,0.77775250381428
15814,-1.86716,-0.716736,-6.6683965709786e+69,0.910462498171397,-0.333308963343943
15813,-1.85437,-0.749213,-7.44371400243879e+69,0.912416143750119,0.555523964050056
15813,-1.84101,-0.781462,-7.7108235560677e+69,0.912416143751582,-0.555523964183381
15812,-1.82709,-0.813473,-6.86843777969747e+69,0.910462498170486,0.333308963212263
15812,-1.81262,-0.845237,-5.2867684463372e+69,0.915346582365912,-0.777752503943197
15811,-1.79759,-0.876742,-4.87091700274547e+69,0.909485669429641,0.111102085200675
15810,-1.78201,-0.907981,-4.75413884977121e+69,0.919253778306197,0.999999999954239
15810,-1.7659,-0.938943,-4.39337051589815e+69,0.90948566942985,-0.11110208529261
15809,-1.74924,-0.969619,-3.52728131621571e+69,0.915346582364535,0.777752503850301
15809,-1.73205,-1,-5.38527171646226e+68,0.9104624981712,-0.333308963308458
15808,-1.71433,-1.03008,1.95838752584531e+69,0.912416143750526,0.555523964084446
15808,-1.6961,-1.05984,3.74600231332149e+69,0.912416143751243,-0.555523964150944
15807,-1.67734,-1.08928,3.83117502069237e+69,0.910462498170725,0.333308963242434
15807,-1.65808,-1.11839,2.76404126403054e+69,0.915346582365503,-0.7777525039155
15806,-1.6383,-1.14715,1.53612653475751e+69,0.90948566942967,0.111102085228524
15805,-1.61803,-1.17557,2.38953893537378e+68,0.919253778306763,0.999999999982893
15805,-1.59727,-1.20363,1.16222362857791e+69,0.909485669429812,-0.111102085265547
15804,-1.57602,-1.23132,2.0874834545188e+69,0.915346582364898,0.777752503876549
15804,-1.55429,-1.25864,3.07842835095748e+69,0.910462498170935,-0.333308963280012
15803,-1.53209,-1.28558,3.07156382887751e+69,0.912416143750815,0.555523964114853
15803,-1.50942,-1.31212,1.57124288135039e+69,0.912416143750855,-0.555523964118957
15802,-1.48629,-1.33826,1.5986830984435e+69,0.910462498170897,0.333308963276791
15802,-1.46271,-1.364,2.63031210474033e+69,0.915346582364928,-0.77775250387821
15801,-1.43868,-1.38932,5.03371004856145e+69,0.909485669429954,0.111102085257172
15801,-1.41421,-1.41421,7.76391378912631e+69,0.919253778307098,-0.999999999999989
10084,-1.38932,-1.43868,9.4538558214736e+69,-0.909485669429983,0.111102085260242
10184,-1.364,-1.46271,1.06257546654723e+70,-0.915346582364814,-0.777752503871363
10184,-1.33826,-1.48629,9.68001637495288e+69,-0.910462498171062,0.333308963290425
10284,-1.31212,-1.50942,7.83647639060802e+69,-0.912416143750702,-0.555523964098991
10284,-1.28558,-1.53209,4.63061330679595e+69,-0.912416143751175,0.55552396414059
10384,-1.25864,-1.55429,3.0154365009142e+69,-0.910462498170858,-0.333308963247603
10384,-1.23132,-1.57602,2.45427523485202e+69,-0.915346582365569,0.777752503916277
10484,-1.20363,-1.59727,2.44264939255424e+69,-0.909485669429755,-0.111102085221656
10584,-1.17557,-1.61803,2.55063963649662e+69,-0.919253778306467,-0.999999999969833
10584,-1.14715,-1.6383,2.89700969284808e+69,-0.909485669429891,0.111102085282108
10684,-1.11839,-1.65808,3.54112096397286e+69,-0.915346582364624,-0.777752503855743
10684,-1.08928,-1.67734,5.4933140825876e+69,-0.910462498171255,0.333308963307532
10784,-1.05984,-1.6961,6.7449706119387e+69,-0.912416143750544,-0.555523964080908
10784,-1.03008,-1.71433,6.96108879656162e+69,-0.912416143751393,0.555523964158839
10884,-1,-1.73205,6.77950208169864e+69,-0.910462498170715,-0.333308963230315
10884,-0.969619,-1.74924,6.34013911514292e+69,-0.915346582365772,0.777752503931858
10984,-0.938943,-1.7659,5.33634741862046e+69,-0.909485669429763,-0.111102085205032
11084,-0.907981,-1.78201,4.21065939697243e+69,-0.919253778306154,-0.99999999995149
11084,-0.876742,-1.79759,2.49243426718187e+69,-0.909485669429981,0.111102085301552
11184,-0.845237,-1.81262,1.00042030695303e+69,-0.915346582364332,-0.777752503835052
11184,-0.813473,-1.82709,3.56870443031357e+68,-0.910462498171421,0.333308963330044
11284,-0.781462,-1.84101,-4.39392807552601e+68,-0.912416143750289,-0.555523964056998
11284,-0.749213,-1.85437,-1.46808768828647e+69,-0.912416143751684,0.555523964183542
11384,-0.716736,-1.86716,-1.86438206791428e+69,-0.910462498170579,-0.333308963203316
11384,-0.68404,-1.87939,-1.83719676274566e+69,-0.915346582366256,0.777752503962127
11484,-0.651136,-1.89104,-1.37500362625498e+69,-0.9094856694297,-0.111102085173069
11584,-0.618034,-1.90211,-7.9158607450349e+68,-0.919253778305473,-0.9999999999182
11584,-0.584743,-1.91261,-4.20968380422059e+68,-0.909485669430035,0.111102085335111
11684,-0.551275,-1.92252,-3.58619082408539e+68,-0.915346582363772,-0.777752503801188
11684,-0.517638,-1.93185,-1.57850414141656e+69,-0.910462498171642,0.333308963364261
11784,-0.483844,-1.94059,-3.38032688589142e+69,-0.912416143749915,-0.555523964021929
11784,-0.449902,-1.94874,-6.05994230186282e+69,-0.912416143752077,0.555523964220183
11884,-0.415823,-1.9563,-7.51307236301556e+69,-0.910462498170266,-0.33330896316818
11884,-0.381618,-1.96325,-8.14613477751249e+69,-0.915346582366712,0.777752503993725
11984,-0.347296,-1.96962,-8.33891214458987e+69,-0.909485669429565,-0.111102085145729
12084,-0.312869,-1.97538,-8.42387601361514e+69,-0.919253778305011,-0.999999999895287
12084,-0.278346,-1.98054,-9.44920360850472e+69,-0.909485669430107,0.111102085358526
12184,-0.243739,-1.98509,-1.00205611197785e+70,-0.915346582363447,-0.777752503777644
12184,-0.209057,-1.98904,-8.74296135055549e+69,-0.910462498171781,0.333308963386432
12284,-0.174311,-1.99239,-7.34234716392344e+69,-0.912416143749663,-0.555523964001473
12284,-0.139513,-1.99513,-5.75451308349984e+69,-0.912416143752267,0.555523964238395
12384,-0.104672,-1.99726,-5.22681543468613e+69,-0.910462498170238,-0.333308963148834
12384,-0.069799,-1.99878,-5.40689567747956e+69,-0.915346582367131,0.777752504016471
12484,-0.0349048,-1.9997,-4.42830695975258e+69,-0.909485669429557,-0.111102085121833
12584,-4.35203e-16,-2,-3.15963613190035e+69,-0.919253778304537,-0.999999999870803
12584,0.0349048,-1.9997,-1.45751863565098e+69,-0.909485669430058,0.111102085378513
12684,0.069799,-1.99878,-1.78828921765041e+68,-0.915346582363139,-0.777752503762792
12684,0.104672,-1.99726,-6.49154706705905e+68,-0.9104624981717,0.333308963393593
12784,0.139513,-1.99513,-1.30435079425118e+69,-0.912416143749591,-0.555523964001403
12784,0.174311,-1.99239,-2.25620759780291e+69,-0.912416143752134,0.555523964232273
12884,0.209057,-1.98904,-2.44315120124014e+69,-0.91046249817019,-0.333308963161724
12884,0.243739,-1.98509,-2.11089646754048e+69,-0.915346582366752,0.777752503996427
12984,0.278346,-1.98054,-1.4954731913594e+69,-0.909485669429543,-0.111102085145531
13084,0.312869,-1.97538,-7.924208211905e+68,-0.919253778305079,-0.999999999897294
13084,0.347296,-1.96962,-1.55433240273022e+69,-0.909485669429971,0.111102085349981
13184,0.381618,-1.96325,-2.47581433911591e+69,-0.915346582363621,-0.777752503792476
13184,0.415823,-1.9563,-4.12798938107649e+69,-0.910462498171561,0.33330896336634
13284,0.449902,-1.94874,-5.19273884820886e+69,-0.912416143749886,-0.555523964026324
13284,0.483844,-1.94059,-5.39476909618899e+69,-0.912416143751904,0.555523964209538
13384,0.517638,-1.93185,-4.91819710936312e+69,-0.910462498170363,-0.333308963182687
13384,0.551275,-1.92252,-3.98477026602588e+69,-0.915346582366464,0.777752503976962
13484,0.584743,-1.91261,-3.85399746125665e+69,-0.909485669429569,-0.111102085165906
13584,0.618034,-1.90211,-3.9151242728858e+69,-0.919253778305519,-0.999999999919186
13584,0.651136,-1.89104,-4.18504400360168e+69,-0.909485669429928,0.111102085328226
13684,0.68404,-1.87939,-4.24222552183386e+69,-0.915346582363942,-0.777752503814258
13684,0.716736,-1.86716,-3.45481750506745e+69,-0.910462498171394,0.333308963343945
13784,0.749213,-1.85437,-2.87189726941049e+69,-0.912416143750121,-0.555523964050058
13784,0.781462,-1.84101,-2.58928080722642e+69,-0.91241614375158,0.555523964183364
13884,0.813473,-1.82709,-3.08530967642575e+69,-0.91046249817049,-0.333308963212306
13884,0.845237,-1.81262,-4.1072770934465e+69,-0.915346582365913,0.777752503943214
13984,0.876742,-1.79759,-5.02852893222221e+69,-0.909485669429626,-0.1111020852007
14084,0.907981,-1.78201,-5.94168114560774e+69,-0.919253778306215,-0.999999999954254
14084,0.938943,-1.7659,-6.11868176784492e+69,-0.909485669429858,0.111102085292581
14184,0.969619,-1.74924,-6.28304814266783e+69,-0.915346582364524,-0.777752503850263
14184,1,-1.73205,-6.33800806148821e+69,-0.910462498171194,0.333308963308465
14284,1.03008,-1.71433,-6.39673173248884e+69,-0.91241614375052,-0.55552396408445
14284,1.05984,-1.6961,-6.45860662022284e+69,-0.912416143751235,0.55552396415093
14384,1.08928,-1.67734,-6.58362838554465e+69,-0.910462498170724,-0.333308963242461
14384,1.11839,-1.65808,-6.746552471773e+69,-0.915346582365498,0.777752503915531
14484,1.14715,-1.6383,-6.7032959162918e+69,-0.909485669429676,-0.111102085228531
14584,1.17557,-1.61803,-6.6119575353273e+69,-0.919253778306762,-0.999999999982903
14584,1.20363,-1.59727,-6.06549842848079e+69,-0.909485669429825,0.1111020852655
14684,1.23132,-1.57602,-5.67037838624567e+69,-0.91534658236492,-0.777752503876537
14684,1.25864,-1.55429,-5.82848659413508e+69,-0.910462498170955,0.333308963280004
14784,1.28558,-1.53209,-5.7982349705971e+69,-0.912416143750819,-0.555523964114867
14784,1.31212,-1.50942,-5.47676905096277e+69,-0.912416143750872,0.555523964118932
14884,1.33826,-1.48629,-4.67358579803255e+69,-0.910462498170903,-0.333308963276861
14884,1.364,-1.46271,-3.54486318635281e+69,-0.915346582364901,0.777752503878194
14984,1.38932,-1.43868,-2.40386996793958e+69,-0.909485669429939,-0.111102085257194
14984,1.41421,-1.41421,-1.24350742052792e+69,-0.919253778307102,0.999999999999985
5850,1.43868,-1.38932,1.85814859891491e+68,0.909485669429985,-0.111102085260202
5849,1.46271,-1.364,1.43038042311194e+69,0.915346582364833,0.777752503871339
5849,1.48629,-1.33826,1.87368990198716e+69,0.910462498171102,-0.333308963290407
5848,1.50942,-1.31212,1.9721594243104e+69,0.91241614375073,0.555523964099018
5848,1.53209,-1.28558,1.54514252455007e+69,0.912416143751186,-0.555523964140576
5847,1.55429,-1.25864,1.19453921767108e+69,0.91046249817085,0.333308963247604
5847,1.57602,-1.23132,8.98377956630256e+68,0.91534658236556,-0.777752503916265
5846,1.59727,-1.20363,6.55336833948023e+68,0.909485669429786,0.111102085221649
5845,1.61803,-1.17557,4.36723769004954e+68,0.919253778306525,0.999999999969829
5845,1.6383,-1.14715,-6.72337784069522e+67,0.909485669429914,-0.11110208528211
5844,1.65808,-1.11839,-8.24541653345012e+68,0.915346582364627,0.777752503855747
5844,1.67734,-1.08928,-2.62417801518115e+69,0.910462498171258,-0.333308963307527
5843,1.6961,-1.05984,-4.7293037725622e+69,0.912416143750537,0.555523964080912
5843,1.71433,-1.03008,-7.2909797329511e+69,0.912416143751378,-0.555523964158821
5842,1.73205,-1,-9.13401385290014e+69,0.910462498170701,0.333308963230334
5842,1.74924,-0.969619,-1.05073847764688e+70,0.915346582365767,-0.777752503931841
5841,1.7659,-0.938943,-1.08970132711989e+70,0.909485669429766,0.111102085205045
5840,1.78201,-0.907981,-1.10573822284819e+70,0.919253778306158,0.99999999995149
5840,1.79759,-0.876742,-9.80537339761623e+69,0.909485669429983,-0.111102085301555
5839,1.81262,-0.845237,-8.38010719848921e+69,0.915346582364319,0.777752503835052
5839,1.82709,-0.813473,-6.25707624204001e+69,0.910462498171384,-0.333308963330046
5838,1.84101,-0.781462,-4.53543645033781e+69,0.912416143750258,0.555523964056995
5838,1.85437,-0.749213,-3.42115201178901e+69,0.91241614375167,-0.555523964183538
5837,1.86716,-0.716736,-3.25916598187379e+69,0.91046249817059,0.333308963203332
5837,1.87939,-0.68404,-3.73626982435484e+69,0.915346582366259,-0.777752503962114
5836,1.89104,-0.651136,-5.25927162378319e+69,0.909485669429712,0.11110208517308
5835,1.90211,-0.618034,-7.05792036705626e+69,0.919253778305505,0.999999999918216
5835,1.91261,-0.584743,-7.79296317501856e+69,0.909485669430072,-0.111102085335106
5834,1.92252,-0.551275,-8.18670576324445e+69,0.915346582363824,0.777752503801191
5834,1.93185,-0.517638,-7.16421776898273e+69,0.910462498171638,-0.333308963364257
5833,1.94059,-0.483844,-5.56525735465699e+69,0.912416143749874,0.555523964021932
5833,1.94874,-0.449902,-3.09878184830284e+69,0.91241614375206,-0.555523964220175
5832,1.9563,-0.415823,-6.32702522303657e+68,0.910462498170272,0.333308963168192
5832,1.96325,-0.381618,1.84493678270919e+69,0.915346582366721,-0.777752503993719
5831,1.96962,-0.347296,3.27749454612999e+69,0.909485669429573,0.111102085145735
5830,1.97538,-0.312869,4.47282672081426e+69,0.919253778305019,0.999999999895301
5830,1.98054,-0.278346,4.52704301564294e+69,0.909485669430095,-0.11110208535852
5829,1.98509,-0.243739,4.49120146896155e+69,0.915346582363408,0.777752503777643
5829,1.98904,-0.209057,4.03372632779623e+69,0.910462498171767,-0.333308963386425
5828,1.99239,-0.174311,4.30943501046898e+69,0.91241614374965,0.555523964001481
5828,1.99513,-0.139513,5.67845857707479e+69,0.912416143752221,-0.555523964238393
5827,1.99726,-0.104672,7.33932785343905e+69,0.910462498170182,0.333308963148836
5827,1.99878,-0.069799,9.19719631778746e+69,0.915346582367075,-0.777752504016468
5826,1.9997,-0.0349048,9.85564544783286e+69,0.909485669429527,0.111102085121839
