origElemNum,globCoord-x,globCoord-y,acouPotentialD1-,locCoord-xi,locCoord-eta
5825,2,-2.20442e-18,4019581.79890834,0.919253778304535,0.999999999870795
5825,1.9997,0.0349048,3962941.35376614,0.909485669430051,-0.11110208537854
5824,1.99878,0.069799,3901589.14152013,0.915346582363134,0.7777525037628
5824,1.99726,0.104672,3832904.85684357,0.910462498171695,-0.333308963393583
5823,1.99513,0.139513,3757750.01993611,0.912416143749585,0.555523964001403
5823,1.99239,0.174311,3674813.32345163,0.912416143752112,-0.555523964232293
5822,1.98904,0.209057,3586414.12497073,0.910462498170195,0.33330896316169
5822,1.98509,0.243739,3493194.53208968,0.915346582366752,-0.777752503996411
5821,1.98054,0.278346,3401283.92390845,0.909485669429537,0.111102085145532
5820,1.97538,0.312869,3307166.49635204,0.91925377830504,0.999999999897275
5820,1.96962,0.347296,3223038.99803187,0.909485669429959,-0.111102085350008
5819,1.96325,0.381618,3138028.65798786,0.915346582363608,0.777752503792493
5819,1.9563,0.415823,3058891.27780243,0.910462498171543,-0.333308963366333
5818,1.94874,0.449902,2977335.86778011,0.912416143749872,0.555523964026318
5818,1.94059,0.483844,2893601.8913933,0.912416143751876,-0.555523964209557
5817,1.93185,0.517638,2802940.1208582,0.910462498170338,0.333308963182653
5817,1.92252,0.551275,2706933.05574684,0.915346582366455,-0.777752503976955
5816,1.91261,0.584743,2605649.62299714,0.909485669429567,0.111102085165898
5815,1.90211,0.618034,2501598.27504425,0.919253778305533,0.999999999919169
5815,1.89104,0.651136,2405876.38781747,0.909485669429933,-0.111102085328256
5814,1.87939,0.68404,2312521.65827056,0.915346582363941,0.777752503814277
5814,1.86716,0.716736,2233696.36699847,0.910462498171402,-0.333308963343933
5813,1.85437,0.749213,2158752.01409031,0.912416143750119,0.555523964050056
5813,1.84101,0.781462,2090396.57709527,0.912416143751575,-0.555523964183394
5812,1.82709,0.813473,2017664.97437138,0.910462498170486,0.333308963212263
5812,1.81262,0.845237,1941662.17648793,0.915346582365915,-0.777752503943209
5811,1.79759,0.876742,1853660.78670032,0.909485669429635,0.111102085200681
5810,1.78201,0.907981,1762037.04302163,0.919253778306195,0.999999999954235
5810,1.7659,0.938943,1666653.78898641,0.909485669429844,-0.111102085292603
5809,1.74924,0.969619,1572454.8226791,0.915346582364538,0.777752503850291
5809,1.73205,1,1485029.90758336,0.910462498171199,-0.333308963308445
5808,1.71433,1.03008,1400155.81657981,0.912416143750526,0.555523964084446
5808,1.6961,1.05984,1319481.33423379,0.912416143751246,-0.555523964150953
5807,1.67734,1.08928,1239032.86040337,0.910462498170725,0.333308963242434
5807,1.65808,1.11839,1158433.66948013,0.915346582365508,-0.777752503915519
5806,1.6383,1.14715,1073418.96972849,0.909485669429676,0.11110208522853
5805,1.61803,1.17557,986761.736749869,0.919253778306765,0.999999999982884
5805,1.59727,1.20363,880857.199040371,0.909485669429817,-0.111102085265541
5804,1.57602,1.23132,769627.906365378,0.9153465823649,0.777752503876539
5804,1.55429,1.25864,638351.518543356,0.910462498170939,-0.333308963279996
5803,1.53209,1.28558,507069.567486924,0.912416143750815,0.555523964114853
5803,1.50942,1.31212,375949.579766133,0.91241614375085,-0.555523964118972
5802,1.48629,1.33826,252365.535389356,0.910462498170897,0.333308963276791
5802,1.46271,1.364,133550.661868817,0.915346582364929,-0.77775250387822
5801,1.43868,1.38932,-103.1521431782,0.909485669429954,0.111102085257182
5801,1.41421,1.41421,-138240.76713294,0.919253778307104,-0.999999999999994
850,1.38932,1.43868,-287047.348829703,0.909485669429991,-0.111102085260227
849,1.364,1.46271,-432848.993690028,0.915346582364834,0.777752503871359
849,1.33826,1.48629,-561674.419302455,0.910462498171096,-0.333308963290402
848,1.31212,1.50942,-691793.800462807,0.912416143750729,0.555523964099008
848,1.28558,1.53209,-822608.595791962,0.912416143751184,-0.555523964140596
847,1.25864,1.55429,-950755.255008989,0.910462498170846,0.333308963247574
847,1.23132,1.57602,-1078066.98906789,0.915346582365554,-0.777752503916259
846,1.20363,1.59727,-1195059.54426258,0.90948566942978,0.111102085221654
845,1.17557,1.61803,-1311632.53657304,0.919253778306528,0.999999999969813
845,1.14715,1.6383,-1407729.45173131,0.909485669429915,-0.111102085282135
844,1.11839,1.65808,-1500404.0603889,0.915346582364625,0.777752503855763
844,1.08928,1.67734,-1570733.69209448,0.910462498171253,-0.333308963307521
843,1.05984,1.6961,-1645319.05903096,0.912416143750542,0.555523964080906
843,1.03008,1.71433,-1724827.13455894,0.912416143751377,-0.555523964158847
842,1,1.73205,-1805338.6912697,0.910462498170698,0.333308963230309
842,0.969619,1.74924,-1887813.53481073,0.915346582365766,-0.777752503931825
841,0.938943,1.7659,-1948768.09291048,0.909485669429764,0.111102085205048
840,0.907981,1.78201,-2007582.9621778,0.919253778306164,0.99999999995148
840,0.876742,1.79759,-2037157.97321791,0.909485669429979,-0.11110208530158
839,0.845237,1.81262,-2066851.23290768,0.91534658236432,0.777752503835068
839,0.813473,1.82709,-2082978.76231801,0.91046249817139,-0.33330896333004
838,0.781462,1.84101,-2096938.88906785,0.912416143750255,0.555523964056983
838,0.749213,1.85437,-2105114.14663051,0.912416143751674,-0.555523964183563
837,0.716736,1.86716,-2106388.83711769,0.910462498170584,0.333308963203304
837,0.68404,1.87939,-2105050.72386524,0.915346582366261,-0.777752503962098
836,0.651136,1.89104,-2103242.37693549,0.909485669429719,0.111102085173086
835,0.618034,1.90211,-2106136.52064991,0.919253778305509,0.999999999918205
835,0.584743,1.91261,-2129731.46496752,0.909485669430073,-0.111102085335132
834,0.551275,1.92252,-2162414.47795964,0.915346582363819,0.777752503801204
834,0.517638,1.93185,-2210629.33156224,0.910462498171637,-0.333308963364254
833,0.483844,1.94059,-2258645.47972687,0.912416143749877,0.55552396402192
833,0.449902,1.94874,-2302672.63674418,0.91241614375206,-0.555523964220202
832,0.415823,1.9563,-2333608.66982116,0.910462498170279,0.333308963168166
832,0.381618,1.96325,-2358491.15501779,0.915346582366717,-0.777752503993703
831,0.347296,1.96962,-2377801.37967371,0.909485669429573,0.111102085145737
830,0.312869,1.97538,-2401976.251719,0.919253778305012,0.99999999989529
830,0.278346,1.98054,-2444621.94182107,0.909485669430091,-0.111102085358547
829,0.243739,1.98509,-2499137.14595205,0.915346582363415,0.77775250377766
829,0.209057,1.98904,-2575186.80535106,0.910462498171767,-0.333308963386422
828,0.174311,1.99239,-2659087.93413925,0.912416143749651,0.55552396400147
828,0.139513,1.99513,-2750306.86753751,0.912416143752224,-0.555523964238419
827,0.104672,1.99726,-2835331.59938092,0.910462498170184,0.33330896314881
827,0.069799,1.99878,-2919320.11886324,0.915346582367074,-0.777752504016452
826,0.0349048,1.9997,-2984464.71541236,0.909485669429527,0.111102085121841
825,1.27747e-16,2,-3052035.23792584,0.919253778304535,0.999999999870799
825,-0.0349048,1.9997,-3097360.16379714,0.909485669430051,-0.111102085378537
824,-0.069799,1.99878,-3147403.35107211,0.915346582363134,0.777752503762801
824,-0.104672,1.99726,-3187234.11360131,0.910462498171695,-0.333308963393583
823,-0.139513,1.99513,-3227990.67332946,0.912416143749585,0.555523964001401
823,-0.174311,1.99239,-3265230.6413234,0.912416143752112,-0.555523964232297
822,-0.209057,1.98904,-3297796.92041563,0.910462498170195,0.333308963161685
822,-0.243739,1.98509,-3330481.15834458,0.915346582366744,-0.777752503996403
821,-0.278346,1.98054,-3349459.24087866,0.909485669429538,0.111102085145537
820,-0.312869,1.97538,-3372180.61581551,0.919253778305041,0.999999999897278
820,-0.347296,1.96962,-3367406.86953036,0.90948566942996,-0.111102085350006
819,-0.381618,1.96325,-3363174.3577777,0.915346582363608,0.777752503792493
819,-0.415823,1.9563,-3333026.38228959,0.910462498171543,-0.333308963366333
818,-0.449902,1.94874,-3293855.63316469,0.912416143749872,0.555523964026316
818,-0.483844,1.94059,-3236579.36235786,0.912416143751875,-0.555523964209561
817,-0.517638,1.93185,-3166291.97373891,0.910462498170336,0.333308963182646
817,-0.551275,1.92252,-3090190.0459069,0.915346582366457,-0.777752503976948
816,-0.584743,1.91261,-3006642.49199336,0.909485669429562,0.111102085165907
815,-0.618034,1.90211,-2927225.91275325,0.919253778305526,0.999999999919175
815,-0.651136,1.89104,-2848124.62407104,0.909485669429935,-0.111102085328253
814,-0.68404,1.87939,-2774204.34196829,0.915346582363941,0.777752503814277
814,-0.716736,1.86716,-2699442.68859295,0.910462498171402,-0.333308963343933
813,-0.749213,1.85437,-2620820.0325936,0.912416143750117,0.555523964050053
813,-0.781462,1.84101,-2533241.57393899,0.912416143751584,-0.555523964183396
812,-0.813473,1.82709,-2428437.51704518,0.910462498170484,0.33330896321226
812,-0.845237,1.81262,-2313821.76774067,0.91534658236591,-0.7777525039432
811,-0.876742,1.79759,-2177463.29586343,0.909485669429639,0.111102085200672
810,-0.907981,1.78201,-2038985.15991037,0.919253778306197,0.999999999954239
810,-0.938943,1.7659,-1889268.36702893,0.909485669429848,-0.111102085292613
809,-0.969619,1.74924,-1742902.93986164,0.915346582364533,0.777752503850298
809,-1,1.73205,-1598936.24588252,0.910462498171205,-0.333308963308436
808,-1.03008,1.71433,-1456967.5405052,0.912416143750522,0.55552396408444
808,-1.05984,1.6961,-1316602.85684384,0.912416143751243,-0.555523964150944
807,-1.08928,1.67734,-1171749.9167208,0.910462498170733,0.33330896324243
807,-1.11839,1.65808,-1024310.76971255,0.915346582365511,-0.777752503915504
806,-1.14715,1.6383,-866857.585894373,0.909485669429678,0.11110208522852
805,-1.17557,1.61803,-707228.764666686,0.91925377830677,0.999999999982889
805,-1.20363,1.59727,-541030.348217599,0.909485669429819,-0.111102085265551
804,-1.23132,1.57602,-375002.389685688,0.915346582364893,0.777752503876544
804,-1.25864,1.55429,-210986.492068382,0.910462498170937,-0.333308963279986
803,-1.28558,1.53209,-49002.6133055169,0.912416143750809,0.555523964114847
803,-1.31212,1.50942,109242.974655551,0.912416143750849,-0.555523964118962
802,-1.33826,1.48629,264127.03001615,0.910462498170897,0.333308963276791
802,-1.364,1.46271,417659.405291325,0.915346582364928,-0.77775250387821
801,-1.38932,1.43868,567159.733633469,0.909485669429954,0.111102085257172
801,-1.41421,1.41421,717940.391172248,0.919253778307104,-0.999999999999994
15850,-1.43868,1.38932,863930.580270289,0.909485669429991,-0.111102085260237
15849,-1.46271,1.364,1012029.16244143,0.915346582364828,0.777752503871364
15849,-1.48629,1.33826,1158594.84313613,0.910462498171103,-0.333308963290387
15848,-1.50942,1.31212,1307999.68327197,0.912416143750729,0.555523964099008
15848,-1.53209,1.28558,1459844.01897621,0.912416143751185,-0.555523964140586
15847,-1.55429,1.25864,1616874.43421913,0.910462498170851,0.333308963247569
15847,-1.57602,1.23132,1778851.17221992,0.915346582365555,-0.777752503916249
15846,-1.59727,1.20363,1946019.52177434,0.909485669429784,0.111102085221639
15845,-1.61803,1.17557,2118219.40395452,0.919253778306531,0.999999999969823
15845,-1.6383,1.14715,2289894.99938817,0.909485669429917,-0.111102085282151
15844,-1.65808,1.11839,2465248.01549569,0.915346582364627,0.777752503855772
15844,-1.67734,1.08928,2639550.9014959,0.910462498171251,-0.333308963307506
15843,-1.6961,1.05984,2820355.78446168,0.912416143750542,0.555523964080906
15843,-1.71433,1.03008,3008236.49286941,0.912416143751375,-0.555523964158831
15842,-1.73205,1,3215309.20400488,0.910462498170697,0.333308963230296
15842,-1.74924,0.969619,3436924.20710416,0.915346582365764,-0.777752503931822
15841,-1.7659,0.938943,3691675.31142421,0.909485669429762,0.111102085205035
15840,-1.78201,0.907981,3958817.50188042,0.919253778306162,0.999999999951483
15840,-1.79759,0.876742,4254901.20197648,0.909485669429984,-0.111102085301589
15839,-1.81262,0.845237,4555610.06392102,0.915346582364318,0.777752503835071
15839,-1.82709,0.813473,4858233.569902,0.910462498171391,-0.333308963330024
15838,-1.84101,0.781462,5154985.85875983,0.912416143750253,0.555523964056986
15838,-1.85437,0.749213,5440205.02427227,0.912416143751674,-0.555523964183544
15837,-1.86716,0.716736,5711955.74252613,0.910462498170589,0.333308963203294
15837,-1.87939,0.68404,5976231.67991333,0.915346582366259,-0.777752503962095
15836,-1.89104,0.651136,6233733.09179849,0.909485669429715,0.111102085173074
15835,-1.90211,0.618034,6492981.44747071,0.919253778305508,0.999999999918209
15835,-1.91261,0.584743,6762630.49213164,0.909485669430068,-0.111102085335144
15834,-1.92252,0.551275,7039782.48578123,0.915346582363818,0.777752503801208
15834,-1.93185,0.517638,7332663.83830015,0.910462498171639,-0.333308963364235
15833,-1.94059,0.483844,7631410.41584963,0.912416143749876,0.555523964021923
15833,-1.94874,0.449902,7936417.29819824,0.912416143752063,-0.555523964220183
15832,-1.9563,0.415823,8229649.44460609,0.910462498170272,0.333308963168156
15832,-1.96325,0.381618,8516547.39722292,0.915346582366716,-0.7777525039937
15831,-1.96962,0.347296,8751460.01944533,0.909485669429575,0.111102085145728
15830,-1.97538,0.312869,8976369.55374806,0.91925377830502,0.999999999895294
15830,-1.98054,0.278346,9089567.8298999,0.909485669430092,-0.111102085358556
15829,-1.98509,0.243739,9176274.06128419,0.915346582363415,0.777752503777664
15829,-1.98904,0.209057,9148275.47920267,0.910462498171765,-0.333308963386404
15828,-1.99239,0.174311,9062772.94241804,0.912416143749651,0.555523964001473
15828,-1.99513,0.139513,8890215.55862686,0.912416143752222,-0.5555239642384
15827,-1.99726,0.104672,8653388.645509,0.910462498170184,0.3333089631488
15827,-1.99878,0.069799,8373571.3097438,0.915346582367074,-0.777752504016448
15826,-1.9997,0.0349048,8065385.56774538,0.909485669429527,0.111102085121831
15825,-2,2.46315e-16,7749608.27884372,0.919253778304535,0.999999999870803
15825,-1.9997,-0.0349048,7477186.30490977,0.909485669430051,-0.111102085378547
15824,-1.99878,-0.069799,7223333.83156719,0.915346582363134,0.777752503762804
15824,-1.99726,-0.104672,7044312.30445991,0.910462498171696,-0.333308963393566
15823,-1.99513,-0.139513,6901943.17462161,0.912416143749586,0.555523964001405
15823,-1.99239,-0.174311,6814181.52754529,0.912416143752114,-0.555523964232279
15822,-1.98904,-0.209057,6748250.68344432,0.910462498170195,0.333308963161688
15822,-1.98509,-0.243739,6697815.63698687,0.915346582366744,-0.7777525039964
15821,-1.98054,-0.278346,6616553.75099737,0.909485669429545,0.111102085145526
15820,-1.97538,-0.312869,6529738.91342447,0.919253778305042,0.999999999897283
15820,-1.96962,-0.347296,6358301.74959326,0.909485669429957,-0.111102085350017
15819,-1.96325,-0.381618,6175028.49146333,0.915346582363609,0.777752503792499
15819,-1.9563,-0.415823,5937326.04722635,0.910462498171549,-0.333308963366345
15818,-1.94874,-0.449902,5700613.11971262,0.912416143749872,0.555523964026319
15818,-1.94059,-0.483844,5464628.57581069,0.91241614375188,-0.555523964209544
15817,-1.93185,-0.517638,5272363.25304112,0.910462498170337,0.33330896318265
15817,-1.92252,-0.551275,5109609.79145684,0.915346582366458,-0.777752503976945
15816,-1.91261,-0.584743,5019580.69987922,0.909485669429567,0.111102085165898
15815,-1.90211,-0.618034,4948901.53553385,0.919253778305528,0.999999999919178
15815,-1.89104,-0.651136,4920087.50967851,0.90948566942994,-0.111102085328262
15814,-1.87939,-0.68404,4887521.9646148,0.915346582363942,0.77775250381428
15814,-1.86716,-0.716736,4832327.14025723,0.910462498171397,-0.333308963343943
15813,-1.85437,-0.749213,4751550.01142853,0.912416143750119,0.555523964050056
15813,-1.84101,-0.781462,4630553.26712889,0.912416143751582,-0.555523964183381
15812,-1.82709,-0.813473,4458057.24439863,0.910462498170486,0.333308963212263
15812,-1.81262,-0.845237,4253144.90799937,0.915346582365912,-0.777752503943197
15811,-1.79759,-0.876742,3948227.48608461,0.909485669429641,0.111102085200675
15810,-1.78201,-0.907981,3622292.84039526,0.919253778306197,0.999999999954239
15810,-1.7659,-0.938943,3164809.8547879,0.90948566942985,-0.11110208529261
15809,-1.74924,-0.969619,2713584.43299721,0.915346582364535,0.777752503850301
15809,-1.73205,-1,2273688.5381791,0.9104624981712,-0.333308963308458
15808,-1.71433,-1.03008,1929235.34382504,0.912416143750526,0.555523964084446
15808,-1.6961,-1.05984,1725749.13608648,0.912416143751243,-0.555523964150944
15807,-1.67734,-1.08928,1656955.24019398,0.910462498170725,0.333308963242434
15807,-1.65808,-1.11839,1680290.64912551,0.915346582365503,-0.7777525039155
15806,-1.6383,-1.14715,1670609.06639607,0.90948566942967,0.111102085228524
15805,-1.61803,-1.17557,1657853.74348447,0.919253778306763,0.999999999982893
15805,-1.59727,-1.20363,1473519.8706669,0.909485669429812,-0.111102085265547
15804,-1.57602,-1.23132,1285941.53178908,0.915346582364898,0.777752503876549
15804,-1.55429,-1.25864,1065437.96211758,0.910462498170935,-0.333308963280012
15803,-1.53209,-1.28558,851681.923997691,0.912416143750815,0.555523964114853
15803,-1.50942,-1.31212,644703.7700213,0.912416143750855,-0.555523964118957
15802,-1.48629,-1.33826,357571.44369939,0.910462498170897,0.333308963276791
15802,-1.46271,-1.364,19280.4346464174,0.915346582364928,-0.77775250387821
15801,-1.43868,-1.38932,-218800.59933542,0.909485669429954,0.111102085257172
15801,-1.41421,-1.41421,-426257.959058809,0.919253778307098,-0.999999999999989
10084,-1.38932,-1.43868,-595044.383922837,-0.909485669429983,0.111102085260242
10184,-1.364,-1.46271,-814935.306083272,-0.915346582364814,-0.777752503871363
10184,-1.33826,-1.48629,-1264158.1354919,-0.910462498171062,0.333308963290425
10284,-1.31212,-1.50942,-1781801.0940832,-0.912416143750702,-0.555523964098991
10284,-1.28558,-1.53209,-2406202.11120663,-0.912416143751175,0.55552396414059
10384,-1.25864,-1.55429,-3076099.48024516,-0.910462498170858,-0.333308963247603
10384,-1.23132,-1.57602,-3773413.63279889,-0.915346582365569,0.777752503916277
10484,-1.20363,-1.59727,-4030739.23026869,-0.909485669429755,-0.111102085221656
10584,-1.17557,-1.61803,-4172648.04963707,-0.919253778306467,-0.999999999969833
10584,-1.14715,-1.6383,-3773855.11237493,-0.909485669429891,0.111102085282108
10684,-1.11839,-1.65808,-3392020.01071801,-0.915346582364624,-0.777752503855743
10684,-1.08928,-1.67734,-3096728.23895271,-0.910462498171255,0.333308963307532
10784,-1.05984,-1.6961,-2901786.45897797,-0.912416143750544,-0.555523964080908
10784,-1.03008,-1.71433,-2860203.77961633,-0.912416143751393,0.555523964158839
10884,-1,-1.73205,-3034327.85115174,-0.910462498170715,-0.333308963230315
10884,-0.969619,-1.74924,-3350550.94247102,-0.915346582365772,0.777752503931858
10984,-0.938943,-1.7659,-3690344.39895225,-0.909485669429763,-0.111102085205032
11084,-0.907981,-1.78201,-4032726.63319469,-0.919253778306154,-0.99999999995149
11084,-0.876742,-1.79759,-4207563.33437926,-0.909485669429981,0.111102085301552
11184,-0.845237,-1.81262,-4402767.51807465,-0.915346582364332,-0.777752503835052
11184,-0.813473,-1.82709,-4690567.27783874,-0.910462498171421,0.333308963330044
11284,-0.781462,-1.84101,-4954136.04501838,-0.912416143750289,-0.555523964056998
11284,-0.749213,-1.85437,-5183071.35562092,-0.912416143751684,0.555523964183542
11384,-0.716736,-1.86716,-5278515.36208872,-0.910462498170579,-0.333308963203316
11384,-0.68404,-1.87939,-5285070.92752632,-0.915346582366256,0.777752503962127
11484,-0.651136,-1.89104,-5335735.30125966,-0.9094856694297,-0.111102085173069
11584,-0.618034,-1.90211,-5397869.6061314,-0.919253778305473,-0.9999999999182
11584,-0.584743,-1.91261,-5630292.27375659,-0.909485669430035,0.111102085335111
11684,-0.551275,-1.92252,-5853912.82079775,-0.915346582363772,-0.777752503801188
11684,-0.517638,-1.93185,-6041568.63009078,-0.910462498171642,0.333308963364261
11784,-0.483844,-1.94059,-6173985.74046276,-0.912416143749915,-0.555523964021929
11784,-0.449902,-1.94874,-6223375.21256247,-0.912416143752077,0.555523964220183
11884,-0.415823,-1.9563,-6235843.94913488,-0.910462498170266,-0.33330896316818
11884,-0.381618,-1.96325,-6223886.17159192,-0.915346582366712,0.777752503993725
11984,-0.347296,-1.96962,-6230150.17611778,-0.909485669429565,-0.111102085145729
12084,-0.312869,-1.97538,-6241210.70504107,-0.919253778305011,-0.999999999895287
12084,-0.278346,-1.98054,-6304382.66945129,-0.909485669430107,0.111102085358526
12184,-0.243739,-1.98509,-6364926.24907342,-0.915346582363447,-0.777752503777644
12184,-0.209057,-1.98904,-6413230.40010028,-0.910462498171781,0.333308963386432
12284,-0.174311,-1.99239,-6449121.20148006,-0.912416143749663,-0.555523964001473
12284,-0.139513,-1.99513,-6465595.62195777,-0.912416143752267,0.555523964238395
12384,-0.104672,-1.99726,-6474536.88525992,-0.910462498170238,-0.333308963148834
12384,-0.069799,-1.99878,-6479696.99548095,-0.915346582367131,0.777752504016471
12484,-0.0349048,-1.9997,-6459189.45855605,-0.909485669429557,-0.111102085121833
12584,-4.35203e-16,-2,-6435339.18828558,-0.919253778304537,-0.999999999870803
12584,0.0349048,-1.9997,-6399044.41491374,-0.909485669430058,0.111102085378513
12684,0.069799,-1.99878,-6366628.54017256,-0.915346582363139,-0.777752503762792
12684,0.104672,-1.99726,-6339041.30120074,-0.9104624981717,0.333308963393593
12784,0.139513,-1.99513,-6302549.77845519,-0.912416143749591,-0.555523964001403
12784,0.174311,-1.99239,-6251304.79298003,-0.912416143752134,0.555523964232273
12884,0.209057,-1.98904,-6169058.23974908,-0.91046249817019,-0.333308963161724
12884,0.243739,-1.98509,-6067172.48523343,-0.915346582366752,0.777752503996427
12984,0.278346,-1.98054,-5924991.1684704,-0.909485669429543,-0.111102085145531
13084,0.312869,-1.97538,-5775134.11843056,-0.919253778305079,-0.999999999897294
13084,0.347296,-1.96962,-5581637.56237053,-0.909485669429971,0.111102085349981
13184,0.381618,-1.96325,-5380245.20654102,-0.915346582363621,-0.777752503792476
13184,0.415823,-1.9563,-5137207.01304113,-0.910462498171561,0.33330896336634
13284,0.449902,-1.94874,-4867322.17496069,-0.912416143749886,-0.555523964026324
13284,0.483844,-1.94059,-4555314.0310321,-0.912416143751904,0.555523964209538
13384,0.517638,-1.93185,-4197772.79874002,-0.910462498170363,-0.333308963182687
13384,0.551275,-1.92252,-3811899.98895511,-0.915346582366464,0.777752503976962
13484,0.584743,-1.91261,-3382816.89175703,-0.909485669429569,-0.111102085165906
13584,0.618034,-1.90211,-2947690.10368011,-0.919253778305519,-0.999999999919186
13584,0.651136,-1.89104,-2504259.86370307,-0.909485669429928,0.111102085328226
13684,0.68404,-1.87939,-2074658.11037832,-0.915346582363942,-0.777752503814258
13684,0.716736,-1.86716,-1682528.04195298,-0.910462498171394,0.333308963343945
13784,0.749213,-1.85437,-1327640.37867005,-0.912416143750121,-0.555523964050058
13784,0.781462,-1.84101,-1026201.93118194,-0.91241614375158,0.555523964183364
13884,0.813473,-1.82709,-786146.860253935,-0.91046249817049,-0.333308963212306
13884,0.845237,-1.81262,-587797.606782638,-0.915346582365913,0.777752503943214
13984,0.876742,-1.79759,-458974.538308912,-0.909485669429626,-0.1111020852007
14084,0.907981,-1.78201,-348551.107170683,-0.919253778306215,-0.999999999954254
14084,0.938943,-1.7659,-294258.570312375,-0.909485669429858,0.111102085292581
14184,0.969619,-1.74924,-245911.900136337,-0.915346582364524,-0.777752503850263
14184,1,-1.73205,-219041.912500968,-0.910462498171194,0.333308963308465
14284,1.03008,-1.71433,-195188.584488731,-0.91241614375052,-0.55552396408445
14284,1.05984,-1.6961,-175602.676108858,-0.912416143751235,0.55552396415093
14384,1.08928,-1.67734,-152095.868296781,-0.910462498170724,-0.333308963242461
14384,1.11839,-1.65808,-126112.520676156,-0.915346582365498,0.777752503915531
14484,1.14715,-1.6383,-85892.210646557,-0.909485669429676,-0.111102085228531
14584,1.17557,-1.61803,-42300.8739909727,-0.919253778306762,-0.999999999982903
14584,1.20363,-1.59727,21862.0804064967,-0.909485669429825,0.1111020852655
14684,1.23132,-1.57602,87543.6000508114,-0.91534658236492,-0.777752503876537
14684,1.25864,-1.55429,159299.937492238,-0.910462498170955,0.333308963280004
14784,1.28558,-1.53209,229870.541278781,-0.912416143750819,-0.555523964114867
14784,1.31212,-1.50942,298502.483266452,-0.912416143750872,0.555523964118932
14884,1.33826,-1.48629,371091.871170558,-0.910462498170903,-0.333308963276861
14884,1.364,-1.46271,446567.953559975,-0.915346582364901,0.777752503878194
14984,1.38932,-1.43868,530913.078833,-0.909485669429939,-0.111102085257194
14984,1.41421,-1.41421,618190.439744552,-0.919253778307102,0.999999999999985
5850,1.43868,-1.38932,702345.291829333,0.909485669429985,-0.111102085260202
5849,1.46271,-1.364,786309.756693072,0.915346582364833,0.777752503871339
5849,1.48629,-1.33826,865813.553591385,0.910462498171102,-0.333308963290407
5848,1.50942,-1.31212,948714.82691461,0.91241614375073,0.555523964099018
5848,1.53209,-1.28558,1036008.91076747,0.912416143751186,-0.555523964140576
5847,1.55429,-1.25864,1129072.17121226,0.91046249817085,0.333308963247604
5847,1.57602,-1.23132,1226196.65023791,0.91534658236556,-0.777752503916265
5846,1.59727,-1.20363,1332380.52619378,0.909485669429786,0.111102085221649
5845,1.61803,-1.17557,1441179.52915845,0.919253778306525,0.999999999969829
5845,1.6383,-1.14715,1571761.68874126,0.909485669429914,-0.11110208528211
5844,1.65808,-1.11839,1705422.61514607,0.915346582364627,0.777752503855747
5844,1.67734,-1.08928,1849628.00142673,0.910462498171258,-0.333308963307527
5843,1.6961,-1.05984,1992033.49374877,0.912416143750537,0.555523964080912
5843,1.71433,-1.03008,2131295.22544829,0.912416143751378,-0.555523964158821
5842,1.73205,-1,2270537.09910976,0.910462498170701,0.333308963230334
5842,1.74924,-0.969619,2410051.61991436,0.915346582365767,-0.777752503931841
5841,1.7659,-0.938943,2559105.60809123,0.909485669429766,0.111102085205045
5840,1.78201,-0.907981,2711348.42905015,0.919253778306158,0.99999999995149
5840,1.79759,-0.876742,2863079.5061699,0.909485669429983,-0.111102085301555
5839,1.81262,-0.845237,3011844.79532354,0.915346582364319,0.777752503835052
5839,1.82709,-0.813473,3145307.2879956,0.910462498171384,-0.333308963330046
5838,1.84101,-0.781462,3272260.06692558,0.912416143750258,0.555523964056995
5838,1.85437,-0.749213,3388908.75988533,0.91241614375167,-0.555523964183538
5837,1.86716,-0.716736,3501550.12120423,0.91046249817059,0.333308963203332
5837,1.87939,-0.68404,3611675.45971781,0.915346582366259,-0.777752503962114
5836,1.89104,-0.651136,3715257.05842758,0.909485669429712,0.11110208517308
5835,1.90211,-0.618034,3817331.37035777,0.919253778305505,0.999999999918216
5835,1.91261,-0.584743,3903285.43947464,0.909485669430072,-0.111102085335106
5834,1.92252,-0.551275,3985665.62366892,0.915346582363824,0.777752503801191
5834,1.93185,-0.517638,4054550.53182033,0.910462498171638,-0.333308963364257
5833,1.94059,-0.483844,4118287.4169933,0.912416143749874,0.555523964021932
5833,1.94874,-0.449902,4174657.31887029,0.91241614375206,-0.555523964220175
5832,1.9563,-0.415823,4223736.86788475,0.910462498170272,0.333308963168192
5832,1.96325,-0.381618,4267349.25292301,0.915346582366721,-0.777752503993719
5831,1.96962,-0.347296,4296273.04493957,0.909485669429573,0.111102085145735
5830,1.97538,-0.312869,4319811.91643444,0.919253778305019,0.999999999895301
5830,1.98054,-0.278346,4319682.1363686,0.909485669430095,-0.11110208535852
5829,1.98509,-0.243739,4313010.47210663,0.915346582363408,0.777752503777643
5829,1.98904,-0.209057,4288454.02041161,0.910462498171767,-0.333308963386425
5828,1.99239,-0.174311,4256791.56092356,0.91241614374965,0.555523964001481
5828,1.99513,-0.139513,4216051.99573583,0.912416143752221,-0.555523964238393
5827,1.99726,-0.104672,4171362.66664293,0.910462498170182,0.333308963148836
5827,1.99878,-0.069799,4122818.84294706,0.915346582367075,-0.777752504016468
5826,1.9997,-0.0349048,4072805.29268569,0.909485669429527,0.111102085121839
