origElemNum,globCoord-x,globCoord-y,acouIntensity-x,acouIntensity-y,locCoord-xi,locCoord-eta
5825,2,-2.20442e-18,-167074.087650581,62208.690446879,0.919253778304535,0.999999999870795
5825,1.9997,0.0349048,-167274.104116722,61207.0941946597,0.909485669430051,-0.11110208537854
5824,1.99878,0.069799,-166942.603994278,54226.4421074947,0.915346582363134,0.7777525037628
5824,1.99726,0.104672,-166267.638122422,53030.09046447,0.910462498171695,-0.333308963393583
5823,1.99513,0.139513,-164213.417697518,46122.1609891175,0.912416143749585,0.555523964001403
5823,1.99239,0.174311,-161050.415747595,44308.8822139183,0.912416143752112,-0.555523964232293
5822,1.98904,0.209057,-158236.98350013,37831.2839928069,0.910462498170195,0.33330896316169
5822,1.98509,0.243739,-156362.695418264,36601.5299728426,0.915346582366752,-0.777752503996411
5821,1.98054,0.278346,-154398.616902272,30940.5960078221,0.909485669429537,0.111102085145532
5820,1.97538,0.312869,-152272.962539218,25884.8629161602,0.91925377830504,0.999999999897275
5820,1.96962,0.347296,-148385.605417233,24535.1504500707,0.909485669429959,-0.111102085350008
5819,1.96325,0.381618,-143730.891764313,19759.111313895,0.915346582363608,0.777752503792493
5819,1.9563,0.415823,-140481.981376983,18702.9063735665,0.910462498171543,-0.333308963366333
5818,1.94874,0.449902,-136335.331916211,14836.816500333,0.912416143749872,0.555523964026318
5818,1.94059,0.483844,-132617.921442475,13913.9502875608,0.912416143751876,-0.555523964209557
5817,1.93185,0.517638,-126596.864080966,10930.079408305,0.910462498170338,0.333308963182653
5817,1.92252,0.551275,-119724.38797203,9860.01985964601,0.915346582366455,-0.777752503976955
5816,1.91261,0.584743,-113922.094685913,7346.45628338092,0.909485669429567,0.111102085165898
5815,1.90211,0.618034,-108358.431519905,5275.2951139303,0.919253778305533,0.999999999919169
5815,1.89104,0.651136,-103098.842500687,4746.12793185508,0.909485669429933,-0.111102085328256
5814,1.87939,0.68404,-97088.5926694493,3941.20134692823,0.915346582363941,0.777752503814277
5814,1.86716,0.716736,-89364.3006618233,3402.19235693648,0.910462498171402,-0.333308963343933
5813,1.85437,0.749213,-81697.0244624947,2875.92224493811,0.912416143750119,0.555523964050056
5813,1.84101,0.781462,-74308.9762230171,2429.74052415612,0.912416143751575,-0.555523964183394
5812,1.82709,0.813473,-64788.2778536166,2303.51406673099,0.910462498170486,0.333308963212263
5812,1.81262,0.845237,-53487.1049751175,1811.5861522865,0.915346582365915,-0.777752503943209
5811,1.79759,0.876742,-43704.6684229363,2108.15205578212,0.909485669429635,0.111102085200681
5810,1.78201,0.907981,-33913.0732411721,2131.7245084802,0.919253778306195,0.999999999954235
5810,1.7659,0.938943,-26349.7574202767,1700.71249665346,0.909485669429844,-0.111102085292603
5809,1.74924,0.969619,-18278.1651766807,1539.5549243149,0.915346582364538,0.777752503850291
5809,1.73205,1,-7775.76645403654,690.774052905135,0.910462498171199,-0.333308963308445
5808,1.71433,1.03008,1813.28549403793,-208.747229590788,0.912416143750526,0.555523964084446
5808,1.6961,1.05984,10030.7238147402,-1230.21334153772,0.912416143751246,-0.555523964150953
5807,1.67734,1.08928,20433.0955857479,-3238.11031199835,0.910462498170725,0.333308963242434
5807,1.65808,1.11839,31784.2489267064,-5416.42104990822,0.915346582365508,-0.777752503915519
5806,1.6383,1.14715,45406.2628425271,-9958.32138074137,0.909485669429676,0.11110208522853
5805,1.61803,1.17557,59816.4511394371,-15961.0490731216,0.919253778306765,0.999999999982884
5805,1.59727,1.20363,71254.5546785842,-20891.6756889537,0.909485669429817,-0.111102085265541
5804,1.57602,1.23132,83644.3858118752,-29069.0411244945,0.9153465823649,0.777752503876539
5804,1.55429,1.25864,90709.44826377,-35140.0786896654,0.910462498170939,-0.333308963279996
5803,1.53209,1.28558,98278.4176768001,-44496.5813795051,0.912416143750815,0.555523964114853
5803,1.50942,1.31212,101380.527945838,-51868.8784824534,0.91241614375085,-0.555523964118972
5802,1.48629,1.33826,107982.388756895,-64386.2292442402,0.910462498170897,0.333308963276791
5802,1.46271,1.364,112520.455593168,-76557.6450856374,0.915346582364929,-0.77775250387822
5801,1.43868,1.38932,118215.020464121,-93290.0275890962,0.909485669429954,0.111102085257182
5801,1.41421,1.41421,121046.764542411,-109982.496893953,0.919253778307104,-0.999999999999994
850,1.38932,1.43868,120194.270222108,-127357.689171509,0.909485669429991,-0.111102085260227
849,1.364,1.46271,112356.506609549,-140756.16960665,0.915346582364834,0.777752503871359
849,1.33826,1.48629,106883.546090477,-157864.809319299,0.910462498171096,-0.333308963290402
848,1.31212,1.50942,88936.0343751917,-163960.130852868,0.912416143750729,0.555523964099008
848,1.28558,1.53209,83134.6819783776,-179522.744697237,0.912416143751184,-0.555523964140596
847,1.25864,1.55429,65796.3079194288,-179042.347575958,0.910462498170846,0.333308963247574
847,1.23132,1.57602,66840.7002556832,-189258.748394346,0.915346582365554,-0.777752503916259
846,1.20363,1.59727,55437.3876901098,-187241.460178997,0.90948566942978,0.111102085221654
845,1.17557,1.61803,46959.6070471142,-187535.287828051,0.919253778306528,0.999999999969813
845,1.14715,1.6383,45244.8636446337,-196702.393360416,0.909485669429915,-0.111102085282135
844,1.11839,1.65808,31622.5465776474,-197068.070326301,0.915346582364625,0.777752503855763
844,1.08928,1.67734,30122.827062776,-200912.079944939,0.910462498171253,-0.333308963307521
843,1.05984,1.6961,17340.7679011558,-197693.805891409,0.912416143750542,0.555523964080906
843,1.03008,1.71433,16406.4211094575,-202003.064955751,0.912416143751377,-0.555523964158847
842,1,1.73205,5937.94448881885,-200612.917575002,0.910462498170698,0.333308963230309
842,0.969619,1.74924,5261.90522833521,-205075.579247836,0.915346582365766,-0.777752503931825
841,0.938943,1.7659,-3921.32155605915,-202708.468905111,0.909485669429764,0.111102085205048
840,0.907981,1.78201,-13703.4165860026,-200042.214522017,0.919253778306164,0.99999999995148
840,0.876742,1.79759,-14025.4557562396,-199144.581677232,0.909485669429979,-0.11110208530158
839,0.845237,1.81262,-22676.0191057988,-194688.748836565,0.91534658236432,0.777752503835068
839,0.813473,1.82709,-22988.1526840042,-194929.93700032,0.91046249817139,-0.33330896333004
838,0.781462,1.84101,-29942.1106011632,-192434.471847855,0.912416143750255,0.555523964056983
838,0.749213,1.85437,-30166.179437182,-192942.926098428,0.912416143751674,-0.555523964183563
837,0.716736,1.86716,-34943.7815162598,-189698.953808637,0.910462498170584,0.333308963203304
837,0.68404,1.87939,-34586.4910219303,-187261.822917154,0.915346582366261,-0.777752503962098
836,0.651136,1.89104,-39628.3797764033,-182320.017517781,0.909485669429719,0.111102085173086
835,0.618034,1.90211,-43336.6676525082,-178039.874027543,0.919253778305509,0.999999999918205
835,0.584743,1.91261,-42159.807620464,-173128.888910924,0.909485669430073,-0.111102085335132
834,0.551275,1.92252,-42845.9601942852,-168339.384116377,0.915346582363819,0.777752503801204
834,0.517638,1.93185,-42236.006212,-165935.985766585,0.910462498171637,-0.333308963364254
833,0.483844,1.94059,-43996.1961226446,-162895.148727514,0.912416143749877,0.55552396402192
833,0.449902,1.94874,-43301.7424366956,-160331.401057503,0.91241614375206,-0.555523964220202
832,0.415823,1.9563,-44365.2882772157,-155982.818582857,0.910462498170279,0.333308963168166
832,0.381618,1.96325,-43031.3751535583,-151307.394428481,0.915346582366717,-0.777752503993703
831,0.347296,1.96962,-43812.9393873276,-149486.932013832,0.909485669429573,0.111102085145737
830,0.312869,1.97538,-44325.683005819,-148698.482186275,0.919253778305012,0.99999999989529
830,0.278346,1.98054,-44198.6822128467,-148465.749749072,0.909485669430091,-0.111102085358547
829,0.243739,1.98509,-44663.9583736223,-147913.561032374,0.915346582363415,0.77775250377766
829,0.209057,1.98904,-43974.5892172482,-145933.829854418,0.910462498171767,-0.333308963386422
828,0.174311,1.99239,-44640.9626550432,-144793.630123617,0.912416143749651,0.55552396400147
828,0.139513,1.99513,-44556.5467392436,-145091.370361298,0.912416143752224,-0.555523964238419
827,0.104672,1.99726,-45166.3482513337,-146835.647258185,0.910462498170184,0.33330896314881
827,0.069799,1.99878,-45783.2608230897,-149657.490053429,0.915346582367074,-0.777752504016452
826,0.0349048,1.9997,-46413.6140284062,-152034.008382842,0.909485669429527,0.111102085121841
825,1.27747e-16,2,-48212.5729741941,-154448.464308246,0.919253778304535,0.999999999870799
825,-0.0349048,1.9997,-48538.429467553,-156583.045397561,0.909485669430051,-0.111102085378537
824,-0.069799,1.99878,-50175.3982058576,-159590.5006906,0.915346582363134,0.777752503762801
824,-0.104672,1.99726,-51494.8076790976,-165451.221175531,0.910462498171695,-0.333308963393583
823,-0.139513,1.99513,-54092.4235133089,-171993.647345851,0.912416143749585,0.555523964001401
823,-0.174311,1.99239,-55835.9881138304,-179291.664138572,0.912416143752112,-0.555523964232297
822,-0.209057,1.98904,-59489.9897567045,-185029.710001342,0.910462498170195,0.333308963161685
822,-0.243739,1.98509,-60269.4727510889,-189360.021702552,0.915346582366744,-0.777752503996403
821,-0.278346,1.98054,-63675.5822165796,-195526.515305072,0.909485669429538,0.111102085145537
820,-0.312869,1.97538,-66702.0093333545,-202218.519818878,0.919253778305041,0.999999999897278
820,-0.347296,1.96962,-68828.9517056097,-211798.440000709,0.90948566942996,-0.111102085350006
819,-0.381618,1.96325,-73975.9081549674,-221438.597997861,0.915346582363608,0.777752503792493
819,-0.415823,1.9563,-75060.4024914862,-227487.082013976,0.910462498171543,-0.333308963366333
818,-0.449902,1.94874,-78933.1554656418,-233618.852461839,0.912416143749872,0.555523964026316
818,-0.483844,1.94059,-79247.7330910261,-238041.923688185,0.912416143751875,-0.555523964209561
817,-0.517638,1.93185,-81889.2734346299,-244295.812599772,0.910462498170336,0.333308963182646
817,-0.551275,1.92252,-82863.5632838365,-251014.670850962,0.915346582366457,-0.777752503976948
816,-0.584743,1.91261,-87080.0965899102,-256533.209262559,0.909485669429562,0.111102085165907
815,-0.618034,1.90211,-92635.6844762321,-262151.157511447,0.919253778305526,0.999999999919175
815,-0.651136,1.89104,-91279.3930184318,-261723.032301061,0.909485669429935,-0.111102085328253
814,-0.68404,1.87939,-93846.2825878448,-262440.525481024,0.915346582363941,0.777752503814277
814,-0.716736,1.86716,-91770.224015029,-260378.089623354,0.910462498171402,-0.333308963343933
813,-0.749213,1.85437,-94689.9086003826,-259780.379632808,0.912416143750117,0.555523964050053
813,-0.781462,1.84101,-92820.0618432803,-256567.775997393,0.912416143751584,-0.555523964183396
812,-0.813473,1.82709,-97724.3049399449,-256054.635776737,0.910462498170484,0.33330896321226
812,-0.845237,1.81262,-96282.6702527766,-252639.472181118,0.91534658236591,-0.7777525039432
811,-0.876742,1.79759,-100055.747998421,-249910.367486644,0.909485669429639,0.111102085200672
810,-0.907981,1.78201,-102856.282674194,-246451.510864461,0.919253778306197,0.999999999954239
810,-0.938943,1.7659,-99962.6659718097,-237133.794027263,0.909485669429848,-0.111102085292613
809,-0.969619,1.74924,-102538.846562045,-230744.363674169,0.915346582364533,0.777752503850298
809,-1,1.73205,-99891.7573080921,-221136.123771313,0.910462498171205,-0.333308963308436
808,-1.03008,1.71433,-103338.39091123,-214447.689587984,0.912416143750522,0.55552396408444
808,-1.05984,1.6961,-99772.4638545148,-202634.579101624,0.912416143751243,-0.555523964150944
807,-1.08928,1.67734,-101435.242688175,-192680.119117971,0.910462498170733,0.33330896324243
807,-1.11839,1.65808,-95700.3752485645,-177234.194534337,0.915346582365511,-0.777752503915504
806,-1.14715,1.6383,-94654.4322285266,-164605.643616859,0.909485669429678,0.11110208522852
805,-1.17557,1.61803,-91709.3766424998,-151120.85728693,0.91925377830677,0.999999999982889
805,-1.20363,1.59727,-87039.3001478412,-136896.835275465,0.909485669429819,-0.111102085265551
804,-1.23132,1.57602,-84755.6868267249,-125115.743631211,0.915346582364893,0.777752503876544
804,-1.25864,1.55429,-80919.321106585,-112625.356562611,0.910462498170937,-0.333308963279986
803,-1.28558,1.53209,-78153.829737039,-101417.739476278,0.912416143750809,0.555523964114847
803,-1.31212,1.50942,-72368.1448877431,-88106.1738427249,0.912416143750849,-0.555523964118962
802,-1.33826,1.48629,-65401.0597275624,-74388.5634363602,0.910462498170897,0.333308963276791
802,-1.364,1.46271,-55014.7892147834,-58759.6424545062,0.915346582364928,-0.77775250387821
801,-1.38932,1.43868,-42554.5879861148,-42663.3827682054,0.909485669429954,0.111102085257172
801,-1.41421,1.41421,-27793.8530140272,-26194.7331496741,0.919253778307104,-0.999999999999994
15850,-1.43868,1.38932,-13170.277337973,-11675.4940580244,0.909485669429991,-0.111102085260237
15849,-1.46271,1.364,2315.45225833876,1931.22311693138,0.915346582364828,0.777752503871364
15849,-1.48629,1.33826,16534.1390608922,13009.2850759123,0.910462498171103,-0.333308963290387
15848,-1.50942,1.31212,31619.3898333666,23491.9017571661,0.912416143750729,0.555523964099008
15848,-1.53209,1.28558,47540.8406386044,33538.0979993529,0.912416143751185,-0.555523964140586
15847,-1.55429,1.25864,64886.4625063119,43478.7371355318,0.910462498170851,0.333308963247569
15847,-1.57602,1.23132,84100.3633992422,53924.6623153998,0.915346582365555,-0.777752503916249
15846,-1.59727,1.20363,101924.849795451,62661.0420615189,0.909485669429784,0.111102085221639
15845,-1.61803,1.17557,120192.092080818,70953.9782493428,0.919253778306531,0.999999999969823
15845,-1.6383,1.14715,136868.415861293,79092.8904896033,0.909485669429917,-0.111102085282151
15844,-1.65808,1.11839,153898.196721306,86476.9202184654,0.915346582364627,0.777752503855772
15844,-1.67734,1.08928,173555.559842987,96096.7849099781,0.910462498171251,-0.333308963307506
15843,-1.6961,1.05984,193542.013143996,105200.590804628,0.912416143750542,0.555523964080906
15843,-1.71433,1.03008,215092.846591767,115949.693823009,0.912416143751375,-0.555523964158831
15842,-1.73205,1,235095.939758335,126405.546178739,0.910462498170697,0.333308963230296
15842,-1.74924,0.969619,254090.271119562,136631.323006616,0.915346582365764,-0.777752503931822
15841,-1.7659,0.938943,270880.979143389,146608.695311724,0.909485669429762,0.111102085205035
15840,-1.78201,0.907981,287024.722915574,155889.185573333,0.919253778306162,0.999999999951483
15840,-1.79759,0.876742,300265.681012239,163998.266053346,0.909485669429984,-0.111102085301589
15839,-1.81262,0.845237,313459.413485122,171995.014049177,0.915346582364318,0.777752503835071
15839,-1.82709,0.813473,325692.48108423,179941.387194846,0.910462498171391,-0.333308963330024
15838,-1.84101,0.781462,338090.668811132,188627.113131982,0.912416143750253,0.555523964056986
15838,-1.85437,0.749213,349944.147284603,196975.763740648,0.912416143751674,-0.555523964183544
15837,-1.86716,0.716736,361574.349516207,206957.816973233,0.910462498170589,0.333308963203294
15837,-1.87939,0.68404,372132.995567618,215615.612232849,0.915346582366259,-0.777752503962095
15836,-1.89104,0.651136,382421.083988597,225939.722942371,0.909485669429715,0.111102085173074
15835,-1.90211,0.618034,392602.983580642,236377.09285545,0.919253778305508,0.999999999918209
15835,-1.91261,0.584743,397686.566720573,241766.270639862,0.909485669430068,-0.111102085335144
15834,-1.92252,0.551275,402103.654502517,247007.060241578,0.915346582363818,0.777752503801208
15834,-1.93185,0.517638,402148.654797929,248288.455080011,0.910462498171639,-0.333308963364235
15833,-1.94059,0.483844,401969.519882494,246230.041021062,0.912416143749876,0.555523964021923
15833,-1.94874,0.449902,403616.504403214,248173.682982115,0.912416143752063,-0.555523964220183
15832,-1.9563,0.415823,405552.550388521,246704.276940386,0.910462498170272,0.333308963168156
15832,-1.96325,0.381618,409678.455537974,251690.725021315,0.915346582366716,-0.7777525039937
15831,-1.96962,0.347296,411194.521948266,255143.184230334,0.909485669429575,0.111102085145728
15830,-1.97538,0.312869,412179.066582362,257523.242311964,0.91925377830502,0.999999999895294
15830,-1.98054,0.278346,410004.976703702,258785.689110302,0.909485669430092,-0.111102085358556
15829,-1.98509,0.243739,406703.631271468,249757.154851919,0.915346582363415,0.777752503777664
15829,-1.98904,0.209057,404173.697405144,248464.481685214,0.910462498171765,-0.333308963386404
15828,-1.99239,0.174311,402739.492412146,240240.049313928,0.912416143749651,0.555523964001473
15828,-1.99513,0.139513,404709.898954312,241454.08158645,0.912416143752222,-0.5555239642384
15827,-1.99726,0.104672,411188.037570563,249038.419775503,0.910462498170184,0.3333089631488
15827,-1.99878,0.069799,420378.290560603,257105.341286914,0.915346582367074,-0.777752504016448
15826,-1.9997,0.0349048,428425.368400313,271353.518735995,0.909485669429527,0.111102085121831
15825,-2,2.46315e-16,435964.864951243,279120.621184519,0.919253778304535,0.999999999870803
15825,-1.9997,-0.0349048,434471.442595378,281088.217311074,0.909485669430051,-0.111102085378547
15824,-1.99878,-0.069799,433045.702496323,275487.674162118,0.915346582363134,0.777752503762804
15824,-1.99726,-0.104672,429715.486598311,273528.924133378,0.910462498171696,-0.333308963393566
15823,-1.99513,-0.139513,428477.740521533,267713.332731634,0.912416143749586,0.555523964001405
15823,-1.99239,-0.174311,429361.815153648,269396.254866844,0.912416143752114,-0.555523964232279
15822,-1.98904,-0.209057,430040.208995247,266773.522410506,0.910462498170195,0.333308963161688
15822,-1.98509,-0.243739,429882.549174025,269150.67543182,0.915346582366744,-0.7777525039964
15821,-1.98054,-0.278346,428587.419503829,259362.430585569,0.909485669429545,0.111102085145526
15820,-1.97538,-0.312869,427373.413351451,248078.085151482,0.919253778305042,0.999999999897283
15820,-1.96962,-0.347296,427646.826953143,249133.961594312,0.909485669429957,-0.111102085350017
15819,-1.96325,-0.381618,429098.77235585,244814.847015447,0.915346582363609,0.777752503792499
15819,-1.9563,-0.415823,429070.037216047,247040.691531583,0.910462498171549,-0.333308963366345
15818,-1.94874,-0.449902,428738.455651645,236748.781116112,0.912416143749872,0.555523964026319
15818,-1.94059,-0.483844,422071.108779883,234334.33064721,0.91241614375188,-0.555523964209544
15817,-1.93185,-0.517638,420568.479949263,211042.186924106,0.910462498170337,0.33330896318265
15817,-1.92252,-0.551275,413845.212621347,207990.068046272,0.915346582366458,-0.777752503976945
15816,-1.91261,-0.584743,412627.877753971,184066.171343024,0.909485669429567,0.111102085165898
15815,-1.90211,-0.618034,413515.857581351,156481.932462411,0.919253778305528,0.999999999919178
15815,-1.89104,-0.651136,398075.176846445,150682.23817561,0.90948566942994,-0.111102085328262
15814,-1.87939,-0.68404,393154.589248036,117789.747514843,0.915346582363942,0.77775250381428
15814,-1.86716,-0.716736,379414.632772633,113663.263742782,0.910462498171397,-0.333308963343943
15813,-1.85437,-0.749213,376436.97564362,88431.3549873775,0.912416143750119,0.555523964050056
15813,-1.84101,-0.781462,367882.062740446,86082.2850349166,0.912416143751582,-0.555523964183381
15812,-1.82709,-0.813473,367181.116190348,60777.1285289524,0.910462498170486,0.333308963212263
15812,-1.81262,-0.845237,355423.140332627,58291.9549096424,0.915346582365912,-0.777752503943197
15811,-1.79759,-0.876742,354906.562068496,33538.0281243608,0.909485669429641,0.111102085200675
15810,-1.78201,-0.907981,353828.96003343,12896.1453369181,0.919253778306197,0.999999999954239
15810,-1.7659,-0.938943,338218.253278141,11159.78934241,0.90948566942985,-0.11110208529261
15809,-1.74924,-0.969619,333989.453321684,-12769.1368256278,0.915346582364535,0.777752503850301
15809,-1.73205,-1,311218.013739422,-12787.768270632,0.9104624981712,-0.333308963308458
15808,-1.71433,-1.03008,302956.360937606,-37166.2104130064,0.912416143750526,0.555523964084446
15808,-1.6961,-1.05984,279086.900661983,-35389.1772665323,0.912416143751243,-0.555523964150944
15807,-1.67734,-1.08928,265559.289312284,-56585.0693294593,0.910462498170725,0.333308963242434
15807,-1.65808,-1.11839,231774.433939697,-49988.5340466131,0.915346582365503,-0.7777525039155
15806,-1.6383,-1.14715,207652.456961739,-61471.7960174349,0.90948566942967,0.111102085228524
15805,-1.61803,-1.17557,178398.057883769,-64700.6744188116,0.919253778306763,0.999999999982893
15805,-1.59727,-1.20363,132274.087485675,-48018.3466691764,0.909485669429812,-0.111102085265547
15804,-1.57602,-1.23132,92716.8217350463,-39162.2954966481,0.915346582364898,0.777752503876549
15804,-1.55429,-1.25864,44649.5533502736,-18784.7803670604,0.910462498170935,-0.333308963280012
15803,-1.53209,-1.28558,-2957.0270105122,1398.95452743396,0.912416143750815,0.555523964114853
15803,-1.50942,-1.31212,-53021.1162712451,24971.4378961271,0.912416143750855,-0.555523964118957
15802,-1.48629,-1.33826,-119197.732035442,61713.3779851739,0.910462498170897,0.333308963276791
15802,-1.46271,-1.364,-186097.39674781,95171.3370156207,0.915346582364928,-0.77775250387821
15801,-1.43868,-1.38932,-282819.535059121,154565.346367567,0.909485669429954,0.111102085257172
15801,-1.41421,-1.41421,-365286.186964002,195538.579852546,0.919253778307098,-0.999999999999989
10084,-1.38932,-1.43868,-479112.14586105,262108.180550598,-0.909485669429983,0.111102085260242
10184,-1.364,-1.46271,-549674.077914805,285900.262273399,-0.915346582364814,-0.777752503871363
10184,-1.33826,-1.48629,-621803.34693892,317162.80764677,-0.910462498171062,0.333308963290425
10284,-1.31212,-1.50942,-658331.465540262,321308.063815608,-0.912416143750702,-0.555523964098991
10284,-1.28558,-1.53209,-709255.977296546,346529.515752189,-0.912416143751175,0.55552396414059
10384,-1.25864,-1.55429,-719767.028116142,355380.770616305,-0.910462498170858,-0.333308963247603
10384,-1.23132,-1.57602,-740927.738722853,386104.733249119,-0.915346582365569,0.777752503916277
10484,-1.20363,-1.59727,72216.2173018329,-232929.086330705,-0.909485669429755,-0.111102085221656
10584,-1.17557,-1.61803,886671.992661365,-813472.997747091,-0.919253778306467,-0.999999999969833
10584,-1.14715,-1.6383,908307.024656154,-845023.051881779,-0.909485669429891,0.111102085282108
10684,-1.11839,-1.65808,851919.865027501,-823880.700403919,-0.915346582364624,-0.777752503855743
10684,-1.08928,-1.67734,864019.814850946,-848807.308374765,-0.910462498171255,0.333308963307532
10784,-1.05984,-1.6961,790118.293257605,-817270.806165243,-0.912416143750544,-0.555523964080908
10784,-1.03008,-1.71433,792558.497891578,-830939.306812607,-0.912416143751393,0.555523964158839
10884,-1,-1.73205,694089.075248237,-779694.814764594,-0.910462498170715,-0.333308963230315
10884,-0.969619,-1.74924,681367.947494655,-775415.856766093,-0.915346582365772,0.777752503931858
10984,-0.938943,-1.7659,567779.143654472,-710365.768222288,-0.909485669429763,-0.111102085205032
11084,-0.907981,-1.78201,454791.037911165,-648025.904027269,-0.919253778306154,-0.99999999995149
11084,-0.876742,-1.79759,440022.013603609,-629560.222954198,-0.909485669429981,0.111102085301552
11184,-0.845237,-1.81262,337283.769355399,-569535.005622758,-0.915346582364332,-0.777752503835052
11184,-0.813473,-1.82709,326006.124902307,-552140.63343635,-0.910462498171421,0.333308963330044
11284,-0.781462,-1.84101,242118.029641131,-505436.534698767,-0.912416143750289,-0.555523964056998
11284,-0.749213,-1.85437,237381.597241971,-496214.393736212,-0.912416143751684,0.555523964183542
11384,-0.716736,-1.86716,170081.381069737,-465671.748962396,-0.910462498170579,-0.333308963203316
11384,-0.68404,-1.87939,168836.639013944,-463585.441149578,-0.915346582366256,0.777752503962127
11484,-0.651136,-1.89104,106744.088219885,-439067.877092843,-0.9094856694297,-0.111102085173069
11584,-0.618034,-1.90211,50006.5507415407,-418240.958060215,-0.919253778305473,-0.9999999999182
11584,-0.584743,-1.91261,49676.2657125435,-415775.991581088,-0.909485669430035,0.111102085335111
11684,-0.551275,-1.92252,1330.94093101787,-400130.448289336,-0.915346582363772,-0.777752503801188
11684,-0.517638,-1.93185,570.785440704684,-401448.852874895,-0.910462498171642,0.333308963364261
11784,-0.483844,-1.94059,-39521.6202456033,-387087.406780464,-0.912416143749915,-0.555523964021929
11784,-0.449902,-1.94874,-36862.4050839921,-375410.813252116,-0.912416143752077,0.555523964220183
11884,-0.415823,-1.9563,-93137.573643827,-385745.151613697,-0.910462498170266,-0.33330896316818
11884,-0.381618,-1.96325,-102602.897930229,-430356.597611156,-0.915346582366712,0.777752503993725
11984,-0.347296,-1.96962,-87421.1918300752,-555346.678116566,-0.909485669429565,-0.111102085145729
12084,-0.312869,-1.97538,65841.7644305416,-720168.029745347,-0.919253778305011,-0.999999999895287
12084,-0.278346,-1.98054,54497.7425027069,-817130.072997872,-0.909485669430107,0.111102085358526
12184,-0.243739,-1.98509,164676.807912158,-916480.602477402,-0.915346582363447,-0.777752503777644
12184,-0.209057,-1.98904,163617.453948069,-942889.034549509,-0.910462498171781,0.333308963386432
12284,-0.174311,-1.99239,186881.493575315,-964180.003019109,-0.912416143749663,-0.555523964001473
12284,-0.139513,-1.99513,184860.896253478,-971434.066329929,-0.912416143752267,0.555523964238395
12384,-0.104672,-1.99726,203284.385533723,-980412.486296782,-0.910462498170238,-0.333308963148834
12384,-0.069799,-1.99878,204045.124103198,-988775.906337534,-0.915346582367131,0.777752504016471
12484,-0.0349048,-1.9997,209775.751328992,-986110.171670761,-0.909485669429557,-0.111102085121833
12584,-4.35203e-16,-2,205178.369565348,-980847.164145774,-0.919253778304537,-0.999999999870803
12584,0.0349048,-1.9997,201612.223755764,-960740.50394127,-0.909485669430058,0.111102085378513
12684,0.069799,-1.99878,198084.500193966,-945681.078864467,-0.915346582363139,-0.777752503762792
12684,0.104672,-1.99726,198971.364169461,-948436.793253875,-0.9104624981717,0.333308963393593
12784,0.139513,-1.99513,203898.054099861,-948331.981179907,-0.912416143749591,-0.555523964001403
12784,0.174311,-1.99239,203791.770528217,-944436.02529251,-0.912416143752134,0.555523964232273
12884,0.209057,-1.98904,197210.557273416,-925227.122827495,-0.91046249817019,-0.333308963161724
12884,0.243739,-1.98509,191755.434295191,-895785.233053492,-0.915346582366752,0.777752503996427
12984,0.278346,-1.98054,185274.116695516,-877895.505441523,-0.909485669429543,-0.111102085145531
13084,0.312869,-1.97538,186090.608943158,-862055.026393012,-0.919253778305079,-0.999999999897294
13084,0.347296,-1.96962,184497.543279878,-853807.147885764,-0.909485669429971,0.111102085349981
13184,0.381618,-1.96325,182161.580500485,-840985.448815652,-0.915346582363621,-0.777752503792476
13184,0.415823,-1.9563,175446.843141521,-809764.733135822,-0.910462498171561,0.33330896336634
13284,0.449902,-1.94874,164848.618176252,-778543.495666112,-0.912416143749886,-0.555523964026324
13284,0.483844,-1.94059,157531.659128475,-744907.935726148,-0.912416143751904,0.555523964209538
13384,0.517638,-1.93185,152343.086197699,-725747.355838671,-0.910462498170363,-0.333308963182687
13384,0.551275,-1.92252,150029.165714885,-715697.364058617,-0.915346582366464,0.777752503976962
13484,0.584743,-1.91261,151065.654658991,-712330.600638569,-0.909485669429569,-0.111102085165906
13584,0.618034,-1.90211,153183.631314292,-710501.068409236,-0.919253778305519,-0.999999999919186
13584,0.651136,-1.89104,149350.206680197,-695617.059180741,-0.909485669429928,0.111102085328226
13684,0.68404,-1.87939,144647.52156039,-677120.518360037,-0.915346582363942,-0.777752503814258
13684,0.716736,-1.86716,136231.723311529,-643122.28486723,-0.910462498171394,0.333308963343945
13784,0.749213,-1.85437,123677.473777133,-603850.109001518,-0.912416143750121,-0.555523964050058
13784,0.781462,-1.84101,112106.829553442,-553511.239670076,-0.91241614375158,0.555523964183364
13884,0.813473,-1.82709,99019.793794297,-505946.46089006,-0.91046249817049,-0.333308963212306
13884,0.845237,-1.81262,88821.6687761446,-458746.960273595,-0.915346582365913,0.777752503943214
13984,0.876742,-1.79759,80372.4848546022,-423615.525507991,-0.909485669429626,-0.1111020852007
14084,0.907981,-1.78201,73803.7780340601,-391121.032700653,-0.919253778306215,-0.999999999954254
14084,0.938943,-1.7659,66927.5729094022,-360141.73576947,-0.909485669429858,0.111102085292581
14184,0.969619,-1.74924,59697.7621798933,-328816.940498314,-0.915346582364524,-0.777752503850263
14184,1,-1.73205,52170.8578591216,-293360.043912268,-0.910462498171194,0.333308963308465
14284,1.03008,-1.71433,43406.7590638478,-257353.943775389,-0.91241614375052,-0.55552396408445
14284,1.05984,-1.6961,35969.5452515528,-218043.997453795,-0.912416143751235,0.55552396415093
14384,1.08928,-1.67734,29014.3351762585,-182042.161342907,-0.910462498170724,-0.333308963242461
14384,1.11839,-1.65808,23129.5582906564,-147888.264808561,-0.915346582365498,0.777752503915531
14484,1.14715,-1.6383,18754.7056257933,-119103.404908408,-0.909485669429676,-0.111102085228531
14584,1.17557,-1.61803,14951.3540103649,-91712.2395823209,-0.919253778306762,-0.999999999982903
14584,1.20363,-1.59727,10419.170762596,-65171.6102605083,-0.909485669429825,0.1111020852655
14684,1.23132,-1.57602,6312.43875735647,-38842.2370930228,-0.91534658236492,-0.777752503876537
14684,1.25864,-1.55429,2210.70944419363,-13925.1776472763,-0.910462498170955,0.333308963280004
14784,1.28558,-1.53209,-1560.56976077326,9971.66994131668,-0.912416143750819,-0.555523964114867
14784,1.31212,-1.50942,-4938.65710024355,32408.9976397638,-0.912416143750872,0.555523964118932
14884,1.33826,-1.48629,-7571.1506878845,51184.7113656283,-0.910462498170903,-0.333308963276861
14884,1.364,-1.46271,-9654.52560494883,67539.4728251845,-0.915346582364901,0.777752503878194
14984,1.38932,-1.43868,-11591.745180269,83864.8189263963,-0.909485669429939,-0.111102085257194
14984,1.41421,-1.41421,-13099.8276287223,100250.332888943,-0.919253778307102,0.999999999999985
5850,1.43868,-1.38932,-14592.9846291023,116998.726047667,0.909485669429985,-0.111102085260202
5849,1.46271,-1.364,-16152.4743936979,132775.100385526,0.915346582364833,0.777752503871339
5849,1.48629,-1.33826,-15631.6254623859,149621.865762251,0.910462498171102,-0.333308963290407
5848,1.50942,-1.31212,-16576.7780285683,161623.913212468,0.91241614375073,0.555523964099018
5848,1.53209,-1.28558,-14317.5021616383,173310.286625715,0.912416143751186,-0.555523964140576
5847,1.55429,-1.25864,-15705.8767923066,176997.217056615,0.91046249817085,0.333308963247604
5847,1.57602,-1.23132,-12855.9650381246,183498.630176804,0.91534658236556,-0.777752503916265
5846,1.59727,-1.20363,-16604.3794457296,181636.748136983,0.909485669429786,0.111102085221649
5845,1.61803,-1.17557,-21934.2853984674,176990.901332062,0.919253778306525,0.999999999969829
5845,1.6383,-1.14715,-20916.0961551827,182822.216340832,0.909485669429914,-0.11110208528211
5844,1.65808,-1.11839,-27954.8587606192,177156.837608422,0.915346582364627,0.777752503855747
5844,1.67734,-1.08928,-27950.0116173603,183666.870701548,0.910462498171258,-0.333308963307527
5843,1.6961,-1.05984,-35660.0538085019,177907.297605645,0.912416143750537,0.555523964080912
5843,1.71433,-1.03008,-36304.2890745316,183241.952130901,0.912416143751378,-0.555523964158821
5842,1.73205,-1,-44225.5939928012,177603.082353567,0.910462498170701,0.333308963230334
5842,1.74924,-0.969619,-45837.9497789955,183527.440151731,0.915346582365767,-0.777752503931841
5841,1.7659,-0.938943,-54555.4647069496,178572.980954689,0.909485669429766,0.111102085205045
5840,1.78201,-0.907981,-63217.0649168142,173350.530122477,0.919253778306158,0.99999999995149
5840,1.79759,-0.876742,-66780.339620762,179897.908106497,0.909485669429983,-0.111102085301555
5839,1.81262,-0.845237,-75837.9289789123,174172.588981744,0.915346582364319,0.777752503835052
5839,1.82709,-0.813473,-79204.0014916311,177975.561390686,0.910462498171384,-0.333308963330046
5838,1.84101,-0.781462,-87344.9821894198,169956.856199843,0.912416143750258,0.555523964056995
5838,1.85437,-0.749213,-90607.5329655579,171967.353858423,0.91241614375167,-0.555523964183538
5837,1.86716,-0.716736,-97980.9301542965,162847.718885734,0.91046249817059,0.333308963203332
5837,1.87939,-0.68404,-101087.166561755,163805.274115366,0.915346582366259,-0.777752503962114
5836,1.89104,-0.651136,-108109.812746938,154140.284151574,0.909485669429712,0.11110208517308
5835,1.90211,-0.618034,-114417.638028871,145123.517408982,0.919253778305505,0.999999999918216
5835,1.91261,-0.584743,-117705.07788605,145859.540115452,0.909485669430072,-0.111102085335106
5834,1.92252,-0.551275,-123376.936668136,137164.099480453,0.915346582363824,0.777752503801191
5834,1.93185,-0.517638,-125880.26158317,136837.474306665,0.910462498171638,-0.333308963364257
5833,1.94059,-0.483844,-130749.322770631,128187.049706686,0.912416143749874,0.555523964021932
5833,1.94874,-0.449902,-133867.43831217,128407.300290864,0.91241614375206,-0.555523964220175
5832,1.9563,-0.415823,-138751.26765786,120260.693324084,0.910462498170272,0.333308963168192
5832,1.96325,-0.381618,-141632.442214263,120360.614480768,0.915346582366721,-0.777752503993719
5831,1.96962,-0.347296,-145957.074697086,111712.216768088,0.909485669429573,0.111102085145735
5830,1.97538,-0.312869,-149692.590227195,103511.670941849,0.919253778305019,0.999999999895301
5830,1.98054,-0.278346,-152525.547004659,103592.672071354,0.909485669430095,-0.11110208535852
5829,1.98509,-0.243739,-156093.709214474,95453.9597705119,0.915346582363408,0.777752503777643
5829,1.98904,-0.209057,-158090.500707613,95070.1745444168,0.910462498171767,-0.333308963386425
5828,1.99239,-0.174311,-160944.266409804,86466.9748658362,0.91241614374965,0.555523964001481
5828,1.99513,-0.139513,-163243.218189242,86431.9737194053,0.912416143752221,-0.555523964238393
5827,1.99726,-0.104672,-165642.127796982,78543.7464556264,0.910462498170182,0.333308963148836
5827,1.99878,-0.069799,-167228.236470237,78170.1194122675,0.915346582367075,-0.777752504016468
5826,1.9997,-0.0349048,-167563.100137389,70039.775384118,0.909485669429527,0.111102085121839
