origElemNum,globCoord-x,globCoord-y,acouPotentialD1-,locCoord-xi,locCoord-eta
5825,2,-2.20442e-18,-0.269612676808696,0.919253778304535,0.999999999870795
5825,1.9997,0.0349048,-0.270063424740037,0.909485669430051,-0.11110208537854
5824,1.99878,0.069799,-0.270502464645861,0.915346582363134,0.7777525037628
5824,1.99726,0.104672,-0.270950457522293,0.910462498171695,-0.333308963393583
5823,1.99513,0.139513,-0.271393981085153,0.912416143749585,0.555523964001403
5823,1.99239,0.174311,-0.271839197048267,0.912416143752112,-0.555523964232293
5822,1.98904,0.209057,-0.272285786173102,0.910462498170195,0.33330896316169
5822,1.98509,0.243739,-0.272728708132994,0.915346582366752,-0.777752503996411
5821,1.98054,0.278346,-0.273174481675854,0.909485669429537,0.111102085145532
5820,1.97538,0.312869,-0.273611963223066,0.91925377830504,0.999999999897275
5820,1.96962,0.347296,-0.274056226721136,0.909485669429959,-0.111102085350008
5819,1.96325,0.381618,-0.274493586576463,0.915346582363608,0.777752503792493
5819,1.9563,0.415823,-0.274934420021221,0.910462498171543,-0.333308963366333
5818,1.94874,0.449902,-0.275372001547893,0.912416143749872,0.555523964026318
5818,1.94059,0.483844,-0.275809090606876,0.912416143751876,-0.555523964209557
5817,1.93185,0.517638,-0.276244479105861,0.910462498170338,0.333308963182653
5817,1.92252,0.551275,-0.276676630553822,0.915346582366455,-0.777752503976955
5816,1.91261,0.584743,-0.277108684335197,0.909485669429567,0.111102085165898
5815,1.90211,0.618034,-0.277537024286873,0.919253778305533,0.999999999919169
5815,1.89104,0.651136,-0.277967868316429,0.909485669429933,-0.111102085328256
5814,1.87939,0.68404,-0.278396395284537,0.915346582363941,0.777752503814277
5814,1.86716,0.716736,-0.278826591711931,0.910462498171402,-0.333308963343933
5813,1.85437,0.749213,-0.279256799389328,0.912416143750119,0.555523964050056
5813,1.84101,0.781462,-0.27968821718308,0.912416143751575,-0.555523964183394
5812,1.82709,0.813473,-0.280120744725492,0.910462498170486,0.333308963212263
5812,1.81262,0.845237,-0.280553837777286,0.915346582365915,-0.777752503943209
5811,1.79759,0.876742,-0.280989328051614,0.909485669429635,0.111102085200681
5810,1.78201,0.907981,-0.281425982618847,0.919253778306195,0.999999999954235
5810,1.7659,0.938943,-0.281866863034538,0.909485669429844,-0.111102085292603
5809,1.74924,0.969619,-0.282309695458085,0.915346582364538,0.777752503850291
5809,1.73205,1,-0.282754088055586,0.910462498171199,-0.333308963308445
5808,1.71433,1.03008,-0.283201010192012,0.912416143750526,0.555523964084446
5808,1.6961,1.05984,-0.283649938113327,0.912416143751246,-0.555523964150953
5807,1.67734,1.08928,-0.284099597706715,0.910462498170725,0.333308963242434
5807,1.65808,1.11839,-0.284551954748775,0.915346582365508,-0.777752503915519
5806,1.6383,1.14715,-0.284998632370959,0.909485669429676,0.11110208522853
5805,1.61803,1.17557,-0.285450522637518,0.919253778306765,0.999999999982884
5805,1.59727,1.20363,-0.285886227365215,0.909485669429817,-0.111102085265541
5804,1.57602,1.23132,-0.286326916380112,0.9153465823649,0.777752503876539
5804,1.55429,1.25864,-0.28675367637613,0.910462498170939,-0.333308963279996
5803,1.53209,1.28558,-0.287178472011307,0.912416143750815,0.555523964114853
5803,1.50942,1.31212,-0.287593408021282,0.91241614375085,-0.555523964118972
5802,1.48629,1.33826,-0.287995933117868,0.910462498170897,0.333308963276791
5802,1.46271,1.364,-0.288396389427575,0.915346582364929,-0.77775250387822
5801,1.43868,1.38932,-0.288775103480511,0.909485669429954,0.111102085257182
5801,1.41421,1.41421,-0.289164174278811,0.919253778307104,-0.999999999999994
850,1.38932,1.43868,-0.289517718092857,0.909485669429991,-0.111102085260227
849,1.364,1.46271,-0.289883283633643,0.915346582364834,0.777752503871359
849,1.33826,1.48629,-0.290226843836099,0.910462498171096,-0.333308963290402
848,1.31212,1.50942,-0.290571680637342,0.912416143750729,0.555523964099008
848,1.28558,1.53209,-0.290905723372015,0.912416143751184,-0.555523964140596
847,1.25864,1.55429,-0.291232067986172,0.910462498170846,0.333308963247574
847,1.23132,1.57602,-0.291562749990975,0.915346582365554,-0.777752503916259
846,1.20363,1.59727,-0.291877177866781,0.90948566942978,0.111102085221654
845,1.17557,1.61803,-0.292209846298406,0.919253778306528,0.999999999969813
845,1.14715,1.6383,-0.292515858825046,0.909485669429915,-0.111102085282135
844,1.11839,1.65808,-0.292841737132392,0.915346582364625,0.777752503855763
844,1.08928,1.67734,-0.293154368901173,0.910462498171253,-0.333308963307521
843,1.05984,1.6961,-0.293476892271418,0.912416143750542,0.555523964080906
843,1.03008,1.71433,-0.293798252764362,0.912416143751377,-0.555523964158847
842,1,1.73205,-0.294117308007801,0.910462498170698,0.333308963230309
842,0.969619,1.74924,-0.294446073927774,0.915346582365766,-0.777752503931825
841,0.938943,1.7659,-0.294757322950518,0.909485669429764,0.111102085205048
840,0.907981,1.78201,-0.295090220540049,0.919253778306164,0.99999999995148
840,0.876742,1.79759,-0.295393350944005,0.909485669429979,-0.11110208530158
839,0.845237,1.81262,-0.295718576743355,0.91534658236432,0.777752503835068
839,0.813473,1.82709,-0.296025659300958,0.91046249817139,-0.33330896333004
838,0.781462,1.84101,-0.296341407560585,0.912416143750255,0.555523964056983
838,0.749213,1.85437,-0.296652038427142,0.912416143751674,-0.555523964183563
837,0.716736,1.86716,-0.296958095007223,0.910462498170584,0.333308963203304
837,0.68404,1.87939,-0.297273341122562,0.915346582366261,-0.777752503962098
836,0.651136,1.89104,-0.297571226804184,0.909485669429719,0.111102085173086
835,0.618034,1.90211,-0.297892559296308,0.919253778305509,0.999999999918205
835,0.584743,1.91261,-0.298184175064795,0.909485669430073,-0.111102085335132
834,0.551275,1.92252,-0.298499109723602,0.915346582363819,0.777752503801204
834,0.517638,1.93185,-0.298795173460604,0.910462498171637,-0.333308963364254
833,0.483844,1.94059,-0.299098536411453,0.912416143749877,0.55552396402192
833,0.449902,1.94874,-0.299393873638926,0.91241614375206,-0.555523964220202
832,0.415823,1.9563,-0.299678481812109,0.910462498170279,0.333308963168166
832,0.381618,1.96325,-0.299969187832805,0.915346582366717,-0.777752503993703
831,0.347296,1.96962,-0.300227602457814,0.909485669429573,0.111102085145737
830,0.312869,1.97538,-0.300509065331477,0.919253778305012,0.99999999989529
830,0.278346,1.98054,-0.300729593709799,0.909485669430091,-0.111102085358547
829,0.243739,1.98509,-0.30097060433352,0.915346582363415,0.77775250377766
829,0.209057,1.98904,-0.301162758105923,0.910462498171767,-0.333308963386422
828,0.174311,1.99239,-0.30135233715913,0.912416143749651,0.55552396400147
828,0.139513,1.99513,-0.301515144774225,0.912416143752224,-0.555523964238419
827,0.104672,1.99726,-0.3016488310644,0.910462498170184,0.33330896314881
827,0.069799,1.99878,-0.301779958772394,0.915346582367074,-0.777752504016452
826,0.0349048,1.9997,-0.301854184628997,0.909485669429527,0.111102085121841
825,1.27747e-16,2,-0.301953702094881,0.919253778304535,0.999999999870799
825,-0.0349048,1.9997,-0.30197017629432,0.909485669430051,-0.111102085378537
824,-0.069799,1.99878,-0.302014449771956,0.915346582363134,0.777752503762801
824,-0.104672,1.99726,-0.302006374947372,0.910462498171695,-0.333308963393583
823,-0.139513,1.99513,-0.302002364700309,0.912416143749585,0.555523964001401
823,-0.174311,1.99239,-0.301976566660818,0.912416143752112,-0.555523964232297
822,-0.209057,1.98904,-0.301933491448314,0.910462498170195,0.333308963161685
822,-0.243739,1.98509,-0.301897859533957,0.915346582366744,-0.777752503996403
821,-0.278346,1.98054,-0.301822248486044,0.909485669429538,0.111102085145537
820,-0.312869,1.97538,-0.301779100617954,0.919253778305041,0.999999999897278
820,-0.347296,1.96962,-0.30168109249867,0.90948566942996,-0.111102085350006
819,-0.381618,1.96325,-0.301618220006125,0.915346582363608,0.777752503792493
819,-0.415823,1.9563,-0.30152821776429,0.910462498171543,-0.333308963366333
818,-0.449902,1.94874,-0.301453178578076,0.912416143749872,0.555523964026316
818,-0.483844,1.94059,-0.301373143618213,0.912416143751875,-0.555523964209561
817,-0.517638,1.93185,-0.301289128502032,0.910462498170336,0.333308963182646
817,-0.551275,1.92252,-0.301219888150216,0.915346582366457,-0.777752503976948
816,-0.584743,1.91261,-0.301128196006196,0.909485669429562,0.111102085165907
815,-0.618034,1.90211,-0.301069075139568,0.919253778305526,0.999999999919175
815,-0.651136,1.89104,-0.30096976930004,0.909485669429935,-0.111102085328253
814,-0.68404,1.87939,-0.300901814830818,0.915346582363941,0.777752503814277
814,-0.716736,1.86716,-0.300810787867163,0.910462498171402,-0.333308963343933
813,-0.749213,1.85437,-0.300732256795598,0.912416143750117,0.555523964050053
813,-0.781462,1.84101,-0.300648374718943,0.912416143751584,-0.555523964183396
812,-0.813473,1.82709,-0.300558546068379,0.910462498170484,0.33330896321226
812,-0.845237,1.81262,-0.300480001103515,0.91534658236591,-0.7777525039432
811,-0.876742,1.79759,-0.300377107462923,0.909485669429639,0.111102085200672
810,-0.907981,1.78201,-0.300301646039078,0.919253778306197,0.999999999954239
810,-0.938943,1.7659,-0.30018368989088,0.909485669429848,-0.111102085292613
809,-0.969619,1.74924,-0.300091483630809,0.915346582364533,0.777752503850298
809,-1,1.73205,-0.299971184515915,0.910462498171205,-0.333308963308436
808,-1.03008,1.71433,-0.299858949026414,0.912416143750522,0.55552396408444
808,-1.05984,1.6961,-0.29973740747902,0.912416143751243,-0.555523964150944
807,-1.08928,1.67734,-0.299605301713924,0.910462498170733,0.33330896324243
807,-1.11839,1.65808,-0.299479923869061,0.915346582365511,-0.777752503915504
806,-1.14715,1.6383,-0.299324413318017,0.909485669429678,0.11110208522852
805,-1.17557,1.61803,-0.299191871434543,0.91925377830677,0.999999999982889
805,-1.20363,1.59727,-0.299008979575925,0.909485669429819,-0.111102085265551
804,-1.23132,1.57602,-0.298848435353427,0.915346582364893,0.777752503876544
804,-1.25864,1.55429,-0.298657042432233,0.910462498170937,-0.333308963279986
803,-1.28558,1.53209,-0.298469190648006,0.912416143750809,0.555523964114847
803,-1.31212,1.50942,-0.298266899522061,0.912416143750849,-0.555523964118962
802,-1.33826,1.48629,-0.298048313852159,0.910462498170897,0.333308963276791
802,-1.364,1.46271,-0.297831772306221,0.915346582364928,-0.77775250387821
801,-1.38932,1.43868,-0.297583895981539,0.909485669429954,0.111102085257172
801,-1.41421,1.41421,-0.29735684537527,0.919253778307104,-0.999999999999994
15850,-1.43868,1.38932,-0.297076476034625,0.909485669429991,-0.111102085260237
15849,-1.46271,1.364,-0.296816706422105,0.915346582364828,0.777752503871364
15849,-1.48629,1.33826,-0.296526139028923,0.910462498171103,-0.333308963290387
15848,-1.50942,1.31212,-0.296236782470505,0.912416143750729,0.555523964099008
15848,-1.53209,1.28558,-0.295930645393278,0.912416143751185,-0.555523964140586
15847,-1.55429,1.25864,-0.295610216183089,0.910462498170851,0.333308963247569
15847,-1.57602,1.23132,-0.295292431086508,0.915346582365555,-0.777752503916249
15846,-1.59727,1.20363,-0.294944233463191,0.909485669429784,0.111102085221639
15845,-1.61803,1.17557,-0.294615323476075,0.919253778306531,0.999999999969823
15845,-1.6383,1.14715,-0.294237276515075,0.909485669429917,-0.111102085282151
15844,-1.65808,1.11839,-0.293878312608735,0.915346582364627,0.777752503855772
15844,-1.67734,1.08928,-0.29349026995845,0.910462498171251,-0.333308963307506
15843,-1.6961,1.05984,-0.29310605159643,0.912416143750542,0.555523964080906
15843,-1.71433,1.03008,-0.29271042466193,0.912416143751375,-0.555523964158831
15842,-1.73205,1,-0.29230415340734,0.910462498170697,0.333308963230296
15842,-1.74924,0.969619,-0.291901820743322,0.915346582365764,-0.777752503931822
15841,-1.7659,0.938943,-0.291471749091732,0.909485669429762,0.111102085205035
15840,-1.78201,0.907981,-0.291058780261763,0.919253778306162,0.999999999951483
15840,-1.79759,0.876742,-0.290608400562007,0.909485669429984,-0.111102085301589
15839,-1.81262,0.845237,-0.290175552777278,0.915346582364318,0.777752503835071
15839,-1.82709,0.813473,-0.289719987224047,0.910462498171391,-0.333308963330024
15838,-1.84101,0.781462,-0.289268159330466,0.912416143750253,0.555523964056986
15838,-1.85437,0.749213,-0.288807067778972,0.912416143751674,-0.555523964183544
15837,-1.86716,0.716736,-0.28833680926783,0.910462498170589,0.333308963203294
15837,-1.87939,0.68404,-0.287869708690009,0.915346582366259,-0.777752503962095
15836,-1.89104,0.651136,-0.287381184783248,0.909485669429715,0.111102085173074
15835,-1.90211,0.618034,-0.286907084968247,0.919253778305508,0.999999999918209
15835,-1.91261,0.584743,-0.286402614332831,0.909485669430068,-0.111102085335144
15834,-1.92252,0.551275,-0.285912228601563,0.915346582363818,0.777752503801208
15834,-1.93185,0.517638,-0.285403431752606,0.910462498171639,-0.333308963364235
15833,-1.94059,0.483844,-0.284897298791671,0.912416143749876,0.555523964021923
15833,-1.94874,0.449902,-0.284383476433145,0.912416143752063,-0.555523964220183
15832,-1.9563,0.415823,-0.28386313792854,0.910462498170272,0.333308963168156
15832,-1.96325,0.381618,-0.283345403304585,0.915346582366716,-0.7777525039937
15831,-1.96962,0.347296,-0.282814560842862,0.909485669429575,0.111102085145728
15830,-1.97538,0.312869,-0.282294840272686,0.91925377830502,0.999999999895294
15830,-1.98054,0.278346,-0.281752641943907,0.909485669430092,-0.111102085358556
15829,-1.98509,0.243739,-0.281219721423245,0.915346582363415,0.777752503777664
15829,-1.98904,0.209057,-0.280671339807517,0.910462498171765,-0.333308963386404
15828,-1.99239,0.174311,-0.280126076707058,0.912416143749651,0.555523964001473
15828,-1.99513,0.139513,-0.279577635221489,0.912416143752222,-0.5555239642384
15827,-1.99726,0.104672,-0.279025949413462,0.910462498170184,0.3333089631488
15827,-1.99878,0.069799,-0.278476338837102,0.915346582367074,-0.777752504016448
15826,-1.9997,0.0349048,-0.277918889178666,0.909485669429527,0.111102085121831
15825,-2,2.46315e-16,-0.277367619564049,0.919253778304535,0.999999999870803
15825,-1.9997,-0.0349048,-0.276806170666434,0.909485669430051,-0.111102085378547
15824,-1.99878,-0.069799,-0.276250236908333,0.915346582363134,0.777752503762804
15824,-1.99726,-0.104672,-0.275689392703272,0.910462498171696,-0.333308963393566
15823,-1.99513,-0.139513,-0.275130446233587,0.912416143749586,0.555523964001405
15823,-1.99239,-0.174311,-0.274570815941814,0.912416143752114,-0.555523964232279
15822,-1.98904,-0.209057,-0.274012112448905,0.910462498170195,0.333308963161688
15822,-1.98509,-0.243739,-0.273455370189194,0.915346582366744,-0.7777525039964
15821,-1.98054,-0.278346,-0.272894749096815,0.909485669429545,0.111102085145526
15820,-1.97538,-0.312869,-0.27233473809158,0.919253778305042,0.999999999897283
15820,-1.96962,-0.347296,-0.271774951282378,0.909485669429957,-0.111102085350017
15819,-1.96325,-0.381618,-0.27121625676253,0.915346582363609,0.777752503792499
15819,-1.9563,-0.415823,-0.270661469034861,0.910462498171549,-0.333308963366345
15818,-1.94874,-0.449902,-0.270107299394786,0.912416143749872,0.555523964026319
15818,-1.94059,-0.483844,-0.269554977966728,0.91241614375188,-0.555523964209544
15817,-1.93185,-0.517638,-0.26900495587043,0.910462498170337,0.33330896318265
15817,-1.92252,-0.551275,-0.268454802629021,0.915346582366458,-0.777752503976945
15816,-1.91261,-0.584743,-0.267910666148683,0.909485669429567,0.111102085165898
15815,-1.90211,-0.618034,-0.267362851326892,0.919253778305528,0.999999999919178
15815,-1.89104,-0.651136,-0.266827090662089,0.90948566942994,-0.111102085328262
15814,-1.87939,-0.68404,-0.266286953072527,0.915346582363942,0.77775250381428
15814,-1.86716,-0.716736,-0.265755600430888,0.910462498171397,-0.333308963343943
15813,-1.85437,-0.749213,-0.265224323090181,0.912416143750119,0.555523964050056
15813,-1.84101,-0.781462,-0.26469846770522,0.912416143751582,-0.555523964183381
15812,-1.82709,-0.813473,-0.264179310944015,0.910462498170486,0.333308963212263
15812,-1.81262,-0.845237,-0.263660090340642,0.915346582365912,-0.777752503943197
15811,-1.79759,-0.876742,-0.263155815007579,0.909485669429641,0.111102085200675
15810,-1.78201,-0.907981,-0.262643773154058,0.919253778306197,0.999999999954239
15810,-1.7659,-0.938943,-0.262156102954463,0.90948566942985,-0.11110208529261
15809,-1.74924,-0.969619,-0.261659393775598,0.915346582364535,0.777752503850301
15809,-1.73205,-1,-0.261177455479376,0.9104624981712,-0.333308963308458
15808,-1.71433,-1.03008,-0.260695989959962,0.912416143750526,0.555523964084446
15808,-1.6961,-1.05984,-0.260224533413272,0.912416143751243,-0.555523964150944
15807,-1.67734,-1.08928,-0.259762976537992,0.910462498170725,0.333308963242434
15807,-1.65808,-1.11839,-0.259300995366782,0.915346582365503,-0.7777525039155
15806,-1.6383,-1.14715,-0.258859502482722,0.90948566942967,0.111102085228524
15805,-1.61803,-1.17557,-0.258406285050992,0.919253778306763,0.999999999982893
15805,-1.59727,-1.20363,-0.257983083174802,0.909485669429812,-0.111102085265547
15804,-1.57602,-1.23132,-0.257548069639078,0.915346582364898,0.777752503876549
15804,-1.55429,-1.25864,-0.257136994944322,0.910462498170935,-0.333308963280012
15803,-1.53209,-1.28558,-0.256725857694361,0.912416143750815,0.555523964114853
15803,-1.50942,-1.31212,-0.256327118184448,0.912416143750855,-0.555523964118957
15802,-1.48629,-1.33826,-0.255939245701703,0.910462498170897,0.333308963276791
15802,-1.46271,-1.364,-0.255549732577823,0.915346582364928,-0.77775250387821
15801,-1.43868,-1.38932,-0.255189793663469,0.909485669429954,0.111102085257172
15801,-1.41421,-1.41421,-0.254816523943481,0.919253778307098,-0.999999999999989
10084,-1.38932,-1.43868,-0.254481738529516,-0.909485669429983,0.111102085260242
10184,-1.364,-1.46271,-0.254133466269697,-0.915346582364814,-0.777752503871363
10184,-1.33826,-1.48629,-0.253816645696022,-0.910462498171062,0.333308963290425
10284,-1.31212,-1.50942,-0.25349858595806,-0.912416143750702,-0.555523964098991
10284,-1.28558,-1.53209,-0.253193292991952,-0.912416143751175,0.55552396414059
10384,-1.25864,-1.55429,-0.252903211617323,-0.910462498170858,-0.333308963247603
10384,-1.23132,-1.57602,-0.252613212447178,-0.915346582365569,0.777752503916277
10484,-1.20363,-1.59727,-0.252353853801064,-0.909485669429755,-0.111102085221656
10584,-1.17557,-1.61803,-0.252079010984867,-0.919253778306467,-0.999999999969833
10584,-1.14715,-1.6383,-0.251846471297483,-0.909485669429891,0.111102085282108
10684,-1.11839,-1.65808,-0.251597727909857,-0.915346582364624,-0.777752503855743
10684,-1.08928,-1.67734,-0.251378842927808,-0.910462498171255,0.333308963307532
10784,-1.05984,-1.6961,-0.251158497875623,-0.912416143750544,-0.555523964080908
10784,-1.03008,-1.71433,-0.250952115130432,-0.912416143751393,0.555523964158839
10884,-1,-1.73205,-0.250759684547058,-0.910462498170715,-0.333308963230315
10884,-0.969619,-1.74924,-0.250565326761782,-0.915346582365772,0.777752503931858
10984,-0.938943,-1.7659,-0.250396147852944,-0.909485669429763,-0.111102085205032
11084,-0.907981,-1.78201,-0.250207229692015,-0.919253778306154,-0.99999999995149
11084,-0.876742,-1.79759,-0.250060987314119,-0.909485669429981,0.111102085301552
11184,-0.845237,-1.81262,-0.249894432111733,-0.915346582364332,-0.777752503835052
11184,-0.813473,-1.82709,-0.249754299787899,-0.910462498171421,0.333308963330044
11284,-0.781462,-1.84101,-0.249608068240841,-0.912416143750289,-0.555523964056998
11284,-0.749213,-1.85437,-0.249471257465214,-0.912416143751684,0.555523964183542
11384,-0.716736,-1.86716,-0.249342259509962,-0.910462498170579,-0.333308963203316
11384,-0.68404,-1.87939,-0.249205128481484,-0.915346582366256,0.777752503962127
11484,-0.651136,-1.89104,-0.249089530170272,-0.9094856694297,-0.111102085173069
11584,-0.618034,-1.90211,-0.248947996941939,-0.919253778305473,-0.9999999999182
11584,-0.584743,-1.91261,-0.248843771771028,-0.909485669430035,0.111102085335111
11684,-0.551275,-1.92252,-0.248711857014183,-0.915346582363772,-0.777752503801188
11684,-0.517638,-1.93185,-0.248600363267075,-0.910462498171642,0.333308963364261
11784,-0.483844,-1.94059,-0.248475796676889,-0.912416143749915,-0.555523964021929
11784,-0.449902,-1.94874,-0.248354486200518,-0.912416143752077,0.555523964220183
11884,-0.415823,-1.9563,-0.24823584061612,-0.910462498170266,-0.33330896316818
11884,-0.381618,-1.96325,-0.248102230377773,-0.915346582366712,0.777752503993725
11984,-0.347296,-1.96962,-0.247991433884877,-0.909485669429565,-0.111102085145729
12084,-0.312869,-1.97538,-0.247846983268812,-0.919253778305011,-0.999999999895287
12084,-0.278346,-1.98054,-0.24774421056581,-0.909485669430107,0.111102085358526
12184,-0.243739,-1.98509,-0.247606041044435,-0.915346582363447,-0.777752503777644
12184,-0.209057,-1.98904,-0.247490817630041,-0.910462498171781,0.333308963386432
12284,-0.174311,-1.99239,-0.247362001780415,-0.912416143749663,-0.555523964001473
12284,-0.139513,-1.99513,-0.247241330747105,-0.912416143752267,0.555523964238395
12384,-0.104672,-1.99726,-0.247129651351662,-0.910462498170238,-0.333308963148834
12384,-0.069799,-1.99878,-0.247003614551629,-0.915346582367131,0.777752504016471
12484,-0.0349048,-1.9997,-0.246913107923719,-0.909485669429557,-0.111102085121833
12584,-4.35203e-16,-2,-0.246784604465679,-0.919253778304537,-0.999999999870803
12584,0.0349048,-1.9997,-0.246721691281323,-0.909485669430058,0.111102085378513
12684,0.069799,-1.99878,-0.24662185748263,-0.915346582363139,-0.777752503762792
12684,0.104672,-1.99726,-0.24656530873165,-0.9104624981717,0.333308963393593
12784,0.139513,-1.99513,-0.246500110454624,-0.912416143749591,-0.555523964001403
12784,0.174311,-1.99239,-0.246454124098555,-0.912416143752134,0.555523964232273
12884,0.209057,-1.98904,-0.246429116304922,-0.91046249817019,-0.333308963161724
12884,0.243739,-1.98509,-0.246396635360913,-0.915346582366752,0.777752503996427
12984,0.278346,-1.98054,-0.246409823097211,-0.909485669429543,-0.111102085145531
13084,0.312869,-1.97538,-0.246386503550205,-0.919253778305079,-0.999999999897294
13084,0.347296,-1.96962,-0.24643764054348,-0.909485669429971,0.111102085349981
13184,0.381618,-1.96325,-0.246453518512687,-0.915346582363621,-0.777752503792476
13184,0.415823,-1.9563,-0.246517946910759,-0.910462498171561,0.33330896336634
13284,0.449902,-1.94874,-0.246573783501543,-0.912416143749886,-0.555523964026324
13284,0.483844,-1.94059,-0.246647919124226,-0.912416143751904,0.555523964209538
13384,0.517638,-1.93185,-0.246738447474303,-0.910462498170363,-0.333308963182687
13384,0.551275,-1.92252,-0.246819771093651,-0.915346582366464,0.777752503976962
13484,0.584743,-1.91261,-0.24694186319215,-0.909485669429569,-0.111102085165906
13584,0.618034,-1.90211,-0.247029575170455,-0.919253778305519,-0.999999999919186
13584,0.651136,-1.89104,-0.247180771295479,-0.909485669429928,0.111102085328226
13684,0.68404,-1.87939,-0.247297470167392,-0.915346582363942,-0.777752503814258
13684,0.716736,-1.86716,-0.247451485155572,-0.910462498171394,0.333308963343945
13784,0.749213,-1.85437,-0.247595917574132,-0.912416143750121,-0.555523964050058
13784,0.781462,-1.84101,-0.247754716909762,-0.91241614375158,0.555523964183364
13884,0.813473,-1.82709,-0.247928743225797,-0.91046249817049,-0.333308963212306
13884,0.845237,-1.81262,-0.248094347481248,-0.915346582365913,0.777752503943214
13984,0.876742,-1.79759,-0.248298550272871,-0.909485669429626,-0.1111020852007
14084,0.907981,-1.78201,-0.248471364626858,-0.919253778306215,-0.999999999954254
14084,0.938943,-1.7659,-0.248702902439788,-0.909485669429858,0.111102085292581
14184,0.969619,-1.74924,-0.248902104322672,-0.915346582364524,-0.777752503850263
14184,1,-1.73205,-0.249133049155652,-0.910462498171194,0.333308963308465
14284,1.03008,-1.71433,-0.249354243794954,-0.91241614375052,-0.55552396408445
14284,1.05984,-1.6961,-0.249587176721987,-0.912416143751235,0.55552396415093
14384,1.08928,-1.67734,-0.249830303242545,-0.910462498170724,-0.333308963242461
14384,1.11839,-1.65808,-0.250063089755527,-0.915346582365498,0.777752503915531
14484,1.14715,-1.6383,-0.250323438266919,-0.909485669429676,-0.111102085228531
14584,1.17557,-1.61803,-0.250552651896114,-0.919253778306762,-0.999999999982903
14584,1.20363,-1.59727,-0.250824588802903,-0.909485669429825,0.1111020852655
14684,1.23132,-1.57602,-0.251065679506517,-0.91534658236492,-0.777752503876537
14684,1.25864,-1.55429,-0.251333702567101,-0.910462498170955,0.333308963280004
14784,1.28558,-1.53209,-0.251591240470201,-0.912416143750819,-0.555523964114867
14784,1.31212,-1.50942,-0.251857829516869,-0.912416143750872,0.555523964118932
14884,1.33826,-1.48629,-0.252132040975106,-0.910462498170903,-0.333308963276861
14884,1.364,-1.46271,-0.252395055868616,-0.915346582364901,0.777752503878194
14984,1.38932,-1.43868,-0.252687111314676,-0.909485669429939,-0.111102085257194
14984,1.41421,-1.41421,-0.252950279021514,-0.919253778307102,0.999999999999985
5850,1.43868,-1.38932,-0.2532577457581,0.909485669429985,-0.111102085260202
5849,1.46271,-1.364,-0.253536829466064,0.915346582364833,0.777752503871339
5849,1.48629,-1.33826,-0.253844950342196,0.910462498171102,-0.333308963290407
5848,1.50942,-1.31212,-0.254143046564279,0.91241614375073,0.555523964099018
5848,1.53209,-1.28558,-0.254449467762301,0.912416143751186,-0.555523964140576
5847,1.55429,-1.25864,-0.254764474244217,0.91046249817085,0.333308963247604
5847,1.57602,-1.23132,-0.255070094466745,0.91534658236556,-0.777752503916265
5846,1.59727,-1.20363,-0.255401633343273,0.909485669429786,0.111102085221649
5845,1.61803,-1.17557,-0.255706346386414,0.919253778306525,0.999999999969829
5845,1.6383,-1.14715,-0.256051072855959,0.909485669429914,-0.11110208528211
5844,1.65808,-1.11839,-0.256368922290434,0.915346582364627,0.777752503855747
5844,1.67734,-1.08928,-0.256709898342465,0.910462498171258,-0.333308963307527
5843,1.6961,-1.05984,-0.257040757041658,0.912416143750537,0.555523964080912
5843,1.71433,-1.03008,-0.257377771928337,0.912416143751378,-0.555523964158821
5842,1.73205,-1,-0.257721274648413,0.910462498170701,0.333308963230334
5842,1.74924,-0.969619,-0.258055278599695,0.915346582365767,-0.777752503931841
5841,1.7659,-0.938943,-0.258410311906343,0.909485669429766,0.111102085205045
5840,1.78201,-0.907981,-0.258740113432823,0.919253778306158,0.99999999995149
5840,1.79759,-0.876742,-0.259107879520359,0.909485669429983,-0.111102085301555
5839,1.81262,-0.845237,-0.259451697253758,0.915346582364319,0.777752503835052
5839,1.82709,-0.813473,-0.259819218076029,0.910462498171384,-0.333308963330046
5838,1.84101,-0.781462,-0.260179683252782,0.912416143750258,0.555523964056995
5838,1.85437,-0.749213,-0.260549000220403,0.91241614375167,-0.555523964183538
5837,1.86716,-0.716736,-0.260926126458366,0.91046249817059,0.333308963203332
5837,1.87939,-0.68404,-0.261296103922801,0.915346582366259,-0.777752503962114
5836,1.89104,-0.651136,-0.26168698044518,0.909485669429712,0.11110208517308
5835,1.90211,-0.618034,-0.262056233144015,0.919253778305505,0.999999999918216
5835,1.91261,-0.584743,-0.262460928803265,0.909485669430072,-0.111102085335106
5834,1.92252,-0.551275,-0.262845158627102,0.915346582363824,0.777752503801191
5834,1.93185,-0.517638,-0.263250924408442,0.910462498171638,-0.333308963364257
5833,1.94059,-0.483844,-0.263650552959514,0.912416143749874,0.555523964021932
5833,1.94874,-0.449902,-0.264057476167795,0.91241614375206,-0.555523964220175
5832,1.9563,-0.415823,-0.264470554187785,0.910462498170272,0.333308963168192
5832,1.96325,-0.381618,-0.26487763309645,0.915346582366721,-0.777752503993719
5831,1.96962,-0.347296,-0.26530354896682,0.909485669429573,0.111102085145735
5830,1.97538,-0.312869,-0.265712717387578,0.919253778305019,0.999999999895301
5830,1.98054,-0.278346,-0.266149229836174,0.909485669430095,-0.11110208535852
5829,1.98509,-0.243739,-0.266568928483925,0.915346582363408,0.777752503777643
5829,1.98904,-0.209057,-0.26700203461282,0.910462498171767,-0.333308963386425
5828,1.99239,-0.174311,-0.267430203817553,0.91241614374965,0.555523964001481
5828,1.99513,-0.139513,-0.267863550567656,0.912416143752221,-0.555523964238393
5827,1.99726,-0.104672,-0.268301375700862,0.910462498170182,0.333308963148836
5827,1.99878,-0.069799,-0.268734782585503,0.915346582367075,-0.777752504016468
5826,1.9997,-0.0349048,-0.269179913706145,0.909485669429527,0.111102085121839
