origElemNum,globCoord-x,globCoord-y,acouPotentialD1-,locCoord-xi,locCoord-eta
5825,2,-2.20442e-18,4067816.7462273,0.919253778304535,0.999999999870795
5825,1.9997,0.0349048,3989515.28642157,0.909485669430051,-0.11110208537854
5824,1.99878,0.069799,3907594.10096224,0.915346582363134,0.7777525037628
5824,1.99726,0.104672,3821443.85820881,0.910462498171695,-0.333308963393583
5823,1.99513,0.139513,3730631.97584927,0.912416143749585,0.555523964001403
5823,1.99239,0.174311,3634564.8644776,0.912416143752112,-0.555523964232293
5822,1.98904,0.209057,3534228.47253194,0.910462498170195,0.33330896316169
5822,1.98509,0.243739,3429988.11590817,0.915346582366752,-0.777752503996411
5821,1.98054,0.278346,3326980.25618671,0.909485669429537,0.111102085145532
5820,1.97538,0.312869,3222005.58063024,0.91925377830504,0.999999999897275
5820,1.96962,0.347296,3121963.43104921,0.909485669429959,-0.111102085350008
5819,1.96325,0.381618,3018596.44570379,0.915346582363608,0.777752503792493
5819,1.9563,0.415823,2910444.59715842,0.910462498171543,-0.333308963366333
5818,1.94874,0.449902,2797506.52200345,0.912416143749872,0.555523964026318
5818,1.94059,0.483844,2678721.12413676,0.912416143751876,-0.555523964209557
5817,1.93185,0.517638,2565926.30787295,0.910462498170338,0.333308963182653
5817,1.92252,0.551275,2456422.8793114,0.915346582366455,-0.777752503976955
5816,1.91261,0.584743,2363610.2781978,0.909485669429567,0.111102085165898
5815,1.90211,0.618034,2273449.63800366,0.919253778305533,0.999999999919169
5815,1.89104,0.651136,2186377.23620447,0.909485669429933,-0.111102085328256
5814,1.87939,0.68404,2097553.51785045,0.915346582363941,0.777752503814277
5814,1.86716,0.716736,2007153.51316301,0.910462498171402,-0.333308963343933
5813,1.85437,0.749213,1921182.0652122,0.912416143750119,0.555523964050056
5813,1.84101,0.781462,1842669.40572235,0.912416143751575,-0.555523964183394
5812,1.82709,0.813473,1760918.53892553,0.910462498170486,0.333308963212263
5812,1.81262,0.845237,1676550.47260735,0.915346582365915,-0.777752503943209
5811,1.79759,0.876742,1573880.4817423,0.909485669429635,0.111102085200681
5810,1.78201,0.907981,1465777.36429019,0.919253778306195,0.999999999954235
5810,1.7659,0.938943,1370267.49515492,0.909485669429844,-0.111102085292603
5809,1.74924,0.969619,1280374.73697315,0.915346582364538,0.777752503850291
5809,1.73205,1,1216160.56555681,0.910462498171199,-0.333308963308445
5808,1.71433,1.03008,1153128.56437764,0.912416143750526,0.555523964084446
5808,1.6961,1.05984,1092421.82200534,0.912416143751246,-0.555523964150953
5807,1.67734,1.08928,1028209.47775351,0.910462498170725,0.333308963242434
5807,1.65808,1.11839,961400.76746657,0.915346582365508,-0.777752503915519
5806,1.6383,1.14715,890521.760092681,0.909485669429676,0.11110208522853
5805,1.61803,1.17557,818025.153420622,0.919253778306765,0.999999999982884
5805,1.59727,1.20363,731053.167752884,0.909485669429817,-0.111102085265541
5804,1.57602,1.23132,640677.067058721,0.9153465823649,0.777752503876539
5804,1.55429,1.25864,539048.251743478,0.910462498170939,-0.333308963279996
5803,1.53209,1.28558,431361.915362151,0.912416143750815,0.555523964114853
5803,1.50942,1.31212,314974.977285103,0.91241614375085,-0.555523964118972
5802,1.48629,1.33826,206083.108252262,0.910462498170897,0.333308963276791
5802,1.46271,1.364,101864.478149076,0.915346582364929,-0.77775250387822
5801,1.43868,1.38932,4713.28194928782,0.909485669429954,0.111102085257182
5801,1.41421,1.41421,-91461.7748909745,0.919253778307104,-0.999999999999994
850,1.38932,1.43868,-208890.658288902,0.909485669429991,-0.111102085260227
849,1.364,1.46271,-326848.31810269,0.915346582364834,0.777752503871359
849,1.33826,1.48629,-443344.052903359,0.910462498171096,-0.333308963290402
848,1.31212,1.50942,-567297.13050279,0.912416143750729,0.555523964099008
848,1.28558,1.53209,-701630.882225903,0.912416143751184,-0.555523964140596
847,1.25864,1.55429,-825558.931577245,0.910462498170846,0.333308963247574
847,1.23132,1.57602,-943238.429356385,0.915346582365554,-0.777752503916259
846,1.20363,1.59727,-1037131.73081729,0.90948566942978,0.111102085221654
845,1.17557,1.61803,-1126604.62943569,0.919253778306528,0.999999999969813
845,1.14715,1.6383,-1209055.81788063,0.909485669429915,-0.111102085282135
844,1.11839,1.65808,-1292283.4063147,0.915346582364625,0.777752503855763
844,1.08928,1.67734,-1372404.79380704,0.910462498171253,-0.333308963307521
843,1.05984,1.6961,-1455027.71754776,0.912416143750542,0.555523964080906
843,1.03008,1.71433,-1540224.69843741,0.912416143751377,-0.555523964158847
842,1,1.73205,-1610340.36877024,0.910462498170698,0.333308963230309
842,0.969619,1.74924,-1671372.25567519,0.915346582365766,-0.777752503931825
841,0.938943,1.7659,-1723476.74647166,0.909485669429764,0.111102085205048
840,0.907981,1.78201,-1775964.25162087,0.919253778306164,0.99999999995148
840,0.876742,1.79759,-1800646.67896467,0.909485669429979,-0.11110208530158
839,0.845237,1.81262,-1826255.46528799,0.91534658236432,0.777752503835068
839,0.813473,1.82709,-1843483.46598262,0.91046249817139,-0.33330896333004
838,0.781462,1.84101,-1872862.98902287,0.912416143750255,0.555523964056983
838,0.749213,1.85437,-1918228.4306501,0.912416143751674,-0.555523964183563
837,0.716736,1.86716,-1959822.05778198,0.910462498170584,0.333308963203304
837,0.68404,1.87939,-2000781.03353548,0.915346582366261,-0.777752503962098
836,0.651136,1.89104,-2015524.36380822,0.909485669429719,0.111102085173086
835,0.618034,1.90211,-2028215.71868171,0.919253778305509,0.999999999918205
835,0.584743,1.91261,-2028466.09480641,0.909485669430073,-0.111102085335132
834,0.551275,1.92252,-2039075.41716124,0.915346582363819,0.777752503801204
834,0.517638,1.93185,-2072057.8894268,0.910462498171637,-0.333308963364254
833,0.483844,1.94059,-2116332.6963147,0.912416143749877,0.55552396402192
833,0.449902,1.94874,-2174180.79644888,0.91241614375206,-0.555523964220202
832,0.415823,1.9563,-2220533.37652204,0.910462498170279,0.333308963168166
832,0.381618,1.96325,-2261630.48765726,0.915346582366717,-0.777752503993703
831,0.347296,1.96962,-2291531.20619637,0.909485669429573,0.111102085145737
830,0.312869,1.97538,-2324137.23254626,0.919253778305012,0.99999999989529
830,0.278346,1.98054,-2380954.37338887,0.909485669430091,-0.111102085358547
829,0.243739,1.98509,-2448149.6626637,0.915346582363415,0.77775250377766
829,0.209057,1.98904,-2534751.08665888,0.910462498171767,-0.333308963386422
828,0.174311,1.99239,-2621043.96183498,0.912416143749651,0.55552396400147
828,0.139513,1.99513,-2703198.0182647,0.912416143752224,-0.555523964238419
827,0.104672,1.99726,-2774010.84649569,0.910462498170184,0.33330896314881
827,0.069799,1.99878,-2839651.63860926,0.915346582367074,-0.777752504016452
826,0.0349048,1.9997,-2895620.92285087,0.909485669429527,0.111102085121841
825,1.27747e-16,2,-2954463.33903948,0.919253778304535,0.999999999870799
825,-0.0349048,1.9997,-2999486.04277409,0.909485669430051,-0.111102085378537
824,-0.069799,1.99878,-3045066.37172229,0.915346582363134,0.777752503762801
824,-0.104672,1.99726,-3072228.83847479,0.910462498171695,-0.333308963393583
823,-0.139513,1.99513,-3093747.44616828,0.912416143749585,0.555523964001401
823,-0.174311,1.99239,-3103412.85500937,0.912416143752112,-0.555523964232297
822,-0.209057,1.98904,-3113608.55280456,0.910462498170195,0.333308963161685
822,-0.243739,1.98509,-3126252.38738619,0.915346582366744,-0.777752503996403
821,-0.278346,1.98054,-3141095.25101033,0.909485669429538,0.111102085145537
820,-0.312869,1.97538,-3160944.70578493,0.919253778305041,0.999999999897278
820,-0.347296,1.96962,-3141281.02556543,0.90948566942996,-0.111102085350006
819,-0.381618,1.96325,-3113318.68090572,0.915346582363608,0.777752503792493
819,-0.415823,1.9563,-3034773.01040733,0.910462498171543,-0.333308963366333
818,-0.449902,1.94874,-2949084.25730095,0.912416143749872,0.555523964026316
818,-0.483844,1.94059,-2849821.05735542,0.912416143751875,-0.555523964209561
817,-0.517638,1.93185,-2760888.56187819,0.910462498170336,0.333308963182646
817,-0.551275,1.92252,-2680409.19461321,0.915346582366457,-0.777752503976948
816,-0.584743,1.91261,-2600328.10017996,0.909485669429562,0.111102085165907
815,-0.618034,1.90211,-2523553.17942255,0.919253778305526,0.999999999919175
815,-0.651136,1.89104,-2427735.53950527,0.909485669429935,-0.111102085328253
814,-0.68404,1.87939,-2335363.50508373,0.915346582363941,0.777752503814277
814,-0.716736,1.86716,-2244760.79837948,0.910462498171402,-0.333308963343933
813,-0.749213,1.85437,-2160452.43490375,0.912416143750117,0.555523964050053
813,-0.781462,1.84101,-2083764.6160482,0.912416143751584,-0.555523964183396
812,-0.813473,1.82709,-2006055.25531231,0.910462498170484,0.33330896321226
812,-0.845237,1.81262,-1928684.82687868,0.91534658236591,-0.7777525039432
811,-0.876742,1.79759,-1849204.88106611,0.909485669429639,0.111102085200672
810,-0.907981,1.78201,-1771269.03362984,0.919253778306197,0.999999999954239
810,-0.938943,1.7659,-1687932.12104728,0.909485669429848,-0.111102085292613
809,-0.969619,1.74924,-1601699.05591477,0.915346582364533,0.777752503850298
809,-1,1.73205,-1496877.3425417,0.910462498171205,-0.333308963308436
808,-1.03008,1.71433,-1385586.1976325,0.912416143750522,0.55552396408444
808,-1.05984,1.6961,-1263687.37675165,0.912416143751243,-0.555523964150944
807,-1.08928,1.67734,-1146967.3157056,0.910462498170733,0.33330896324243
807,-1.11839,1.65808,-1033707.02123707,0.915346582365511,-0.777752503915504
806,-1.14715,1.6383,-931837.206836071,0.909485669429678,0.11110208522852
805,-1.17557,1.61803,-832078.684505978,0.91925377830677,0.999999999982889
805,-1.20363,1.59727,-733964.178798091,0.909485669429819,-0.111102085265551
804,-1.23132,1.57602,-632854.67647422,0.915346582364893,0.777752503876544
804,-1.25864,1.55429,-525691.315286514,0.910462498170937,-0.333308963279986
803,-1.28558,1.53209,-411061.807648599,0.912416143750809,0.555523964114847
803,-1.31212,1.50942,-286714.170897063,0.912416143750849,-0.555523964118962
802,-1.33826,1.48629,-148771.677179628,0.910462498170897,0.333308963276791
802,-1.364,1.46271,-317.96647179595,0.915346582364928,-0.77775250387821
801,-1.38932,1.43868,162550.800606417,0.909485669429954,0.111102085257172
801,-1.41421,1.41421,332546.645849372,0.919253778307104,-0.999999999999994
15850,-1.43868,1.38932,511264.501918401,0.909485669429991,-0.111102085260237
15849,-1.46271,1.364,693196.964520873,0.915346582364828,0.777752503871364
15849,-1.48629,1.33826,873534.75645646,0.910462498171103,-0.333308963290387
15848,-1.50942,1.31212,1049206.60876258,0.912416143750729,0.555523964099008
15848,-1.53209,1.28558,1215504.70717211,0.912416143751185,-0.555523964140586
15847,-1.55429,1.25864,1369954.76962704,0.910462498170851,0.333308963247569
15847,-1.57602,1.23132,1517658.35487016,0.915346582365555,-0.777752503916249
15846,-1.59727,1.20363,1660629.22380163,0.909485669429784,0.111102085221639
15845,-1.61803,1.17557,1804809.41073206,0.919253778306531,0.999999999969823
15845,-1.6383,1.14715,1960327.75385859,0.909485669429917,-0.111102085282151
15844,-1.65808,1.11839,2121305.04910096,0.915346582364627,0.777752503855772
15844,-1.67734,1.08928,2294382.60108405,0.910462498171251,-0.333308963307506
15843,-1.6961,1.05984,2473305.30823453,0.912416143750542,0.555523964080906
15843,-1.71433,1.03008,2659183.78384592,0.912416143751375,-0.555523964158831
15842,-1.73205,1,2858625.20486921,0.910462498170697,0.333308963230296
15842,-1.74924,0.969619,3068513.32042676,0.915346582365764,-0.777752503931822
15841,-1.7659,0.938943,3316398.58969348,0.909485669429762,0.111102085205035
15840,-1.78201,0.907981,3577229.48994956,0.919253778306162,0.999999999951483
15840,-1.79759,0.876742,3875642.56562096,0.909485669429984,-0.111102085301589
15839,-1.81262,0.845237,4173933.89157037,0.915346582364318,0.777752503835071
15839,-1.82709,0.813473,4457800.92762337,0.910462498171391,-0.333308963330024
15838,-1.84101,0.781462,4725929.58743948,0.912416143750253,0.555523964056986
15838,-1.85437,0.749213,4968314.60620897,0.912416143751674,-0.555523964183544
15837,-1.86716,0.716736,5206495.72224953,0.910462498170589,0.333308963203294
15837,-1.87939,0.68404,5442814.94392111,0.915346582366259,-0.777752503962095
15836,-1.89104,0.651136,5696402.01422242,0.909485669429715,0.111102085173074
15835,-1.90211,0.618034,5956698.85695713,0.919253778305508,0.999999999918209
15835,-1.91261,0.584743,6237281.70821504,0.909485669430068,-0.111102085335144
15834,-1.92252,0.551275,6527001.08373195,0.915346582363818,0.777752503801208
15834,-1.93185,0.517638,6841623.67852857,0.910462498171639,-0.333308963364235
15833,-1.94059,0.483844,7174256.82411015,0.912416143749876,0.555523964021923
15833,-1.94874,0.449902,7531500.67049183,0.912416143752063,-0.555523964220183
15832,-1.9563,0.415823,7892247.33419608,0.910462498170272,0.333308963168156
15832,-1.96325,0.381618,8256970.64702516,0.915346582366716,-0.7777525039937
15831,-1.96962,0.347296,8576972.64764288,0.909485669429575,0.111102085145728
15830,-1.97538,0.312869,8888909.63988896,0.91925377830502,0.999999999895294
15830,-1.98054,0.278346,9093848.63472312,0.909485669430092,-0.111102085358556
15829,-1.98509,0.243739,9271447.28456884,0.915346582363415,0.777752503777664
15829,-1.98904,0.209057,9331251.09205939,0.910462498171765,-0.333308963386404
15828,-1.99239,0.174311,9324593.22331938,0.912416143749651,0.555523964001473
15828,-1.99513,0.139513,9217567.58847103,0.912416143752222,-0.5555239642384
15827,-1.99726,0.104672,9025419.34599718,0.910462498170184,0.3333089631488
15827,-1.99878,0.069799,8775987.53369063,0.915346582367074,-0.777752504016448
15826,-1.9997,0.0349048,8460988.48069078,0.909485669429527,0.111102085121831
15825,-2,2.46315e-16,8127630.00041807,0.919253778304535,0.999999999870803
15825,-1.9997,-0.0349048,7780461.91861107,0.909485669430051,-0.111102085378547
15824,-1.99878,-0.069799,7442852.96310096,0.915346582363134,0.777752503762804
15824,-1.99726,-0.104672,7152195.46070579,0.910462498171696,-0.333308963393566
15823,-1.99513,-0.139513,6906439.89564305,0.912416143749586,0.555523964001405
15823,-1.99239,-0.174311,6729234.97559466,0.912416143752114,-0.555523964232279
15822,-1.98904,-0.209057,6612798.05132449,0.910462498170195,0.333308963161688
15822,-1.98509,-0.243739,6537057.62408419,0.915346582366744,-0.7777525039964
15821,-1.98054,-0.278346,6479205.07359693,0.909485669429545,0.111102085145526
15820,-1.97538,-0.312869,6426765.63022897,0.919253778305042,0.999999999897283
15820,-1.96962,-0.347296,6316711.77946549,0.909485669429957,-0.111102085350017
15819,-1.96325,-0.381618,6189149.13130057,0.915346582363609,0.777752503792499
15819,-1.9563,-0.415823,5988585.3551877,0.910462498171549,-0.333308963366345
15818,-1.94874,-0.449902,5767174.72969839,0.912416143749872,0.555523964026319
15818,-1.94059,-0.483844,5514605.32751728,0.91241614375188,-0.555523964209544
15817,-1.93185,-0.517638,5297042.42537716,0.910462498170337,0.33330896318265
15817,-1.92252,-0.551275,5102940.75219883,0.915346582366458,-0.777752503976945
15816,-1.91261,-0.584743,5003549.13372408,0.909485669429567,0.111102085165898
15815,-1.90211,-0.618034,4929416.92128641,0.919253778305528,0.999999999919178
15815,-1.89104,-0.651136,4891486.18681869,0.90948566942994,-0.111102085328262
15814,-1.87939,-0.68404,4849788.61526577,0.915346582363942,0.77775250381428
15814,-1.86716,-0.716736,4783297.54042378,0.910462498171397,-0.333308963343943
15813,-1.85437,-0.749213,4717206.90094291,0.912416143750119,0.555523964050056
15813,-1.84101,-0.781462,4649913.21610725,0.912416143751582,-0.555523964183381
15812,-1.82709,-0.813473,4519652.37147817,0.910462498170486,0.333308963212263
15812,-1.81262,-0.845237,4348861.03044043,0.915346582365912,-0.777752503943197
15811,-1.79759,-0.876742,3992163.02643795,0.909485669429641,0.111102085200675
15810,-1.78201,-0.907981,3592106.29485371,0.919253778306197,0.999999999954239
15810,-1.7659,-0.938943,3138441.32138486,0.90948566942985,-0.11110208529261
15809,-1.74924,-0.969619,2701236.53397067,0.915346582364535,0.777752503850301
15809,-1.73205,-1,2315653.84177045,0.9104624981712,-0.333308963308458
15808,-1.71433,-1.03008,1966699.37815132,0.912416143750526,0.555523964084446
15808,-1.6961,-1.05984,1670041.39281013,0.912416143751243,-0.555523964150944
15807,-1.67734,-1.08928,1511125.14560552,0.910462498170725,0.333308963242434
15807,-1.65808,-1.11839,1446146.07014514,0.915346582365503,-0.7777525039155
15806,-1.6383,-1.14715,1398930.52693251,0.90948566942967,0.111102085228524
15805,-1.61803,-1.17557,1361378.81343583,0.919253778306763,0.999999999982893
15805,-1.59727,-1.20363,1323443.13415819,0.909485669429812,-0.111102085265547
15804,-1.57602,-1.23132,1273579.42579926,0.915346582364898,0.777752503876549
15804,-1.55429,-1.25864,1153348.89315821,0.910462498170935,-0.333308963280012
15803,-1.53209,-1.28558,948569.406343254,0.912416143750815,0.555523964114853
15803,-1.50942,-1.31212,613190.874737532,0.912416143750855,-0.555523964118957
15802,-1.48629,-1.33826,357233.356470963,0.910462498170897,0.333308963276791
15802,-1.46271,-1.364,156724.403121801,0.915346582364928,-0.77775250387821
15801,-1.43868,-1.38932,-73697.9873005625,0.909485669429954,0.111102085257172
15801,-1.41421,-1.41421,-305039.504157882,0.919253778307098,-0.999999999999989
10084,-1.38932,-1.43868,-554186.56118137,-0.909485669429983,0.111102085260242
10184,-1.364,-1.46271,-820496.41138219,-0.915346582364814,-0.777752503871363
10184,-1.33826,-1.48629,-1183967.63802749,-0.910462498171062,0.333308963290425
10284,-1.31212,-1.50942,-1638738.30468569,-0.912416143750702,-0.555523964098991
10284,-1.28558,-1.53209,-2235078.91535796,-0.912416143751175,0.55552396414059
10384,-1.25864,-1.55429,-2850949.78044897,-0.910462498170858,-0.333308963247603
10384,-1.23132,-1.57602,-3476702.06697573,-0.915346582365569,0.777752503916277
10484,-1.20363,-1.59727,-3625381.89059606,-0.909485669429755,-0.111102085221656
10584,-1.17557,-1.61803,-3648483.65424628,-0.919253778306467,-0.999999999969833
10584,-1.14715,-1.6383,-3288368.39843287,-0.909485669429891,0.111102085282108
10684,-1.11839,-1.65808,-2957537.11925842,-0.915346582364624,-0.777752503855743
10684,-1.08928,-1.67734,-2767303.18721474,-0.910462498171255,0.333308963307532
10784,-1.05984,-1.6961,-2647253.82462539,-0.912416143750544,-0.555523964080908
10784,-1.03008,-1.71433,-2636056.95984334,-0.912416143751393,0.555523964158839
10884,-1,-1.73205,-2824084.53838372,-0.910462498170715,-0.333308963230315
10884,-0.969619,-1.74924,-3142573.81797413,-0.915346582365772,0.777752503931858
10984,-0.938943,-1.7659,-3494674.92974654,-0.909485669429763,-0.111102085205032
11084,-0.907981,-1.78201,-3849722.25928955,-0.919253778306154,-0.99999999995149
11084,-0.876742,-1.79759,-4111338.35382483,-0.909485669429981,0.111102085301552
11184,-0.845237,-1.81262,-4332475.04671893,-0.915346582364332,-0.777752503835052
11184,-0.813473,-1.82709,-4411014.93161592,-0.910462498171421,0.333308963330044
11284,-0.781462,-1.84101,-4540932.59653369,-0.912416143750289,-0.555523964056998
11284,-0.749213,-1.85437,-4750427.39014814,-0.912416143751684,0.555523964183542
11384,-0.716736,-1.86716,-4945526.05550805,-0.910462498170579,-0.333308963203316
11384,-0.68404,-1.87939,-5130298.48475411,-0.915346582366256,0.777752503962127
11484,-0.651136,-1.89104,-5204389.97420447,-0.9094856694297,-0.111102085173069
11584,-0.618034,-1.90211,-5249835.73534565,-0.919253778305473,-0.9999999999182
11584,-0.584743,-1.91261,-5523282.82367502,-0.909485669430035,0.111102085335111
11684,-0.551275,-1.92252,-5786026.53098211,-0.915346582363772,-0.777752503801188
11684,-0.517638,-1.93185,-6010247.72145381,-0.910462498171642,0.333308963364261
11784,-0.483844,-1.94059,-6153764.91372392,-0.912416143749915,-0.555523964021929
11784,-0.449902,-1.94874,-6176927.41152001,-0.912416143752077,0.555523964220183
11884,-0.415823,-1.9563,-6185612.84368642,-0.910462498170266,-0.33330896316818
11884,-0.381618,-1.96325,-6184168.91983944,-0.915346582366712,0.777752503993725
11984,-0.347296,-1.96962,-6154322.69718767,-0.909485669429565,-0.111102085145729
12084,-0.312869,-1.97538,-6117619.75647817,-0.919253778305011,-0.999999999895287
12084,-0.278346,-1.98054,-6071950.20415384,-0.909485669430107,0.111102085358526
12184,-0.243739,-1.98509,-6029487.13921599,-0.915346582363447,-0.777752503777644
12184,-0.209057,-1.98904,-5994823.1959157,-0.910462498171781,0.333308963386432
12284,-0.174311,-1.99239,-5967486.59360584,-0.912416143749663,-0.555523964001473
12284,-0.139513,-1.99513,-5949934.56729853,-0.912416143752267,0.555523964238395
12384,-0.104672,-1.99726,-5972655.80666552,-0.910462498170238,-0.333308963148834
12384,-0.069799,-1.99878,-6023380.21642041,-0.915346582367131,0.777752504016471
12484,-0.0349048,-1.9997,-6051156.36606282,-0.909485669429557,-0.111102085121833
12584,-4.35203e-16,-2,-6076178.69970775,-0.919253778304537,-0.999999999870803
12584,0.0349048,-1.9997,-5960414.50881347,-0.909485669430058,0.111102085378513
12684,0.069799,-1.99878,-5836884.97539399,-0.915346582363139,-0.777752503762792
12684,0.104672,-1.99726,-5668733.667977,-0.9104624981717,0.333308963393593
12784,0.139513,-1.99513,-5520023.7867164,-0.912416143749591,-0.555523964001403
12784,0.174311,-1.99239,-5398130.85465468,-0.912416143752134,0.555523964232273
12884,0.209057,-1.98904,-5285971.15959809,-0.91046249817019,-0.333308963161724
12884,0.243739,-1.98509,-5181908.91402149,-0.915346582366752,0.777752503996427
12984,0.278346,-1.98054,-5048101.08836822,-0.909485669429543,-0.111102085145531
13084,0.312869,-1.97538,-4910724.01907635,-0.919253778305079,-0.999999999897294
13084,0.347296,-1.96962,-4706894.94117868,-0.909485669429971,0.111102085349981
13184,0.381618,-1.96325,-4490038.41603918,-0.915346582363621,-0.777752503792476
13184,0.415823,-1.9563,-4202725.65299282,-0.910462498171561,0.33330896336634
13284,0.449902,-1.94874,-3879007.13228171,-0.912416143749886,-0.555523964026324
13284,0.483844,-1.94059,-3497163.65824845,-0.912416143751904,0.555523964209538
13384,0.517638,-1.93185,-3069968.34385881,-0.910462498170363,-0.333308963182687
13384,0.551275,-1.92252,-2615343.23348605,-0.915346582366464,0.777752503976962
13484,0.584743,-1.91261,-2161078.76542012,-0.909485669429569,-0.111102085165906
13584,0.618034,-1.90211,-1712953.99903909,-0.919253778305519,-0.999999999919186
13584,0.651136,-1.89104,-1356043.57503159,-0.909485669429928,0.111102085328226
13684,0.68404,-1.87939,-1028145.42756468,-0.915346582363942,-0.777752503814258
13684,0.716736,-1.86716,-795074.735218739,-0.910462498171394,0.333308963343945
13784,0.749213,-1.85437,-597107.716780272,-0.912416143750121,-0.555523964050058
13784,0.781462,-1.84101,-448941.587036635,-0.91241614375158,0.555523964183364
13884,0.813473,-1.82709,-321619.370323615,-0.91046249817049,-0.333308963212306
13884,0.845237,-1.81262,-209698.667427741,-0.915346582365913,0.777752503943214
13984,0.876742,-1.79759,-103223.438394737,-0.909485669429626,-0.1111020852007
14084,0.907981,-1.78201,-1158.76856918697,-0.919253778306215,-0.999999999954254
14084,0.938943,-1.7659,83642.159365871,-0.909485669429858,0.111102085292581
14184,0.969619,-1.74924,160358.727043856,-0.915346582364524,-0.777752503850263
14184,1,-1.73205,214881.286447849,-0.910462498171194,0.333308963308465
14284,1.03008,-1.71433,261206.552876195,-0.91241614375052,-0.55552396408445
14284,1.05984,-1.6961,296613.430536393,-0.912416143751235,0.55552396415093
14384,1.08928,-1.67734,323132.471095831,-0.910462498170724,-0.333308963242461
14384,1.11839,-1.65808,342818.716962873,-0.915346582365498,0.777752503915531
14484,1.14715,-1.6383,358454.497904236,-0.909485669429676,-0.111102085228531
14584,1.17557,-1.61803,371118.686698527,-0.919253778306762,-0.999999999982903
14584,1.20363,-1.59727,358585.105135664,-0.909485669429825,0.1111020852655
14684,1.23132,-1.57602,335956.484639798,-0.91534658236492,-0.777752503876537
14684,1.25864,-1.55429,278563.366686889,-0.910462498170955,0.333308963280004
14784,1.28558,-1.53209,220008.942875064,-0.912416143750819,-0.555523964114867
14784,1.31212,-1.50942,160125.078040836,-0.912416143750872,0.555523964118932
14884,1.33826,-1.48629,107062.359186927,-0.910462498170903,-0.333308963276861
14884,1.364,-1.46271,58736.5616399784,-0.915346582364901,0.777752503878194
14984,1.38932,-1.43868,42794.6674749992,-0.909485669429939,-0.111102085257194
14984,1.41421,-1.41421,35072.2843616229,-0.919253778307102,0.999999999999985
5850,1.43868,-1.38932,96086.9186280692,0.909485669429985,-0.111102085260202
5849,1.46271,-1.364,167927.101836822,0.915346582364833,0.777752503871339
5849,1.48629,-1.33826,284784.549433903,0.910462498171102,-0.333308963290407
5848,1.50942,-1.31212,415686.034254114,0.91241614375073,0.555523964099018
5848,1.53209,-1.28558,568191.800376535,0.912416143751186,-0.555523964140576
5847,1.55429,-1.25864,724739.649006828,0.91046249817085,0.333308963247604
5847,1.57602,-1.23132,883508.382308308,0.91534658236556,-0.777752503916265
5846,1.59727,-1.20363,1036317.03556392,0.909485669429786,0.111102085221649
5845,1.61803,-1.17557,1187085.00610466,0.919253778306525,0.999999999969829
5845,1.6383,-1.14715,1323219.52807841,0.909485669429914,-0.11110208528211
5844,1.65808,-1.11839,1454289.66725568,0.915346582364627,0.777752503855747
5844,1.67734,-1.08928,1564203.56208572,0.910462498171258,-0.333308963307527
5843,1.6961,-1.05984,1667159.68351745,0.912416143750537,0.555523964080912
5843,1.71433,-1.03008,1759064.39819643,0.912416143751378,-0.555523964158821
5842,1.73205,-1,1852149.74278528,0.910462498170701,0.333308963230334
5842,1.74924,-0.969619,1946638.23818091,0.915346582365767,-0.777752503931841
5841,1.7659,-0.938943,2049518.24576784,0.909485669429766,0.111102085205045
5840,1.78201,-0.907981,2155847.61124713,0.919253778306158,0.99999999995149
5840,1.79759,-0.876742,2284501.74772686,0.909485669429983,-0.111102085301555
5839,1.81262,-0.845237,2417410.62929025,0.915346582364319,0.777752503835052
5839,1.82709,-0.813473,2562687.94836585,0.910462498171384,-0.333308963330046
5838,1.84101,-0.781462,2712319.12020437,0.912416143750258,0.555523964056995
5838,1.85437,-0.749213,2867857.70890027,0.91241614375167,-0.555523964183538
5837,1.86716,-0.716736,3027438.72934929,0.91046249817059,0.333308963203332
5837,1.87939,-0.68404,3189832.07896184,0.915346582366259,-0.777752503962114
5836,1.89104,-0.651136,3348417.46998963,0.909485669429712,0.11110208517308
5835,1.90211,-0.618034,3506156.79745457,0.919253778305505,0.999999999918216
5835,1.91261,-0.584743,3649299.01256951,0.909485669430072,-0.111102085335106
5834,1.92252,-0.551275,3786620.77379616,0.915346582363824,0.777752503801191
5834,1.93185,-0.517638,3901098.07774264,0.910462498171638,-0.333308963364257
5833,1.94059,-0.483844,4004461.83259313,0.912416143749874,0.555523964021932
5833,1.94874,-0.449902,4091356.60077107,0.91241614375206,-0.555523964220175
5832,1.9563,-0.415823,4167653.49374408,0.910462498170272,0.333308963168192
5832,1.96325,-0.381618,4236474.77327391,0.915346582366721,-0.777752503993719
5831,1.96962,-0.347296,4282504.52626195,0.909485669429573,0.111102085145735
5830,1.97538,-0.312869,4321606.09511812,0.919253778305019,0.999999999895301
5830,1.98054,-0.278346,4328866.59650901,0.909485669430095,-0.11110208535852
5829,1.98509,-0.243739,4331587.76749139,0.915346582363408,0.777752503777643
5829,1.98904,-0.209057,4322482.10195193,0.910462498171767,-0.333308963386425
5828,1.99239,-0.174311,4307478.19675416,0.91241614374965,0.555523964001481
5828,1.99513,-0.139513,4284883.98136067,0.912416143752221,-0.555523964238393
5827,1.99726,-0.104672,4248187.27010521,0.910462498170182,0.333308963148836
5827,1.99878,-0.069799,4201049.12423377,0.915346582367075,-0.777752504016468
5826,1.9997,-0.0349048,4137698.7920967,0.909485669429527,0.111102085121839
