origElemNum,globCoord-x,globCoord-y,acouPotentialD1-,locCoord-xi,locCoord-eta
5825,2,-2.20442e-18,-0.00432260299686814,0.919253778304535,0.999999999870795
5825,1.9997,0.0349048,-0.00446816312927565,0.909485669430051,-0.11110208537854
5824,1.99878,0.069799,-0.00460657755252919,0.915346582363134,0.7777525037628
5824,1.99726,0.104672,-0.00474839463683662,0.910462498171695,-0.333308963393583
5823,1.99513,0.139513,-0.00488607150553062,0.912416143749585,0.555523964001403
5823,1.99239,0.174311,-0.00502372443736793,0.912416143752112,-0.555523964232293
5822,1.98904,0.209057,-0.00516176814506328,0.910462498170195,0.33330896316169
5822,1.98509,0.243739,-0.00529463314251892,0.915346582366752,-0.777752503996411
5821,1.98054,0.278346,-0.00543315402073473,0.909485669429537,0.111102085145532
5820,1.97538,0.312869,-0.00555958772439633,0.91925377830504,0.999999999897275
5820,1.96962,0.347296,-0.00569947773225766,0.909485669429959,-0.111102085350008
5819,1.96325,0.381618,-0.00582660308710245,0.915346582363608,0.777752503792493
5819,1.9563,0.415823,-0.00596222168267769,0.910462498171543,-0.333308963366333
5818,1.94874,0.449902,-0.00609173569735209,0.912416143749872,0.555523964026318
5818,1.94059,0.483844,-0.00622286358960316,0.912416143751876,-0.555523964209557
5817,1.93185,0.517638,-0.00635585441489142,0.910462498170338,0.333308963182653
5817,1.92252,0.551275,-0.00648163320447035,0.915346582366455,-0.777752503976955
5816,1.91261,0.584743,-0.00661876306583019,0.909485669429567,0.111102085165898
5815,1.90211,0.618034,-0.00673850467551478,0.919253778305533,0.999999999919169
5815,1.89104,0.651136,-0.00688013789157519,0.909485669429933,-0.111102085328256
5814,1.87939,0.68404,-0.00700367357980184,0.915346582363941,0.777752503814277
5814,1.86716,0.716736,-0.00714096386009829,0.910462498171402,-0.333308963343933
5813,1.85437,0.749213,-0.00727046410783236,0.912416143750119,0.555523964050056
5813,1.84101,0.781462,-0.00740342745043429,0.912416143751575,-0.555523964183394
5812,1.82709,0.813473,-0.0075397480272326,0.910462498170486,0.333308963212263
5812,1.81262,0.845237,-0.00766703341082088,0.915346582365915,-0.777752503943209
5811,1.79759,0.876742,-0.00781013454449254,0.909485669429635,0.111102085200681
5810,1.78201,0.907981,-0.00793077605312484,0.919253778306195,0.999999999954235
5810,1.7659,0.938943,-0.00808028185833238,0.909485669429844,-0.111102085292603
5809,1.74924,0.969619,-0.00820614818050336,0.915346582364538,0.777752503850291
5809,1.73205,1,-0.0083474330282192,0.910462498171199,-0.333308963308445
5808,1.71433,1.03008,-0.00847732145697692,0.912416143750526,0.555523964084446
5808,1.6961,1.05984,-0.00860905566626878,0.912416143751246,-0.555523964150953
5807,1.67734,1.08928,-0.00874372263962739,0.910462498170725,0.333308963242434
5807,1.65808,1.11839,-0.00886685409074245,0.915346582365508,-0.777752503915519
5806,1.6383,1.14715,-0.00900692493427874,0.909485669429676,0.11110208522853
5805,1.61803,1.17557,-0.0091202016103123,0.919253778306765,0.999999999982884
5805,1.59727,1.20363,-0.00926466532294999,0.909485669429817,-0.111102085265541
5804,1.57602,1.23132,-0.00938125618684938,0.9153465823649,0.777752503876539
5804,1.55429,1.25864,-0.0095130366912435,0.910462498170939,-0.333308963279996
5803,1.53209,1.28558,-0.00962983551037335,0.912416143750815,0.555523964114853
5803,1.50942,1.31212,-0.00974558480293355,0.91241614375085,-0.555523964118972
5802,1.48629,1.33826,-0.00985933898637905,0.910462498170897,0.333308963276791
5802,1.46271,1.364,-0.00995713014314399,0.915346582364929,-0.77775250387822
5801,1.43868,1.38932,-0.0100654320237037,0.909485669429954,0.111102085257182
5801,1.41421,1.41421,-0.010143300085572,0.919253778307104,-0.999999999999994
850,1.38932,1.43868,-0.0102437452736088,0.909485669429991,-0.111102085260227
849,1.364,1.46271,-0.0103135063136792,0.915346582364834,0.777752503871359
849,1.33826,1.48629,-0.010393183819128,0.910462498171096,-0.333308963290402
848,1.31212,1.50942,-0.0104556330148712,0.912416143750729,0.555523964099008
848,1.28558,1.53209,-0.0105143638824091,0.912416143751184,-0.555523964140596
847,1.25864,1.55429,-0.0105683263500879,0.910462498170846,0.333308963247574
847,1.23132,1.57602,-0.0106043921242431,0.915346582365554,-0.777752503916259
846,1.20363,1.59727,-0.010647839520431,0.90948566942978,0.111102085221654
845,1.17557,1.61803,-0.0106601677800126,0.919253778306528,0.999999999969813
845,1.14715,1.6383,-0.010691110771882,0.909485669429915,-0.111102085282135
844,1.11839,1.65808,-0.0106905742562886,0.915346582364625,0.777752503855763
844,1.08928,1.67734,-0.0106952256994004,0.910462498171253,-0.333308963307521
843,1.05984,1.6961,-0.010680856041381,0.912416143750542,0.555523964080906
843,1.03008,1.71433,-0.0106596728265346,0.912416143751377,-0.555523964158847
842,1,1.73205,-0.0106307494030948,0.910462498170698,0.333308963230309
842,0.969619,1.74924,-0.0105823990533842,0.915346582365766,-0.777752503931825
841,0.938943,1.7659,-0.0105390819934005,0.909485669429764,0.111102085205048
840,0.907981,1.78201,-0.0104650873534863,0.919253778306164,0.99999999995148
840,0.876742,1.79759,-0.0104099820067836,0.909485669429979,-0.11110208530158
839,0.845237,1.81262,-0.0103249306157275,0.91534658236432,0.777752503835068
839,0.813473,1.82709,-0.0102472611823464,0.91046249817139,-0.33330896333004
838,0.781462,1.84101,-0.0101522489041875,0.912416143750255,0.555523964056983
838,0.749213,1.85437,-0.0100523660330996,0.912416143751674,-0.555523964183563
837,0.716736,1.86716,-0.00994826026422787,0.910462498170584,0.333308963203304
837,0.68404,1.87939,-0.00982729621140385,0.915346582366261,-0.777752503962098
836,0.651136,1.89104,-0.00971574030521779,0.909485669429719,0.111102085173086
835,0.618034,1.90211,-0.00957482756607667,0.919253778305509,0.999999999918205
835,0.584743,1.91261,-0.00945819466317879,0.909485669430073,-0.111102085335132
834,0.551275,1.92252,-0.00931294778498619,0.915346582363819,0.777752503801204
834,0.517638,1.93185,-0.00918076775014167,0.910462498171637,-0.333308963364254
833,0.483844,1.94059,-0.00903399578145861,0.912416143749877,0.55552396402192
833,0.449902,1.94874,-0.00888676884532559,0.91241614375206,-0.555523964220202
832,0.415823,1.9563,-0.00874027841994167,0.910462498170279,0.333308963168166
832,0.381618,1.96325,-0.00857970318843355,0.915346582366717,-0.777752503993703
831,0.347296,1.96962,-0.00843705755223102,0.909485669429573,0.111102085145737
830,0.312869,1.97538,-0.00826559393232981,0.919253778305012,0.99999999989529
830,0.278346,1.98054,-0.008130670829874,0.909485669430091,-0.111102085358547
829,0.243739,1.98509,-0.00796729630158186,0.915346582363415,0.77775250377766
829,0.209057,1.98904,-0.00782559137930946,0.910462498171767,-0.333308963386422
828,0.174311,1.99239,-0.00767290120607756,0.912416143749651,0.55552396400147
828,0.139513,1.99513,-0.00752672498002481,0.912416143752224,-0.555523964238419
827,0.104672,1.99726,-0.00738801939595636,0.910462498170184,0.33330896314881
827,0.069799,1.99878,-0.00723842574952781,0.915346582367074,-0.777752504016452
826,0.0349048,1.9997,-0.00711585579003043,0.909485669429527,0.111102085121841
825,1.27747e-16,2,-0.00696367991128752,0.919253778304535,0.999999999870799
825,-0.0349048,1.9997,-0.00685922359886001,0.909485669430051,-0.111102085378537
824,-0.069799,1.99878,-0.00672492822469357,0.915346582363134,0.777752503762801
824,-0.104672,1.99726,-0.00661933521862205,0.910462498171695,-0.333308963393583
823,-0.139513,1.99513,-0.00650309016897696,0.912416143749585,0.555523964001401
823,-0.174311,1.99239,-0.00639594504923288,0.912416143752112,-0.555523964232297
822,-0.209057,1.98904,-0.00629805932427447,0.910462498170195,0.333308963161685
822,-0.243739,1.98509,-0.00618922358115471,0.915346582366744,-0.777752503996403
821,-0.278346,1.98054,-0.00610869216746786,0.909485669429538,0.111102085145537
820,-0.312869,1.97538,-0.00599636768309508,0.919253778305041,0.999999999897278
820,-0.347296,1.96962,-0.00593248836128539,0.90948566942996,-0.111102085350006
819,-0.381618,1.96325,-0.00583631614227712,0.915346582363608,0.777752503792493
819,-0.415823,1.9563,-0.0057674111886485,0.910462498171543,-0.333308963366333
818,-0.449902,1.94874,-0.00568524351687755,0.912416143749872,0.555523964026316
818,-0.483844,1.94059,-0.00560934126378916,0.912416143751875,-0.555523964209561
817,-0.517638,1.93185,-0.00553908795317297,0.910462498170336,0.333308963182646
817,-0.551275,1.92252,-0.00545528299689238,0.915346582366457,-0.777752503976948
816,-0.584743,1.91261,-0.00539649178956722,0.909485669429562,0.111102085165907
815,-0.618034,1.90211,-0.00530526462092336,0.919253778305526,0.999999999919175
815,-0.651136,1.89104,-0.00525504508205807,0.909485669429935,-0.111102085328253
814,-0.68404,1.87939,-0.00517184407127775,0.915346582363941,0.777752503814277
814,-0.716736,1.86716,-0.00510977359104733,0.910462498171402,-0.333308963343933
813,-0.749213,1.85437,-0.00503258646647236,0.912416143750117,0.555523964050053
813,-0.781462,1.84101,-0.00495790707166823,0.912416143751584,-0.555523964183396
812,-0.813473,1.82709,-0.00488464581911949,0.910462498170484,0.33330896321226
812,-0.845237,1.81262,-0.00479621976193868,0.91534658236591,-0.7777525039432
811,-0.876742,1.79759,-0.00472605747889846,0.909485669429639,0.111102085200672
810,-0.907981,1.78201,-0.00462501257349156,0.919253778306197,0.999999999954239
810,-0.938943,1.7659,-0.00455732249868631,0.909485669429848,-0.111102085292613
809,-0.969619,1.74924,-0.00445888608001156,0.915346582364533,0.777752503850298
809,-1,1.73205,-0.00437542173760067,0.910462498171205,-0.333308963308436
808,-1.03008,1.71433,-0.00427641094645972,0.912416143750522,0.55552396408444
808,-1.05984,1.6961,-0.00417644294739781,0.912416143751243,-0.555523964150944
807,-1.08928,1.67734,-0.00407685212306289,0.910462498170733,0.33330896324243
807,-1.11839,1.65808,-0.00396364580270633,0.915346582365511,-0.777752503915504
806,-1.14715,1.6383,-0.00386309159781849,0.909485669429678,0.11110208522852
805,-1.17557,1.61803,-0.00373558640771097,0.91925377830677,0.999999999982889
805,-1.20363,1.59727,-0.00363318452997176,0.909485669429819,-0.111102085265551
804,-1.23132,1.57602,-0.00350480351014078,0.915346582364893,0.777752503876544
804,-1.25864,1.55429,-0.00338809445644265,0.910462498170937,-0.333308963279986
803,-1.28558,1.53209,-0.00325840023042614,0.912416143750809,0.555523964114847
803,-1.31212,1.50942,-0.00312773584639659,0.912416143750849,-0.555523964118962
802,-1.33826,1.48629,-0.0029970843882275,0.910462498170897,0.333308963276791
802,-1.364,1.46271,-0.00285529360761094,0.915346582364928,-0.77775250387821
801,-1.38932,1.43868,-0.00272423782792645,0.909485669429954,0.111102085257172
801,-1.41421,1.41421,-0.00257195210752371,0.919253778307104,-0.999999999999994
15850,-1.43868,1.38932,-0.00243798800958603,0.909485669429991,-0.111102085260237
15849,-1.46271,1.364,-0.00228390260783359,0.915346582364828,0.777752503871364
15849,-1.48629,1.33826,-0.00213986889108743,0.910462498171103,-0.333308963290387
15848,-1.50942,1.31212,-0.00198681215461486,0.912416143750729,0.555523964099008
15848,-1.53209,1.28558,-0.00183453442678485,0.912416143751185,-0.555523964140586
15847,-1.55429,1.25864,-0.00168201375531283,0.910462498170851,0.333308963247569
15847,-1.57602,1.23132,-0.00152100894218644,0.915346582365555,-0.777752503916249
15846,-1.59727,1.20363,-0.00136869832310569,0.909485669429784,0.111102085221639
15845,-1.61803,1.17557,-0.00120099151094815,0.919253778306531,0.999999999969823
15845,-1.6383,1.14715,-0.00104919013399608,0.909485669429917,-0.111102085282151
15844,-1.65808,1.11839,-0.000883025489341852,0.915346582364627,0.777752503855772
15844,-1.67734,1.08928,-0.000724600040285052,0.910462498171251,-0.333308963307506
15843,-1.6961,1.05984,-0.000560782074291294,0.912416143750542,0.555523964080906
15843,-1.71433,1.03008,-0.000398968978595332,0.912416143751375,-0.555523964158831
15842,-1.73205,1,-0.000237007191317238,0.910462498170697,0.333308963230296
15842,-1.74924,0.969619,-6.94383328234009e-05,0.915346582365764,-0.777752503931822
15841,-1.7659,0.938943,9.17173526726527e-05,0.909485669429762,0.111102085205035
15840,-1.78201,0.907981,0.000262515940373758,0.919253778306162,0.999999999951483
15840,-1.79759,0.876742,0.000420314911449995,0.909485669429984,-0.111102085301589
15839,-1.81262,0.845237,0.000586398262495211,0.915346582364318,0.777752503835071
15839,-1.82709,0.813473,0.000745731346078051,0.910462498171391,-0.333308963330024
15838,-1.84101,0.781462,0.000908248042983503,0.912416143750253,0.555523964056986
15838,-1.85437,0.749213,0.00106967307016302,0.912416143751674,-0.555523964183544
15837,-1.86716,0.716736,0.00122980140699064,0.910462498170589,0.333308963203294
15837,-1.87939,0.68404,0.0013917475043963,0.915346582366259,-0.777752503962095
15836,-1.89104,0.651136,0.00154956443822988,0.909485669429715,0.111102085173074
15835,-1.90211,0.618034,0.00171120641639912,0.919253778305508,0.999999999918209
15835,-1.91261,0.584743,0.00186676783185757,0.909485669430068,-0.111102085335144
15834,-1.92252,0.551275,0.00202477546316269,0.915346582363818,0.777752503801208
15834,-1.93185,0.517638,0.00217833304008884,0.910462498171639,-0.333308963364235
15833,-1.94059,0.483844,0.0023323374960218,0.912416143749876,0.555523964021923
15833,-1.94874,0.449902,0.0024854223553305,0.912416143752063,-0.555523964220183
15832,-1.9563,0.415823,0.00263787641847177,0.910462498170272,0.333308963168156
15832,-1.96325,0.381618,0.00278974867151322,0.915346582366716,-0.7777525039937
15831,-1.96962,0.347296,0.00294041377307936,0.909485669429575,0.111102085145728
15830,-1.97538,0.312869,0.00308922946423635,0.91925377830502,0.999999999895294
15830,-1.98054,0.278346,0.00323775230983321,0.909485669430092,-0.111102085358556
15829,-1.98509,0.243739,0.00338370485895928,0.915346582363415,0.777752503777664
15829,-1.98904,0.209057,0.00353077320021013,0.910462498171765,-0.333308963386404
15828,-1.99239,0.174311,0.00367510407212176,0.912416143749651,0.555523964001473
15828,-1.99513,0.139513,0.0038180069403297,0.912416143752222,-0.5555239642384
15827,-1.99726,0.104672,0.00395991183252888,0.910462498170184,0.3333089631488
15827,-1.99878,0.069799,0.00409815219871429,0.915346582367074,-0.777752504016448
15826,-1.9997,0.0349048,0.00423821786115831,0.909485669429527,0.111102085121831
15825,-2,2.46315e-16,0.00437082265122636,0.919253778304535,0.999999999870803
15825,-1.9997,-0.0349048,0.00450866870704137,0.909485669430051,-0.111102085378547
15824,-1.99878,-0.069799,0.0046381337472285,0.915346582363134,0.777752503762804
15824,-1.99726,-0.104672,0.00477079300986411,0.910462498171696,-0.333308963393566
15823,-1.99513,-0.139513,0.00489829197748997,0.912416143749586,0.555523964001405
15823,-1.99239,-0.174311,0.00502492571862509,0.912416143752114,-0.555523964232279
15822,-1.98904,-0.209057,0.00515050736720651,0.910462498170195,0.333308963161688
15822,-1.98509,-0.243739,0.00526964188663389,0.915346582366744,-0.7777525039964
15821,-1.98054,-0.278346,0.00539479539016239,0.909485669429545,0.111102085145526
15820,-1.97538,-0.312869,0.00550741436134728,0.919253778305042,0.999999999897283
15820,-1.96962,-0.347296,0.00563169288544826,0.909485669429957,-0.111102085350017
15819,-1.96325,-0.381618,0.00574234963837382,0.915346582363609,0.777752503792499
15819,-1.9563,-0.415823,0.00585941098405368,0.910462498171549,-0.333308963366345
15818,-1.94874,-0.449902,0.00596933361423326,0.912416143749872,0.555523964026319
15818,-1.94059,-0.483844,0.00607940989720051,0.91241614375188,-0.555523964209544
15817,-1.93185,-0.517638,0.00618970766787379,0.910462498170337,0.33330896318265
15817,-1.92252,-0.551275,0.006291822505931,0.915346582366458,-0.777752503976945
15816,-1.91261,-0.584743,0.00640072312665848,0.909485669429567,0.111102085165898
15815,-1.90211,-0.618034,0.00649154900886969,0.919253778305528,0.999999999919178
15815,-1.89104,-0.651136,0.00660047505560329,0.90948566942994,-0.111102085328262
15814,-1.87939,-0.68404,0.00669098952680931,0.915346582363942,0.77775250381428
15814,-1.86716,-0.716736,0.00679130788181131,0.910462498171397,-0.333308963343943
15813,-1.85437,-0.749213,0.00688198396912473,0.912416143750119,0.555523964050056
15813,-1.84101,-0.781462,0.006972759495825,0.912416143751582,-0.555523964183381
15812,-1.82709,-0.813473,0.00706427127170431,0.910462498170486,0.333308963212263
15812,-1.81262,-0.845237,0.00714559327548191,0.915346582365912,-0.777752503943197
15811,-1.79759,-0.876742,0.0072371566251725,0.909485669429641,0.111102085200675
15810,-1.78201,-0.907981,0.00730633659694619,0.919253778306197,0.999999999954239
15810,-1.7659,-0.938943,0.00739698987908916,0.90948566942985,-0.11110208529261
15809,-1.74924,-0.969619,0.00746491587609564,0.915346582364535,0.777752503850301
15809,-1.73205,-1,0.00754565890070203,0.9104624981712,-0.333308963308458
15808,-1.71433,-1.03008,0.00761558316485568,0.912416143750526,0.555523964084446
15808,-1.6961,-1.05984,0.00768716466713363,0.912416143751243,-0.555523964150944
15807,-1.67734,-1.08928,0.00775802349290789,0.910462498170725,0.333308963242434
15807,-1.65808,-1.11839,0.0078156223137182,0.915346582365503,-0.7777525039155
15806,-1.6383,-1.14715,0.00788712802036933,0.90948566942967,0.111102085228524
15805,-1.61803,-1.17557,0.00793254502541358,0.919253778306763,0.999999999982893
15805,-1.59727,-1.20363,0.0080055080796968,0.909485669429812,-0.111102085265547
15804,-1.57602,-1.23132,0.0080515997416573,0.915346582364898,0.777752503876549
15804,-1.55429,-1.25864,0.00811195531764328,0.910462498170935,-0.333308963280012
15803,-1.53209,-1.28558,0.00815904649558052,0.912416143750815,0.555523964114853
15803,-1.50942,-1.31212,0.00820706084668055,0.912416143750855,-0.555523964118957
15802,-1.48629,-1.33826,0.00825459577740204,0.910462498170897,0.333308963276791
15802,-1.46271,-1.364,0.00828717748344556,0.915346582364928,-0.77775250387821
15801,-1.43868,-1.38932,0.00833423317173512,0.909485669429954,0.111102085257172
15801,-1.41421,-1.41421,0.00835124874151442,0.919253778307098,-0.999999999999989
10084,-1.38932,-1.43868,0.00840116655382835,-0.909485669429983,0.111102085260242
10184,-1.364,-1.46271,0.00842038130797116,-0.915346582364814,-0.777752503871363
10184,-1.33826,-1.48629,0.00845452999338228,-0.910462498171062,0.333308963290425
10284,-1.31212,-1.50942,0.00847243600008351,-0.912416143750702,-0.555523964098991
10284,-1.28558,-1.53209,0.00848940774386088,-0.912416143751175,0.55552396414059
10384,-1.25864,-1.55429,0.00850679036540144,-0.910462498170858,-0.333308963247603
10384,-1.23132,-1.57602,0.00850815357025062,-0.915346582365569,0.777752503916277
10484,-1.20363,-1.59727,0.00852548806553174,-0.909485669429755,-0.111102085221656
10584,-1.17557,-1.61803,0.00850950610141249,-0.919253778306467,-0.999999999969833
10584,-1.14715,-1.6383,0.00852660894259347,-0.909485669429891,0.111102085282108
10684,-1.11839,-1.65808,0.00850998554374907,-0.915346582364624,-0.777752503855743
10684,-1.08928,-1.67734,0.00851042549484677,-0.910462498171255,0.333308963307532
10784,-1.05984,-1.6961,0.00849271408478702,-0.912416143750544,-0.555523964080908
10784,-1.03008,-1.71433,0.00847351984297647,-0.912416143751393,0.555523964158839
10884,-1,-1.73205,0.00845551853173209,-0.910462498170715,-0.333308963230315
10884,-0.969619,-1.74924,0.00842060102982848,-0.915346582365772,0.777752503931858
10984,-0.938943,-1.7659,0.00840412175358477,-0.909485669429763,-0.111102085205032
11084,-0.907981,-1.78201,0.00835189666847021,-0.919253778306154,-0.99999999995149
11084,-0.876742,-1.79759,0.0083346340974405,-0.909485669429981,0.111102085301552
11184,-0.845237,-1.81262,0.00828108480837185,-0.915346582364332,-0.777752503835052
11184,-0.813473,-1.82709,0.0082458057585749,-0.910462498171421,0.333308963330044
11284,-0.781462,-1.84101,0.00819322771891087,-0.912416143750289,-0.555523964056998
11284,-0.749213,-1.85437,0.00814223179565581,-0.912416143751684,0.555523964183542
11384,-0.716736,-1.86716,0.00809271314295303,-0.910462498170579,-0.333308963203316
11384,-0.68404,-1.87939,0.00802553141542854,-0.915346582366256,0.777752503962127
11484,-0.651136,-1.89104,0.00797988507661039,-0.9094856694297,-0.111102085173069
11584,-0.618034,-1.90211,0.00789743489083693,-0.919253778305473,-0.9999999999182
11584,-0.584743,-1.91261,0.00785705070559478,-0.909485669430035,0.111102085335111
11684,-0.551275,-1.92252,0.00777972317627082,-0.915346582363772,-0.777752503801188
11684,-0.517638,-1.93185,0.00772397349151505,-0.910462498171642,0.333308963364261
11784,-0.483844,-1.94059,0.00765219060428078,-0.912416143749915,-0.555523964021929
11784,-0.449902,-1.94874,0.00758462303627644,-0.912416143752077,0.555523964220183
11884,-0.415823,-1.9563,0.00752198134485742,-0.910462498170266,-0.33330896316818
11884,-0.381618,-1.96325,0.00744390921054336,-0.915346582366712,0.777752503993725
11984,-0.347296,-1.96962,0.0073913396379555,-0.909485669429565,-0.111102085145729
12084,-0.312869,-1.97538,0.00730326253885073,-0.919253778305011,-0.999999999895287
12084,-0.278346,-1.98054,0.00726171480634419,-0.909485669430107,0.111102085358526
12184,-0.243739,-1.98509,0.00718563353607798,-0.915346582363447,-0.777752503777644
12184,-0.209057,-1.98904,0.0071375317912311,-0.910462498171781,0.333308963386432
12284,-0.174311,-1.99239,0.00707564188700791,-0.912416143749663,-0.555523964001473
12284,-0.139513,-1.99513,0.00702046864232746,-0.912416143752267,0.555523964238395
12384,-0.104672,-1.99726,0.00697288074387565,-0.910462498170238,-0.333308963148834
12384,-0.069799,-1.99878,0.00691266226764273,-0.915346582367131,0.777752504016471
12484,-0.0349048,-1.9997,0.00688055459948056,-0.909485669429557,-0.111102085121833
12584,-4.35203e-16,-2,0.00681635789907444,-0.919253778304537,-0.999999999870803
12584,0.0349048,-1.9997,0.00679918714293772,-0.909485669430058,0.111102085378513
12684,0.069799,-1.99878,0.00675048535331673,-0.915346582363139,-0.777752503762792
12684,0.104672,-1.99726,0.00672886964642158,-0.9104624981717,0.333308963393593
12784,0.139513,-1.99513,0.00669544217122512,-0.912416143749591,-0.555523964001403
12784,0.174311,-1.99239,0.00666929020426445,-0.912416143752134,0.555523964232273
12884,0.209057,-1.98904,0.00664957714673286,-0.91046249817019,-0.333308963161724
12884,0.243739,-1.98509,0.00661832134988618,-0.915346582366752,0.777752503996427
12984,0.278346,-1.98054,0.00661156301063315,-0.909485669429543,-0.111102085145531
13084,0.312869,-1.97538,0.00657614419005839,-0.919253778305079,-0.999999999897294
13084,0.347296,-1.96962,0.00657903935355662,-0.909485669429971,0.111102085349981
13184,0.381618,-1.96325,0.00655301340358686,-0.915346582363621,-0.777752503792476
13184,0.415823,-1.9563,0.00654679830153224,-0.910462498171561,0.33330896336634
13284,0.449902,-1.94874,0.00652795685240873,-0.912416143749886,-0.555523964026324
13284,0.483844,-1.94059,0.00651220845063663,-0.912416143751904,0.555523964209538
13384,0.517638,-1.93185,0.00649844462020852,-0.910462498170363,-0.333308963182687
13384,0.551275,-1.92252,0.0064720555075634,-0.915346582366464,0.777752503976962
13484,0.584743,-1.91261,0.00645918825175561,-0.909485669429569,-0.111102085165906
13584,0.618034,-1.90211,0.00641902963222829,-0.919253778305519,-0.999999999919186
13584,0.651136,-1.89104,0.00640500191677518,-0.909485669429928,0.111102085328226
13684,0.68404,-1.87939,0.00636399968467842,-0.915346582363942,-0.777752503814258
13684,0.716736,-1.86716,0.0063348486478508,-0.910462498171394,0.333308963343945
13784,0.749213,-1.85437,0.00629155456000218,-0.912416143750121,-0.555523964050058
13784,0.781462,-1.84101,0.00624657685937373,-0.91241614375158,0.555523964183364
13884,0.813473,-1.82709,0.00619944275919531,-0.91046249817049,-0.333308963212306
13884,0.845237,-1.81262,0.00613844571857766,-0.915346582365913,0.777752503943214
13984,0.876742,-1.79759,0.00608533149077782,-0.909485669429626,-0.1111020852007
14084,0.907981,-1.78201,0.00600677868952494,-0.919253778306215,-0.999999999954254
14084,0.938943,-1.7659,0.00594553823304884,-0.909485669429858,0.111102085292581
14184,0.969619,-1.74924,0.00585917064808918,-0.915346582364524,-0.777752503850263
14184,1,-1.73205,0.00577970666713275,-0.910462498171194,0.333308963308465
14284,1.03008,-1.71433,0.00568607904209402,-0.91241614375052,-0.55552396408445
14284,1.05984,-1.6961,0.00558879836640245,-0.912416143751235,0.55552396415093
14384,1.08928,-1.67734,0.00548584719958201,-0.910462498170724,-0.333308963242461
14384,1.11839,-1.65808,0.00536787261535667,-0.915346582365498,0.777752503915531
14484,1.14715,-1.6383,0.00525445343210498,-0.909485669429676,-0.111102085228531
14584,1.17557,-1.61803,0.00511728696106837,-0.919253778306762,-0.999999999982903
14584,1.20363,-1.59727,0.00499431878039784,-0.909485669429825,0.1111020852655
14684,1.23132,-1.57602,0.00484822134635275,-0.91534658236492,-0.777752503876537
14684,1.25864,-1.55429,0.00470734171888651,-0.910462498170955,0.333308963280004
14784,1.28558,-1.53209,0.00455359802390967,-0.912416143750819,-0.555523964114867
14784,1.31212,-1.50942,0.00439658738922971,-0.912416143750872,0.555523964118932
14884,1.33826,-1.48629,0.00423595970147743,-0.910462498170903,-0.333308963276861
14884,1.364,-1.46271,0.00406273857790885,-0.915346582364901,0.777752503878194
14984,1.38932,-1.43868,0.00389546073374867,-0.909485669429939,-0.111102085257194
14984,1.41421,-1.41421,0.0037072066026741,-0.919253778307102,0.999999999999985
5850,1.43868,-1.38932,0.00353537490358596,0.909485669429985,-0.111102085260202
5849,1.46271,-1.364,0.00334319399107782,0.915346582364833,0.777752503871339
5849,1.48629,-1.33826,0.00315730146295666,0.910462498171102,-0.333308963290407
5848,1.50942,-1.31212,0.00296055528707597,0.91241614375073,0.555523964099018
5848,1.53209,-1.28558,0.00276181051019691,0.912416143751186,-0.555523964140576
5847,1.55429,-1.25864,0.0025625983690356,0.91046249817085,0.333308963247604
5847,1.57602,-1.23132,0.0023542397208927,0.91534658236556,-0.777752503916265
5846,1.59727,-1.20363,0.00215526581994662,0.909485669429786,0.111102085221649
5845,1.61803,-1.17557,0.00193946202901994,0.919253778306525,0.999999999969829
5845,1.6383,-1.14715,0.00174337284419342,0.909485669429914,-0.11110208528211
5844,1.65808,-1.11839,0.00153202218020636,0.915346582364627,0.777752503855747
5844,1.67734,-1.08928,0.00133280288658235,0.910462498171258,-0.333308963307527
5843,1.6961,-1.05984,0.00112810297100146,0.912416143750537,0.555523964080912
5843,1.71433,-1.03008,0.000926801803941879,0.912416143751378,-0.555523964158821
5842,1.73205,-1,0.0007296871471554,0.910462498170701,0.333308963230334
5842,1.74924,-0.969619,0.000528689499814003,0.915346582365767,-0.777752503931841
5841,1.7659,-0.938943,0.000338547586441808,0.909485669429766,0.111102085205045
5840,1.78201,-0.907981,0.000137176850663414,0.919253778306158,0.99999999995149
5840,1.79759,-0.876742,-4.86872257384417e-05,0.909485669429983,-0.111102085301555
5839,1.81262,-0.845237,-0.000244985253627533,0.915346582364319,0.777752503835052
5839,1.82709,-0.813473,-0.000432172680763336,0.910462498171384,-0.333308963330046
5838,1.84101,-0.781462,-0.000621572135748421,0.912416143750258,0.555523964056995
5838,1.85437,-0.749213,-0.000806580292837724,0.91241614375167,-0.555523964183538
5837,1.86716,-0.716736,-0.000987233866461632,0.91046249817059,0.333308963203332
5837,1.87939,-0.68404,-0.00116883307728846,0.915346582366259,-0.777752503962114
5836,1.89104,-0.651136,-0.00134174703102845,0.909485669429712,0.11110208517308
5835,1.90211,-0.618034,-0.00151988796958063,0.919253778305505,0.999999999918216
5835,1.91261,-0.584743,-0.00168730080801657,0.909485669430072,-0.111102085335106
5834,1.92252,-0.551275,-0.00185944813047456,0.915346582363824,0.777752503801191
5834,1.93185,-0.517638,-0.00202653043173886,0.910462498171638,-0.333308963364257
5833,1.94059,-0.483844,-0.00219381024959914,0.912416143749874,0.555523964021932
5833,1.94874,-0.449902,-0.00235823974793782,0.91241614375206,-0.555523964220175
5832,1.9563,-0.415823,-0.00251977176566592,0.910462498170272,0.333308963168192
5832,1.96325,-0.381618,-0.00268012107953431,0.915346582366721,-0.777752503993719
5831,1.96962,-0.347296,-0.00283677786503767,0.909485669429573,0.111102085145735
5830,1.97538,-0.312869,-0.00299290110028505,0.919253778305019,0.999999999895301
5830,1.98054,-0.278346,-0.00314652151583597,0.909485669430095,-0.11110208535852
5829,1.98509,-0.243739,-0.00329877627304288,0.915346582363408,0.777752503777643
5829,1.98904,-0.209057,-0.00344968798784469,0.910462498171767,-0.333308963386425
5828,1.99239,-0.174311,-0.00359871813949773,0.91241614374965,0.555523964001481
5828,1.99513,-0.139513,-0.00374647775760341,0.912416143752221,-0.555523964238393
5827,1.99726,-0.104672,-0.00389333738271374,0.910462498170182,0.333308963148836
5827,1.99878,-0.069799,-0.00403722921413967,0.915346582367075,-0.777752504016468
5826,1.9997,-0.0349048,-0.00418298342615117,0.909485669429527,0.111102085121839
